1,48260,776,48719,16475,7502,32832,29438,20648,47177,20771,32014,44149,45798,9763,8295,5371,48796,12856,18524,43300,
2,5371,776,750,973,1508,6824,1508,1274,1508,750,36351,37038,6375,13961,1452,7007,11391,9052,14733,573,
3,573,750,750,776,750,921,1474,1274,729,573,800,14589,31466,17765,2626,16244,2444,2341,7183,12080,
4,573,573,921,750,573,573,1274,750,750,750,1786,3204,45958,2161,45263,2163,750,4902,17628,28144,
5,573,573,750,573,573,573,573,750,750,922,38816,1225,750,27260,1308,41623,1985,27588,23152,20529,
6,573,573,814,573,573,573,750,750,573,573,3601,44867,13320,25259,573,1711,22506,17267,32573,573,
7,573,573,573,573,573,573,573,573,573,573,5070,47547,7512,573,573,7618,14606,8216,15379,17110,
8,573,573,573,573,573,573,573,573,573,573,44559,15358,573,38733,22723,28716,33833,30953,17870,32436,
9,573,573,573,573,573,573,573,573,573,573,2500,21247,30990,38979,573,1116,3163,16402,1214,2502,
10,573,573,573,573,573,242,573,573,573,573,46818,21964,13222,242,1069,22924,28814,39486,10426,4442,
11,242,242,573,242,573,242,573,242,573,242,242,19936,12136,17884,11818,16132,36660,45605,21863,17754,
12,242,242,242,242,242,242,242,242,242,242,31990,242,51197,49323,13126,24781,25207,24235,32301,1012,
13,242,242,242,242,8809,242,242,242,242,242,36152,242,45612,5006,242,213,6029,26028,18766,2113,
14,213,242,213,213,213,242,242,242,242,242,242,9174,49999,44323,3371,35170,37893,242,5240,45428,
15,213,213,242,213,213,213,213,242,213,242,40165,18707,213,40463,9391,16061,12187,33791,4280,6426,
16,213,213,213,213,242,213,213,242,213,213,29980,242,2688,31529,2067,12727,51073,38122,213,213,
17,213,213,213,213,213,213,10895,242,213,213,27019,426,213,39589,32150,14753,43073,4976,213,14494,
18,213,213,213,213,213,213,213,213,213,213,12500,13160,27670,832,30097,213,213,31395,41824,28648,
19,213,213,213,213,213,213,213,213,213,213,213,20076,34104,213,27150,35551,4755,28375,14644,17265,
20,213,213,213,213,213,213,213,213,213,213,213,28087,22556,3652,213,5896,41078,48669,213,20322,
21,213,213,213,213,213,213,213,213,213,213,213,5049,41611,27365,38828,46733,5924,24115,213,23436,
22,213,213,213,213,213,213,213,213,213,213,23805,213,22686,17490,213,27469,33628,213,17616,11295,
23,213,213,213,213,213,213,213,213,213,213,213,36029,9802,2617,9044,23138,37867,13924,38873,9007,
24,213,213,213,213,213,213,11874,213,213,213,213,29977,7049,28617,15605,213,213,27072,25273,27311,
25,213,213,213,213,213,213,213,213,213,213,24483,42088,42503,213,7831,28750,36211,43068,213,3740,
26,213,213,213,213,213,213,213,213,213,213,213,13971,213,22353,213,41617,37038,10694,37171,13898,
27,213,213,213,213,213,213,213,213,213,213,52023,20170,670,213,34327,47843,11122,42615,53440,30310,
28,213,213,213,213,213,7413,8909,213,213,213,213,213,31872,17855,41493,47142,3425,213,213,41371,
29,213,213,213,213,213,213,213,213,213,213,213,25770,46610,33396,983,23056,22972,45777,31830,3167,
30,213,213,213,213,213,213,213,213,213,213,213,213,12087,11703,41030,213,28085,14458,49819,2845,
31,213,213,213,213,213,213,213,213,213,213,9744,35161,21249,213,42683,35083,55162,28443,213,5202,
32,213,213,213,213,213,213,213,213,213,213,47767,29345,15439,30925,11782,40758,9292,28546,25786,1665,
33,213,213,213,213,213,213,560,213,213,213,213,33762,47057,31015,15751,43807,42372,675,13622,213,
34,213,213,213,213,213,213,213,213,213,213,21470,27337,10667,29607,20576,30032,10329,10920,45288,13181,
35,213,213,213,213,213,213,213,213,213,213,42988,213,32276,47967,57342,213,25099,46821,213,24151,
36,213,213,213,213,213,213,213,213,213,213,213,47375,48449,213,29128,213,33952,213,38906,213,
37,213,213,213,213,213,213,213,213,213,213,9275,17257,24352,33170,18987,15699,53141,36722,6935,13120,
38,213,213,213,4539,213,213,213,213,213,213,5262,3638,61000,28423,10056,13476,32805,6742,213,32707,
39,213,213,213,213,213,213,213,213,213,213,12446,47847,29230,26894,213,20948,26959,21118,213,28499,
40,213,213,213,213,213,213,213,213,213,213,213,213,32158,2049,8707,10223,213,2624,12874,58394,
41,213,213,213,213,213,213,213,213,213,213,49262,213,9951,46443,40467,18550,16698,33950,60202,4227,
42,213,213,213,213,213,213,213,213,213,213,213,213,26883,213,41780,6157,213,16035,14404,3010,
43,213,213,213,213,213,213,213,213,213,213,45776,10349,27776,213,213,13742,36462,35115,213,213,
44,213,213,213,213,213,213,213,213,213,213,17547,8716,55807,22769,31083,6236,40278,24545,213,26416,
45,213,213,213,213,213,213,213,213,213,213,27670,43681,25958,5459,27851,45723,41123,41612,19591,1821,
46,213,213,213,213,213,213,2184,213,213,213,12091,11354,28749,6931,7081,213,213,51858,213,45684,
47,213,213,213,213,213,213,213,213,213,213,14098,20859,6793,213,213,10014,43458,213,9774,13094,
48,213,213,213,213,213,213,213,213,213,213,41692,6656,13450,24676,27729,22687,21761,23720,213,31484,
49,213,213,213,213,213,213,213,213,213,213,40234,60999,41210,213,965,213,43635,42996,213,14314,
50,213,213,213,213,213,213,213,213,213,213,49541,16681,6316,15206,15982,213,20773,213,213,213,
51,213,213,213,213,213,213,213,213,213,213,15943,31475,24613,58712,14272,26711,37003,35857,15596,213,
52,213,213,213,213,213,213,213,213,213,213,41728,32060,1012,213,25497,12723,38563,213,54030,10895,
53,213,213,213,213,213,213,213,213,213,213,38830,44470,213,23474,39148,41723,213,24395,14822,12159,
54,213,213,213,213,213,213,213,213,213,213,20744,55720,18812,43771,213,22972,9494,23982,41172,42362,
55,213,213,213,213,213,213,213,213,213,213,11624,213,20272,213,13744,12853,213,58220,213,45575,
56,213,213,213,213,213,213,213,213,213,213,213,46218,24423,36639,18676,11573,32606,18158,8415,34802,
57,213,213,213,213,213,213,213,213,213,213,17377,40790,36247,18086,213,10814,37140,16102,10388,28916,
58,213,213,213,213,213,213,213,213,213,213,213,47948,50540,20752,4602,213,12511,53324,25724,36323,
59,213,213,213,213,213,213,213,213,213,213,9586,20005,20805,54637,1118,16585,24715,23774,10080,14825,
60,213,213,213,213,213,213,213,213,213,213,1445,42472,213,31953,28374,16912,55489,213,28869,213,
61,213,213,213,213,213,213,213,213,213,213,23820,27021,55920,18783,12185,5248,15525,213,46822,44883,
62,213,213,213,213,213,213,213,213,213,213,25282,3605,1954,42962,213,213,213,18488,24394,213,
63,213,213,213,213,213,213,213,213,213,213,43537,35540,33816,26763,213,36141,213,25404,213,18299,
64,213,213,213,213,213,213,213,213,213,213,39909,28926,47537,48983,26210,21570,20788,26460,23088,9025,
65,213,213,213,213,213,213,213,213,213,213,213,46728,43490,48021,213,213,213,14255,31397,213,
66,213,213,213,213,213,213,213,213,213,213,17190,6831,40214,213,39406,213,17201,2747,213,33824,
67,213,213,213,213,213,213,213,213,213,213,26972,25042,50318,39306,49176,21157,47055,7690,34779,25382,
68,213,213,213,213,213,213,213,213,213,213,213,55847,20449,23360,30440,24825,22089,13582,6936,27694,
69,213,213,213,213,213,213,213,213,213,213,213,213,213,213,43653,30890,44483,60222,6737,44399,
70,213,213,213,213,213,213,213,213,213,213,48784,19012,26816,39507,213,10780,18172,56402,11987,52325,
71,213,213,213,213,213,213,213,213,213,213,2896,9561,44237,3801,34677,42861,213,16230,2369,34895,
72,213,213,213,213,213,213,12375,213,213,213,1526,45301,8573,29114,45555,213,43319,9533,3029,54025,
73,213,213,213,213,213,213,213,213,213,213,3848,32754,37472,22966,410,55152,213,12779,15047,3913,
74,213,213,213,213,213,213,213,213,213,17207,23701,20350,213,37519,20785,29385,4469,13970,213,10241,
75,213,213,213,213,213,213,213,213,213,213,36907,2031,20814,8447,213,38014,19043,26374,29520,26828,
76,213,213,213,213,213,213,213,213,213,213,34312,25118,6702,20854,41615,2273,213,7951,57426,213,
77,213,213,213,213,213,213,213,213,213,213,213,213,35080,58054,20685,45968,16011,56580,7100,42821,
78,213,213,213,213,213,213,213,213,213,213,25415,2380,10393,23394,213,7763,8063,30517,43858,45907,
79,213,213,213,213,213,213,213,213,213,213,35492,12369,213,14167,14721,7830,49645,50902,34271,213,
80,213,213,213,213,213,213,213,213,213,213,213,213,55853,213,4064,213,3507,11610,8118,42591,
81,213,213,213,213,213,213,213,213,213,213,16501,22195,213,9858,57801,213,40049,30432,213,24353,
82,213,213,213,213,213,213,213,213,213,213,21928,26871,213,12505,36755,37253,213,35390,213,25298,
83,213,213,213,213,3027,213,213,213,213,213,30202,16368,35754,18533,17399,33964,213,27410,29208,9767,
84,213,213,213,213,213,213,213,213,213,213,49638,2794,213,33443,1244,4830,13517,12972,18395,1626,
85,213,213,213,213,213,213,213,213,213,213,7481,56307,3557,213,53861,41879,32427,213,213,4528,
86,213,213,213,213,213,213,213,213,213,213,30908,25712,213,18852,56302,30142,17369,20381,50899,23706,
87,213,213,213,213,213,213,213,213,213,213,16603,34941,213,213,2848,22670,20713,213,10365,17650,
88,213,213,213,213,213,213,213,213,213,213,213,14892,7692,213,213,213,13780,9698,213,10848,
89,213,213,213,213,213,213,213,213,213,213,42524,22475,12622,21735,40235,1953,29234,213,213,40509,
90,213,213,213,213,213,213,213,213,213,213,12874,11871,47669,213,58304,43105,26007,30954,213,19449,
91,213,213,213,213,213,213,213,213,213,213,7669,18227,35921,4997,213,28888,5730,29998,14251,698,
92,213,213,213,3843,213,213,213,213,213,213,213,6673,31749,40012,44278,6993,41600,139,20203,14331,
93,139,213,213,213,213,213,139,139,213,139,54505,5240,51210,30583,12039,29782,52785,139,139,41559,
94,139,139,139,139,139,139,139,139,213,139,14769,8971,41251,31853,4570,50690,50703,56147,16088,4400,
95,139,139,139,139,139,139,139,139,139,139,59318,38960,11918,4042,24888,139,12880,43295,29440,139,
96,139,139,139,139,139,139,139,139,139,139,139,12698,25015,139,48348,14493,12886,139,44861,47372,
97,139,139,139,139,6886,139,139,139,139,139,39024,139,11721,45262,34479,139,139,22035,17923,56166,
98,139,139,139,139,139,139,139,139,139,139,37174,139,33283,139,139,139,57339,41029,28243,33737,
99,139,139,139,139,139,139,139,139,139,139,139,139,139,27582,7329,139,28893,49074,139,39382,
100,139,139,139,139,139,139,139,139,139,139,6035,39954,58826,20987,22149,58101,139,53436,22689,139,
101,139,139,139,139,139,139,139,139,139,139,139,29946,37093,49294,43201,24594,18719,40085,139,31791,
102,139,139,139,139,139,139,139,139,139,139,139,139,17671,139,139,47092,42417,139,54090,55416,
103,139,139,139,139,139,139,139,139,139,139,30936,25301,139,56580,139,49233,139,139,139,16769,
104,139,139,139,139,139,139,139,139,139,139,49193,43715,17152,6102,139,59817,24545,11479,47169,44613,
105,139,139,139,139,139,139,139,139,139,139,38376,36562,139,1445,47385,23291,56642,31236,139,139,
106,139,139,139,139,139,139,139,139,139,139,139,5174,139,139,139,139,7955,26174,139,29219,
107,139,139,139,139,139,139,139,139,139,139,139,21800,139,139,55538,139,16127,139,14107,16027,
108,139,139,139,139,139,139,139,139,139,139,43180,26442,16697,21041,41762,139,41915,39998,15153,24143,
109,139,139,139,139,139,139,139,139,139,139,139,24595,139,139,15806,41650,49424,52875,43584,26361,
110,139,139,139,139,19343,139,139,139,139,139,38517,10178,53279,54139,18273,139,14297,27652,55310,51771,
111,139,139,139,139,139,139,139,139,139,139,40695,139,139,11868,139,4029,36860,139,28506,139,
112,139,139,139,139,139,139,139,139,139,139,139,26093,139,139,139,50689,55712,1994,139,36876,
113,139,139,139,139,139,139,139,139,139,139,47799,43201,39705,59247,33154,139,21147,55697,139,139,
114,139,139,139,139,139,139,139,139,139,139,28303,139,139,15442,139,31827,12659,37223,41096,4183,
115,139,139,139,139,139,139,139,139,139,139,139,24870,139,139,19833,31229,139,139,139,139,
116,139,139,139,139,139,139,139,139,139,139,26067,54787,4133,139,24980,40531,139,16183,8528,139,
117,139,139,139,139,139,139,139,139,139,139,60145,139,520,139,21829,139,139,42569,58881,50786,
118,139,139,139,139,139,139,139,139,139,139,21193,42302,139,26418,139,139,10679,139,49028,139,
119,139,139,139,139,139,139,139,139,139,139,26205,139,139,139,48695,25486,26064,139,139,139,
120,139,139,139,139,139,139,139,139,139,139,27116,56132,5853,55119,139,33296,22119,10169,39844,13705,
121,139,139,139,139,139,139,139,139,139,139,139,38729,139,61283,139,139,21070,139,139,139,
122,139,139,26503,139,139,139,3632,139,139,139,56267,11053,11827,9366,41326,48577,54436,13199,33312,139,
123,139,139,139,139,139,139,139,139,139,139,49229,17758,139,55385,16076,29499,53145,44746,36253,139,
124,139,139,139,139,139,139,139,139,139,139,53903,10979,139,139,39822,20641,139,139,41734,52936,
125,139,139,139,139,139,139,139,139,139,139,58698,50159,25251,139,139,35157,21622,44238,17845,139,
126,139,139,139,139,139,139,139,139,139,139,139,46687,12771,48365,139,139,22859,43045,40570,139,
127,139,139,139,139,139,139,139,139,139,139,33257,11687,139,49497,36065,37754,26579,139,35974,40204,
128,139,139,139,139,139,139,139,139,139,139,22893,48362,139,39834,139,53806,25107,139,139,57303,
129,139,139,139,139,139,139,139,139,139,139,44884,139,48644,48858,33653,139,139,52579,18576,29410,
130,139,139,139,139,139,139,139,139,15344,15344,139,9502,42394,30816,139,51667,139,14677,139,44006,
131,139,139,139,139,139,139,139,139,139,139,139,139,139,139,139,25735,7690,139,139,139,
132,139,139,139,139,139,139,139,139,139,139,17527,10215,36469,51240,34093,43606,48460,139,34064,139,
133,139,139,139,139,139,139,139,139,139,139,28860,139,32710,139,139,26616,43705,37999,32322,12235,
134,139,139,139,139,139,139,139,139,139,139,27580,17690,31512,139,16875,139,342,139,2983,24770,
135,139,139,139,14129,139,139,139,139,139,139,46627,139,139,33284,139,15172,31771,36664,139,47651,
136,139,139,139,139,139,139,139,139,139,139,44785,18062,49597,139,139,21525,5094,2890,15013,139,
137,139,139,139,139,139,139,139,139,139,139,1759,139,50204,24249,39734,32974,48917,139,53369,139,
138,139,139,139,139,139,139,139,139,139,139,47115,36234,47686,139,52059,43695,22603,53055,29694,8490,
139,139,139,139,139,139,139,139,139,139,139,139,32210,139,17892,139,8849,139,139,139,139,
140,139,139,139,139,139,139,139,139,139,139,16350,55558,28681,57310,139,28032,139,1654,139,49874,
141,139,139,139,139,139,139,139,139,139,139,139,55011,55786,139,25840,47877,13185,16318,139,139,
142,139,139,139,139,139,139,139,139,139,139,31056,59051,139,53746,25309,52739,2843,31763,29454,139,
143,139,139,139,139,139,139,139,139,139,139,6701,56343,139,139,34833,15006,139,17395,48176,34258,
144,139,139,139,139,139,139,139,139,2487,139,139,49256,49867,139,48782,139,19757,139,28741,32930,
145,139,139,139,139,139,139,139,139,139,139,28671,139,7557,27329,36086,29706,139,41304,139,47264,
146,139,139,139,139,139,139,139,139,139,139,45218,44172,139,139,23327,39728,139,139,139,44706,
147,139,139,139,139,139,139,139,139,139,139,139,139,27769,139,25066,139,38403,139,44144,139,
148,139,139,139,139,139,139,139,139,139,139,25213,139,139,10823,21335,38750,11848,31092,32179,50703,
149,139,139,139,139,139,139,139,139,139,139,47929,27713,139,139,38854,35644,7342,51254,49586,42590,
150,139,139,139,139,139,139,139,139,139,139,10988,55744,139,22365,139,139,34660,139,11668,32755,
151,139,139,139,139,139,139,9306,139,139,139,139,49199,139,139,11894,139,139,26691,19094,4433,
152,139,139,139,139,139,139,139,139,139,139,139,35503,139,139,31160,25335,139,139,14567,41178,
153,139,139,139,139,139,139,139,139,139,139,25681,19277,28091,139,46121,47305,33451,32893,21785,26193,
154,139,139,139,139,139,139,139,139,139,139,139,29055,139,32539,50072,139,139,13877,139,60371,
155,139,139,139,139,139,139,139,139,139,139,11150,40774,139,139,139,139,45812,40849,2549,139,
156,139,139,139,10894,139,139,139,139,139,139,46346,17437,15937,139,139,139,139,139,43564,7215,
157,139,139,139,139,139,139,139,139,139,139,30216,2508,139,53302,139,45854,59591,139,47175,3870,
158,139,139,139,139,139,139,139,139,139,139,139,15057,139,139,10445,42056,11063,2980,56230,48454,
159,139,139,139,139,139,139,139,139,139,139,25580,49018,139,139,23681,48894,139,46747,29024,139,
160,139,139,139,139,139,139,139,139,139,139,59129,139,139,139,139,24673,4237,139,12222,139,
161,139,139,139,139,139,139,139,139,139,139,24612,41504,139,35490,139,139,139,39739,41963,139,
162,139,139,139,139,139,139,139,139,139,139,27913,5714,139,139,15985,42852,57500,139,139,39964,
163,139,139,139,139,139,139,139,139,139,139,62704,58326,18225,139,139,44018,51582,139,25600,139,
164,139,139,139,139,139,139,139,139,139,139,139,139,7847,139,139,139,13457,139,139,139,
165,139,139,139,139,139,139,139,139,139,139,27738,139,28066,139,139,46063,20668,7256,50785,7920,
166,139,139,139,139,139,139,139,139,139,139,53926,21852,18601,139,27689,40494,139,139,139,39543,
167,139,139,139,139,139,139,139,139,139,139,37380,43754,8252,139,139,139,11063,139,57880,139,
168,139,139,139,139,139,139,139,139,139,139,58531,17735,139,53361,25824,58577,55894,25436,55914,57931,
169,139,139,139,139,139,139,139,139,139,139,3993,139,42394,6621,16175,139,36745,139,45561,41986,
170,139,139,139,139,139,139,139,139,139,139,139,6321,2144,139,56800,139,58580,31009,35683,139,
171,139,139,139,139,139,139,139,139,139,139,139,139,46097,60045,2422,27084,139,3716,12694,139,
172,139,139,139,139,139,139,139,139,139,139,37641,24000,139,58329,139,139,139,6746,18450,27192,
173,139,139,139,139,139,139,139,139,139,139,48027,139,33374,139,35676,49277,139,29916,139,139,
174,139,139,139,139,139,139,139,139,139,139,139,4851,139,51516,34471,21195,15257,28301,139,139,
175,139,139,139,139,139,139,139,139,139,139,52570,21935,29111,38388,2042,23420,139,11111,12314,26570,
176,139,139,139,139,139,139,139,139,139,7513,139,8180,139,59946,42634,22371,139,33191,12009,45272,
177,139,139,139,139,139,139,139,139,139,139,139,139,139,139,13362,139,31264,43263,43934,3352,
178,139,139,139,139,139,139,139,139,139,139,139,139,60755,25750,43234,139,35611,31811,9124,33421,
179,139,139,139,139,139,139,139,13103,139,139,139,139,39966,56207,139,139,54897,5249,47840,9955,
180,139,139,139,139,139,139,139,139,139,139,139,43028,5206,6879,139,2248,43541,139,15199,139,
181,139,139,139,139,139,139,139,139,139,139,59963,16626,139,139,36357,139,139,139,139,139,
182,139,139,139,139,139,139,139,139,139,139,139,38441,2073,17238,139,139,38274,10740,59847,139,
183,139,139,139,139,139,10889,139,139,139,139,42881,30532,30967,139,27736,139,44539,139,59972,139,
184,139,139,139,139,139,139,139,139,139,139,139,32943,35093,13772,139,39801,139,139,6966,139,
185,139,139,1249,139,139,139,139,139,139,139,29164,45526,13750,139,13346,27938,32865,39527,139,40473,
186,139,139,139,139,139,139,139,139,139,139,139,139,41204,41975,50507,54737,28969,14548,39237,139,
187,139,139,139,139,139,139,139,139,139,139,30988,10730,36119,998,11836,139,43037,23440,15900,32776,
188,139,139,139,139,139,139,139,139,139,139,13909,139,27093,139,22574,8864,38160,139,41384,24173,
189,139,139,139,139,139,139,139,139,139,139,139,18245,139,55209,139,139,139,45557,139,139,
190,139,139,139,139,139,139,139,139,139,139,6250,45976,20207,16347,57067,9351,3499,18883,16271,139,
191,139,139,139,139,139,139,139,139,139,139,33806,6173,57991,21512,51133,139,139,306,54266,14115,
192,139,139,139,139,139,139,139,139,139,139,56772,139,22490,4273,12088,26051,139,139,43631,31776,
193,139,139,139,139,1355,139,139,139,139,139,35989,39384,55257,38885,139,139,139,57372,29495,15967,
194,139,139,139,139,139,139,139,139,139,139,139,44318,139,14864,139,36695,42038,13662,56883,139,
195,139,139,139,139,139,139,139,139,139,139,54941,35115,5810,12978,36675,139,23401,47796,139,139,
196,139,139,139,139,139,139,139,139,139,139,49127,139,34454,58869,12660,139,139,36140,139,18746,
197,139,139,139,139,139,139,139,139,139,139,139,48673,31536,53560,139,20982,17670,27830,139,38187,
198,139,139,139,139,139,139,139,139,139,139,6767,139,40938,139,45791,139,139,139,139,139,
199,139,139,139,139,139,139,139,139,139,139,13411,31238,12084,16955,44196,40250,139,15864,139,22177,
200,139,139,139,139,139,139,139,139,139,139,54248,139,15647,30327,139,139,139,36306,43294,59857,
201,139,139,139,139,139,139,139,139,139,139,139,139,32485,26518,44469,39367,24753,139,139,29473,
202,139,139,139,139,139,139,139,139,139,139,55087,32157,51336,40285,39264,139,139,39499,139,36536,
203,139,139,139,139,139,139,139,12351,139,139,139,46879,139,38832,38106,40905,48189,139,2416,33917,
204,139,139,139,139,20002,139,139,139,139,139,41297,29544,32852,36069,1750,50187,26106,15287,139,20475,
205,139,139,139,139,139,139,139,17138,139,139,16989,48417,139,19634,14422,139,139,40165,139,139,
206,139,139,139,139,139,139,139,139,139,139,38203,48858,14221,139,35900,139,139,23242,139,7649,
207,139,139,139,139,139,139,139,139,139,139,40000,28305,139,139,12505,38541,35631,53316,37951,16506,
208,139,139,139,139,139,139,139,139,139,42111,49703,49973,32298,139,42245,5095,139,139,21640,58979,
209,139,139,139,139,139,139,139,139,139,139,139,27933,139,139,139,32014,139,15000,47988,5563,
210,139,139,139,139,139,139,139,139,139,139,139,139,52949,25440,43416,139,23306,32960,8609,139,
211,139,139,139,139,139,139,139,139,139,139,15980,139,139,19976,58974,139,8580,19764,139,48018,
212,139,139,139,139,139,139,139,139,139,139,201,139,53158,24189,42303,49829,139,40579,33863,42707,
213,139,139,139,139,139,139,139,139,139,139,139,11527,16684,3713,46373,139,50189,28886,28505,20267,
214,139,139,139,139,139,139,139,139,139,139,139,139,42128,39125,139,31970,23787,40812,139,139,
215,139,139,139,6916,139,139,139,139,139,139,10731,139,39012,50293,38769,34923,30964,46502,44790,139,
216,139,139,139,139,139,139,139,139,139,139,34240,12995,20959,139,139,139,12973,19525,139,12171,
217,139,139,139,139,139,139,139,139,139,139,12694,30195,27440,31786,29816,55238,139,32626,46976,48667,
218,139,139,139,139,139,139,139,139,139,139,139,139,20363,45806,34701,139,49930,3341,57322,139,
219,139,139,139,139,139,139,139,139,139,139,139,59019,139,30773,50415,28476,139,57657,139,139,
220,139,139,139,139,139,139,139,139,139,139,27830,18514,57799,39843,139,12605,55278,9061,29984,39797,
221,139,139,139,139,139,139,139,139,139,139,27238,39065,41659,139,139,1923,11883,37702,11704,5629,
222,139,139,139,139,139,139,139,139,139,139,38709,51501,23308,19792,139,139,139,32554,14032,139,
223,139,139,139,139,139,139,139,139,139,139,13529,42576,56294,40982,139,3333,30964,44616,139,139,
224,139,139,139,139,139,139,139,139,139,139,20617,42027,139,44995,43608,9682,42586,39062,11585,19089,
225,139,139,139,139,139,139,139,139,139,139,139,139,20929,35695,139,43979,6930,46109,58250,139,
226,139,139,139,139,139,139,139,139,139,139,13943,6029,139,139,11772,40535,16782,44922,48479,50204,
227,139,139,139,139,139,139,139,139,139,139,139,354,139,15861,58144,32384,139,40367,43010,47116,
228,139,139,139,139,139,139,139,139,139,15075,47164,41594,43978,45355,139,30543,40076,47488,26365,30821,
229,139,139,139,139,139,139,139,139,139,139,139,139,139,6165,139,41405,139,14334,139,139,
230,139,139,139,139,139,139,139,139,139,139,139,38510,22743,43101,8135,15286,40246,35411,56178,29324,
231,139,139,139,139,139,139,139,139,139,28499,139,139,49063,43912,13171,25217,52611,41112,35549,139,
232,139,139,139,139,139,139,139,15599,139,139,28306,35450,139,139,16182,35996,42966,23819,13712,49494,
233,139,139,139,139,139,139,139,139,139,139,59564,33682,139,139,53983,10170,49658,3823,17460,36718,
234,139,139,139,139,139,139,139,19625,139,139,139,17808,47177,8243,139,44878,41949,15354,139,23999,
235,139,139,139,139,139,139,139,139,139,139,139,29399,45949,139,139,33337,26141,44336,139,37604,
236,139,139,139,139,139,139,139,139,139,139,58163,27811,139,139,43615,13509,21052,24901,41676,21107,
237,139,139,139,139,139,139,139,139,139,139,139,139,30816,7500,139,35936,139,139,139,57430,
238,139,139,139,139,139,139,139,139,139,139,139,52299,27712,48157,19368,43292,28116,139,1498,18211,
239,139,139,139,139,139,139,139,139,139,139,139,139,28640,19299,49780,22958,23128,139,2649,53407,
240,139,139,139,139,139,139,139,139,139,139,139,44457,23321,7850,41392,50666,43673,139,23924,16564,
241,139,139,139,139,139,139,139,139,139,139,59541,4975,139,43761,59236,57848,139,57731,48272,57237,
242,139,139,139,139,139,139,139,139,139,139,139,45763,139,139,19633,25753,33347,35146,25420,22932,
243,139,139,139,139,139,139,139,139,139,139,139,139,139,20407,139,139,30579,139,139,36612,
244,139,139,139,139,139,139,139,139,139,139,139,18757,139,57796,139,139,37447,139,4316,31192,
245,139,139,139,139,139,139,139,139,139,15923,139,53328,33654,139,35476,27041,6499,6368,139,24897,
246,139,139,139,139,139,139,139,139,139,139,15877,12520,139,139,139,36368,30179,38863,39593,43987,
247,139,139,139,139,139,139,139,139,139,139,139,54054,3321,6000,52224,44635,48994,139,25399,46670,
248,139,139,139,139,139,139,139,139,139,139,56597,30277,30335,50045,23357,139,32895,54405,54269,17441,
249,139,139,139,139,139,139,139,139,139,139,50082,139,37570,18427,38026,43819,11641,139,30786,39049,
250,139,139,139,139,139,139,139,139,139,139,13255,139,15406,52426,139,139,7742,139,45264,49703,
251,139,139,139,139,139,139,139,139,139,139,24835,15794,21345,13809,48102,1251,139,30238,58697,139,
252,139,139,139,139,139,139,139,139,139,139,12564,139,34197,6086,139,139,51500,33942,16438,50483,
253,139,139,139,139,139,139,139,139,139,139,12728,139,53049,59477,139,11793,139,48096,31536,38772,
254,139,139,139,139,139,139,139,139,139,139,139,18740,14767,139,9801,47622,139,12289,139,50466,
255,139,139,139,139,139,139,139,139,139,139,33593,39798,139,53878,36445,18967,139,980,58702,139,
256,139,139,139,139,139,139,139,139,139,139,139,139,16374,45627,139,139,44316,35462,39906,55932,
257,139,139,139,139,139,139,139,139,139,139,38208,20206,35603,139,20909,139,31659,1516,44608,32586,
258,139,139,139,139,139,139,139,139,139,139,34220,45512,139,44888,35148,59623,25853,35112,13508,7166,
259,139,139,139,139,139,139,139,139,139,139,44983,48515,139,28918,45277,139,139,7288,139,49821,
260,139,139,139,139,139,139,139,139,139,139,15425,27257,139,37043,139,13037,139,56624,55123,10491,
261,139,139,139,139,139,139,139,139,139,139,25428,14258,32145,45131,36157,14719,139,39718,139,139,
262,139,139,139,139,139,139,139,139,5469,139,16604,29436,28120,55377,139,139,48695,139,139,139,
263,139,139,139,139,139,139,139,139,139,139,56363,26388,46301,44504,51184,139,139,52698,42866,56799,
264,139,139,139,139,139,139,139,139,139,139,53213,46592,49484,20528,48312,139,37789,56204,139,139,
265,139,139,139,139,139,139,139,139,139,139,24328,46891,139,139,37064,139,30292,20109,9814,51767,
266,139,139,139,139,139,139,139,139,139,139,139,31168,139,139,28347,53659,24030,51769,139,139,
267,139,139,139,139,139,16350,139,139,139,139,48288,139,22746,4849,39736,42295,139,32536,22763,139,
268,139,139,139,139,139,139,139,139,139,139,5076,38409,19375,27516,139,139,45716,139,139,10249,
269,139,139,139,139,139,139,139,139,139,139,57741,139,19708,19777,45066,35988,139,43031,139,28676,
270,139,139,139,139,139,139,139,139,139,139,41887,47508,139,45963,58602,40397,139,139,15474,28721,
271,139,139,139,139,139,139,139,139,139,139,40225,31981,39898,42304,54365,139,42314,17657,139,139,
272,139,139,139,139,139,139,12813,139,139,139,24902,32724,139,49696,139,27570,28084,139,139,53752,
273,139,139,139,139,139,139,139,139,139,139,44204,52246,41481,24573,139,4151,22793,8098,43482,139,
274,139,139,139,139,139,139,139,139,139,139,139,139,39000,9082,15316,46551,16671,139,33623,57524,
275,139,139,139,139,139,139,139,139,139,139,49812,35725,45503,139,58166,139,33841,51217,139,15475,
276,139,139,139,139,139,139,139,139,139,139,48189,139,19285,51478,57162,139,139,34914,11926,54518,
277,139,139,139,139,139,139,139,139,139,7813,47639,40779,139,16937,27658,139,139,139,139,139,
278,139,139,139,139,139,139,139,139,139,139,139,33707,17093,139,32367,37873,48591,35005,41918,139,
279,139,139,139,139,139,139,12285,139,139,139,33422,139,17189,36590,139,15435,139,52059,6686,38319,
280,139,139,139,139,139,139,139,139,139,139,54286,2436,139,28344,54895,139,139,28116,17203,5448,
281,139,139,139,139,139,1668,139,139,139,139,41705,14222,50100,139,33587,41716,913,139,32830,139,
282,139,139,139,139,139,139,139,139,139,139,25600,139,57342,139,25256,139,51055,23482,18622,139,
283,139,139,139,139,139,139,139,139,139,139,38260,35452,39612,37573,41257,139,139,17551,139,54921,
284,139,139,139,139,139,139,139,139,139,139,139,32072,667,35095,139,37456,139,19242,139,31640,
285,139,139,139,139,139,139,139,139,139,139,30899,139,49419,139,22379,42761,139,139,27121,139,
286,139,139,139,139,139,139,139,139,139,139,14489,8219,44324,24700,797,139,139,57433,1319,47935,
287,139,139,139,139,139,139,139,139,139,139,139,139,54414,23736,139,57229,41495,43467,60535,139,
288,139,139,139,139,139,139,139,139,139,139,33054,139,43980,50477,15576,3160,13888,53300,139,44430,
289,139,139,139,139,139,139,139,139,139,139,34058,49599,33873,47971,45515,59148,139,10471,22692,139,
290,139,139,139,139,139,139,139,139,24568,139,139,139,139,139,13774,42431,37724,31899,20978,139,
291,139,139,139,139,139,139,139,139,139,139,139,2754,48868,56499,27782,139,2206,139,139,18560,
292,139,139,139,139,139,139,139,139,139,139,38625,42669,139,38341,8247,139,11097,55619,139,10041,
293,139,139,139,139,139,139,139,139,139,139,41886,47743,139,139,33360,48490,139,36496,139,46839,
294,139,139,139,139,139,139,139,139,139,139,56452,21970,6455,139,28636,139,6353,47298,52863,139,
295,139,139,139,139,139,139,139,139,139,6658,29480,49583,46401,19417,139,29114,36362,36908,38409,27629,
296,139,139,139,139,139,139,139,139,139,139,139,48928,139,139,139,15561,139,10886,37451,53983,
297,139,139,139,139,139,139,139,139,139,139,139,32543,46728,24791,49548,139,18611,44511,47855,49231,
298,139,139,139,139,139,139,139,139,139,139,32226,37329,139,40481,2125,1650,139,56965,15849,139,
299,139,139,139,139,139,139,139,139,139,139,139,139,139,139,27408,139,14999,139,139,41434,
300,139,139,139,139,139,139,139,139,139,139,5898,11464,30645,18615,139,139,24349,10485,12461,36977,
301,139,139,139,139,139,139,139,139,139,139,139,139,139,22697,20409,611,15673,28470,139,23618,
302,139,139,139,139,139,139,139,139,139,139,139,38987,43874,56395,12725,47658,5322,29111,139,44030,
303,139,139,139,139,139,139,139,139,139,139,6518,60927,139,13744,20555,58566,139,49477,29361,18811,
304,139,139,139,139,139,139,139,139,139,139,13208,28806,139,42709,46750,58398,47815,139,35336,30829,
305,139,139,139,139,139,139,139,139,139,139,33413,58858,47351,34962,139,139,139,15759,44075,139,
306,139,139,12330,139,139,139,139,139,139,139,139,24059,13307,20614,48477,139,43910,20809,50754,22033,
307,139,139,139,139,139,139,139,139,139,139,37740,34064,139,57236,139,24431,17336,139,5788,59762,
308,139,139,139,139,139,139,139,139,139,139,31314,3454,139,42821,139,60631,23965,3802,139,28216,
309,139,139,139,139,139,139,139,139,139,139,25392,42335,40216,139,139,36059,24882,34645,139,19859,
310,139,139,139,139,139,139,139,139,139,139,139,5292,139,45421,36481,57615,54413,30765,55575,2287,
311,139,139,5292,139,139,139,139,139,139,139,47221,39563,26374,139,139,3658,139,40637,139,139,
312,139,139,139,139,139,139,139,139,139,139,139,27207,33548,30405,40802,16371,19207,139,10514,30398,
313,139,139,139,139,139,139,139,139,139,139,34175,139,42253,22319,19794,139,24855,139,139,8170,
314,139,139,139,139,139,139,139,139,139,139,17255,24087,139,139,139,15746,139,22327,139,42304,
315,139,139,139,139,139,139,139,139,139,139,139,139,139,139,139,33660,139,24539,139,43862,
316,139,139,139,139,139,139,139,139,139,139,46797,46947,47266,31576,41213,19929,37469,58131,58699,32198,
317,139,139,139,139,139,139,139,139,139,139,39292,5677,5002,11933,31808,139,10234,18674,60842,43836,
318,139,139,139,139,139,139,139,139,139,139,20639,20248,139,139,23817,21811,50956,25353,28320,26374,
319,139,139,139,139,139,139,139,139,139,139,46764,49654,139,19114,47930,139,29645,32553,139,10379,
320,139,139,139,139,139,139,139,139,139,139,44947,139,139,139,44334,139,28175,33778,29959,139,
321,139,139,139,139,139,139,139,139,139,139,49442,52667,50285,11708,4305,139,139,10124,139,139,
322,139,139,139,139,139,139,139,139,139,139,35102,139,25302,32913,32961,33007,139,139,139,139,
323,139,139,139,139,139,139,139,139,139,139,41986,139,53872,139,32632,35626,10406,139,139,49254,
324,139,139,139,139,139,139,139,139,139,139,23671,17944,139,31545,21752,139,47367,139,54311,139,
325,139,139,139,139,139,21258,14071,139,139,139,32413,139,21608,40850,12539,50055,139,493,139,54929,
326,139,139,139,139,139,11211,139,139,139,139,139,17727,139,19400,47262,44483,31191,139,139,46756,
327,139,139,139,139,139,139,139,139,139,139,139,54795,23236,45939,42208,27027,139,38862,13393,47536,
328,139,139,139,139,139,139,139,139,139,139,139,139,139,21296,28667,139,139,16231,139,139,
329,139,139,139,139,139,139,139,139,139,139,10256,48774,139,139,53413,38087,39762,11142,139,139,
330,139,139,139,139,139,139,139,139,139,139,42100,2203,139,58355,139,139,18992,35089,22705,24827,
331,139,139,139,139,139,139,139,139,139,139,139,139,47314,139,139,139,139,139,48501,60326,
332,139,139,139,139,139,139,8127,139,139,139,139,139,139,29799,18475,56731,139,139,139,52658,
333,139,139,139,139,139,139,139,139,139,139,139,42033,31250,27519,29527,24741,47707,139,139,26446,
334,139,139,139,139,11743,139,139,139,139,139,43685,45848,39200,22106,12340,139,13730,139,36373,4286,
335,139,139,139,139,139,139,139,139,139,139,139,25854,11724,139,56972,19368,38778,139,17275,139,
336,139,139,139,139,139,139,139,139,139,139,3738,8536,139,48926,46994,59745,139,139,25826,46764,
337,139,139,139,139,139,139,139,139,139,139,139,27342,35086,39357,139,34483,139,4296,28099,7864,
338,139,139,139,139,139,139,139,139,139,139,30396,139,31896,38801,13875,139,17518,28035,29909,25012,
339,139,139,139,139,139,139,139,139,139,139,27782,139,139,11520,139,55386,139,50196,7985,535,
340,139,139,4557,139,139,139,139,139,139,139,17299,14680,139,139,35156,10659,139,43283,41816,983,
341,139,139,139,139,139,139,139,139,139,139,19276,45362,38308,56901,12455,139,12362,23242,139,31113,
342,139,139,139,139,139,139,139,139,139,139,42755,3608,49879,35112,139,11968,40843,32488,139,139,
343,139,139,139,139,139,139,139,139,139,139,139,48259,46518,18225,6858,1055,33268,41325,13504,46999,
344,139,139,139,139,139,139,139,139,139,139,40697,17580,139,30961,15670,139,42509,56509,4428,880,
345,139,139,139,139,139,139,139,139,139,139,139,41573,28882,13135,139,27130,37192,139,44190,18013,
346,139,139,139,139,139,139,139,139,139,139,139,47456,139,40356,6464,53864,29042,3907,139,40322,
347,139,139,139,139,139,139,139,139,139,139,30604,3550,2680,31882,60391,48608,11062,23874,42116,42567,
348,139,139,139,139,139,139,139,139,139,139,166,139,51546,39494,12261,43420,44781,139,21035,47326,
349,139,139,139,139,139,139,139,139,139,139,47873,41089,24156,139,38603,16715,51627,48027,139,35294,
350,139,139,139,139,139,139,139,139,139,139,32572,18806,139,21721,45128,23604,139,18801,139,32342,
351,139,139,139,139,139,139,139,139,139,139,47883,32253,139,5672,48429,19934,49158,45819,52758,4233,
352,139,139,139,139,139,139,139,139,139,139,139,139,139,139,10218,46367,139,139,1340,25606,
353,139,139,139,139,139,139,139,139,139,139,22609,655,54101,51876,11406,25260,15306,29172,3428,139,
354,139,139,139,139,139,139,139,139,139,139,48596,30895,50924,21315,139,17861,13305,29467,139,7748,
355,139,139,139,139,139,139,139,139,139,139,139,139,24425,35140,48295,13114,56977,139,61365,37853,
356,139,139,139,139,139,6260,139,139,139,139,46130,139,40074,139,27451,139,139,25398,23594,54767,
357,139,139,139,139,139,139,139,139,24413,139,29958,36603,139,59014,45907,139,28222,36678,24231,12685,
358,139,139,139,139,139,139,139,139,139,139,11357,139,29513,139,139,22975,48055,139,48750,139,
359,139,139,139,139,139,139,139,139,139,139,56831,139,37600,139,45123,139,39965,139,35763,139,
360,139,139,139,139,139,139,139,139,139,139,139,8277,139,41677,45488,43178,139,13778,50108,139,
361,139,139,139,139,139,139,139,139,139,139,139,37422,30651,2186,139,139,139,55226,10304,46653,
362,139,139,139,139,139,139,139,139,139,139,48251,139,47727,139,53755,43923,44176,25557,28784,14871,
363,139,139,139,280,139,139,139,139,139,139,139,58610,26609,139,21194,5279,873,35274,9190,139,
364,139,139,139,139,139,139,139,139,139,139,19351,139,20779,17435,48618,15688,37392,18451,48412,10055,
365,139,139,139,139,139,139,139,139,139,139,16466,19432,12932,57968,139,42787,47057,48587,139,35102,
366,139,139,139,139,139,139,139,139,139,139,18518,139,33251,29557,36814,139,47510,46759,18012,3322,
367,139,139,139,139,139,139,139,139,139,139,16321,139,24056,12131,43721,46516,139,139,47888,47042,
368,139,139,139,139,139,139,139,139,139,139,45398,13683,6524,139,32917,6767,139,139,53877,139,
369,139,139,139,139,139,139,139,139,139,139,40067,139,39229,35057,35515,139,22111,53463,139,15906,
370,139,139,139,139,139,139,139,139,139,139,187,47888,46525,17156,139,139,26781,19597,46919,52443,
371,139,139,139,139,139,139,139,139,139,139,35378,12491,42581,139,48239,3896,51148,23856,55383,34339,
372,139,139,139,139,139,139,139,139,139,139,602,139,139,139,38342,139,25888,139,42840,55083,
373,139,139,139,139,139,139,139,139,139,139,1711,55045,48630,51295,44728,139,139,139,139,40396,
374,139,139,139,139,139,139,139,139,139,139,139,36718,139,139,12937,139,139,41215,139,26858,
375,139,139,139,139,139,139,139,139,139,139,21572,24713,61281,26177,139,15440,139,139,56780,35350,
376,139,139,139,139,139,139,139,139,139,139,33412,139,139,139,51863,139,139,27679,27806,6008,
377,139,139,139,139,139,139,139,139,139,139,139,41839,21834,10360,10083,35657,40127,14063,49909,19287,
378,139,139,139,139,139,139,139,139,139,139,54516,36442,139,139,8929,13491,35025,35812,30938,16189,
379,139,139,139,139,139,139,139,139,139,139,39656,19436,33016,139,45826,52580,47401,139,17539,51818,
380,139,139,139,139,139,139,139,139,139,139,139,44590,47243,15021,40737,43741,28058,9125,3168,12835,
381,139,139,19541,139,139,139,139,139,139,139,23396,6338,139,52537,9918,139,52339,139,139,28153,
382,139,139,139,139,139,139,15230,23608,139,139,46230,42337,37338,16511,44925,139,139,23608,139,26670,
383,139,139,139,139,139,139,139,139,139,139,39705,47034,39813,50433,20505,6841,32000,48420,52542,44938,
384,139,139,139,139,139,139,139,139,14360,139,139,38213,46600,139,37661,139,46168,139,139,10138,
385,139,139,139,139,139,139,139,139,139,139,1591,139,139,18800,41701,29054,139,139,10096,47781,
386,139,139,139,139,139,139,139,139,139,139,139,139,11242,139,139,28738,24412,24254,19510,139,
387,139,139,139,139,139,139,139,139,139,139,54021,139,139,52615,39490,17055,30062,139,44158,36728,
388,139,139,139,139,13418,139,139,139,139,139,139,30668,48963,139,54095,139,139,54989,48786,52902,
389,139,139,139,139,139,139,139,139,139,139,36963,139,249,51844,29418,139,53835,11084,8190,7072,
390,139,139,139,139,139,139,139,23196,139,139,139,25860,46620,53481,23163,51515,46805,49578,139,19159,
391,139,139,139,139,139,139,139,139,139,139,139,36187,39476,48465,139,19512,43411,139,21508,139,
392,139,139,139,139,139,139,139,139,139,139,139,38574,15378,4524,44955,56964,28046,37898,47287,139,
393,139,139,139,139,139,139,13404,139,139,139,139,41526,19302,139,33148,139,139,139,23923,53780,
394,139,139,139,139,139,139,139,139,139,139,139,43799,26754,139,139,36059,55606,14536,139,20589,
395,139,139,139,139,139,139,139,139,139,139,139,139,42038,139,45226,139,24718,52849,40378,9087,
396,139,139,139,139,139,139,139,139,139,139,42949,53532,29212,32062,139,33570,139,21049,139,139,
397,139,139,139,139,139,139,139,139,139,139,22354,33738,30156,19707,139,25873,139,45185,15848,35992,
398,139,139,139,139,139,139,139,139,139,139,139,50064,43812,139,50958,19857,139,13402,139,57893,
399,139,139,139,139,139,139,139,139,139,139,139,26497,139,48896,12563,139,11187,19004,20964,139,
400,139,139,139,139,139,139,139,139,139,139,27368,139,139,139,139,139,37624,40799,139,41543,
401,139,139,139,139,139,139,139,139,139,139,139,984,26132,2678,139,39847,139,139,139,44253,
402,139,139,139,139,139,139,139,139,139,139,12165,139,2048,50080,139,46114,139,139,38634,44595,
403,139,139,139,139,139,139,139,139,139,139,48478,15349,19375,139,7093,16304,11341,51357,3698,47391,
404,139,139,139,139,139,139,139,139,139,139,17745,35065,23345,3862,36199,34351,139,139,139,31918,
405,139,139,139,139,139,139,139,139,139,139,40449,33533,53938,18292,14341,45399,139,60825,139,51287,
406,139,139,139,139,139,139,139,139,139,139,139,29609,139,43183,18527,29596,139,139,39253,24334,
407,139,139,139,139,139,139,139,139,139,139,56230,139,44851,26344,23781,56162,52361,23081,12501,44857,
408,139,139,139,139,139,139,139,139,139,139,139,874,24954,139,4854,139,45257,44157,139,48012,
409,139,139,139,139,139,139,139,139,139,139,139,47958,139,139,58331,48664,139,139,26883,5978,
410,139,139,139,139,139,139,139,139,139,139,139,32252,28794,50669,40026,51033,139,365,21466,33702,
411,139,139,139,139,139,139,139,139,139,139,7184,10800,17677,26207,40462,24398,139,47459,139,41007,
412,139,139,139,139,139,139,139,139,139,139,208,139,17480,42745,30085,139,139,139,36715,44524,
413,139,139,139,139,139,139,139,139,139,139,139,14679,139,3063,14202,139,139,43829,33583,57380,
414,139,139,139,139,139,139,139,139,139,139,139,46919,42966,1090,13705,28044,33708,8298,39232,29445,
415,139,139,139,139,139,139,139,139,139,139,139,139,40683,24725,28426,55462,19716,16286,139,139,
416,139,139,139,139,139,139,139,139,139,139,40955,39536,139,139,59073,139,36598,139,10180,11286,
417,139,139,139,139,139,139,139,139,139,139,139,14322,139,21651,139,21112,50303,31367,38408,27189,
418,139,139,139,139,139,139,139,139,139,139,29838,139,139,17032,139,39269,39798,139,139,139,
419,139,139,139,139,139,139,139,139,139,139,715,139,42842,56544,57134,15382,29176,11466,22938,139,
420,139,139,139,139,139,139,139,139,139,139,17166,139,17148,47526,12875,30737,6411,18331,139,139,
421,139,139,139,139,139,139,139,139,139,139,4132,139,43485,61440,55382,9615,139,40698,33061,31847,
422,139,139,139,139,139,139,139,139,139,139,48190,139,13988,139,34386,26181,32261,12862,19409,17998,
423,139,139,139,139,139,139,139,139,139,139,5282,56941,25155,46138,40635,139,55504,7417,12448,29693,
424,139,139,139,139,139,139,139,139,139,139,22126,139,55350,2474,139,9123,30982,36301,55944,11336,
425,139,139,139,139,139,139,139,139,139,139,9930,58510,26201,139,38080,17449,11173,47637,139,49417,
426,139,139,139,139,139,139,139,139,139,139,14670,139,30269,7533,49985,139,39341,38399,33347,139,
427,139,139,139,139,139,139,139,139,139,139,55516,16670,48626,139,1333,39131,58567,19329,42170,12105,
428,139,139,139,139,139,139,139,139,139,139,38131,46752,10358,11474,139,139,16015,27094,22317,32603,
429,139,139,139,17185,139,139,139,139,139,139,48620,139,52203,139,32861,382,139,50987,25672,44397,
430,139,139,139,139,139,139,139,139,139,139,30606,45682,35525,139,20725,139,38696,53877,59039,10818,
431,139,139,139,139,139,139,139,139,139,139,42893,139,47879,42073,35543,45702,13021,40015,139,15733,
432,139,139,139,139,139,139,139,139,139,139,139,56617,57514,10074,45090,43492,44719,24316,139,139,
433,139,139,139,139,139,139,139,139,139,139,18358,15792,44330,139,27583,139,139,13840,11845,139,
434,139,139,139,139,139,139,139,139,139,139,55726,139,18631,10934,139,39140,47205,24909,21710,31650,
435,139,139,139,139,139,139,139,139,139,139,139,27575,139,37139,45286,139,139,10816,18632,8829,
436,139,139,139,139,139,139,139,139,139,139,47409,139,139,139,56873,22431,10175,19990,49085,33056,
437,139,139,139,139,139,139,139,139,139,139,54909,23112,49137,139,51859,139,139,38733,37311,43187,
438,139,139,139,13124,139,139,139,139,139,139,40427,139,139,139,19346,30891,139,19317,57632,31546,
439,139,139,139,139,139,139,139,1581,139,139,15828,55002,13953,48803,139,41112,48629,54424,6963,18493,
440,139,139,139,139,139,139,139,139,139,139,5950,139,53814,139,139,48234,139,8881,12540,43998,
441,139,139,139,139,139,139,139,139,139,139,11184,48501,139,4353,36708,41602,42288,5958,29635,139,
442,139,139,139,139,139,139,139,139,139,139,43262,26711,139,52253,14500,36299,42372,53294,139,17019,
443,139,139,139,139,139,139,139,139,139,139,42363,22029,10497,139,9018,47914,36372,45932,39360,139,
444,139,139,139,139,139,139,139,139,139,139,38575,29496,47071,21418,139,139,39439,139,37173,139,
445,139,139,139,139,139,139,139,139,139,139,139,56022,139,139,10388,139,42131,139,28669,28639,
446,139,139,139,139,139,139,139,139,139,139,26005,139,25545,139,139,12041,41638,139,1473,14784,
447,139,139,139,139,139,139,139,139,139,139,139,139,30635,139,22355,50882,41565,28695,139,139,
448,139,139,139,139,139,139,139,139,139,139,139,23500,139,139,57061,38857,139,12804,58131,21290,
449,139,139,139,139,139,139,139,139,18488,139,139,139,11585,40969,55191,139,46221,27006,139,139,
450,139,139,139,139,139,139,139,139,139,139,139,54968,139,42465,139,139,53450,41155,47773,139,
451,139,139,139,139,139,139,139,139,139,139,139,40883,139,139,139,139,43791,2558,31970,139,
452,139,139,139,139,139,139,139,139,139,139,37914,34932,49510,25421,139,44872,46496,29105,29197,22581,
453,139,139,139,139,139,139,139,139,139,139,12015,139,139,30423,139,44298,139,50495,44889,139,
454,139,139,139,4790,139,139,139,139,139,139,41511,139,24648,139,41441,27117,139,46387,4411,139,
455,139,139,139,139,139,139,139,139,139,139,19857,139,54782,139,55801,25760,23595,18493,139,37257,
456,139,139,139,139,139,139,139,139,139,139,37957,26168,139,32161,38048,4368,36756,27083,23222,48762,
457,139,139,139,139,139,139,139,139,139,139,23407,36104,12048,3632,25732,38032,40336,139,40041,42317,
458,139,139,139,139,139,139,139,139,139,139,5603,26899,59597,40167,139,38340,44303,25420,57075,3906,
459,139,139,139,139,139,139,139,139,139,139,139,56165,4154,139,139,139,139,139,139,48367,
460,139,139,139,139,139,139,139,139,139,139,12082,139,15618,1192,58190,51193,139,4723,38625,29906,
461,139,139,139,139,139,139,139,139,139,139,55106,21557,58410,23531,139,139,139,42083,43007,139,
462,139,139,139,139,139,139,139,139,139,139,139,139,139,41573,40034,51665,9995,50829,139,17870,
463,139,139,139,139,139,139,139,139,139,139,139,45236,563,17656,10166,16800,139,21158,139,33424,
464,139,139,139,139,139,139,139,139,139,139,28504,139,139,43000,29735,49515,139,53497,139,139,
465,139,139,139,139,139,139,139,139,139,139,139,139,55444,40154,139,31894,12799,24419,53160,49524,
466,139,139,139,139,139,139,139,139,139,139,58779,139,21405,139,49356,139,43780,19470,41747,59416,
467,139,139,139,139,139,139,139,139,139,139,139,39598,37316,39455,42399,11587,43345,139,31456,43016,
468,139,139,139,139,139,139,139,139,139,139,36379,48077,22504,16698,139,2599,139,46484,44632,47423,
469,139,139,139,139,139,139,139,139,139,139,139,33669,29143,46746,17938,42891,16474,139,9141,42286,
470,139,139,139,139,139,139,13799,139,139,139,139,139,29588,45360,35758,13119,37455,139,21154,44645,
471,139,139,139,139,139,139,139,139,139,139,139,42135,24796,139,139,22205,17599,46229,3662,52127,
472,139,139,139,139,139,139,139,139,139,139,139,139,15308,19357,139,38265,37221,45206,43374,12926,
473,139,139,139,139,139,139,139,139,139,139,139,23106,139,139,139,43784,13563,18625,60867,12449,
474,139,139,139,139,139,139,139,139,139,139,139,10062,47672,139,40298,27134,39630,139,19664,139,
475,139,139,139,139,139,139,139,139,139,139,25251,9761,2451,25293,139,139,1406,139,12836,139,
476,139,139,139,139,139,139,139,139,139,139,52317,139,24216,33167,1375,35587,44932,139,139,139,
477,139,139,139,139,139,139,139,139,139,139,57986,15805,17281,19255,56935,139,58938,139,139,139,
478,139,139,139,139,139,139,139,139,139,139,139,139,10182,139,139,53616,139,37403,28484,33514,
479,139,139,139,139,139,139,139,139,139,139,139,28769,12319,49328,139,54259,13456,22859,546,139,
480,139,139,17079,139,139,139,139,139,139,139,139,52797,139,139,47782,59790,55426,139,39104,31955,
481,139,139,139,139,139,139,139,139,139,139,33911,29398,49392,139,43393,139,55252,12976,41161,17201,
482,139,139,139,139,139,139,139,139,139,139,37001,42761,139,32974,32310,139,19941,44305,139,139,
483,139,139,139,139,139,139,139,139,139,139,139,15633,20374,51193,35371,11921,54211,47318,33809,51207,
484,139,139,139,139,139,139,139,139,139,139,2211,139,35084,139,139,52623,33002,9819,41200,14849,
485,139,139,1816,139,139,139,139,139,139,139,53007,21121,42361,46537,139,18182,139,139,42333,42258,
486,139,139,139,139,139,139,139,139,139,139,139,37640,139,56739,139,11948,33033,45618,40708,10749,
487,139,139,139,139,139,139,139,139,139,139,6051,39506,3748,47720,139,45027,139,1527,40261,139,
488,139,139,139,139,139,139,139,139,139,139,17052,2243,139,38751,9487,46578,20033,13232,43637,19107,
489,139,139,139,139,139,139,139,139,139,139,36356,139,139,28065,36416,7082,139,139,35553,38035,
490,139,139,139,139,139,139,139,139,139,139,29729,16724,41898,139,60177,7126,6932,139,139,16183,
491,139,139,139,10541,139,139,139,139,139,139,33089,35372,45750,40410,139,15061,139,139,27730,19493,
492,139,139,139,139,139,139,139,139,139,139,42746,139,5783,2103,139,6409,45824,139,139,28253,
493,139,139,139,139,139,139,139,139,139,139,139,139,56751,39858,38326,34427,139,32765,11413,139,
494,139,139,139,139,139,139,139,139,139,139,27064,59700,139,45030,139,43501,40480,11041,139,11231,
495,139,139,139,139,139,139,139,139,139,139,14209,29313,139,139,2442,33662,139,139,21110,37142,
496,139,139,139,139,139,139,139,139,139,139,139,14931,43573,139,139,139,32703,50514,28248,16682,
497,139,139,139,139,139,139,139,139,139,139,139,139,22994,3381,139,46346,139,139,139,34299,
498,139,139,139,139,139,4618,139,139,139,139,34456,139,11138,51760,32049,6051,45163,18050,41479,139,
499,139,139,139,139,139,139,139,139,139,139,18543,139,139,44179,30623,31090,139,30326,40263,11729,
500,139,139,139,139,139,139,139,139,139,139,28889,139,139,54640,139,3549,18350,56332,139,139,
501,139,139,139,139,139,139,139,139,139,139,28316,139,37818,139,14968,55728,40750,139,29182,23906,
502,139,139,139,139,139,139,139,139,139,139,139,40116,6536,56515,1095,46368,10402,39573,49710,29423,
503,139,139,139,139,139,139,139,139,139,139,51617,139,24056,40655,38789,21666,27531,59204,139,11120,
504,139,139,139,139,139,139,139,139,139,139,139,7570,58612,56525,43855,9661,139,44774,21129,139,
505,139,139,18865,139,139,139,139,139,139,139,139,15528,29764,139,50549,139,53051,19417,9442,26458,
506,139,139,139,139,139,139,139,139,139,139,139,139,139,139,33706,139,139,139,30369,18625,
507,139,139,139,139,139,139,139,139,139,139,57781,46555,41945,139,6231,139,30296,139,139,35760,
508,139,139,139,139,139,139,139,139,139,139,36801,22210,53928,139,139,139,139,56905,29505,17543,
509,139,139,139,139,139,139,139,139,139,139,139,139,12230,18404,27241,139,29092,139,45766,23391,
510,139,139,139,139,139,139,139,139,139,139,21716,11082,17318,7635,47594,19384,139,40368,139,27333,
511,139,139,139,139,139,139,139,139,139,139,46887,139,39633,139,139,139,41066,39394,53452,37464,
512,139,139,139,139,139,139,139,139,139,139,139,17323,2011,139,23564,36913,139,54567,139,139,
513,139,139,139,139,139,139,139,139,139,139,139,27895,139,30564,7365,22534,44953,139,139,27351,
514,139,139,139,139,139,139,139,139,139,139,139,35186,46272,139,19630,52915,11753,37540,139,50397,
515,139,139,139,139,139,139,139,139,139,139,139,139,139,11937,22189,34880,34350,139,24622,47994,
516,139,139,139,139,139,139,139,139,139,139,21044,139,12325,51415,4545,139,22633,139,35227,15880,
517,139,139,139,139,139,139,139,139,139,139,38845,139,3579,28563,58427,21962,1760,10995,38735,44122,
518,139,139,139,139,139,139,139,139,139,139,24419,48481,28987,21512,37489,35997,19717,39600,139,16726,
519,139,139,139,139,139,139,139,139,139,139,30376,33514,42712,139,10242,14967,139,139,29383,54403,
520,139,139,139,139,139,139,139,139,139,139,42019,139,22253,23247,139,16366,139,139,23164,13953,
521,139,139,139,139,139,139,139,139,139,139,18953,139,13151,40629,28235,12107,19909,46271,18781,26286,
522,139,139,139,139,139,139,139,139,139,139,139,139,139,2872,32995,49273,55218,139,21299,50520,
523,139,139,139,139,139,139,139,139,139,139,40665,48044,139,192,3705,19821,36710,21357,139,139,
524,139,139,139,139,139,139,139,139,139,139,48367,25131,10216,22915,139,139,52805,139,24584,12105,
525,139,139,139,139,139,139,139,139,139,139,46385,22003,39437,29491,139,2144,13944,48713,33712,28900,
526,139,139,139,139,139,139,139,139,139,139,41991,18843,139,41300,43906,3408,55899,15298,139,48116,
527,139,139,139,139,139,139,139,139,139,139,33835,139,58322,139,1270,139,23426,55358,28505,139,
528,139,139,139,139,139,139,139,139,139,139,14591,50386,39675,39553,6920,39871,139,139,59993,402,
529,139,139,139,139,139,139,139,139,139,139,139,139,14031,139,26894,33088,139,31559,43514,139,
530,139,139,139,139,139,139,139,139,139,139,61463,20833,51282,34498,16372,32602,139,14087,19575,139,
531,139,139,139,139,139,139,139,139,139,139,139,1018,45769,58933,139,139,139,52715,1331,139,
532,139,139,139,139,139,139,139,139,139,139,44670,8195,14498,43611,27814,139,31063,44172,36980,54034,
533,139,139,139,139,139,139,139,139,139,139,42739,32135,139,139,1002,21255,49667,56277,49065,49886,
534,139,139,139,139,139,139,139,139,139,139,11999,17341,14199,35677,55175,39894,139,49364,139,139,
535,139,139,139,139,26278,139,139,26278,139,139,23840,139,30157,40235,139,29110,139,49363,29229,20950,
536,139,139,139,139,139,139,139,139,139,139,13000,56978,139,58651,24485,36738,12405,2211,16497,20905,
537,139,139,139,139,139,139,139,139,139,139,31277,139,24957,38981,39559,50995,28593,35396,58560,43073,
538,139,139,139,139,139,139,139,139,139,139,39423,9808,25364,139,15930,139,14598,35655,139,139,
539,139,139,139,139,139,139,139,139,139,139,32171,45542,6459,46498,139,139,45122,16942,42764,57313,
540,139,139,139,139,139,139,139,139,139,139,139,26959,37317,60106,139,139,51897,139,34463,25723,
541,139,139,139,139,139,139,139,139,139,139,40029,31909,139,43731,39355,46060,13171,42329,51732,9403,
542,139,139,139,139,139,139,139,139,139,139,49967,50279,9121,54539,56129,49644,16741,10681,39254,139,
543,139,139,139,139,139,139,139,139,139,139,15611,139,139,55553,50161,11587,139,41689,139,49490,
544,139,139,139,139,139,139,139,139,139,139,9632,38018,45677,139,43207,48671,139,139,139,34445,
545,139,139,139,139,139,139,139,139,139,139,47447,44618,37101,43535,139,139,33590,19837,139,9017,
546,139,139,139,139,139,139,139,139,139,139,29137,27259,405,39954,25118,34595,139,41303,33873,45528,
547,139,139,139,139,139,139,139,139,139,139,41994,139,139,139,139,139,42682,139,29181,139,
548,139,139,139,139,139,139,20228,139,139,139,139,25831,139,13807,55408,139,139,139,46703,139,
549,139,139,139,139,139,139,139,139,139,139,15997,6764,44506,139,139,29323,139,48137,37297,30251,
550,139,139,139,139,139,139,139,139,139,139,29370,44257,139,10827,45051,52851,139,14845,139,50867,
551,139,139,139,139,139,139,139,139,139,139,139,139,139,139,44965,38728,37594,139,139,139,
552,139,139,139,139,139,139,139,139,139,139,139,27538,1680,44729,24131,15175,41304,756,53660,139,
553,139,139,139,139,139,139,139,139,139,139,44508,139,54821,139,139,39211,20910,36153,10307,40273,
554,139,139,139,139,139,139,139,139,139,139,7722,18156,48453,26658,53839,18064,16331,49546,139,38524,
555,139,139,139,139,139,139,139,139,139,139,139,42411,139,28938,42048,52166,139,139,16643,39464,
556,139,139,139,139,139,139,139,139,139,139,47914,139,33564,139,139,58578,139,139,139,139,
557,139,139,139,139,139,139,139,139,139,139,139,35624,139,139,139,23035,139,48389,139,45356,
558,139,139,139,139,139,139,139,139,139,139,51782,139,36042,46391,139,29374,47925,139,34779,23812,
559,139,139,139,139,1446,139,139,139,1446,139,139,20914,387,43859,54856,139,139,15081,55603,55470,
560,139,139,139,139,139,139,139,139,139,139,5264,7909,27406,7884,139,14327,139,61186,139,44053,
561,139,139,139,139,139,291,139,139,139,139,139,30280,12808,29963,37179,139,50719,56170,22915,2793,
562,139,139,139,139,139,139,139,139,139,139,23839,139,43273,36604,12627,139,42837,57997,139,139,
563,139,139,139,139,139,139,139,139,139,139,46182,45386,11575,41587,43817,139,139,41144,139,44306,
564,139,139,139,139,139,139,139,139,139,139,33389,17411,139,49266,44862,139,10141,139,22499,55067,
565,139,139,139,139,139,139,139,139,139,139,139,57872,52230,16723,139,59568,49707,139,18274,4027,
566,139,139,139,139,139,139,139,139,139,139,139,41850,22171,17228,139,139,20042,51978,22520,53663,
567,139,139,139,139,139,139,139,139,139,16868,139,139,30820,21331,139,139,17154,27660,29991,139,
568,139,139,139,139,139,139,139,139,139,139,58060,14183,40643,44379,1077,59128,39354,23084,50309,34110,
569,139,139,139,139,139,139,139,139,139,139,3118,53549,37351,139,139,139,19312,23202,22391,12439,
570,139,139,139,139,139,139,139,139,139,139,139,56229,6385,46496,27682,11013,47861,30826,10586,139,
571,139,139,139,139,139,139,139,139,139,139,47764,56334,31733,31526,32984,139,12838,58903,18608,139,
572,139,139,139,139,139,139,139,139,139,139,31386,38801,13804,22113,139,25491,1668,45970,41484,34557,
573,139,139,139,139,139,139,139,139,139,139,37610,139,3589,51089,139,139,30583,13130,139,139,
574,139,139,139,139,139,139,139,139,139,139,139,139,139,7663,11077,41964,32403,28705,59331,17192,
575,139,139,139,139,139,139,139,1579,139,139,139,139,25768,53133,139,139,139,12316,139,27053,
576,139,139,139,139,139,2398,139,139,139,139,139,139,139,49417,31985,43338,139,45173,9370,139,
577,139,139,139,139,139,139,139,139,139,139,58531,139,139,139,53451,39624,12142,29853,39043,139,
578,139,139,139,139,139,139,139,139,139,139,139,23770,17667,139,43508,39173,139,7672,18788,11017,
579,139,139,139,139,139,139,139,139,139,139,139,36885,139,139,7267,23545,16871,139,139,139,
580,139,139,139,139,139,139,139,139,139,139,139,204,139,139,16593,55193,42415,40562,56569,139,
581,139,139,139,139,139,139,139,139,139,139,39139,139,26893,23096,9636,139,29919,52569,139,26143,
582,139,139,139,139,139,139,139,139,139,139,139,139,139,19198,139,139,139,139,139,139,
583,139,139,139,139,139,139,139,139,139,139,139,42681,139,34970,139,139,44467,139,51042,20405,
584,139,139,139,139,139,139,139,139,139,139,139,5696,139,139,41412,26673,139,39583,23811,10172,
585,139,139,139,139,139,139,139,139,139,139,139,41125,139,139,33077,23676,139,139,11989,54002,
586,139,139,139,139,139,139,139,139,139,139,22662,139,45916,27308,6825,139,48152,17493,18629,15809,
587,139,139,139,139,139,139,139,139,139,139,21150,20469,139,1305,44955,49634,38613,26316,57055,34273,
588,139,139,139,139,139,139,139,139,139,139,139,37012,139,139,139,33939,139,139,45094,139,
589,139,139,139,139,139,139,139,139,139,139,30958,139,45137,57947,139,18292,16078,49699,44437,139,
590,139,139,139,139,139,139,139,139,139,139,35106,139,49013,139,60805,44588,139,42543,139,10832,
591,139,139,139,139,139,139,139,139,139,139,45065,139,38119,47732,139,15049,139,139,46279,48984,
592,139,139,139,139,139,139,139,139,139,139,21160,40199,55039,24265,40093,28655,139,139,139,139,
593,139,139,139,139,139,139,139,139,139,139,139,139,54549,139,60375,47059,139,139,10389,16985,
594,139,139,139,139,139,139,139,139,139,139,50381,139,21068,139,15072,139,49604,139,48497,139,
595,139,139,139,139,139,10185,139,139,139,139,49916,48596,139,44758,139,12559,47820,139,30885,45908,
596,139,139,139,139,139,139,139,139,139,139,139,39308,17653,139,30051,139,37895,20584,48257,49100,
597,139,139,139,139,139,139,139,139,139,139,35699,41703,40528,4104,17465,46857,3423,4352,43853,139,
598,139,139,139,139,139,139,139,139,139,139,139,37353,31795,58145,41252,11645,139,139,39664,41762,
599,139,139,139,139,139,139,139,139,139,139,159,139,43007,35167,17512,139,26421,45312,36163,51365,
600,139,139,139,139,139,10521,139,139,10338,139,139,1107,42785,139,26070,50622,139,17407,139,139,
601,139,139,139,139,139,139,139,139,139,139,58296,38531,29969,139,139,19425,36532,56366,52148,139,
602,139,139,139,139,139,139,139,139,139,139,139,46877,12754,139,139,20101,49427,44341,139,15780,
603,139,139,139,139,139,139,139,139,139,139,28485,139,32017,43386,56804,139,56531,55547,9833,15325,
604,139,139,139,139,139,139,139,139,139,139,139,42220,35652,53238,29649,139,51118,17529,139,18169,
605,139,139,139,139,139,139,139,139,139,16646,12495,139,139,13968,48605,139,11528,20465,139,139,
606,139,139,139,139,139,139,139,139,139,139,56145,139,37442,51808,139,9581,139,139,29156,18298,
607,139,139,139,139,139,139,139,139,139,139,16104,9155,25108,7345,50713,37245,139,7257,139,139,
608,139,139,139,139,139,139,139,139,139,139,24811,139,139,139,42766,22306,25289,139,139,12758,
609,139,139,139,139,139,139,139,139,139,139,139,29155,139,139,139,49517,48860,21645,52358,2344,
610,139,139,1662,139,139,139,139,139,139,139,139,139,139,139,2254,11873,139,11141,40579,36775,
611,139,139,139,139,139,139,139,139,139,139,139,48627,139,59142,47946,47948,45070,40219,15908,26242,
612,139,139,139,139,139,139,139,139,139,139,53715,139,139,15986,50942,33824,25089,47638,48630,139,
613,139,139,139,139,139,139,139,139,139,139,57203,139,38826,139,139,37564,139,38963,47803,207,
614,139,139,139,139,139,139,139,139,139,139,49400,51835,50748,29833,20379,139,50243,35979,25719,21992,
615,139,139,139,139,139,139,139,139,139,139,32683,48523,58622,139,139,139,25416,23698,139,5412,
616,139,139,139,139,139,139,139,139,139,139,49297,24780,4070,29586,45552,139,139,139,139,22291,
617,139,139,139,139,139,139,139,139,139,139,4652,43279,22193,25619,43866,16209,20064,50123,139,44350,
618,139,139,139,139,139,139,139,139,139,139,36478,139,45178,17537,139,139,139,38339,31437,139,
619,139,139,139,139,139,139,139,139,139,139,10780,26304,17812,139,53449,50006,47780,139,2640,24656,
620,139,139,139,139,139,139,139,139,139,139,60080,29840,139,139,9705,22178,11237,139,139,139,
621,139,139,139,139,139,139,139,139,139,139,54376,46034,37500,23477,37219,9292,139,61369,139,139,
622,139,139,139,139,139,139,139,139,139,139,44632,139,34642,31219,20481,139,139,53663,49905,36292,
623,139,139,139,10906,139,139,139,139,139,139,139,37956,43484,47659,38182,11090,50794,54733,21599,13848,
624,139,139,139,139,139,139,139,24476,139,139,24293,33773,29609,139,139,139,47517,49841,54329,10063,
625,139,139,139,139,139,139,139,139,139,139,139,31805,43042,45217,32788,17615,42969,30926,139,12443,
626,139,139,139,139,139,139,21075,139,139,139,139,18669,139,12046,9368,20316,139,57227,58126,37989,
627,139,139,139,139,139,139,139,139,139,139,10486,55649,139,43465,53409,35969,38238,139,23010,37059,
628,139,139,139,139,139,139,139,139,139,139,16424,22695,17972,40821,21371,25615,139,139,28593,15641,
629,139,139,139,139,139,139,139,139,139,139,15062,13369,139,20872,48109,41129,1422,19889,139,139,
630,139,139,139,139,139,139,139,139,139,139,56976,39792,139,139,16560,139,139,25567,21683,51896,
631,139,139,139,139,139,139,139,139,139,139,13208,31396,57979,11316,45815,26711,36192,16995,58989,54813,
632,139,139,139,139,139,139,139,12693,139,139,139,23527,47114,40461,56998,47803,9599,15295,59642,14741,
633,139,139,139,6929,139,139,139,139,139,139,13595,139,139,139,139,41730,57670,13577,5489,139,
634,139,139,139,139,139,139,139,139,139,139,52902,13444,60356,45333,45314,139,28346,29472,139,12337,
635,139,139,139,139,139,139,139,139,139,139,44736,25240,49040,11642,139,30516,139,37570,30388,37401,
636,139,139,139,139,139,139,139,139,139,139,54743,139,139,43166,26820,26250,139,3316,55481,36667,
637,139,139,139,139,139,139,139,7410,139,139,52178,51597,32712,139,16068,37063,35025,39611,17674,1485,
638,139,139,139,139,139,139,139,139,139,139,43303,31486,9209,41587,139,139,139,139,27891,42283,
639,139,139,139,11494,139,139,139,139,139,139,52124,33451,52965,55175,20172,139,139,45791,47820,2890,
640,139,139,139,139,139,139,139,139,139,139,139,32429,139,139,139,139,26777,24475,37063,4800,
641,139,139,139,139,139,139,139,139,139,139,139,31849,22707,1150,33817,12410,139,139,29716,139,
642,139,139,139,139,139,139,139,139,139,139,41502,45950,48325,139,50066,38746,11759,139,52178,47703,
643,139,139,139,139,139,139,139,139,139,139,11928,18227,139,26768,51010,139,139,139,39854,22708,
644,139,139,139,139,139,139,139,139,139,139,46151,139,49070,139,139,139,32102,139,3071,10882,
645,139,139,139,139,139,139,139,139,139,139,14887,139,41389,44722,38359,31886,21548,139,43041,139,
646,139,139,139,139,139,139,139,139,139,139,139,139,26673,31900,32845,17938,46761,139,58663,45361,
647,139,139,139,139,139,139,139,139,139,139,139,139,139,23383,139,139,139,139,2959,40948,
648,139,139,139,139,139,139,139,139,139,139,57360,33915,35457,49359,11640,9664,47906,21194,36957,37278,
649,139,139,139,139,139,139,139,139,139,139,10734,139,3904,44721,28640,56278,2211,27561,139,55816,
650,139,139,139,139,139,139,139,139,139,139,139,139,139,38775,10143,139,139,17242,1474,36764,
651,139,139,139,139,139,139,139,139,139,139,54254,139,52162,56801,46376,15034,21983,17748,44738,59726,
652,139,139,139,139,139,139,139,139,139,139,10140,24151,17092,139,35673,57311,44620,139,139,139,
653,139,139,139,139,139,139,139,139,139,139,139,139,139,19648,11520,139,11549,11765,3670,42580,
654,139,139,139,139,139,139,139,139,139,139,11306,139,139,10027,39536,59046,139,139,139,41732,
655,139,139,139,139,139,139,139,139,139,139,139,53801,139,139,16199,49981,139,139,45872,41452,
656,139,139,139,139,139,139,139,139,139,139,139,970,19052,26390,42371,25458,41038,139,4953,35759,
657,139,139,139,139,139,139,139,139,139,139,139,139,29905,139,139,139,139,139,34034,139,
658,139,139,139,139,139,139,139,139,139,139,5378,139,139,57603,7338,51453,44882,49689,60977,18585,
659,139,139,10263,139,139,139,139,139,139,139,28952,36808,38431,53965,41156,21302,18739,39160,43715,139,
660,139,139,139,139,139,139,139,139,139,139,54179,26429,139,21026,273,139,139,40175,139,42959,
661,139,139,139,139,139,139,139,139,139,139,139,52593,42214,33622,56733,139,23518,55439,23533,54675,
662,139,139,139,139,139,139,139,139,139,12509,54089,34223,45941,23485,33073,9349,26133,139,139,139,
663,139,139,139,139,139,139,139,139,139,139,56536,14403,3452,48556,49648,139,46984,14925,139,3089,
664,139,139,139,139,139,139,139,139,139,139,36473,46637,139,35274,55014,36358,139,50825,13177,37039,
665,139,139,139,139,139,139,139,139,139,139,44395,35546,44477,19036,35621,17352,4211,139,12815,47277,
666,139,139,139,139,139,139,139,139,139,139,139,139,37080,139,27903,139,56402,23305,139,27913,
667,139,139,2248,139,139,139,139,139,139,139,51202,59691,34980,139,30505,2138,7848,57827,139,5276,
668,139,139,139,139,139,13752,139,139,139,139,49981,34847,59649,52024,139,139,139,139,139,20739,
669,139,139,139,139,139,139,139,139,139,139,45001,5625,2327,10883,48889,139,139,139,18260,36274,
670,139,139,139,139,139,139,139,139,139,139,139,25321,48983,139,13104,50159,139,58517,139,12657,
671,139,139,139,139,139,139,139,139,139,139,139,139,139,49581,47579,25141,47208,139,44773,20354,
672,139,139,139,139,139,139,139,139,139,139,139,10820,5838,139,29871,51509,32114,22434,139,15030,
673,139,139,139,139,139,139,139,139,139,139,11607,42032,139,139,44254,13600,22306,139,18797,31828,
674,139,139,139,139,139,139,139,139,139,139,48002,3880,139,139,31957,43869,139,49155,36750,139,
675,139,139,139,139,139,139,139,139,139,139,139,36575,13300,18442,30112,139,139,139,40528,33660,
676,139,139,139,139,139,139,139,139,139,139,54356,48053,139,54254,139,11614,24584,44534,40447,139,
677,139,139,139,139,139,139,139,139,139,139,38057,139,27065,59092,139,139,40496,139,139,40512,
678,139,139,139,139,139,139,139,139,139,139,43866,139,35344,16124,3082,139,30745,22318,139,139,
679,139,139,139,139,139,139,139,139,139,139,139,47096,10183,139,139,34671,26646,139,13374,139,
680,139,139,139,139,139,139,139,139,139,139,28857,13034,24870,49702,51903,139,139,54667,139,41733,
681,139,139,139,139,139,139,139,139,139,139,139,46216,139,13175,139,37636,7663,21838,31113,139,
682,139,139,139,139,139,139,139,139,139,139,17176,10265,139,139,139,139,21485,23763,43914,139,
683,139,139,139,139,139,139,139,139,139,139,29384,139,8190,47981,60276,27591,59912,20047,34173,30956,
684,139,139,139,139,139,139,139,139,139,139,139,139,139,12075,13517,32612,139,9205,14901,211,
685,139,139,139,139,139,139,139,139,139,139,3406,20630,8369,13393,30460,139,32400,27160,50024,16288,
686,139,139,139,139,139,139,139,139,139,139,11366,139,12918,51456,139,10856,139,139,47777,15492,
687,139,139,139,139,139,139,139,139,139,139,139,18843,139,139,139,139,37538,41920,21455,49127,
688,139,139,139,139,139,139,139,139,139,139,14014,15047,43572,139,37737,29526,39040,46187,29809,48320,
689,139,139,139,139,139,139,139,139,139,139,40951,32335,139,47875,139,38344,2677,42811,30016,59288,
690,139,139,139,139,139,139,139,139,139,139,139,139,54108,139,19547,23548,55846,139,139,28412,
691,139,139,139,139,139,139,139,139,139,139,139,139,25529,139,23377,41252,37030,54670,8539,16953,
692,139,139,139,139,139,139,139,139,139,139,16388,139,2572,16865,33946,31523,10771,36189,139,139,
693,139,139,139,139,139,139,139,139,139,139,13703,46268,6179,43105,46706,3044,13378,19040,21526,46794,
694,139,139,139,1230,139,139,139,139,139,139,41481,31242,7769,2396,35994,53418,25370,139,37795,2835,
695,139,139,139,139,139,139,139,139,139,139,32545,33561,18633,12718,4300,139,46675,56753,15778,139,
696,139,139,139,139,139,139,139,139,139,139,21140,58174,139,139,30996,44459,15251,53797,16351,48260,
697,139,139,139,139,139,139,139,139,139,139,36971,21738,38897,38020,41359,47209,28504,12932,139,52126,
698,139,139,139,139,139,139,139,139,139,139,36934,29287,8682,139,6124,52982,51871,38971,139,36085,
699,139,139,139,139,139,139,139,139,139,139,139,139,139,37804,27235,60460,55298,14948,15969,40765,
700,139,139,139,139,139,139,139,139,139,139,55015,8827,4714,42674,139,28491,139,139,12172,21358,
701,139,139,139,139,139,139,14423,139,139,139,7477,31434,25490,139,139,50136,139,6979,139,11837,
702,139,139,139,139,139,139,139,139,139,139,17506,60732,27649,27393,139,139,43125,11576,139,5362,
703,139,139,139,20649,139,139,139,139,139,139,2356,7080,32136,32747,22821,46475,2170,53642,8579,139,
704,139,139,139,139,139,139,139,139,139,139,139,17863,139,139,17646,46740,139,139,43271,33137,
705,139,139,139,139,139,139,139,139,139,139,47040,52796,26620,51812,21509,33121,50823,46216,27329,2461,
706,139,139,139,139,139,139,139,139,139,139,47816,139,139,139,43715,139,5417,139,43359,35634,
707,139,139,139,139,139,139,139,139,139,139,35217,42367,139,25241,139,18181,47326,52146,139,139,
708,139,139,139,139,139,139,139,139,139,139,58320,23647,139,139,139,139,26757,39922,139,39003,
709,139,139,12784,139,139,139,139,139,139,139,22719,43439,38653,37193,31961,139,22144,139,28552,20265,
710,139,139,139,139,139,139,139,139,139,139,139,45128,139,57033,12119,45366,139,139,13231,49541,
711,139,139,139,139,139,139,139,139,139,139,25199,37282,139,139,29082,139,13840,45288,11434,19845,
712,139,139,139,139,139,139,139,139,139,139,43101,38629,46083,33470,48987,52647,24505,139,139,36218,
713,139,139,139,139,139,139,139,139,139,139,139,139,33476,139,39760,139,43586,2340,15847,48854,
714,139,139,139,139,139,139,139,139,139,139,24664,52621,43263,139,139,139,12187,139,34891,139,
715,139,139,139,139,139,139,139,139,139,139,139,139,3247,47423,36558,139,139,139,139,45211,
716,139,139,139,139,139,139,139,139,139,139,139,53161,139,53362,48077,25276,40297,139,139,59432,
717,139,139,139,139,139,139,139,139,139,139,139,10067,42425,17735,139,41652,3298,139,17486,25645,
718,139,139,139,139,139,139,139,139,139,139,42093,2214,139,10590,55081,24265,32419,139,12824,26369,
719,139,139,139,139,139,139,139,139,139,139,32399,33989,18255,32614,21956,35843,39548,9630,37413,139,
720,139,139,139,139,139,139,139,139,139,139,29534,14163,139,885,56948,139,26800,35875,45708,55964,
721,139,139,139,139,139,139,139,139,139,139,56627,35404,49042,139,46023,29770,139,40638,139,16897,
722,139,139,139,139,139,139,139,139,139,139,47141,31602,139,39167,40469,139,47996,27317,139,44772,
723,139,139,18886,139,139,139,139,139,139,139,18506,139,30220,139,47678,58058,22266,52200,1509,39193,
724,139,139,139,139,139,139,139,139,139,139,5024,34878,32406,27901,3094,139,11257,11653,46720,139,
725,139,139,139,139,139,139,139,139,139,139,6398,139,12282,29215,5255,139,2790,36130,139,139,
726,139,139,139,139,139,139,139,139,139,139,10463,57944,139,139,30123,139,139,33823,139,20165,
727,139,139,139,139,139,139,139,139,139,139,21758,60215,5595,26967,139,139,18013,50919,42049,34542,
728,139,139,139,139,139,139,139,139,139,139,5187,38389,53054,139,139,33496,2958,21929,139,139,
729,139,139,139,139,139,139,139,139,139,139,139,26646,139,139,139,139,43416,18767,47363,44217,
730,139,139,139,139,139,139,139,139,139,139,22328,139,139,47315,139,139,139,24931,139,35739,
731,139,139,139,139,139,139,139,139,139,139,139,50651,6389,57583,139,139,36129,51432,56758,23141,
732,139,139,139,139,139,139,139,139,139,139,139,40551,33897,17619,139,12979,34977,139,36479,139,
733,139,139,139,139,139,139,139,139,139,139,56141,44551,139,54178,53984,139,38882,33773,48818,17135,
734,139,139,139,139,139,139,139,139,139,139,52338,139,139,139,139,139,45971,60218,3316,139,
735,139,139,139,139,139,139,139,139,139,139,139,17327,1868,139,20774,37558,39934,42305,139,10954,
736,139,139,139,139,139,139,139,139,139,139,44671,139,49527,20489,39614,139,30713,17893,27081,22627,
737,139,139,139,139,139,139,139,139,139,139,139,26591,35293,25766,19418,6578,40008,139,12433,21702,
738,139,139,139,139,139,139,139,139,139,139,3664,139,139,42312,47159,8199,2957,47982,35186,38610,
739,139,139,139,139,139,139,139,139,139,139,139,139,139,27956,139,27623,139,9602,7181,7548,
740,139,139,139,139,139,139,139,139,139,139,52528,139,4684,25609,40216,29915,139,33149,41503,139,
741,139,139,139,139,139,139,139,16108,139,139,139,9601,139,28268,139,139,139,49252,38419,29840,
742,139,139,139,139,139,139,139,139,139,139,17331,49875,16396,38425,36516,24904,48659,139,47889,11671,
743,139,139,139,139,139,139,139,139,139,139,139,24962,47238,41979,38475,41988,24078,139,139,139,
744,139,139,139,139,139,139,139,139,139,139,48628,139,139,139,22038,9255,51206,139,38269,4098,
745,139,139,139,139,139,139,139,139,139,139,139,24757,18389,35873,42871,35793,8097,19458,54829,18866,
746,139,139,139,139,139,139,139,139,139,139,31872,38858,26683,49848,38985,3965,3786,56523,47293,139,
747,139,139,139,139,139,139,139,139,139,139,30601,34552,56070,3250,55031,20217,56226,43389,139,20643,
748,139,139,139,139,139,139,139,139,139,139,139,44638,56102,19601,43532,4616,16247,49422,28029,33727,
749,139,139,139,139,139,139,139,139,139,139,139,35438,21501,19111,21331,3366,51993,139,139,39605,
750,139,139,139,139,139,139,139,139,139,139,139,38687,17132,139,139,5005,50466,14640,30700,48061,
751,139,139,139,139,139,139,139,139,139,139,139,49259,139,139,42442,28014,139,139,45922,34481,
752,139,139,139,139,139,139,139,139,139,139,139,41382,15460,25543,139,6122,51788,139,139,11176,
753,139,139,139,139,139,139,139,139,139,139,139,16362,139,33463,34167,139,139,139,22941,40907,
754,139,139,139,139,139,139,139,139,139,139,10897,43831,40709,23083,139,35708,13467,20805,42644,139,
755,139,139,139,139,139,139,139,139,139,139,48556,139,47515,20077,139,25061,16034,13895,1457,27398,
756,139,139,139,139,139,139,139,139,139,139,139,59764,21602,53212,821,42993,29237,13051,139,5132,
757,139,139,139,139,139,139,139,139,139,139,57797,55742,139,58498,50391,139,11043,19343,41353,139,
758,139,139,139,4914,139,139,139,139,139,139,24574,55193,50599,44834,41514,139,139,10315,139,139,
759,139,139,139,139,139,139,139,139,139,139,33076,49069,34888,139,10548,139,16180,139,46002,59728,
760,139,139,139,139,139,139,139,139,139,139,139,15260,47279,21666,139,44072,47775,139,139,51156,
761,139,139,139,139,139,139,139,139,139,139,53274,139,139,139,45777,17266,44230,42017,130,139,
762,130,139,139,130,139,139,139,139,139,139,22106,40230,39632,139,15556,45230,38021,139,5291,139,
763,130,130,139,139,139,139,139,139,139,130,27369,130,43940,139,130,139,130,54287,139,34193,
764,130,130,130,139,130,130,130,139,130,139,1827,47431,53267,130,35487,139,4992,139,130,139,
765,130,130,130,130,130,130,130,130,130,130,130,16111,139,17043,130,15637,130,38798,16039,32566,
766,130,130,130,130,130,130,130,130,130,130,38837,54520,130,56354,52585,130,10349,38443,130,11639,
767,130,130,130,130,130,130,130,130,130,130,130,130,43664,30798,9806,31488,130,33331,57905,46591,
768,130,130,130,1834,130,130,130,130,130,130,38730,33808,29143,50466,11404,53723,50462,130,42651,42480,
769,130,130,130,130,130,130,130,130,130,24295,43617,4736,12208,54171,130,26714,34237,16759,130,19826,
770,130,130,130,130,130,130,130,130,130,130,130,130,12415,25924,56833,51558,130,25024,17225,26295,
771,130,130,130,130,130,130,130,130,130,130,7598,49999,35181,130,10453,130,32177,46929,130,53752,
772,130,130,130,130,130,130,130,130,130,130,28568,54243,130,29162,46334,40752,47190,130,27560,24221,
773,130,130,130,130,130,130,130,130,130,130,40635,10599,130,130,45087,38819,130,569,130,41061,
774,130,130,130,130,130,130,130,130,130,130,130,21523,130,46993,33626,5843,29080,130,21571,130,
775,130,130,130,130,130,130,130,130,130,130,2640,130,130,22786,39547,130,130,130,27619,39015,
776,130,130,130,130,130,130,130,130,130,130,130,130,130,22949,130,130,130,45215,130,130,
777,130,130,130,130,130,130,130,130,130,130,54385,17682,30033,130,10765,58569,37837,36015,55346,31049,
778,130,130,130,130,130,130,5741,130,130,130,130,130,44771,130,130,52565,53196,46286,53757,25807,
779,130,130,130,130,130,130,130,130,130,130,17861,40645,130,56854,51117,10404,130,45019,130,41143,
780,130,130,130,130,130,130,130,130,130,130,130,130,5673,30779,130,19212,25242,130,44388,21366,
781,130,130,1400,130,130,130,130,130,130,130,130,35740,130,13914,34595,130,46365,33830,1243,24342,
782,130,130,130,130,130,130,130,130,130,130,27020,42478,130,30241,130,130,19913,130,37708,130,
783,130,130,130,130,130,130,130,130,130,130,12948,33594,52970,130,30534,26170,59926,130,130,56176,
784,130,130,130,130,130,130,130,130,130,130,130,130,130,130,50659,1312,130,27485,51004,25617,
785,130,130,130,130,130,130,130,130,130,130,130,130,130,31194,11683,22340,49204,130,130,11314,
786,130,130,130,130,130,130,130,130,130,130,130,14511,130,24825,22132,45444,130,44340,3484,59298,
787,130,130,130,130,130,130,130,130,130,130,40302,38428,130,130,24267,29058,17905,7060,47187,5069,
788,130,130,130,130,130,130,130,130,130,130,42124,41677,130,10657,42853,2567,41392,130,49710,36546,
789,130,130,130,130,130,130,130,130,130,130,130,11529,130,9761,16001,38694,130,36093,46147,42365,
790,130,130,130,130,130,130,130,130,130,130,130,40451,23778,56598,19195,51938,130,48565,130,130,
791,130,130,130,130,130,130,130,130,130,130,38603,42681,49868,25871,36013,130,130,130,130,25335,
792,130,130,130,130,130,130,130,130,130,130,39987,130,25155,52855,130,37908,25987,57121,45945,130,
793,130,130,130,130,130,130,130,130,130,130,25175,130,19042,130,13166,130,38654,22860,130,45627,
794,130,130,130,130,130,130,130,130,130,130,15569,130,25293,18384,31503,41461,130,130,130,130,
795,130,130,130,130,130,130,130,130,130,130,16034,130,130,24158,34548,11182,40792,130,49945,54215,
796,130,130,130,130,130,130,130,130,130,130,130,6465,130,13688,27952,47041,46361,31735,130,57712,
797,130,130,130,130,130,130,130,130,130,130,130,47999,19035,44540,130,35247,130,37920,50934,29297,
798,130,130,130,130,130,130,130,130,1386,130,130,45075,16141,60112,130,6154,31345,16204,44746,130,
799,130,130,130,130,130,130,130,130,130,130,49071,36948,26343,130,21766,46146,44032,51839,20353,26849,
800,130,130,130,130,130,130,130,130,130,130,45898,57615,130,42679,28476,130,130,130,5486,50858,
801,130,130,130,130,130,130,130,130,6450,130,27260,18210,130,44307,42999,130,130,40899,130,130,
802,130,130,130,130,130,130,130,130,130,130,130,54220,55635,130,32436,130,130,41890,44090,20043,
803,130,130,130,130,130,130,130,130,130,130,33080,30188,130,130,130,45786,130,130,130,42238,
804,130,130,130,130,130,130,130,130,130,130,130,1699,40493,11615,130,26535,35296,19785,130,45252,
805,130,130,130,130,130,130,130,130,130,130,47885,130,130,33475,12340,30572,56580,57219,17954,4252,
806,130,130,130,130,130,130,130,130,130,130,42816,11525,16562,34472,130,130,130,18584,130,130,
807,130,130,130,130,130,130,130,130,130,130,14160,130,14132,37736,4473,34721,130,36732,130,130,
808,130,130,130,130,130,130,130,130,130,130,130,27056,55604,130,36420,130,58219,38205,16815,35160,
809,130,130,130,130,130,130,130,130,130,130,31615,38591,49911,130,1608,130,130,45242,130,130,
810,130,130,130,130,130,130,130,130,130,130,44514,4707,18763,130,130,55773,47875,130,130,44156,
811,130,130,130,130,130,130,130,130,130,130,39326,8177,25814,130,24983,38264,50506,49293,56447,130,
812,130,130,130,130,130,130,130,130,130,130,130,14896,130,130,46467,24721,130,130,130,130,
813,130,130,130,130,130,20366,5781,130,20366,130,35447,49613,130,36014,41317,34761,53051,130,130,130,
814,130,130,130,130,130,130,130,130,130,15103,130,18371,6259,130,21683,21256,54283,23309,14645,27006,
815,130,130,130,130,130,130,130,130,130,130,130,130,130,130,32854,130,47104,12544,45420,39887,
816,130,130,130,130,130,130,130,282,130,130,7071,25997,27805,130,51508,130,16597,36177,55302,46506,
817,130,130,130,130,130,130,130,130,9634,130,44078,130,31043,130,54084,130,130,12813,50805,17203,
818,130,130,130,130,130,130,130,130,130,130,40509,31235,130,19585,130,44710,130,49276,22531,130,
819,130,130,130,130,130,130,4463,130,130,130,130,11381,8598,130,130,130,130,54068,130,130,
820,130,130,130,130,130,130,130,130,130,130,11575,35151,130,130,130,30076,17027,21660,32138,39413,
821,130,130,130,130,130,130,130,130,130,130,48830,39381,130,57408,130,52783,49235,33149,7981,43795,
822,130,130,130,130,130,130,130,130,130,130,15605,23989,14100,34493,48599,48887,130,38410,22199,38921,
823,130,130,130,130,130,130,130,130,130,130,130,17560,3748,49558,130,32582,24912,42387,8231,130,
824,130,130,130,130,130,130,130,130,130,130,1515,5868,326,41338,55970,37714,130,33445,40667,38533,
825,130,130,130,130,130,130,130,130,130,130,130,47597,40651,56812,38645,47159,130,130,130,15522,
826,130,130,130,130,130,130,130,130,130,130,19442,130,45411,30172,52219,40800,12448,17433,130,130,
827,130,130,130,130,130,130,130,130,130,1578,10822,15052,47816,21793,47599,41467,40819,29404,32760,32635,
828,130,130,130,130,130,130,130,130,130,130,19652,44341,50242,47816,40508,54939,38606,58120,130,26737,
829,130,130,130,130,14638,130,130,130,130,130,31130,23749,130,130,567,14650,130,17803,25470,130,
830,130,130,130,130,130,130,130,130,130,130,5450,31415,23763,42454,130,19081,130,57107,130,10884,
831,130,130,130,130,5648,130,130,130,130,130,130,29973,18279,34254,130,25662,35793,45503,130,4928,
832,130,130,130,130,130,130,130,130,130,130,38782,59421,130,130,28750,13724,130,41312,40610,39927,
833,130,130,130,130,130,130,130,130,130,130,33839,130,15948,30793,28899,130,31772,130,31861,5497,
834,130,130,130,130,130,130,130,130,130,130,41868,23043,52117,33471,49964,40487,48448,130,10555,130,
835,130,130,130,130,130,130,130,130,130,130,130,6775,130,130,31028,37416,4525,41886,130,45374,
836,130,130,130,130,130,130,130,130,130,130,23812,30822,130,39945,39313,9956,45510,43834,42468,39516,
837,130,130,130,130,130,130,130,130,130,130,46986,130,7738,130,30781,10363,130,9487,35749,23514,
838,130,130,130,130,130,130,130,130,130,130,3699,130,130,34821,130,29021,52727,33425,47069,31402,
839,130,130,130,130,130,130,130,130,130,130,130,46752,39314,130,2056,44957,130,36309,34045,12874,
840,130,130,130,130,130,130,130,130,130,130,42580,55984,38929,39904,47724,42155,130,17579,130,130,
841,130,130,130,130,4509,130,130,130,130,130,13179,37442,130,130,14680,55605,130,130,130,4201,
842,130,130,130,130,130,130,130,130,130,130,130,8707,25453,16640,13481,24367,130,130,24595,130,
843,130,130,130,130,130,130,130,130,130,130,42569,130,6640,130,130,59487,130,9836,42347,36960,
844,130,130,130,130,130,130,130,130,130,130,34712,39209,22877,23393,130,130,130,60621,25658,34770,
845,130,130,130,130,130,130,130,130,130,130,26478,130,15040,130,30472,130,15079,37490,793,47940,
846,130,130,130,130,130,130,130,130,130,130,53213,130,47895,130,130,51630,45871,130,130,44301,
847,130,130,14331,130,130,130,130,130,130,130,39142,19586,130,33396,130,28551,35350,44217,130,130,
848,130,130,130,130,130,130,130,130,130,130,45359,51668,58163,23569,130,11882,35716,45403,47666,24524,
849,130,130,130,130,130,130,130,130,130,130,45027,21808,43653,22499,35532,39920,130,130,130,23974,
850,130,130,130,130,130,130,130,130,130,130,130,19055,130,130,45257,33501,46943,130,42566,130,
851,130,130,130,130,130,130,130,130,130,130,130,17783,941,26559,35664,49991,130,9592,130,34070,
852,130,130,130,130,130,130,130,130,130,130,130,39270,14602,130,43880,21703,33933,130,130,130,
853,130,130,130,130,130,130,130,130,130,130,130,13870,43621,26662,130,38834,20297,35889,130,40972,
854,130,130,130,130,130,130,130,130,130,130,21400,20052,50842,35720,53644,36644,46788,130,13276,38207,
855,130,130,130,130,130,130,130,130,130,130,130,16789,130,32967,130,38046,130,22936,130,11343,
856,130,130,130,130,130,130,130,130,130,130,42136,39191,130,130,8733,25237,50019,35928,130,27006,
857,130,130,130,130,130,130,130,130,130,130,130,130,130,52110,130,14746,130,130,19005,11711,
858,130,130,130,130,130,130,130,130,130,130,27342,34436,130,44844,130,49409,130,20754,14493,130,
859,130,130,130,130,130,130,130,130,130,130,36152,38230,18330,130,130,31585,25497,25751,1411,130,
860,130,130,130,130,130,130,130,130,130,130,130,45757,3802,130,47711,45361,31460,130,130,57691,
861,130,130,130,130,130,130,130,130,130,130,53144,49758,54978,2034,20888,47866,13552,8690,130,130,
862,130,130,130,130,130,130,130,130,130,130,60581,10193,11616,130,41411,45246,34870,130,21688,34662,
863,130,130,130,130,16868,130,130,130,130,130,34577,14003,130,5697,30344,43860,130,130,130,41174,
864,130,130,130,130,130,130,130,130,130,130,20880,32111,130,14464,37657,130,130,58004,51808,130,
865,130,130,130,130,130,130,130,130,130,130,130,36416,40093,43701,130,130,130,48089,130,130,
866,130,130,130,130,130,130,130,130,130,130,49364,33794,130,52704,130,46634,52847,43076,130,130,
867,130,130,130,130,9398,130,130,130,130,130,130,14883,49813,130,130,130,8262,20921,16220,32997,
868,130,130,130,130,130,130,130,130,130,130,50730,37205,44386,130,23300,16987,23726,52584,47987,45724,
869,130,130,130,130,130,130,130,130,130,130,42055,130,25335,130,49627,53166,11381,130,10472,13752,
870,130,130,130,130,130,130,130,130,130,130,130,130,36826,4261,130,130,130,21081,14990,130,
871,130,130,130,130,130,130,130,130,130,130,25825,3110,46073,53402,130,25918,130,22681,18592,44180,
872,130,130,130,130,130,130,130,130,130,130,41668,130,50404,3374,7741,130,4937,12555,39846,11903,
873,130,130,130,130,130,130,130,130,130,130,54013,15293,10865,130,30955,130,51924,39694,30832,130,
874,130,130,130,130,130,130,130,130,130,130,56891,47776,18342,52256,38240,43727,56968,32239,33657,130,
875,130,130,130,130,130,130,130,130,130,130,130,130,13272,27283,37728,44064,10934,40398,130,130,
876,130,130,130,130,130,130,130,130,130,130,24173,32449,17036,130,38056,21333,130,60966,38986,7410,
877,130,130,130,130,130,130,130,130,130,130,5643,2171,46429,130,19861,12424,130,56720,130,22746,
878,130,130,130,130,130,17337,130,130,130,130,130,55186,20121,130,130,63041,32873,130,130,50497,
879,130,130,130,130,130,130,130,130,130,130,28168,60090,130,130,16459,26729,24285,39920,8883,54188,
880,130,130,130,130,130,130,130,130,130,130,40594,130,26460,33543,1647,130,33583,130,130,130,
881,130,130,130,130,130,130,130,130,130,130,130,52952,44393,35068,28622,53966,130,5669,18460,130,
882,130,130,130,130,130,130,8873,130,130,130,48559,60115,36738,12484,130,130,56849,38525,130,51564,
883,130,130,130,130,130,11125,130,130,130,130,57875,44481,46062,45699,32551,48805,130,41426,130,41161,
884,130,130,130,130,130,130,130,130,130,130,130,33188,5733,21497,130,47412,35521,42495,26411,50786,
885,130,130,130,130,130,130,130,130,130,130,32372,130,15600,26598,130,5694,36927,130,130,51131,
886,130,130,130,130,130,130,130,130,130,130,42892,130,130,29099,25070,16481,43188,130,130,130,
887,130,130,130,130,130,130,130,130,130,130,20657,41402,45803,33271,3551,17815,130,23680,19109,28881,
888,130,130,130,130,130,130,130,130,130,130,40157,11325,57833,130,130,47479,28465,7062,13531,28224,
889,130,130,130,130,130,130,130,130,130,130,130,130,42764,130,52320,20277,16754,41909,130,20137,
890,130,130,130,130,130,130,130,130,130,130,130,130,130,130,44379,49199,44254,24716,1776,130,
891,130,130,130,130,130,130,130,130,130,130,47297,130,48351,130,9001,130,15131,38955,45059,41077,
892,130,130,130,130,130,130,130,130,130,130,38806,21133,130,12038,45989,2484,30109,46626,2421,48847,
893,130,130,130,130,130,130,130,130,130,130,46010,26106,3644,34302,17823,37478,130,46535,47125,52912,
894,130,130,130,130,130,130,130,130,130,130,2218,35209,130,130,37549,130,130,50982,29725,51927,
895,130,130,130,130,130,130,130,130,130,130,48541,130,45933,32062,19478,13014,130,48054,130,26547,
896,130,130,130,130,130,130,130,130,24176,130,130,60600,23695,130,48284,27658,130,50342,9332,16487,
897,130,130,130,130,130,130,130,130,130,130,14016,13090,60994,130,130,47333,4122,130,130,8733,
898,130,130,130,130,130,130,130,130,130,130,130,130,130,56081,130,8840,130,42659,36895,20606,
899,130,130,130,130,130,130,130,130,130,130,57421,130,48270,130,24835,24440,42313,2314,130,130,
900,130,130,130,130,130,130,130,130,130,130,39000,46724,1024,49068,13035,37342,130,22718,51090,60052,
901,130,130,130,130,130,130,130,130,130,130,20872,130,130,6401,130,48251,32202,52717,9297,39810,
902,130,130,23220,130,130,130,130,130,130,130,130,13850,26549,10961,472,24493,38478,34322,45103,23420,
903,130,130,130,130,130,130,716,130,130,130,130,130,130,19724,35656,36746,49808,14684,130,45406,
904,130,130,130,130,130,130,130,130,130,130,130,130,26901,9548,6791,130,29773,46001,20772,29999,
905,130,130,130,130,130,130,130,130,130,130,20300,130,130,130,130,53317,38828,31936,130,37416,
906,130,130,130,130,130,130,130,130,130,130,34339,48215,45080,707,130,2790,46827,130,812,130,
907,130,130,130,130,130,130,130,130,130,130,6421,28503,41219,15082,57327,130,47512,130,45279,55942,
908,130,130,130,130,130,130,130,130,130,130,14413,130,34113,2431,130,11276,22914,44752,130,130,
909,130,130,130,130,130,130,130,130,130,130,35948,18252,16342,57533,30647,130,30895,130,44686,12244,
910,130,130,130,130,130,130,130,130,130,130,47629,130,39741,22955,130,20684,50745,130,130,53975,
911,130,130,130,130,130,130,130,130,130,130,130,130,28283,130,34450,46412,6822,54559,40730,51364,
912,130,130,130,130,130,130,130,130,130,130,42779,31292,1245,54265,57040,41796,44002,22060,46674,8937,
913,130,130,16837,130,130,130,130,130,130,130,130,18384,10828,54897,130,130,16983,130,130,130,
914,130,130,130,130,130,130,130,130,130,130,130,43189,130,130,130,40142,19629,130,36650,130,
915,130,130,130,130,130,130,130,130,130,130,56199,23173,27909,37674,4079,130,130,41533,49685,1164,
916,130,130,130,130,130,130,130,130,130,130,23593,130,23168,46504,130,27349,130,40242,25390,35706,
917,130,130,130,130,130,130,130,130,130,130,130,43157,22201,50813,130,33954,130,130,130,49524,
918,130,130,130,130,130,130,130,130,130,130,34789,54274,130,18337,44395,32681,56192,130,50322,56704,
919,130,130,130,130,130,24996,130,130,130,130,57011,130,1578,130,130,42254,44952,130,42475,55649,
920,130,130,130,130,130,130,5319,130,130,130,19656,130,41112,18996,36878,49895,49517,40335,130,30614,
921,130,130,130,130,130,130,130,130,130,130,13603,130,130,47938,34520,130,46136,32148,43541,130,
922,130,130,130,130,130,130,130,130,130,130,25035,56498,46241,130,130,130,21172,49906,130,20733,
923,130,130,130,130,130,130,130,130,130,130,49191,15628,37823,130,130,47517,1286,130,4826,54641,
924,130,130,130,130,130,130,130,130,130,130,23574,12327,10295,130,45669,30149,130,15898,130,33480,
925,130,130,130,130,130,130,130,130,130,130,130,1096,130,130,51249,34318,16970,43965,130,130,
926,130,130,130,130,130,130,130,130,130,130,130,42819,130,15587,130,12886,130,32597,44271,17644,
927,130,130,130,130,130,130,130,130,130,130,11286,43430,26461,54233,35723,130,130,130,130,13166,
928,130,130,130,130,130,130,130,130,130,130,45300,130,57360,130,51168,31593,50963,130,20971,50040,
929,130,130,130,130,130,130,130,130,130,130,130,34537,43660,130,130,21175,46958,2856,130,3999,
930,130,130,130,130,130,130,130,130,130,130,33210,55607,46755,50918,25623,130,58702,26274,130,41134,
931,130,130,7074,130,130,130,130,130,130,130,10834,130,34891,42817,130,11069,39311,46164,23068,130,
932,130,130,130,130,130,130,130,130,130,130,130,130,26702,10427,130,130,43228,130,44319,22380,
933,130,130,130,130,130,130,130,130,130,130,2247,13471,60396,22882,58780,130,28650,15034,58194,32364,
934,130,130,130,130,130,130,130,130,130,130,41129,42247,37136,44766,130,26550,46123,130,19748,16317,
935,130,130,130,130,130,130,130,130,130,130,29092,130,47513,130,49340,32287,130,47023,31241,130,
936,130,130,130,130,130,130,130,130,130,130,130,15629,130,59360,15832,2243,40716,51961,24145,44075,
937,130,130,130,130,130,130,130,130,130,130,24412,36591,9117,28265,17096,21417,31570,29771,1663,13469,
938,130,130,130,130,130,130,130,130,130,130,130,25726,130,130,130,10328,13262,130,16292,42710,
939,130,130,130,130,130,130,130,130,130,130,47927,41422,42262,27163,50724,130,41882,130,43510,130,
940,130,130,130,130,130,130,130,130,130,130,130,14503,130,50925,57096,22270,2313,7065,130,56109,
941,130,130,130,130,130,130,130,6963,130,130,8282,59418,33332,48516,38225,130,130,130,6453,28611,
942,130,130,130,130,130,130,130,130,130,130,28410,59799,59859,34445,48103,130,130,130,60114,130,
943,130,130,130,130,130,130,130,130,130,130,37883,38848,45313,130,13005,130,37704,130,130,130,
944,130,130,130,130,130,130,130,130,130,130,27495,2103,23879,6106,16673,37313,46509,23134,48201,41325,
945,130,130,130,130,130,130,130,130,130,9433,18726,58832,60464,7541,5667,48479,130,37305,22984,10444,
946,130,130,130,130,130,130,130,130,130,130,130,14205,40381,31423,5738,130,24800,130,10148,130,
947,130,130,130,130,130,130,130,130,130,130,22734,29330,42847,15268,46092,14840,30825,130,130,43972,
948,130,130,130,130,130,130,130,130,130,130,130,31973,47887,5187,130,28839,15940,42218,11940,56520,
949,130,130,130,130,130,130,130,130,130,130,130,130,130,11579,32312,130,36639,743,2023,13019,
950,130,130,130,130,130,130,130,130,130,130,26510,27433,21545,16668,26230,48312,46945,15875,37874,130,
951,130,130,130,130,130,130,130,130,130,130,24603,38301,130,10647,42453,13769,130,59758,130,17706,
952,130,130,130,130,130,130,130,130,130,130,11182,58135,29294,4627,23007,11196,49143,130,27177,9755,
953,130,130,130,130,130,130,130,130,130,130,130,19551,33016,887,130,37179,36429,130,130,35291,
954,130,130,130,130,130,130,130,130,130,130,53641,130,19308,22208,39115,44715,130,36117,130,130,
955,130,130,130,130,130,130,130,130,130,130,26078,20736,130,24380,130,130,35176,130,41390,49854,
956,130,130,130,130,130,130,130,130,130,130,55706,130,130,22761,36829,49132,53767,130,130,12533,
957,130,130,130,130,130,130,130,130,130,130,52102,19046,28716,2569,130,130,9232,130,34227,33441,
958,130,130,130,130,130,130,130,130,130,130,2026,23513,50636,130,10485,29322,130,1656,51367,130,
959,130,130,130,130,130,130,130,130,130,130,16541,45639,59547,130,130,23661,14937,130,35968,130,
960,130,130,130,130,130,130,130,130,130,130,130,130,22520,31630,59790,22406,50662,40740,22064,6668,
961,130,130,130,130,130,130,130,130,130,130,27531,20747,55055,130,51383,130,56373,11298,38985,130,
962,130,130,130,130,130,130,130,130,130,130,30657,12601,130,55554,130,28646,36864,130,41293,130,
963,130,130,130,130,130,130,130,130,130,130,36134,22508,130,32391,39678,130,130,130,1441,130,
964,130,130,130,130,130,130,130,130,130,130,23076,8140,130,10886,130,37389,130,130,130,34493,
965,130,130,130,130,130,130,130,130,130,130,23393,130,59661,55282,130,11681,49981,29505,13117,130,
966,130,130,130,130,2385,130,130,130,130,130,25977,130,22017,34381,41200,7447,41442,44651,53127,21682,
967,130,130,130,130,130,130,130,130,130,130,130,7584,30283,130,27614,43509,130,130,16964,44911,
968,130,130,130,130,130,130,130,130,130,130,35676,48985,44493,130,130,16145,130,52662,33028,130,
969,130,130,130,130,130,130,130,130,130,130,38633,130,3162,47810,130,39014,130,52767,47736,130,
970,130,130,130,130,130,130,130,130,130,130,48415,11439,130,13470,48989,6853,43009,54598,50160,14776,
971,130,130,130,130,130,130,130,130,130,130,30319,50985,43926,306,31575,35351,24506,22215,130,31728,
972,130,130,130,130,130,130,130,130,130,130,130,2702,130,130,130,34330,3042,51258,130,54206,
973,130,130,130,130,130,130,130,130,130,130,9415,130,130,130,130,130,130,2047,39704,19543,
974,130,130,130,130,130,130,130,130,130,130,130,130,21343,16851,130,39679,37621,41269,130,130,
975,130,130,130,130,130,130,130,130,130,130,58391,130,130,130,130,35237,130,25424,48897,37235,
976,130,130,130,130,130,130,130,130,130,130,26150,28352,5614,130,21863,42432,58181,9378,130,44625,
977,130,130,130,130,130,130,130,130,130,130,48377,130,32600,35436,51111,33654,130,130,52129,130,
978,130,130,130,130,130,130,130,130,130,130,59339,50639,14920,21240,33888,130,130,13559,49203,30800,
979,130,130,130,130,130,130,130,130,130,130,130,47328,54919,130,39577,130,130,12482,130,37063,
980,130,130,130,130,130,130,130,130,130,130,27081,37841,26481,37146,18601,48565,130,130,48024,130,
981,130,130,130,130,130,130,130,130,130,130,130,60749,16375,9628,13425,58039,130,130,306,57108,
982,130,130,130,7221,130,130,130,130,130,130,130,16235,31240,19665,130,45054,18319,13321,39615,6102,
983,130,130,130,130,130,130,130,130,130,130,51697,46125,39628,130,8948,43430,1668,130,43554,130,
984,130,130,10130,130,130,130,130,130,130,130,130,29113,12865,130,54623,14284,26243,35412,39530,130,
985,130,130,130,130,130,130,130,130,130,130,33956,130,44506,130,44835,3090,130,130,33840,130,
986,130,130,130,130,130,130,130,130,130,130,130,11224,37542,37953,20650,45233,130,17747,130,130,
987,130,130,130,130,130,130,130,130,130,130,130,130,130,42580,130,32994,130,44052,130,130,
988,130,130,130,130,130,130,130,130,130,130,130,34893,23910,10494,58517,12547,16225,36149,130,58132,
989,130,130,130,130,130,130,130,10915,130,130,130,4256,130,17370,16549,13089,130,130,19399,50665,
990,130,130,130,130,130,130,130,130,130,130,130,45225,42056,13740,29332,130,26632,35666,130,130,
991,130,130,130,130,130,130,130,130,130,130,40304,52897,33317,3550,130,37001,13743,130,130,17444,
992,130,130,130,130,130,130,130,130,130,130,130,130,55834,50966,36380,42572,2142,22346,130,51384,
993,130,130,130,130,130,130,130,130,130,130,16996,130,46408,130,14968,33371,12718,130,51456,130,
994,130,130,130,130,130,130,130,130,130,130,49850,39401,33805,53063,20966,25554,21235,10672,130,41359,
995,130,130,130,130,130,130,130,130,130,130,11144,130,130,42019,34388,130,32771,18674,27458,11241,
996,130,130,130,130,130,130,130,130,130,130,23850,6460,130,28833,45063,41344,30907,33489,28821,15052,
997,130,130,130,130,130,130,130,130,130,130,43700,130,20076,130,39120,42211,40014,130,35343,51027,
998,130,130,130,130,130,130,130,130,130,130,29733,16535,130,9135,52137,35280,130,33147,130,14673,
999,130,130,130,130,130,130,130,130,130,130,130,130,130,35303,19605,32997,9811,130,130,1996,
1000,130,130,130,130,130,130,130,130,130,130,51956,26144,24865,43189,130,43623,130,42122,39536,7852,
