1,44683,27979,40878,43305,11943,38144,15911,25482,31463,4034,36553,40095,34090,10242,6553,34732,43657,48379,42995,1062,
2,1062,4034,2411,810,6010,3245,3559,3245,2316,3245,17402,4123,19550,40110,38987,33098,2346,2571,10285,3764,
3,810,810,1062,1062,962,1547,1865,1126,1168,624,659,44960,27433,37776,25709,4485,5939,13028,15610,4121,
4,624,659,1062,710,1243,796,710,1419,2030,928,1062,34098,12415,7372,10693,2458,333,3327,1558,44421,
5,333,333,710,810,796,333,1558,810,767,1062,21781,796,6162,29641,57026,8898,22263,333,14947,36027,
6,333,333,333,333,767,333,10898,333,7775,10898,1369,16854,19952,2075,46026,10431,5954,333,3970,28703,
7,333,333,333,333,333,333,333,333,333,333,10865,51174,333,37611,27597,333,6977,21501,46178,7643,
8,333,333,333,333,333,333,333,333,333,333,4979,48538,8744,35640,333,333,9566,20882,899,7943,
9,333,333,333,333,333,333,333,333,333,333,34108,33665,36044,2534,57176,333,333,21507,57198,28602,
10,333,333,333,333,333,333,333,333,333,333,10333,27911,6627,6484,333,333,4088,27691,29064,19903,
11,333,333,333,333,333,333,333,333,333,333,18031,35723,333,2192,20799,15570,13463,7245,20800,15707,
12,333,333,3887,333,333,333,333,333,333,333,12046,22381,5210,11950,19150,53918,27399,6097,35712,15151,
13,333,333,333,333,333,333,333,333,333,333,52309,29256,13406,10493,28196,13535,50256,19990,333,17120,
14,333,333,333,333,333,333,333,333,333,333,42713,2086,5565,53662,369,27255,333,21462,10883,900,
15,333,333,333,333,333,15074,333,333,333,333,40510,333,41723,24556,18545,35033,3847,333,7612,5593,
16,333,333,333,333,333,333,333,333,333,333,1448,5318,14665,18210,35782,3559,16081,11585,4510,17742,
17,333,333,333,333,333,333,333,333,333,333,20227,7705,11310,2108,43228,31328,47312,39032,333,16300,
18,333,333,333,333,333,333,333,3025,333,333,49275,18486,38668,29083,6865,1649,40830,28224,2215,333,
19,333,333,333,333,333,333,333,333,333,333,18638,333,8029,15856,21968,8014,6351,2794,43758,48247,
20,333,333,333,333,333,333,333,333,333,333,36948,33895,20909,34755,858,48168,333,333,57134,31098,
21,333,333,333,333,333,333,333,333,333,333,4191,20751,333,20121,15220,40702,44119,515,2983,333,
22,333,333,333,333,333,333,333,333,333,333,10652,49937,16926,10784,30106,26372,333,333,13484,39899,
23,333,333,333,333,333,333,333,333,333,333,40303,13180,14929,3363,55325,333,57473,16413,32637,13760,
24,333,333,333,333,333,333,333,333,333,333,42935,23913,23780,885,34661,59636,333,22796,333,2061,
25,333,333,333,333,333,333,333,333,333,333,31531,31577,9194,2715,26156,13876,13422,20694,32730,6070,
26,333,333,333,333,333,333,333,333,333,333,5514,13662,29912,8582,54252,333,333,47069,45969,242,
27,242,333,333,242,333,3303,242,15917,242,333,15097,333,38018,37941,13524,45409,333,7295,40968,17597,
28,242,242,333,242,242,242,242,242,333,242,13418,41852,11394,9419,30648,34879,25626,45341,51612,9271,
29,242,242,242,242,242,242,242,242,242,242,38753,11068,28148,3494,1748,35120,568,4547,38196,242,
30,242,242,242,19092,242,242,242,242,242,242,11384,35384,2308,40746,51245,10853,22939,242,49191,4059,
31,242,242,242,242,242,242,242,242,242,242,34614,14884,57318,47977,48781,28443,13322,242,16046,29926,
32,242,242,242,242,242,242,242,242,242,242,23189,242,34934,40464,242,242,57010,1941,6768,9109,
33,242,242,242,242,242,242,242,242,242,242,23058,46203,28392,10974,7057,29657,30294,19478,40967,14899,
34,242,242,242,242,242,242,242,242,242,242,56118,13627,28006,2844,8527,47540,46602,242,11302,28289,
35,242,242,242,242,242,242,242,242,242,242,8366,242,40871,596,26856,41218,1970,7923,38622,14400,
36,242,242,242,242,242,242,242,242,242,242,242,14409,20812,24699,242,5734,44992,18288,20139,27240,
37,242,242,242,242,242,242,242,242,242,242,18918,1393,46146,31367,43046,242,16896,242,22970,242,
38,242,242,242,242,242,242,242,242,242,242,16356,35318,45086,13435,60330,31559,28150,1977,49952,18425,
39,242,242,242,242,242,242,242,242,242,242,43887,20702,3923,26329,11482,14940,242,28364,238,30824,
40,238,242,238,238,242,238,242,242,242,242,51764,16478,19683,242,32645,238,242,8427,242,26752,
41,238,238,242,238,242,238,242,242,238,238,3631,242,31585,25800,39889,2402,16508,242,238,4746,
42,238,238,238,238,238,242,242,238,238,238,11063,22633,25972,735,5134,238,29909,238,11105,28879,
43,238,238,238,238,238,238,238,238,238,238,10515,238,20883,9387,26471,17726,8053,16216,43934,39015,
44,238,238,238,238,11894,238,238,238,238,238,4933,238,38956,26865,46139,29400,55425,238,56174,238,
45,238,238,238,238,238,238,238,238,238,238,238,43075,238,15221,24193,18139,27789,238,35332,3731,
46,238,238,238,238,238,238,238,238,238,238,17198,54303,32133,16791,238,6518,2962,9736,5749,238,
47,238,238,238,238,238,238,238,238,238,238,2762,238,31978,238,33202,21602,12118,55206,238,238,
48,238,238,238,238,238,238,238,238,238,238,14686,1673,10974,13005,29731,238,13383,7579,22563,238,
49,238,238,238,238,238,238,238,238,238,238,6834,16906,43231,21745,258,9146,35228,7735,51467,238,
50,238,238,238,238,238,238,238,238,238,238,40640,12789,25380,238,238,3174,11924,36348,36158,7730,
51,238,238,238,238,238,238,238,238,238,238,1543,41098,35556,39220,238,19107,238,10851,238,238,
52,238,238,238,238,238,238,238,238,238,238,31334,26411,8242,46115,489,2477,51171,49746,43814,33968,
53,238,238,238,238,238,238,238,11994,238,238,238,10699,48659,238,12195,21071,238,22740,3701,7200,
54,238,238,238,238,238,238,238,238,238,238,180,43892,33676,238,1678,17982,50628,29895,24171,12914,
55,180,238,180,238,180,238,180,238,238,238,14477,4228,58454,29265,47572,2095,4615,37447,14254,38472,
56,180,180,180,180,180,180,238,180,180,238,33472,238,6700,30361,38291,29213,11173,2161,180,47588,
57,180,180,180,180,180,180,180,180,180,180,34979,18976,50658,15344,7785,17227,180,38792,36889,30120,
58,180,180,180,180,180,180,180,180,180,180,16076,16696,6204,180,9092,44892,180,5411,54448,33072,
59,180,180,180,180,2059,180,180,180,180,180,51101,43505,180,11543,52003,46383,3924,180,28535,16474,
60,180,180,180,180,180,180,180,180,180,180,21364,11768,180,26421,180,8003,23549,5477,12880,11153,
61,180,180,180,180,180,180,180,180,180,180,20205,180,4905,7189,31614,32330,13355,58046,55581,48230,
62,180,180,180,180,180,180,180,180,180,180,180,180,39061,43842,21988,180,35395,180,7062,50006,
63,180,180,180,2246,180,180,180,180,180,180,23684,45649,42960,1148,39590,7548,46432,16420,13256,8734,
64,180,180,180,180,180,180,180,180,180,180,180,35192,36697,38373,14835,13308,19918,3527,28913,13082,
65,180,180,180,180,180,180,180,180,180,180,35591,57195,12326,180,28538,3187,14446,3284,3575,23762,
66,180,180,180,180,180,180,180,180,180,180,45855,1305,45572,10086,2449,36907,47890,29575,180,180,
67,180,180,180,180,180,180,180,180,17908,180,7958,13330,180,1760,34106,180,34970,22270,180,44754,
68,180,180,180,180,180,180,180,180,180,180,47882,13578,1965,180,27890,10948,40064,12650,16032,10105,
69,180,180,180,180,10824,180,180,180,180,180,5833,8054,14749,336,17983,48650,180,20162,180,17767,
70,180,180,180,7898,180,180,180,180,180,180,10312,26815,15364,22460,58422,12260,2704,15049,5195,23088,
71,180,180,180,180,180,180,180,180,180,180,180,34989,180,180,11544,180,180,180,16353,39222,
72,180,180,180,180,180,180,180,180,180,180,180,58792,8774,32100,13810,22422,22652,180,9631,41607,
73,180,180,180,180,180,180,180,180,180,180,180,180,23823,17004,180,43620,28258,180,24625,12651,
74,180,180,180,180,180,180,180,180,180,180,48737,7398,8060,58437,17103,2633,44154,45747,31312,37724,
75,180,180,180,180,180,180,180,180,180,180,33931,26085,180,30585,12003,180,45563,20988,47634,10082,
76,180,180,180,180,180,180,180,180,180,180,180,53714,35160,29289,180,57521,12428,180,29651,42427,
77,180,180,180,180,180,180,180,180,1096,180,55088,27713,30109,25489,180,180,32495,14521,12093,33628,
78,180,180,180,180,180,180,180,180,180,180,1963,25843,17859,9035,44172,9890,57485,34058,180,23024,
79,180,180,180,180,180,180,180,180,180,180,5098,37555,180,5737,14806,12227,42020,50508,180,29220,
80,180,180,180,180,180,180,180,180,180,180,12539,40260,14937,47450,180,17532,19469,8760,30762,24056,
81,180,180,180,180,180,180,180,180,180,180,18094,9046,58229,180,2464,6262,13939,34371,7358,4833,
82,180,180,180,180,180,180,180,180,180,180,180,180,24040,47992,48714,180,44892,17519,11654,4482,
83,180,180,180,180,180,180,180,180,180,180,31301,44437,180,21840,40068,3674,47298,180,180,45965,
84,180,180,180,180,180,180,180,180,180,180,2234,180,180,23252,35634,45382,180,54856,133,180,
85,133,180,180,180,180,180,180,180,180,180,23202,4920,4596,39130,26887,20317,180,35162,39679,22479,
86,133,180,133,180,180,133,133,180,6020,180,22528,37896,26177,14219,11367,180,15201,28310,50205,180,
87,133,133,133,180,133,133,133,133,15663,133,16322,37746,19549,14938,133,44490,133,55445,40748,133,
88,133,133,133,133,133,133,133,133,133,133,59127,133,46509,133,133,36161,133,35073,15348,30929,
89,133,133,133,133,133,133,133,133,133,133,30685,11147,133,9663,133,27633,133,133,48662,49706,
90,133,133,133,133,133,133,133,133,133,133,133,133,49953,11712,133,133,133,47660,25696,133,
91,133,133,133,133,133,133,133,133,133,133,32447,46223,19434,45290,38149,133,47980,46548,39717,50924,
92,133,133,133,133,133,133,133,133,133,133,133,57126,1898,54226,11477,16899,133,133,28277,133,
93,133,133,133,133,133,133,133,133,133,133,37828,41840,12094,133,133,44328,133,133,19571,10369,
94,133,133,133,133,133,133,133,133,133,17390,44424,133,133,43583,54099,133,19999,56068,44141,133,
95,133,133,133,133,133,133,133,133,133,133,133,46579,133,133,52635,133,9026,133,133,133,
96,133,133,133,133,133,133,133,133,133,133,133,133,35588,133,46682,29776,11320,38737,133,133,
97,133,133,133,133,133,133,133,133,133,133,19393,42205,32092,14006,133,133,133,133,8379,40164,
98,133,133,133,133,133,133,133,133,133,133,24825,6267,133,24655,133,49548,31814,43490,133,15553,
99,133,133,133,133,133,133,133,133,133,133,133,11480,34838,37762,133,5179,17366,133,51881,49826,
100,133,133,7079,133,133,133,133,133,133,133,58975,133,43623,133,133,2511,133,46095,57126,133,
101,133,133,133,133,133,133,133,133,133,133,36830,41942,26820,5661,133,13227,53984,7238,44509,38475,
102,133,133,133,133,133,133,133,133,133,133,53576,13551,42201,133,26715,133,28183,36340,133,45558,
103,133,133,133,2185,133,133,133,133,133,133,57828,47146,42469,40347,27105,40320,133,35200,15435,133,
104,133,133,133,133,133,133,133,133,133,133,43369,2033,25296,28765,133,133,133,133,23333,43243,
105,133,133,133,133,133,133,133,133,133,133,46810,54698,55724,30572,133,29022,39372,38613,41270,33161,
106,133,133,133,133,133,133,133,133,133,133,43419,19153,14220,49169,1596,10416,54519,23170,12396,133,
107,133,133,133,133,133,133,133,133,133,133,42904,133,133,49742,2389,34231,12830,14109,34984,25595,
108,133,133,133,133,133,133,133,133,133,133,10969,25364,50252,59391,133,26473,133,36610,40569,133,
109,133,133,133,133,133,133,133,15598,133,133,56353,30638,34944,47416,133,133,133,32597,14937,133,
110,133,133,14305,133,133,133,133,133,133,133,16470,133,34242,133,13917,18891,13609,133,19942,44241,
111,133,133,133,133,133,133,133,133,133,133,133,29944,57418,133,133,133,39116,33821,133,21659,
112,133,133,133,133,133,133,133,133,133,133,133,11840,133,133,133,41952,133,10956,133,133,
113,133,133,133,133,133,133,133,133,133,133,297,49066,48165,34562,133,41555,133,41830,39545,17375,
114,133,133,133,133,133,133,133,133,133,133,1345,1290,25570,20951,133,45576,22700,133,20101,25909,
115,133,133,133,133,133,133,133,133,133,133,1283,1325,7092,133,27841,2891,35345,41985,133,1357,
116,133,133,133,133,133,133,133,133,133,133,133,31008,38786,1116,133,133,48341,40722,133,133,
117,133,133,133,133,133,133,133,133,133,133,39055,47914,53584,46040,133,16571,43079,18885,133,12827,
118,133,133,133,133,133,133,133,133,133,133,11804,133,133,14968,27536,133,2358,30190,40223,133,
119,133,133,133,12354,133,133,133,133,133,133,133,46705,19594,49714,33482,49217,60976,53004,41491,44756,
120,133,133,133,133,133,133,133,133,133,133,18530,1426,133,19314,27036,2124,17676,50175,3457,133,
121,133,133,133,133,133,133,133,133,133,133,133,55864,42414,133,48189,56280,133,133,24895,133,
122,133,133,133,133,133,133,133,133,133,133,42435,41937,133,133,27148,133,133,133,12692,133,
123,133,133,133,133,133,133,133,133,133,133,32924,11421,133,133,35940,40585,32896,133,133,133,
124,133,133,133,133,133,133,133,133,133,133,21644,36496,31128,1311,24390,33689,133,51798,17080,47809,
125,133,133,12732,133,133,133,133,133,133,133,133,43578,41076,133,27889,11118,27793,38374,53352,29223,
126,133,133,133,133,133,133,133,133,133,133,40077,28573,45015,32019,22892,43156,27824,44855,57313,133,
127,133,133,133,133,133,133,133,133,133,133,133,17631,133,42242,56516,20427,48930,21507,60423,30810,
128,133,133,133,133,133,133,133,133,133,133,59746,133,40757,45920,44370,13214,42707,37552,133,54865,
129,133,133,133,133,133,133,133,133,133,133,5716,44185,133,25570,18518,133,27794,2992,133,9904,
130,133,133,133,133,133,133,133,133,133,133,24493,133,133,44546,133,48331,37889,35548,47905,133,
131,133,133,133,133,133,133,133,133,133,133,133,444,51437,12739,18897,133,49693,21954,25505,22775,
132,133,133,133,133,133,133,133,133,133,133,43250,133,133,18247,45495,133,46204,25562,133,133,
133,133,133,133,133,133,133,133,133,133,133,22035,26536,38002,25752,47578,133,29245,133,42549,133,
134,133,133,133,133,133,133,133,133,133,133,133,133,51537,3553,133,23149,36404,42145,50496,49975,
135,133,133,133,868,133,133,133,133,133,133,46542,56798,47153,55896,133,51808,133,45965,47353,45918,
136,133,133,133,349,133,133,133,349,133,133,133,45363,47861,133,43616,38987,133,40948,11166,133,
137,133,133,133,133,133,133,133,133,133,133,8321,16162,133,40070,133,133,52707,26201,20597,133,
138,133,133,133,133,133,133,133,133,133,133,44537,8646,37445,133,6277,20108,133,38129,24977,28839,
139,133,133,133,133,133,133,3489,133,133,133,19134,53418,133,52360,17870,57698,57454,41807,44447,45397,
140,133,133,133,133,133,133,133,133,133,133,13656,24166,30669,59150,1999,54010,56212,133,11126,52340,
141,133,133,133,133,133,133,133,133,133,133,47602,50423,48737,133,38454,17498,10787,5906,133,31091,
142,133,133,133,133,133,133,133,133,133,133,17611,53668,133,26095,6395,133,16917,133,24172,133,
143,133,133,133,133,133,133,133,133,133,133,133,50462,4375,42915,9337,1424,32347,35747,133,29708,
144,133,133,133,133,133,133,133,133,133,133,50592,49662,45955,27976,33594,39201,53501,31483,37435,53417,
145,133,133,133,133,133,133,133,10361,133,133,28653,15891,51004,34577,133,25369,16925,39235,22136,55846,
146,133,133,133,133,133,133,133,133,133,133,133,11182,133,26067,133,133,50972,133,133,58817,
147,133,133,133,133,133,133,133,133,133,133,46407,5626,37983,41363,29050,133,44892,45300,133,13239,
148,133,133,133,133,133,133,133,133,133,133,20689,25918,58849,52947,23102,133,22277,48107,133,43259,
149,133,133,133,133,133,133,133,133,133,133,133,10024,133,133,133,133,133,42283,4826,46594,
150,133,133,133,133,133,133,133,133,133,133,30535,23555,6785,23554,31875,41498,28529,52501,29625,133,
151,133,133,133,133,133,133,133,133,133,133,133,35223,47418,29236,49589,43212,34497,17274,44165,55683,
152,133,133,133,133,133,133,133,133,133,133,49145,46224,133,36248,133,133,133,24764,133,28007,
153,133,133,133,133,133,133,133,133,133,133,12819,133,29050,47811,52766,133,133,21507,54475,133,
154,133,133,133,133,133,133,133,133,133,133,133,56220,133,18375,55936,133,48199,133,133,27460,
155,133,133,133,133,133,133,133,133,133,133,39098,44763,36855,10930,58440,38622,133,39803,133,133,
156,133,133,133,133,133,133,133,133,133,5614,37681,50997,6899,133,32023,56664,37813,133,1586,58518,
157,133,133,133,133,133,133,133,133,133,133,133,133,59514,35472,133,45166,41139,36561,133,29854,
158,133,133,133,133,133,133,133,133,133,133,12706,27899,24157,133,44338,133,49326,133,21917,47322,
159,133,133,133,133,133,133,133,133,133,133,133,3311,59086,46388,133,133,38275,133,21497,58165,
160,133,133,133,133,133,133,133,10612,133,133,53720,133,50257,133,41194,18837,16105,5118,133,7707,
161,133,133,133,133,133,133,133,133,25066,133,133,27763,133,45883,54525,133,35017,10700,44362,36616,
162,133,133,133,133,133,133,133,133,133,133,43530,13904,17273,45543,133,55070,10672,32072,133,133,
163,133,133,133,133,133,133,133,133,133,133,28260,133,25863,133,42232,133,133,133,29338,26341,
164,133,133,133,133,133,133,133,133,133,133,48423,133,55125,42335,50168,39220,10356,133,12635,39153,
165,133,133,133,133,133,133,133,133,133,133,55026,15902,25361,133,26393,133,16222,133,133,54212,
166,133,133,133,133,133,133,133,133,133,133,58724,133,59862,133,133,23137,14158,133,32154,133,
167,133,133,133,133,133,133,133,133,133,133,27354,133,133,43079,133,133,26983,27745,133,60849,
168,133,133,133,133,133,133,133,133,133,133,53120,52124,2192,133,12400,133,49443,133,10752,33331,
169,133,133,133,133,133,133,133,133,133,133,21554,5908,50930,17940,133,14232,133,18947,9301,133,
170,133,133,133,133,133,133,133,133,133,133,133,133,133,46945,133,50397,30325,133,133,133,
171,133,133,133,133,133,133,133,133,133,133,42775,28727,133,36093,39366,28996,51923,34916,17905,31817,
172,133,133,133,133,133,133,133,133,133,133,33235,55581,27223,48611,133,40997,39948,10262,41238,46312,
173,133,133,133,133,133,133,133,133,133,133,45262,133,133,133,133,133,133,28651,133,1681,
174,133,133,133,133,133,133,133,133,133,133,13227,22211,133,42656,133,26028,133,34113,10114,133,
175,133,133,133,133,133,133,133,133,133,133,13761,25406,12964,39611,133,21833,133,28662,6199,133,
176,133,133,133,133,133,133,133,133,133,133,40181,34068,47867,45054,133,133,133,32406,10906,25144,
177,133,133,133,133,133,133,133,133,133,133,133,12750,133,133,18182,42125,133,11860,50119,22594,
178,133,133,133,133,133,133,133,133,133,133,133,43173,22318,133,7541,27176,47791,45616,133,133,
179,133,133,133,133,133,133,133,133,133,133,133,17776,133,36098,49444,39853,27146,38569,55961,133,
180,133,133,133,133,133,133,133,588,133,133,133,31112,133,22170,18950,9356,133,52243,47940,44329,
181,133,133,133,133,133,133,133,133,133,133,17646,10104,133,41144,133,10404,8812,55017,8181,133,
182,133,133,133,133,133,133,133,133,133,133,43282,133,40118,44917,43721,28139,23243,46779,133,40504,
183,133,133,133,133,133,133,133,133,133,133,39392,56831,10805,33331,47013,133,5666,133,33967,133,
184,133,133,133,133,133,133,133,133,133,133,14690,133,50490,133,32708,49693,30097,11260,133,25109,
185,133,133,133,133,133,133,133,133,133,133,14023,133,50576,133,55189,39714,26631,22823,44645,133,
186,133,133,133,133,5435,133,133,133,133,133,133,37988,133,133,34787,1320,41456,57420,12181,36194,
187,133,133,133,133,133,133,133,133,133,133,48646,133,18460,133,56082,133,54166,133,50361,25591,
188,133,133,133,133,133,133,133,133,133,133,44039,29752,45548,133,57947,55351,47260,133,9811,20219,
189,133,133,133,133,133,133,3643,133,133,133,24535,133,133,34220,16833,44918,46685,43474,133,40873,
190,133,133,133,133,133,133,133,133,133,133,36998,5853,10682,40323,54928,16762,20942,133,29175,133,
191,133,133,133,133,133,133,133,133,133,133,30177,8956,6891,45398,133,133,48558,133,9860,46809,
192,133,133,133,133,133,133,133,133,133,133,133,36272,133,133,18976,133,39288,44471,18811,133,
193,133,133,133,133,133,133,133,133,133,133,133,12923,19776,38293,38770,133,133,38660,47949,1992,
194,133,133,133,133,133,133,133,133,133,133,13824,46525,133,133,133,29114,133,45503,5744,133,
195,133,133,133,133,133,133,133,133,133,133,38644,133,38323,25320,55768,36381,15536,56993,11731,15068,
196,133,133,133,133,133,133,133,133,133,133,56404,52212,37191,45474,17459,46961,34951,15994,133,42155,
197,133,133,133,133,133,133,133,133,133,133,133,16784,48322,133,22618,133,17097,49321,48483,133,
198,133,133,133,133,133,133,133,133,133,133,133,133,133,10124,52380,27310,47456,133,12493,133,
199,133,133,133,133,133,133,133,133,133,133,26500,31842,49739,29479,54915,30516,50945,18401,32957,56651,
200,133,133,133,133,133,133,133,133,133,133,60313,133,37012,133,133,133,35710,47240,55406,1239,
201,133,133,133,133,133,133,133,133,133,133,16758,46266,43784,11496,40554,26619,39499,133,45320,133,
202,133,133,133,133,133,133,133,133,133,133,46075,133,133,133,11515,9842,133,133,133,3264,
203,133,133,133,133,133,133,133,133,133,133,16783,4877,45818,47223,40847,52299,16815,22910,133,133,
204,133,133,133,133,133,133,133,133,133,133,133,7208,133,27325,18292,36675,7064,6592,2739,26470,
205,133,133,133,133,133,133,133,133,133,133,51647,133,24757,133,133,133,36198,50598,5936,34769,
206,133,133,133,133,133,133,133,133,133,133,43092,133,34666,56954,133,22640,16829,133,32168,133,
207,133,133,133,133,133,133,133,133,133,133,8385,133,133,133,133,29896,52158,42699,133,47198,
208,133,133,133,133,9512,133,133,9512,133,133,43165,133,10564,12693,133,38718,23546,133,33419,133,
209,133,133,133,133,133,133,133,133,133,133,41589,46713,11850,21930,24678,57024,133,2301,45927,133,
210,133,133,133,133,133,133,133,133,133,133,45063,133,53344,133,52420,16411,133,46617,36172,133,
211,133,133,133,133,133,133,133,133,133,133,46780,53908,44253,15246,50788,12871,2659,133,54227,133,
212,133,133,133,133,133,133,133,133,133,133,133,133,133,10917,133,25372,133,133,18292,133,
213,133,133,133,133,133,133,133,133,133,133,18020,46552,32590,26683,34696,133,5800,33623,58337,22471,
214,133,133,133,133,133,133,133,133,133,133,133,52064,28577,133,57999,31185,22119,49924,28221,133,
215,133,133,133,133,133,133,133,133,133,133,36048,5743,45731,133,36589,47343,49812,53131,35998,133,
216,133,133,133,133,133,133,133,133,133,133,133,133,45941,30939,35486,41149,47448,36947,25532,14911,
217,133,133,133,133,133,133,133,133,133,133,34614,133,14142,133,42128,24626,39308,10929,39357,133,
218,133,133,133,133,133,133,133,133,133,133,133,58900,9495,133,49898,27714,133,133,133,11802,
219,133,133,133,133,133,133,133,133,133,133,133,25808,10116,13097,41938,45438,133,5834,133,52739,
220,133,133,133,133,133,133,133,133,133,133,14755,485,133,133,30712,133,133,20017,47107,26447,
221,133,133,133,133,1731,133,133,133,133,133,133,14510,42118,22156,133,4905,29567,13649,133,9489,
222,133,133,133,133,133,133,133,133,133,133,38684,5550,133,4216,14940,20535,133,33652,17589,133,
223,133,133,133,133,133,133,133,133,133,133,133,133,45496,19357,133,44920,39736,45804,12719,133,
224,133,133,133,133,133,133,133,133,133,133,27051,46981,49771,133,42401,48511,32333,39247,57791,36827,
225,133,133,133,133,133,133,133,133,133,133,21004,22294,133,133,14445,5462,133,33246,133,133,
226,133,133,133,133,133,133,133,133,133,133,11659,49660,48337,133,19575,133,45943,47483,133,133,
227,133,133,133,133,133,133,133,133,133,133,6885,20557,39733,37684,133,33680,133,53983,47986,29489,
228,133,133,133,133,133,133,133,133,133,133,26829,21524,21371,10219,39579,42228,41253,49872,11440,133,
229,133,133,133,133,133,133,133,133,133,133,133,29148,133,55310,26175,133,133,55363,7757,11308,
230,133,133,133,133,133,133,133,133,133,133,133,133,51631,24533,12194,46883,61071,133,40068,133,
231,133,133,133,133,133,133,133,133,133,133,133,17381,133,56984,42774,57825,25643,23723,19781,37909,
232,133,133,133,133,18374,133,133,133,133,133,23229,133,133,34929,133,30784,133,133,26025,23942,
233,133,133,133,133,133,133,133,133,133,133,32792,133,7576,23239,12836,21628,55668,38156,133,32514,
234,133,133,133,133,133,133,133,133,133,133,6178,29052,133,22063,47717,59775,53926,10678,56709,133,
235,133,133,133,133,133,133,133,133,133,133,40785,49821,21694,45681,45155,51942,36936,50524,37776,14746,
236,133,133,2655,133,133,133,133,133,133,133,15913,21371,38982,15833,45924,32317,133,15612,40468,2462,
237,133,133,133,133,133,133,133,133,133,133,32477,133,133,133,133,133,133,18088,40535,133,
238,133,133,133,133,133,133,133,133,133,133,32407,133,47872,57240,46918,133,133,133,58327,133,
239,133,133,133,133,133,133,133,133,10892,133,43855,133,13041,32405,42442,45535,133,46781,34733,133,
240,133,133,133,133,133,133,133,133,133,133,33652,13602,44855,22744,36493,16084,56232,34271,133,39421,
241,133,133,133,133,133,133,133,133,133,133,27648,10548,17567,31860,28562,11897,32053,36309,39257,22233,
242,133,133,133,133,133,133,133,133,133,16065,44482,133,48991,133,133,14187,18021,133,133,58446,
243,133,133,133,133,133,133,133,133,133,133,133,8057,24003,60473,133,54860,133,40946,133,54946,
244,133,133,133,133,133,133,133,133,133,133,133,52318,21379,13158,16662,133,38759,133,41943,133,
245,133,133,133,133,133,133,133,133,133,133,24947,16501,133,133,133,133,30639,58627,133,19346,
246,133,133,133,133,133,133,133,133,133,133,35735,13312,133,133,14322,41928,20084,36562,36450,37137,
247,133,133,133,133,133,133,133,133,133,133,133,133,133,57835,25519,133,31186,133,51307,18683,
248,133,133,133,133,133,133,133,133,133,133,46750,133,53074,133,133,133,133,49246,15878,133,
249,133,133,133,133,133,133,133,133,133,133,133,133,51068,59453,44237,133,8976,133,133,133,
250,133,133,133,133,133,133,133,133,133,133,42821,44253,133,45984,133,45442,133,44576,26261,47713,
251,133,133,133,133,133,133,133,133,133,133,12786,133,133,59765,24433,15751,15935,133,133,713,
252,133,133,133,133,133,133,133,133,133,133,14677,35619,56665,4922,133,133,46512,133,133,133,
253,133,133,133,133,13265,133,133,133,133,133,12015,31103,133,133,14503,43509,51456,133,133,42354,
254,133,133,133,14935,133,133,133,133,133,133,133,133,133,133,133,54983,51280,133,48041,133,
255,133,133,133,133,133,133,133,133,133,133,7771,41224,42101,133,3685,55284,40956,49344,38720,47551,
256,133,133,133,133,133,133,133,133,133,133,29483,43628,133,133,27793,32812,37290,47453,42778,45051,
257,133,133,133,133,133,133,133,133,133,133,17625,133,35209,40885,133,31036,44138,42933,133,133,
258,133,133,133,133,133,133,133,133,133,133,133,45559,42982,39877,18826,133,26794,133,37452,27884,
259,133,133,133,133,133,133,133,133,133,133,16648,7133,47860,40965,46775,6214,25796,27726,21685,133,
260,133,133,133,133,133,133,133,133,133,133,133,133,44512,42040,133,19023,52737,133,20170,41854,
261,133,133,133,133,133,133,133,133,133,133,19168,133,55268,3801,133,133,13188,45064,51524,49376,
262,133,133,133,133,133,133,133,133,133,133,21179,133,6810,133,49017,7448,133,24484,9637,19816,
263,133,133,133,133,133,133,133,133,133,133,21480,13182,28183,39076,48968,34815,133,133,52922,38591,
264,133,133,133,133,133,133,133,133,133,133,21667,9221,44139,133,133,28227,133,45133,51662,43783,
265,133,133,133,133,133,133,133,133,133,133,3984,49601,42529,133,133,133,133,21703,25680,39159,
266,133,133,133,133,133,133,133,133,133,133,53074,133,33999,10684,54457,19990,51312,15414,43252,4453,
267,133,133,133,133,133,133,133,133,133,133,50202,43540,28399,133,17328,133,133,133,48345,38665,
268,133,133,133,133,133,133,133,133,133,133,37252,133,50069,133,47896,13683,133,42605,13699,133,
269,133,133,133,133,133,133,133,133,133,133,133,26890,42104,133,48479,42607,133,46383,21451,133,
270,133,133,133,133,133,133,133,133,133,133,45131,133,38689,22000,133,133,133,133,50577,19404,
271,133,133,133,133,133,133,133,133,133,133,13974,133,133,44392,41126,47446,46481,14297,12886,24821,
272,133,133,133,133,133,133,133,133,133,133,42644,6059,46116,39412,1105,51754,53168,133,133,53052,
273,133,133,133,133,133,133,133,133,133,133,133,133,133,133,133,133,39673,37341,52041,133,
274,133,133,133,133,133,133,133,133,133,133,45602,133,38612,133,3958,133,12757,17397,133,43475,
275,133,133,133,133,133,133,133,133,133,133,12754,133,133,32435,27402,20656,56680,45458,51907,53357,
276,133,133,133,133,133,133,133,133,133,133,133,10133,133,133,38133,133,36582,58294,133,27363,
277,133,133,133,133,133,133,133,133,133,133,60434,133,43377,16363,133,684,133,133,44319,58515,
278,133,133,133,133,133,133,133,133,133,133,51540,42230,58776,133,17228,43991,133,41087,9674,133,
279,133,133,133,133,133,133,133,133,133,133,133,47006,40212,133,133,133,25745,55874,133,133,
280,133,133,133,133,133,133,133,133,133,133,21439,58314,28880,133,133,58421,133,133,133,133,
281,133,133,133,133,133,133,133,133,133,133,133,38592,48951,133,8848,54374,44469,6380,24806,133,
282,133,133,133,133,133,133,133,133,133,14832,133,13261,15110,10510,47686,10743,42397,133,37522,39260,
283,133,133,133,133,133,133,133,133,133,133,54456,46678,133,13019,133,55595,133,12371,39290,60385,
284,133,133,133,133,133,26055,133,133,133,133,133,49974,46115,133,40843,26106,32697,28124,44143,31550,
285,133,133,133,133,133,133,133,133,133,133,11326,44069,37979,48686,36481,133,15998,31688,33794,42118,
286,133,133,133,133,133,133,133,133,133,133,133,133,2208,133,16199,28060,133,12835,133,133,
287,133,133,133,133,133,133,133,133,133,133,30139,133,133,133,48855,133,4680,32859,56750,32971,
288,133,133,133,133,133,133,133,133,133,133,133,133,9865,33589,133,47681,133,133,42011,43365,
289,133,133,133,133,133,133,133,133,133,133,35532,133,18654,5265,40633,133,1277,133,26143,40833,
290,133,133,133,133,133,133,133,133,133,133,133,42647,6428,42527,4908,133,39660,133,42300,133,
291,133,133,133,133,133,133,133,133,133,133,19966,133,32231,7037,40792,1485,133,49470,7546,133,
292,133,133,133,133,133,133,133,133,133,133,133,133,48636,35590,51504,38562,22359,24574,12451,133,
293,133,133,133,133,133,133,133,133,133,133,133,23192,32615,133,59050,11642,22369,133,43022,133,
294,133,133,133,133,133,133,133,133,133,133,32238,47944,133,43495,52218,15501,24469,29534,15059,43461,
295,133,133,133,133,133,133,133,133,133,133,45626,133,29945,133,45173,48262,27070,19790,133,37073,
296,133,133,133,133,133,133,133,133,133,133,56653,42877,133,133,34888,133,32468,16918,133,35269,
297,133,133,133,133,133,133,133,133,133,133,133,133,60130,12156,15793,56363,133,133,133,9072,
298,133,133,133,133,133,133,133,133,133,133,29811,58433,133,6089,7072,33980,133,133,133,43010,
299,133,133,133,133,133,133,133,133,133,133,4763,12077,133,133,52441,11519,2910,133,26566,133,
300,133,133,133,133,133,133,133,133,133,133,133,46078,26486,133,133,47642,2831,5387,37515,133,
301,133,133,133,133,133,133,133,133,133,133,43947,41193,43335,133,34850,20356,44958,133,133,9488,
302,133,133,133,133,133,133,133,133,133,133,24628,30323,133,43869,47062,133,133,20158,133,133,
303,133,133,133,133,133,133,133,133,133,133,49380,133,133,39012,37156,56100,22479,39760,41055,31924,
304,133,133,133,133,133,133,133,133,133,133,40582,133,133,133,2258,20108,133,133,133,35551,
305,133,133,133,133,133,133,133,133,133,133,27488,27904,27829,38671,11744,45899,11090,48458,133,8159,
306,133,133,133,133,133,133,133,133,133,133,133,133,3136,15239,133,133,133,133,50639,133,
307,133,133,133,133,133,133,133,133,133,133,32955,18826,133,133,43238,14302,47271,133,55370,920,
308,133,133,133,133,133,133,133,133,133,133,133,17610,42402,133,133,36982,28800,46375,29628,133,
309,133,133,133,133,133,133,133,133,133,133,42081,133,133,56470,36907,34016,57053,36031,54219,2913,
310,133,133,133,133,133,133,133,133,133,133,8179,39853,21272,11758,133,133,48131,133,55543,37575,
311,133,133,133,133,133,133,133,133,133,133,5473,44235,12470,133,133,58232,133,133,35916,21743,
312,133,133,133,133,133,133,133,133,133,133,32072,40834,133,37932,13186,19186,28915,45987,50558,14144,
313,133,133,133,133,133,133,133,133,133,133,16836,133,4941,55088,29308,35606,51807,11924,55530,40953,
314,133,133,133,133,133,133,133,133,133,133,24608,26433,40757,29746,1134,14751,12617,133,35990,133,
315,133,133,133,133,133,133,133,133,133,133,1049,39271,133,16318,34021,133,16509,35633,40573,51334,
316,133,133,133,133,133,133,133,133,133,133,57721,133,4948,133,133,4032,133,41399,33519,133,
317,133,133,133,133,133,133,133,133,133,133,30278,133,9931,32184,23883,133,33977,7213,32026,32140,
318,133,133,133,133,133,133,133,133,133,133,133,133,21080,133,133,1068,133,40959,38557,11501,
319,133,133,133,133,133,133,133,133,133,133,133,133,6565,133,133,57954,133,58244,44124,22564,
320,133,133,133,133,133,133,133,133,133,133,46233,133,133,133,29634,40659,133,56386,11176,22171,
321,133,133,133,133,133,133,133,133,133,133,36105,133,15125,2191,45497,133,53609,15855,133,23063,
322,133,133,133,133,133,133,133,133,133,133,33267,133,43140,133,60540,48187,33627,56759,2806,5266,
323,133,133,133,133,133,133,1182,133,133,133,133,133,13132,48257,50966,25343,37915,133,11960,133,
324,133,133,133,133,133,133,133,133,133,133,54466,133,44748,17551,133,16092,14387,1539,47176,133,
325,133,133,133,133,133,133,10174,133,133,133,28650,15433,44325,3382,52459,9683,35252,42073,31312,47600,
326,133,133,133,133,133,133,2611,133,133,133,133,133,133,25679,58381,31858,133,9999,54377,133,
327,133,133,133,133,133,133,133,133,133,133,133,16222,28706,20645,133,30602,30351,133,13675,17397,
328,133,133,133,133,133,133,133,133,133,133,133,59180,133,41980,37015,18155,133,45266,47870,926,
329,133,133,133,133,133,133,133,133,133,133,42672,46695,49149,30800,19888,133,49028,24561,40302,46638,
330,133,133,133,133,133,133,133,133,133,133,38988,38425,133,19251,45364,42039,29656,36141,133,55698,
331,133,133,133,133,133,133,133,133,133,12125,53386,54130,133,133,133,34855,46278,51424,133,11912,
332,133,133,133,133,133,133,133,133,133,18220,40716,12298,15574,15119,58256,133,14561,46370,2732,133,
333,133,133,133,133,133,133,133,133,133,133,52896,133,19289,30863,133,133,22894,47961,38708,3690,
334,133,133,133,133,133,4121,133,133,133,133,133,133,133,18671,38246,49683,22216,133,10981,133,
335,133,133,133,133,133,133,133,133,133,133,133,45458,133,50111,51157,133,18297,133,6788,24218,
336,133,133,133,133,133,133,133,133,133,133,133,133,133,5213,133,18008,45745,133,36963,46516,
337,133,133,133,133,133,133,133,133,133,133,22903,6591,1775,50367,56529,38412,133,35048,50351,133,
338,133,133,133,133,133,133,133,133,133,133,31375,133,61016,50324,43273,133,133,51102,52094,133,
339,133,133,133,133,133,133,133,133,133,133,133,133,133,57132,133,13599,44315,14709,46624,22147,
340,133,133,133,133,133,133,133,133,133,133,133,24387,30683,133,23649,38315,22785,48393,133,55364,
341,133,133,133,133,133,133,133,133,133,133,133,133,133,49239,5503,9412,133,24939,133,133,
342,133,133,133,133,133,133,133,133,133,133,133,56761,48966,42973,133,133,133,133,133,133,
343,133,133,133,133,133,133,133,133,133,133,23151,11248,27528,133,19818,15242,133,133,131,799,
344,131,133,131,133,131,133,133,133,133,133,36898,133,133,131,133,133,133,133,48626,37672,
345,131,131,131,16305,133,131,133,131,131,133,133,133,131,133,5533,17012,18235,131,51898,46961,
346,131,131,131,131,131,131,131,131,131,131,133,36483,33799,45926,31325,38254,3736,131,133,131,
347,131,131,131,131,131,131,131,131,131,131,52187,45627,131,46430,131,25813,131,131,131,17249,
348,131,131,131,131,131,131,131,131,131,131,9349,131,55668,24493,32755,131,131,53131,22287,18124,
349,131,131,131,131,131,131,131,131,131,131,131,39604,131,44750,131,131,42545,57791,19957,131,
350,131,131,131,131,131,131,131,131,131,131,131,38841,38967,2802,32396,131,45256,32975,46834,131,
351,131,131,131,131,131,131,131,131,131,15604,131,131,51476,38144,40597,131,131,51561,131,131,
352,131,131,131,131,131,131,131,131,131,131,21864,42405,131,39720,131,22183,57065,131,16834,131,
353,131,131,131,131,131,131,131,131,131,131,61051,131,131,11625,50624,18582,33874,131,131,23176,
354,131,131,131,131,131,131,131,131,131,131,131,53071,131,131,46325,30210,131,131,31363,131,
355,131,131,131,131,131,131,131,131,131,131,131,131,131,131,16434,20644,27063,18017,30106,27638,
356,131,131,131,131,131,131,131,131,131,131,10728,131,56776,40417,131,14286,131,131,131,131,
357,131,131,131,131,131,131,131,131,131,131,56580,131,50625,131,131,131,131,30219,44696,131,
358,131,131,131,131,131,131,131,131,131,131,28531,36919,29708,42735,131,131,35139,131,54759,131,
359,131,131,131,131,131,131,131,131,131,131,25914,22065,32757,31072,50734,55144,24795,47808,131,48997,
360,131,131,131,131,131,131,131,131,131,131,21327,38401,13387,131,58093,14508,38510,56499,54381,49380,
361,131,131,131,131,131,131,131,131,131,131,58393,131,57736,131,40130,131,131,21161,131,52156,
362,131,131,131,131,131,131,131,131,131,131,131,131,18740,50924,131,60293,131,42424,131,131,
363,131,131,131,131,131,131,131,131,131,131,131,46714,25515,54688,54924,10841,131,51669,39435,53880,
364,131,131,131,131,131,131,131,131,131,131,131,131,131,131,131,131,131,32709,131,131,
365,131,131,131,131,131,131,131,131,131,131,53200,131,131,131,131,41422,50720,131,131,131,
366,131,131,131,131,131,12226,131,131,131,131,26731,12140,52463,131,131,12447,44618,131,131,131,
367,131,131,131,131,131,131,131,131,131,131,131,46512,56874,131,48030,131,19242,131,131,51819,
368,131,131,131,131,131,131,131,131,131,9509,28698,50755,131,131,131,131,30698,31516,14427,44557,
369,131,131,131,131,131,131,131,131,131,131,17525,131,131,38430,36039,31372,48992,54712,131,131,
370,131,131,131,131,131,131,131,131,131,131,13948,131,131,51624,131,131,131,37204,37900,131,
371,131,131,131,131,131,131,131,131,131,131,131,29083,131,131,131,52997,131,43802,131,24038,
372,131,131,131,131,131,131,131,131,131,131,131,131,56899,131,131,56713,33240,59750,131,34528,
373,131,131,131,131,131,131,131,131,131,131,131,131,10729,25608,56810,20697,56260,11696,131,13649,
374,131,131,131,131,131,131,131,131,131,131,19088,42817,131,56469,43480,131,47868,131,45443,131,
375,131,131,131,131,131,131,131,131,131,13146,131,131,36976,131,51987,51230,131,131,36992,131,
376,131,131,131,131,131,131,131,131,131,131,12492,131,131,131,3285,131,131,11483,131,131,
377,131,131,131,131,131,131,131,131,131,131,56295,131,131,42267,45785,29612,12249,20057,13490,131,
378,131,131,131,131,131,131,131,131,131,131,131,131,131,11135,131,52087,21296,53670,41009,131,
379,131,131,131,131,131,131,131,131,131,131,52786,47063,26371,131,131,40454,71537,11635,131,131,
380,131,131,131,131,131,131,131,131,131,131,131,46925,32226,40986,131,131,131,48894,131,15563,
381,131,131,131,131,131,131,131,131,131,131,131,53574,131,37892,56245,45681,56052,131,37537,131,
382,131,131,131,131,131,131,131,131,131,131,16941,131,131,42384,131,45054,22164,38433,131,131,
383,131,131,131,131,131,131,131,131,131,131,131,23103,47329,131,51085,42685,40846,20146,10180,51631,
384,131,131,131,131,131,131,131,131,131,131,16952,51170,131,56917,131,131,55329,34648,37830,131,
385,131,131,131,131,131,131,131,131,131,131,42712,55857,11109,54297,43782,11761,131,46099,131,33077,
386,131,131,131,131,131,131,131,131,131,131,12289,131,131,131,131,131,131,131,11038,131,
387,131,131,131,131,131,131,131,131,131,131,37330,131,28542,20391,36912,53321,131,131,29614,131,
388,131,131,131,131,131,131,131,131,131,131,57708,12054,131,131,58099,131,30610,131,32085,23361,
389,131,131,131,131,131,131,131,131,131,131,131,60948,12012,10197,131,131,131,131,60122,51561,
390,131,131,131,131,131,131,131,131,131,131,18286,131,131,131,55197,131,33763,131,50657,131,
391,131,131,131,131,131,131,131,131,131,131,14152,54623,45488,10880,131,25302,44913,43754,131,131,
392,131,131,131,131,131,131,131,131,131,131,131,131,131,42493,38517,55211,49153,131,10585,131,
393,131,131,131,131,131,131,131,131,131,131,27298,131,131,55790,131,22707,49436,41712,131,131,
394,131,131,131,131,131,131,131,131,131,131,131,32092,22462,44835,131,10202,39135,131,131,131,
395,131,131,131,131,131,131,131,131,131,131,42938,131,131,131,10976,33889,58210,55294,131,33899,
396,131,131,131,131,131,131,131,131,131,131,131,131,42635,55137,131,131,131,53788,131,131,
397,131,131,131,131,131,131,131,131,131,131,131,50095,131,131,37356,131,131,32061,131,40184,
398,131,131,131,131,131,131,18350,131,131,131,131,131,10219,14432,36479,131,131,37535,51586,59876,
399,131,131,131,131,131,131,131,131,131,131,53115,131,131,131,131,23846,131,131,131,44305,
400,131,131,131,131,131,131,131,131,131,131,10981,52994,12855,45982,131,50925,25452,131,131,26861,
401,131,131,131,131,131,131,131,131,131,131,131,53808,23940,22345,131,19121,57200,131,46959,23704,
402,131,131,131,131,131,131,131,131,131,131,53029,131,23332,29687,131,52843,131,55938,131,131,
403,131,131,131,131,131,131,131,131,131,131,131,33600,131,131,131,131,131,131,131,42167,
404,131,131,131,131,131,131,131,131,131,131,131,131,131,29631,12932,131,29928,43876,131,131,
405,131,131,131,131,131,131,131,131,131,131,14241,131,131,131,22451,131,51604,31939,131,131,
406,131,131,131,131,131,131,131,131,131,131,131,55500,131,36483,131,131,17808,54205,45702,57553,
407,131,131,131,131,131,131,131,131,131,131,131,131,131,131,49955,131,131,131,131,131,
408,131,131,131,131,131,131,131,131,131,131,38658,11393,131,55252,58702,48467,131,131,131,131,
409,131,131,131,131,131,131,131,131,131,131,36240,54503,53938,37020,131,131,51990,13156,51880,10303,
410,131,131,131,131,131,131,131,131,131,131,131,55701,131,131,60592,46242,31489,131,131,131,
411,131,131,131,131,131,131,131,131,131,131,15515,131,131,58054,131,57682,39207,13741,131,15376,
412,131,131,131,131,131,131,131,131,131,131,131,131,131,29053,131,23066,131,131,131,59395,
413,131,131,131,131,131,131,131,131,131,131,131,47291,8874,131,131,54175,131,23968,131,131,
414,131,131,131,131,131,131,131,131,131,131,131,131,131,131,60262,131,41730,131,131,131,
415,131,131,131,131,131,131,131,131,131,131,10024,42737,131,131,131,12519,59525,46980,131,20499,
416,131,131,131,131,131,131,131,131,131,131,49448,131,53707,131,32012,131,131,131,131,48734,
417,131,131,131,131,131,131,131,131,131,131,131,42386,35764,131,131,21092,131,131,131,131,
418,131,131,131,131,131,131,131,131,131,131,131,17417,14467,50489,41630,131,131,131,131,131,
419,131,131,131,131,131,131,131,131,131,131,52741,11505,52627,26621,131,131,48583,131,131,131,
420,131,131,131,19752,131,131,131,131,131,131,10962,31308,43695,131,131,131,131,10212,43642,131,
421,131,131,131,131,131,131,131,131,131,131,131,22560,9175,49489,38650,131,20185,56979,52950,131,
422,131,131,131,131,131,131,131,131,131,131,22827,19233,48568,30273,15399,17581,131,53078,20975,60216,
423,131,131,131,131,131,131,131,131,131,131,131,131,131,14745,42232,48196,10620,131,28647,131,
424,131,131,131,131,131,131,131,131,15997,131,27916,27331,12606,18982,49153,12729,131,55549,131,131,
425,131,131,131,131,131,131,131,131,131,131,131,131,39100,43490,131,49115,131,42216,131,14447,
426,131,131,131,131,131,131,131,131,131,131,42171,131,131,15897,131,31544,131,131,24016,49420,
427,131,131,131,131,131,131,131,131,131,131,22576,131,52591,131,29420,131,49103,131,131,51944,
428,131,131,131,131,131,131,131,131,131,131,131,131,18881,131,34202,48750,58966,27319,42777,13255,
429,131,131,131,131,131,131,131,131,131,131,131,131,131,131,22514,45890,52872,56095,53405,41319,
430,131,131,131,131,131,131,131,131,131,131,14389,131,40322,30582,10285,131,131,11347,131,131,
431,131,131,131,131,131,131,131,131,131,131,52535,47082,22345,50543,131,131,131,37797,59195,55221,
432,131,131,131,131,131,131,131,131,131,131,21122,44494,131,131,19683,24354,55188,131,16319,131,
433,131,131,131,131,131,131,131,131,131,131,131,131,52241,22209,48090,131,131,131,22504,56249,
434,131,131,131,131,131,131,131,131,131,131,131,131,22580,51480,131,131,42665,131,29440,40193,
435,131,131,131,131,131,131,131,131,131,131,25321,23111,131,45423,131,11341,131,131,47745,131,
436,131,131,131,131,131,131,131,131,131,131,131,38291,50219,50263,131,12636,36962,20716,57945,131,
437,131,131,131,131,131,131,131,131,131,131,53100,19457,37501,46323,131,32926,131,29894,131,131,
438,131,131,131,131,131,131,131,131,131,131,41817,55111,131,18529,131,131,12021,10785,43633,58287,
439,131,131,131,131,131,131,131,131,131,131,56591,131,131,26557,25673,32612,29837,46188,30867,52609,
440,131,131,131,131,131,131,131,131,131,131,131,131,131,131,131,31864,26505,17173,131,19399,
441,131,131,131,131,131,131,131,131,131,131,49141,131,131,131,47057,131,57797,131,131,131,
442,131,131,131,131,131,131,131,20456,131,131,131,23211,30550,131,30637,24823,32752,131,52888,131,
443,131,131,131,131,131,131,131,131,131,131,17183,13859,40161,50939,48820,131,131,131,31842,131,
444,131,131,131,131,131,131,131,131,131,131,46935,131,26889,131,131,131,12698,131,131,53040,
445,131,131,131,131,131,131,131,131,131,131,53599,35484,14206,55462,35607,33352,10565,131,131,131,
446,131,131,131,131,131,131,131,131,131,131,131,131,131,131,33801,131,131,33986,70892,61441,
447,131,131,131,131,131,131,131,131,131,34504,131,131,131,131,131,57292,31321,131,131,18643,
448,131,131,131,131,131,131,131,131,131,131,30379,36967,131,34670,131,18433,131,31586,12973,21517,
449,131,131,10601,131,131,131,131,131,41423,131,131,58676,131,131,131,131,131,131,48519,131,
450,131,131,131,131,131,131,131,131,131,131,24898,131,131,131,131,131,131,131,131,50748,
451,131,131,30382,131,131,131,131,131,131,131,131,42470,131,131,45455,131,31509,22903,131,58024,
452,131,131,131,131,131,131,131,131,131,131,24791,55632,131,20579,29562,131,131,131,131,56543,
453,131,131,131,131,131,131,131,131,131,131,131,54811,50004,18385,131,35302,23936,131,131,54949,
454,131,131,131,131,131,131,131,131,131,131,131,45435,131,26467,131,131,131,131,131,131,
455,131,131,131,131,131,131,131,131,131,131,37091,60330,131,131,131,33982,28434,131,34599,55914,
456,131,131,131,131,131,131,131,131,131,131,5839,131,131,131,131,54102,35254,131,25071,59828,
457,131,131,131,131,131,131,131,131,131,131,27301,131,54173,22637,131,131,54652,131,50898,56726,
458,131,131,131,131,131,131,131,131,131,131,131,43785,47265,131,131,10163,131,131,131,13225,
459,131,131,131,131,131,131,131,131,131,131,14446,131,34622,131,131,24909,19539,50968,35582,21594,
460,131,131,131,131,131,131,131,131,131,131,51926,3616,131,1561,24303,54424,55047,131,131,40471,
461,131,131,131,131,131,131,131,131,131,131,27745,131,1157,50949,131,131,131,51949,19394,16784,
462,131,131,131,131,131,131,131,131,131,131,131,52303,17644,131,131,131,12387,50200,131,131,
463,131,131,131,131,131,131,131,131,131,131,43172,131,23007,131,33540,44273,51068,17685,51377,131,
464,131,131,131,131,131,131,131,131,131,131,131,131,131,131,27218,131,42571,30483,131,131,
465,131,131,131,131,131,131,131,131,131,131,10888,131,131,33394,131,131,42447,33362,131,131,
466,131,131,131,131,131,131,131,131,131,131,131,131,60440,56209,131,131,47668,11176,58436,58700,
467,131,131,131,131,131,131,131,131,131,131,131,131,55842,131,31542,131,46807,131,131,131,
468,131,131,131,131,131,131,131,131,131,131,131,37658,19244,131,23125,50554,131,13164,131,131,
469,131,131,131,131,131,131,131,131,131,131,131,54903,131,51486,131,27138,20728,51165,131,131,
470,131,131,131,131,131,131,131,131,131,131,131,131,131,54799,53359,131,131,19980,131,131,
471,131,131,131,131,131,131,131,131,131,131,46254,131,131,21705,131,18128,30459,131,17621,24153,
472,131,131,131,131,131,131,131,131,131,131,131,53205,56148,11397,58214,24901,6533,131,131,131,
473,131,131,131,131,131,131,131,131,131,131,131,45364,131,25735,28866,131,131,47949,45200,131,
474,131,131,131,131,131,131,131,131,131,131,38659,131,131,131,59814,131,41382,131,50148,49682,
475,131,131,131,131,131,131,131,131,131,131,131,49705,131,51460,131,53124,47691,20382,53617,14649,
476,131,131,131,131,131,131,131,131,131,3414,60345,131,131,44214,24079,131,45155,11021,57722,131,
477,131,131,131,131,131,131,131,131,131,131,131,131,131,131,39230,131,131,10581,131,26919,
478,131,131,131,131,131,131,131,131,131,131,53903,21607,25437,131,131,25281,131,10215,131,131,
479,131,131,131,131,131,131,131,131,131,131,46416,41987,10554,131,13015,44633,131,47268,131,131,
480,131,131,131,131,131,131,131,131,131,131,12711,131,46567,131,131,131,131,48556,44102,131,
481,131,131,131,131,131,131,131,131,131,131,47950,131,55471,34814,131,131,58374,131,131,131,
482,131,131,131,131,131,131,131,131,131,131,131,131,131,49863,47366,131,48664,49619,131,131,
483,131,131,1332,131,131,131,131,1332,131,131,131,39443,44635,131,30936,46277,131,11243,131,131,
484,131,131,131,131,131,131,131,131,131,131,21425,33380,29208,131,131,27158,131,49321,58634,57237,
485,131,131,131,131,131,131,131,131,131,131,23430,11447,131,51305,131,40068,131,49034,19103,44683,
486,131,131,131,131,131,131,131,131,131,131,52809,131,24679,131,14411,39410,17195,131,131,131,
487,131,131,131,131,131,429,131,131,131,131,131,17122,54258,58202,131,53592,131,24935,12327,131,
488,131,131,131,131,131,131,131,131,131,131,131,131,15732,20095,131,59513,19484,52629,59708,131,
489,131,131,131,131,131,131,131,131,131,131,27049,131,131,131,131,47898,48084,131,57253,131,
490,131,131,131,131,131,131,131,131,131,131,55876,131,131,47689,131,32478,15932,20510,131,58367,
491,131,131,131,131,131,131,131,131,131,131,131,47306,13576,131,56436,15722,131,131,131,53482,
492,131,131,131,131,131,131,131,131,131,131,131,29472,131,12505,47410,57073,33754,22272,31649,16190,
493,131,131,131,131,131,131,131,131,131,131,48701,131,131,131,29453,131,53484,131,131,22045,
494,131,131,131,131,131,4599,131,131,131,131,29756,131,131,131,131,131,131,12577,42434,56384,
495,131,131,131,131,131,131,131,131,131,131,70584,36324,131,131,42559,20751,131,51196,34810,45197,
496,131,131,131,131,131,131,131,131,131,131,131,131,55113,14636,42455,131,48474,131,131,131,
497,131,131,131,131,131,131,131,131,131,131,20200,44741,131,131,131,24653,24147,131,46911,131,
498,131,131,131,131,131,131,131,131,131,131,20261,131,131,131,27575,131,131,131,57740,131,
499,131,131,131,131,131,131,131,131,131,131,48379,61370,131,15684,20538,131,131,131,131,131,
500,131,131,131,131,131,131,131,131,131,131,131,55657,131,22864,131,131,32466,58874,131,24774,
501,131,131,131,131,131,131,131,131,131,131,131,131,47137,131,17260,31437,47905,35966,131,131,
502,131,131,131,131,131,131,131,131,131,131,131,131,41814,131,38438,36264,131,51770,131,16310,
503,131,131,131,131,131,131,131,131,131,131,131,131,34990,14162,131,53848,131,21813,40030,23299,
504,131,131,131,131,131,131,131,131,131,131,40504,38303,31478,131,29233,131,131,60129,53501,131,
505,131,131,131,131,131,131,131,131,131,131,131,43357,131,131,38705,45881,43337,131,21151,131,
506,131,131,131,131,131,131,131,131,131,131,131,131,55248,131,51732,131,131,34657,131,32519,
507,131,131,131,131,131,131,131,131,131,131,131,26560,37659,131,131,56803,14519,131,27981,131,
508,131,131,131,131,131,131,131,131,131,131,131,131,131,131,57392,131,131,131,131,50141,
509,131,131,131,131,131,131,131,131,131,18264,16543,47027,52507,15576,131,131,131,28215,131,19044,
510,131,131,131,131,131,131,131,131,131,131,131,131,131,131,131,131,27951,131,131,131,
511,131,131,131,131,131,131,131,131,131,131,45192,131,131,49763,131,131,41417,131,131,60038,
512,131,131,131,131,131,131,131,131,131,131,131,41175,47550,131,131,131,131,131,34763,46750,
513,131,131,131,131,131,131,131,131,131,131,131,131,131,43255,53299,13394,53423,131,131,131,
514,131,131,131,131,131,131,131,131,131,131,12196,131,52246,131,53312,131,131,53974,44316,131,
515,131,131,131,131,131,131,131,131,131,131,30678,131,131,59000,33640,131,31971,131,55963,131,
516,131,131,131,131,131,131,131,131,131,131,52075,131,51952,131,51248,131,44174,131,131,131,
517,131,131,131,131,131,131,131,131,131,131,47053,131,53297,15048,131,19454,131,131,131,131,
518,131,131,131,131,131,131,131,131,131,131,131,131,27666,131,131,56654,131,131,131,131,
519,131,131,131,131,131,131,131,131,131,131,131,13266,53458,31747,12917,45574,131,131,14595,53618,
520,131,131,131,131,131,131,131,131,131,131,43742,31109,53809,54139,57760,131,131,53428,131,131,
521,131,131,131,131,131,131,131,131,131,131,42503,55768,59618,50720,131,59989,54120,131,39616,12530,
522,131,131,131,131,131,131,131,131,131,131,131,41119,131,31074,131,131,131,41277,42634,131,
523,131,131,131,131,131,131,131,131,131,131,131,25268,18908,46830,131,131,37678,131,10778,52370,
524,131,131,131,131,131,131,131,131,131,131,39069,39849,57582,131,60154,131,131,131,10917,20000,
525,131,131,131,131,131,131,131,131,131,131,131,131,46665,24012,131,131,46144,131,43149,10251,
526,131,131,131,131,6054,131,131,131,131,131,44810,131,131,131,13600,131,131,131,131,131,
527,131,131,131,131,21252,131,131,131,131,131,46499,54538,131,57492,60571,22621,131,53100,131,131,
528,131,131,131,131,131,131,131,131,131,131,21762,131,131,14608,38824,24995,29945,131,19593,131,
529,131,131,131,131,131,131,131,131,2617,131,22299,52694,12750,19824,131,15774,44877,131,33580,52333,
530,131,131,131,131,131,131,131,131,131,131,35533,131,131,53372,22611,131,51190,25337,131,131,
531,131,131,131,131,131,131,131,131,131,131,35283,131,12484,25432,40298,15373,42946,43124,50448,53906,
532,131,131,131,131,131,131,131,131,131,131,131,131,131,131,41610,25399,42602,131,53489,131,
533,131,131,131,131,6430,6430,131,131,131,131,131,131,12377,47949,17337,46069,57822,131,57329,51112,
534,131,131,131,131,131,131,131,131,131,131,131,52783,46981,53610,42827,131,131,131,55524,10872,
535,131,131,131,131,131,131,131,131,131,131,15388,40692,131,131,131,60625,131,131,131,131,
536,131,131,131,131,131,131,131,131,131,131,131,131,49603,131,131,44053,45442,131,57847,57998,
537,131,131,131,131,131,131,131,131,131,131,131,131,50541,50943,61052,57335,39678,46166,131,11049,
538,131,131,131,131,131,131,131,131,131,131,131,131,35294,131,29132,33752,53751,13758,131,31166,
539,131,131,131,131,131,131,131,131,131,131,131,38467,131,48159,131,131,55866,10197,18301,131,
540,131,131,131,131,131,131,131,131,131,131,30510,131,131,26819,22170,49882,131,51945,55167,38757,
541,131,131,131,131,131,131,13916,131,131,131,18957,131,13758,39241,131,131,131,26799,10687,15428,
542,131,131,131,131,131,131,131,131,131,131,19775,131,18489,131,43270,131,18370,18709,131,51421,
543,131,131,131,131,131,131,131,131,131,131,53302,131,131,131,57095,131,42296,13647,131,27648,
544,131,131,131,131,131,131,131,131,131,131,12913,131,57829,45877,58676,13471,15145,52708,131,131,
545,131,131,10783,131,131,131,131,131,131,131,32744,58326,22128,131,54022,24704,131,131,131,131,
546,131,131,131,131,131,131,131,131,131,131,13993,36174,34755,131,131,58208,48064,41564,131,131,
547,131,131,131,131,131,131,131,131,131,131,20589,131,131,131,131,131,131,131,56728,131,
548,131,131,131,131,131,131,131,131,131,131,58567,29842,131,51466,40792,58336,131,56401,131,131,
549,131,131,131,131,131,131,131,131,131,131,131,131,131,58466,30971,57457,42771,131,131,48584,
550,131,131,131,131,131,131,131,131,131,131,49069,131,131,131,34168,131,41277,131,53375,18011,
551,131,131,131,20266,131,131,131,131,131,131,18062,131,131,43674,131,38758,131,30920,131,50564,
552,131,131,131,131,131,131,131,131,131,131,40312,59556,131,131,38251,49078,40850,131,131,131,
553,131,131,131,131,131,131,131,131,131,131,131,131,15786,131,47617,131,131,42289,26305,131,
554,131,131,131,131,131,131,131,131,131,131,53500,24653,37580,131,18124,54390,25205,131,131,47945,
555,131,131,131,131,131,131,131,131,131,131,131,131,51582,53474,131,34942,12652,131,131,131,
556,131,131,131,131,131,131,131,131,131,131,131,131,21900,131,131,26911,48477,50343,131,15703,
557,131,131,131,131,131,131,12007,131,131,131,12025,131,29435,131,131,38836,131,131,31635,131,
558,131,131,131,131,131,131,131,131,131,131,131,16366,131,131,27948,131,33737,18100,17888,51650,
559,131,131,131,131,131,131,131,131,131,131,131,131,131,11230,14484,13071,131,131,131,131,
560,131,131,131,131,131,131,131,131,131,131,39249,131,15941,131,28137,24047,51632,48045,131,53979,
561,131,131,131,131,131,131,131,131,131,131,131,12299,40835,11080,131,131,131,36006,56329,16895,
562,131,131,131,131,131,131,131,131,131,131,131,131,131,131,131,11616,131,131,131,131,
563,131,131,131,131,131,131,131,131,131,131,41413,131,131,131,131,131,14949,131,42942,131,
564,131,131,131,131,131,131,131,131,131,131,35790,30881,131,14551,58265,46981,45970,131,131,17796,
565,131,131,131,131,131,131,131,131,131,131,131,17699,18207,131,131,35378,13444,33183,32145,131,
566,131,131,131,131,131,131,131,131,131,131,131,55175,131,52957,47234,56061,28357,37923,131,10974,
567,131,131,17473,131,131,131,131,131,131,131,131,131,55890,131,15383,131,131,131,39422,131,
568,131,131,131,131,131,12734,131,131,131,131,131,46145,131,131,49818,16592,131,18537,131,13675,
569,131,131,131,131,131,131,131,131,131,131,131,52195,18893,131,23406,131,39982,131,131,58045,
570,131,131,131,131,131,131,131,131,131,131,131,131,131,131,131,56301,131,131,56427,51298,
571,131,131,131,131,131,131,131,131,131,131,42972,11490,131,131,20826,131,32964,131,21050,53844,
572,131,131,131,131,131,131,131,131,131,131,131,131,131,131,131,16567,131,131,15421,49224,
573,131,131,131,131,131,131,131,131,131,131,42169,131,131,131,131,131,131,131,46293,46926,
574,131,131,131,131,131,131,131,131,131,131,25311,37668,35706,131,131,47300,131,131,131,13440,
575,131,131,131,131,131,131,131,131,131,131,131,26640,12726,131,131,131,51689,131,131,52836,
576,131,131,131,131,131,131,131,131,131,131,131,45114,131,131,131,49828,11228,131,131,48823,
577,131,131,131,10827,131,131,131,131,131,131,131,131,131,131,14946,131,59305,131,131,16236,
578,131,131,131,131,131,131,131,131,131,131,131,131,131,51644,131,131,58235,48203,131,131,
579,131,131,131,131,131,131,131,131,131,131,53377,131,41482,37934,131,131,131,131,131,55530,
580,131,131,131,131,131,131,131,131,131,131,131,22158,131,50000,131,19578,131,43403,26897,131,
581,131,131,18792,131,131,131,131,131,131,131,131,52373,56587,131,10907,55287,46685,27104,54036,131,
582,131,131,131,131,131,131,131,131,131,131,131,131,131,54341,27978,40841,131,57740,28783,131,
583,131,131,131,131,131,131,131,131,131,131,131,131,131,27866,131,131,131,56105,131,131,
584,131,131,131,131,131,131,131,131,131,131,131,55142,131,36984,42797,131,131,55748,27778,131,
585,131,131,131,131,131,131,131,131,131,131,131,131,10491,131,131,131,131,43818,35947,10940,
586,131,131,131,131,131,131,131,131,131,131,43193,44434,49773,58853,131,131,131,131,131,38421,
587,131,131,131,131,131,131,131,131,131,131,131,131,131,31082,15008,131,56351,25114,131,20667,
588,131,131,131,131,131,131,131,131,131,131,60037,131,41695,52189,131,10059,131,131,34348,131,
589,131,131,131,131,131,131,131,131,131,131,131,131,27335,14389,37007,131,10297,131,131,131,
590,131,131,131,131,131,131,131,131,131,131,50513,53178,36603,131,131,54598,131,131,131,18444,
591,131,131,131,131,131,131,131,131,131,131,131,24252,21549,131,59065,12361,131,11838,49593,16163,
592,131,131,131,131,131,131,131,131,131,131,54067,51082,131,54624,52460,38897,46767,131,131,131,
593,131,131,131,131,131,131,131,131,131,131,36444,131,131,131,131,58662,38306,131,56558,131,
594,131,131,131,131,131,131,131,131,131,131,131,131,131,131,131,60285,16054,131,27822,51836,
595,131,131,131,131,131,131,131,131,131,131,131,131,15929,51071,131,131,131,15766,131,50703,
596,131,131,131,131,131,131,131,131,131,131,45634,21090,60698,131,131,131,21126,131,51753,131,
597,131,131,131,131,131,131,131,131,131,131,131,131,131,54866,37238,54842,131,39173,55387,19762,
598,131,131,131,131,131,131,131,131,131,131,56638,131,27451,35535,131,131,131,131,131,57482,
599,131,131,131,131,131,131,131,131,131,131,131,131,54500,131,131,131,46186,36934,36274,26146,
600,131,131,131,131,131,131,131,131,131,131,56956,55432,17031,131,24197,52141,131,21496,131,131,
601,131,131,131,131,131,131,131,131,131,131,55976,38925,131,131,30994,131,53054,131,131,42825,
602,131,131,131,131,131,131,131,131,131,131,131,131,131,131,35084,131,28165,30975,131,58817,
603,131,131,131,131,131,131,131,131,131,131,131,19424,52978,34404,131,131,131,131,41912,131,
604,131,131,131,131,131,131,131,131,131,131,53953,131,58226,131,131,131,57277,30580,17062,131,
605,131,131,131,131,131,131,131,131,131,131,41992,131,18322,35126,131,55702,35642,37648,19830,40074,
606,131,131,131,131,131,131,131,131,131,131,131,131,49854,131,50242,131,26431,131,41844,131,
607,131,131,131,131,131,131,131,131,131,131,131,10419,131,54328,131,131,131,131,131,131,
608,131,131,131,131,131,131,131,131,131,131,131,27100,131,50264,23436,131,33029,131,44416,44012,
609,131,131,131,131,131,131,131,131,131,131,131,131,131,53800,131,23668,131,31969,48871,131,
610,131,131,131,131,131,131,131,131,131,131,30196,131,42805,131,40557,131,131,12180,46545,131,
611,131,131,131,131,131,131,131,131,131,131,131,33748,32831,131,131,131,23884,131,10797,42867,
612,131,131,131,131,131,131,131,131,131,131,50094,131,131,48044,48383,131,53640,10860,131,131,
613,131,131,131,131,131,131,131,131,131,131,23971,131,131,131,131,53137,131,131,131,17851,
614,131,131,131,131,131,131,131,131,131,131,57719,131,131,131,131,131,57903,48524,16796,131,
615,131,131,131,131,131,131,131,131,131,131,44978,131,41855,131,51442,11305,131,131,131,54771,
616,131,131,131,131,131,131,131,131,131,131,18229,12133,131,44935,131,33485,131,18503,131,52445,
617,131,131,131,131,131,131,131,131,131,131,51232,55426,53992,44264,131,131,131,131,131,51703,
618,131,131,131,131,131,19492,131,11363,131,11363,48178,131,131,131,53089,131,131,131,41654,54165,
619,131,131,131,131,131,131,131,131,131,131,131,131,30777,58269,131,131,43486,1632,49017,46912,
620,131,131,131,131,131,131,131,131,131,131,131,131,131,25598,131,131,46849,131,56879,44172,
621,131,131,131,131,131,131,131,131,131,131,131,16230,53106,21055,131,25428,131,20302,11449,131,
622,131,131,131,131,131,131,131,131,131,131,131,53168,131,131,49214,131,37871,45062,27604,30405,
623,131,131,131,131,131,131,131,131,131,131,131,53881,54284,55038,131,131,131,54204,30838,131,
624,131,131,131,131,131,131,131,131,131,131,17741,53046,131,9764,1834,131,131,131,131,131,
625,131,131,131,131,131,131,131,131,131,131,131,131,131,31722,131,131,131,131,131,52946,
626,131,131,131,131,131,131,131,131,131,131,8110,35966,47850,20182,45651,131,37891,53199,131,131,
627,131,131,131,131,131,131,131,131,131,131,131,131,16642,24094,36792,18493,45067,31396,131,131,
628,131,131,131,131,131,131,131,131,131,131,57404,56005,46432,44913,13754,131,35975,131,50757,15522,
629,131,131,131,131,131,131,131,131,131,131,131,56175,131,22991,19773,131,18346,17193,131,50115,
630,131,131,131,131,131,131,131,131,131,131,131,131,131,131,131,59254,131,131,131,50316,
631,131,131,131,131,131,131,131,131,131,131,131,10575,131,41448,45212,11168,54284,131,47356,31216,
632,131,131,131,131,131,131,131,131,131,131,131,26702,52837,35337,131,131,131,14218,34873,51835,
633,131,131,131,131,131,131,131,131,131,131,35358,30957,23597,131,131,131,131,131,14898,131,
634,131,131,131,131,131,131,131,131,131,131,52395,49314,19576,13985,131,36567,57874,40886,131,131,
635,131,131,131,131,131,131,131,131,131,131,131,131,131,131,131,131,131,15951,131,131,
636,131,131,131,131,131,131,131,131,131,131,131,131,131,28467,48760,41932,131,40144,131,131,
637,131,131,131,131,131,131,131,131,131,131,35511,50113,17764,47562,131,43858,131,56150,131,26498,
638,131,131,131,131,131,131,131,131,131,131,32854,30988,131,39369,25890,131,52565,33766,30486,27375,
639,131,131,131,131,131,131,131,131,131,131,47695,131,36112,40805,53401,131,131,131,131,56281,
640,131,131,131,131,131,11982,131,131,131,131,131,131,131,131,131,23979,47084,131,131,131,
641,131,131,131,131,131,131,131,131,131,131,131,53949,131,25328,131,47799,131,48289,53610,131,
642,131,131,131,131,131,131,131,131,131,131,131,131,23111,131,48635,131,131,31175,131,131,
643,131,131,131,131,131,131,131,131,131,131,42887,131,24774,37601,131,131,131,17940,54724,131,
644,131,131,131,131,131,131,131,131,131,131,131,49389,51028,131,131,37076,131,131,47880,52811,
645,131,131,131,131,131,131,131,131,131,131,55193,131,131,48908,50783,131,131,131,131,131,
646,131,131,131,131,131,131,131,131,131,131,131,131,57057,23829,131,131,131,131,131,131,
647,131,131,131,131,131,131,131,131,131,131,131,10559,40409,33648,131,131,131,15273,32901,131,
648,131,131,131,131,131,131,131,131,131,131,53180,131,131,131,131,49267,131,131,58050,131,
649,131,131,131,131,131,131,131,131,131,131,47558,131,131,61000,58279,131,131,14202,40552,131,
650,131,131,131,131,131,131,131,131,131,131,47058,47920,131,50587,131,131,131,131,54025,131,
651,131,131,131,131,131,131,131,131,131,131,32427,53427,131,131,31104,26358,131,11799,131,131,
652,131,131,131,131,131,131,131,131,131,131,58111,131,39048,13865,131,52566,15844,35927,131,22834,
653,131,131,131,131,131,131,131,131,131,131,12201,29266,131,34765,30887,131,36392,60163,50155,47246,
654,131,131,131,131,131,131,131,131,131,131,131,131,131,131,24035,131,42547,131,48322,35704,
655,131,131,131,131,131,131,131,131,131,131,131,131,131,131,28488,22205,17416,131,131,131,
656,131,131,131,131,131,131,131,131,131,131,131,131,10979,22181,52583,131,22630,23668,41570,131,
657,131,131,131,131,131,131,131,131,131,131,24905,39348,25704,49727,131,131,47290,131,131,131,
658,131,131,131,131,131,131,131,131,131,131,46640,131,10920,58579,12291,131,46840,131,50828,11848,
659,131,131,131,131,131,131,131,131,131,131,131,131,131,131,57505,42802,54970,45078,131,25121,
660,131,131,131,131,131,131,131,131,131,131,131,38064,131,131,131,56533,131,131,131,131,
661,131,131,131,131,131,131,131,131,131,131,131,51752,131,131,37131,52935,11369,51269,131,59376,
662,131,131,131,131,131,131,131,131,131,131,33376,131,17344,131,55038,131,131,53071,50340,131,
663,131,131,131,131,131,131,131,131,131,131,14809,22970,56007,131,29464,46779,18318,131,52077,22460,
664,131,131,131,131,131,131,131,131,131,131,131,43798,31087,43549,15121,32530,11896,131,59321,57583,
665,131,131,131,131,131,131,131,131,131,131,131,131,49869,53512,897,47026,18749,131,45382,15459,
666,131,131,131,131,131,131,131,131,131,131,15529,131,131,131,131,131,38319,17931,131,50037,
667,131,131,131,131,131,131,131,131,131,131,131,28481,131,48205,131,17259,49725,131,35415,52298,
668,131,131,131,131,131,131,131,131,131,131,38861,131,49714,131,131,131,131,131,56843,131,
669,131,131,131,131,131,131,131,131,131,131,131,131,34066,131,50635,131,51655,45503,131,56934,
670,131,131,131,131,131,131,131,131,131,131,12062,56694,53875,131,48601,131,131,131,2801,58078,
671,131,131,131,131,131,131,131,131,131,131,53015,54921,131,131,131,52773,131,49608,45953,131,
672,131,131,131,131,131,131,131,131,131,131,131,40127,26067,43475,50776,131,131,41252,51633,54877,
673,131,131,131,131,131,131,131,131,131,131,131,56781,131,131,131,131,131,40820,36807,54568,
674,131,131,131,131,131,131,131,131,131,131,53930,35857,34090,131,131,33532,28090,131,131,52335,
675,131,131,131,131,131,131,131,131,131,131,43899,41581,131,58345,131,20561,30132,131,131,131,
676,131,131,17921,17921,131,131,131,131,131,131,131,131,131,17962,54734,131,131,131,131,43354,
677,131,131,131,131,131,131,131,131,131,131,45156,131,13107,131,42815,131,131,131,131,131,
678,131,131,131,131,131,131,131,131,131,131,131,131,131,51502,56586,40476,131,47726,131,131,
679,131,131,131,131,131,131,131,131,131,131,27848,131,35071,52460,12349,12413,28075,131,28630,131,
680,131,131,131,131,131,131,131,131,131,131,131,40852,131,55998,11589,43988,131,131,54080,34235,
681,131,131,131,131,131,131,131,131,131,131,40502,51332,131,131,131,57073,17939,131,37624,131,
682,131,131,131,131,131,131,131,131,131,131,131,131,11405,131,131,131,57883,131,131,36673,
683,131,131,131,131,131,131,131,131,131,131,31559,24401,131,51245,131,131,131,131,28536,131,
684,131,131,131,131,131,131,131,131,131,131,131,131,131,15654,26816,131,58093,131,30325,54934,
685,131,131,131,131,131,131,131,131,131,131,131,131,131,12712,131,131,47698,13253,56643,56170,
686,131,131,131,131,131,131,131,131,131,131,131,52390,27691,131,16734,131,131,6625,131,131,
687,131,131,131,131,131,131,131,131,131,131,131,48184,52941,131,10642,42026,43192,131,131,34589,
688,131,131,131,131,131,131,131,131,131,131,38626,45135,131,131,131,42003,131,131,131,131,
689,131,131,131,131,131,131,131,131,131,131,49711,131,34827,131,131,131,131,33332,131,131,
690,131,131,131,131,131,131,131,131,131,131,10999,131,59293,6474,131,11577,131,131,54426,131,
691,131,131,131,131,131,131,131,131,131,131,131,27084,51826,131,48802,131,10969,131,32812,131,
692,131,131,131,131,131,131,131,131,131,11057,20870,131,51326,131,58162,131,131,34074,131,11650,
693,131,131,131,131,131,131,131,131,131,131,25013,42001,20461,55556,131,26869,131,131,23513,18665,
694,131,131,131,131,131,131,131,131,131,131,11113,32158,42777,13668,21807,131,131,131,131,131,
695,131,131,131,131,131,131,131,131,131,131,131,33041,131,131,131,21325,36489,131,131,40735,
696,131,131,131,131,131,131,131,131,131,131,131,131,131,131,31820,131,131,131,31506,131,
697,131,131,131,131,131,131,131,131,131,131,131,131,131,39717,131,131,55639,21693,48600,131,
698,131,131,131,131,131,131,131,131,131,131,10750,131,131,131,46081,131,131,131,36221,36763,
699,131,131,131,131,131,131,131,131,14162,131,7712,20090,16957,131,54314,131,131,131,26428,28532,
700,131,131,131,131,131,131,131,131,131,131,131,131,26018,40471,25418,131,32278,26648,131,49254,
701,131,131,131,131,131,131,131,131,131,131,55485,131,131,131,13614,11741,39233,51179,22733,50393,
702,131,131,131,131,131,131,131,131,131,131,43054,131,16894,26511,55683,131,131,18237,42242,53327,
703,131,131,131,131,131,131,131,131,131,131,38798,45247,131,21769,131,131,23871,52198,131,13189,
704,131,131,131,131,131,131,131,131,131,131,131,55613,131,58310,131,52028,29991,56618,131,18598,
705,131,131,131,131,131,131,131,131,131,131,48996,131,131,131,55375,131,41288,131,45606,131,
706,131,131,131,131,131,131,131,131,131,131,131,131,131,131,131,52867,56254,131,55878,45618,
707,131,131,131,131,131,131,131,131,131,131,29783,53940,131,131,26531,23084,33962,131,56756,29164,
708,131,131,131,131,131,131,131,131,131,131,17842,44444,11959,131,45572,131,3287,11934,23202,35940,
709,131,131,131,131,131,131,131,131,131,131,20900,131,131,131,53682,46283,43753,23315,36514,47193,
710,131,131,131,131,131,131,131,131,131,131,131,131,56965,131,47457,48613,131,16945,48196,131,
711,131,131,131,131,131,131,131,131,131,131,13963,22417,29504,131,131,42080,27781,131,131,49091,
712,131,131,131,131,131,131,131,131,131,131,131,131,47081,59749,131,39847,131,51779,131,131,
713,131,131,131,131,131,131,131,131,131,131,51413,14030,131,11620,131,57132,43784,24096,26787,37123,
714,131,131,131,131,131,131,131,131,131,131,131,17803,131,131,42090,36220,43447,21878,10244,17378,
715,131,131,131,131,131,131,131,131,131,131,131,131,17295,131,15185,131,131,36606,38492,48901,
716,131,131,131,131,131,131,131,131,131,131,15665,20442,21566,44846,50925,131,131,131,40767,131,
717,131,131,131,131,131,131,131,131,131,131,37483,131,37368,52822,39376,51510,49294,27834,131,39841,
718,131,131,131,11893,131,131,131,131,131,131,131,32841,36401,14625,29266,131,15553,131,131,131,
719,131,131,131,131,131,131,131,131,131,131,131,131,53639,46020,131,42161,51409,131,131,131,
720,131,131,131,131,131,131,131,131,131,131,16900,131,10561,131,131,53240,131,131,131,131,
721,131,131,131,131,131,131,131,131,131,131,48546,17588,131,131,131,10341,131,131,131,37418,
722,131,131,131,131,131,131,131,131,131,131,13000,131,39153,131,131,131,131,45289,131,131,
723,131,131,131,131,131,131,131,131,131,131,33443,46492,131,131,131,46748,131,131,131,58330,
724,131,131,131,131,131,131,131,131,131,131,131,55702,131,131,12296,131,51160,48995,131,131,
725,131,131,131,131,131,131,131,131,131,131,58214,131,131,131,131,18371,131,44456,131,20196,
726,131,131,131,131,131,131,131,131,131,131,131,131,131,131,131,131,18233,131,131,131,
727,131,131,131,131,131,131,131,131,131,131,131,35712,131,41939,52958,131,131,27888,17025,131,
728,131,131,131,131,131,131,131,131,131,131,54509,56943,131,51392,131,131,23786,18103,131,54564,
729,131,131,131,131,131,131,131,131,131,131,33541,131,131,47577,131,30277,131,131,57290,131,
730,131,131,131,131,131,131,131,131,131,131,20570,131,42703,131,131,131,34639,131,22060,131,
731,131,131,131,131,131,131,131,131,131,131,131,20453,35388,131,16099,16289,39105,131,22018,131,
732,131,131,131,131,131,131,131,131,131,131,21043,57978,131,131,131,131,131,131,131,40856,
733,131,131,131,131,131,131,131,131,131,131,131,51460,131,57297,45848,51749,57216,131,15177,131,
734,131,131,131,131,131,131,131,131,131,131,131,49757,41966,25765,131,131,21273,40403,131,131,
735,131,131,131,131,131,131,131,131,131,131,48548,45617,26409,50482,56643,131,131,38985,61058,35814,
736,131,131,131,131,131,131,131,131,131,131,13742,131,131,39104,131,10851,10414,39695,27756,131,
737,131,131,131,131,131,131,131,131,131,131,131,55811,131,26469,131,131,131,131,131,50890,
738,131,131,131,131,131,131,131,131,131,131,46502,131,131,131,25189,131,131,131,5441,131,
739,131,131,131,131,131,131,131,131,131,131,131,131,131,131,3995,50633,56811,50304,41633,131,
740,131,131,131,131,131,131,131,131,131,131,45248,131,51578,27201,33294,14984,131,43259,49617,45430,
741,131,131,131,131,131,131,131,131,131,131,19245,57156,56934,131,131,131,131,11860,131,34056,
742,131,131,131,131,131,131,131,131,131,131,35987,52973,131,57903,31569,131,131,24047,18340,131,
743,131,131,131,131,131,131,131,131,131,131,38137,18376,11396,18801,131,30500,29016,131,31208,48391,
744,131,131,131,131,131,131,17868,131,17868,131,35818,131,131,131,131,131,131,28025,29026,37728,
745,131,131,131,131,131,131,131,131,131,131,131,131,131,49033,131,30886,131,131,131,131,
746,131,131,131,131,131,131,131,131,131,131,131,34251,44665,56608,131,131,131,131,56773,48885,
747,131,131,26382,131,131,131,131,131,26382,131,33135,32427,131,50176,41019,131,131,131,56797,131,
748,131,131,131,131,131,21208,131,131,131,131,56822,50637,11819,45977,131,131,45906,44163,131,35454,
749,131,131,131,131,131,131,131,131,131,131,131,51420,16093,131,61713,131,29256,131,33698,40858,
750,131,131,131,131,131,131,131,131,131,131,131,131,131,131,131,131,57936,131,20825,46973,
751,131,131,131,131,131,131,131,131,131,131,14792,57408,42127,131,131,131,43133,131,54541,27603,
752,131,131,131,131,131,131,16867,131,131,131,52434,131,131,39695,22821,131,131,131,53641,131,
753,131,131,131,131,131,131,131,131,131,131,131,46903,62079,23286,51668,49902,131,18547,131,13000,
754,131,131,131,131,131,131,131,131,131,131,131,53153,131,131,131,131,36188,27325,131,29231,
755,131,131,131,131,131,131,131,131,131,131,48969,22983,31800,41277,11378,52872,48462,40431,39518,131,
756,131,131,131,131,131,131,131,131,131,131,131,131,131,58191,131,27839,131,131,131,131,
757,131,131,131,131,131,131,131,131,131,131,46427,131,50631,131,38516,41710,131,50364,18132,131,
758,131,131,131,131,131,131,131,131,131,131,131,18315,22138,131,24196,131,131,131,12165,131,
759,131,131,131,131,131,131,131,131,131,131,131,131,131,38608,25172,23873,51324,56083,131,131,
760,131,131,131,131,131,131,131,131,131,131,131,131,44402,131,16170,35538,25370,16591,19313,131,
761,131,131,131,131,131,131,131,131,131,131,30174,131,131,43712,131,131,131,45400,131,51554,
762,131,131,131,131,131,131,131,131,131,131,131,131,131,50953,15359,18538,131,131,131,48673,
763,131,131,131,131,131,131,131,131,131,131,52719,58917,38285,47664,53426,131,39330,131,50054,131,
764,131,131,131,131,131,131,131,131,131,131,26823,131,131,32485,131,131,131,131,131,131,
765,131,131,131,131,131,131,131,131,131,131,33025,23881,40227,37715,21763,18541,131,36080,42530,24808,
766,131,131,131,131,131,131,131,131,131,131,131,131,17977,131,24801,38419,131,131,18902,131,
767,131,131,131,131,131,131,131,131,131,131,131,57209,53979,131,131,22774,48261,131,50508,131,
768,131,131,131,131,131,131,131,131,131,131,131,14329,131,131,131,33281,45280,50894,131,10578,
769,131,131,131,131,131,131,131,131,131,131,131,15675,38300,131,131,131,41860,30880,131,131,
770,131,131,131,131,131,131,131,131,131,131,54622,131,13467,49592,40335,52986,46807,131,38274,48161,
771,131,131,131,131,131,131,131,131,131,131,58045,38986,43179,131,131,39076,22711,58612,131,131,
772,131,131,131,131,131,131,131,131,131,131,40518,131,19842,131,56829,43018,131,43745,32723,131,
773,131,131,131,131,131,131,131,131,131,131,131,131,24255,33341,43330,131,131,131,54027,13741,
774,131,131,131,131,131,131,131,131,18595,131,15614,131,131,53555,25701,46601,53642,30628,131,131,
775,131,131,131,131,131,131,131,131,131,131,131,131,50875,47501,131,44645,15844,131,131,34567,
776,131,131,131,131,131,131,131,131,131,131,131,56708,131,131,47223,56542,131,23119,5533,8542,
777,131,131,131,131,131,131,131,131,131,131,20462,30745,46115,58383,131,131,131,48235,131,131,
778,131,131,131,131,131,131,131,131,131,131,55007,131,131,131,36661,55933,131,13611,27027,131,
779,131,131,131,131,131,131,131,131,131,131,131,35770,10884,52160,131,53895,36579,131,131,131,
780,131,131,131,131,131,131,131,131,131,131,131,131,131,131,43430,47863,18008,35543,47726,131,
781,131,131,131,131,131,131,131,131,131,131,131,12620,55767,45306,60901,13293,131,57448,131,131,
782,131,131,131,131,131,131,131,131,131,131,50734,131,49545,131,131,131,13316,131,131,47955,
783,131,131,131,131,131,131,131,131,131,131,131,55922,131,131,131,131,131,42392,131,43987,
784,131,131,19702,131,131,131,19702,131,7875,131,131,131,131,47206,57957,23422,131,131,131,13638,
785,131,131,131,131,131,131,131,131,131,131,131,131,22047,39769,13302,54141,131,56201,36569,131,
786,131,131,131,131,131,131,131,131,131,131,36307,131,131,131,24945,52206,11337,11101,131,131,
787,131,131,131,131,131,131,131,131,131,131,30562,54994,131,131,131,15127,131,53633,44745,44174,
788,131,131,131,131,131,131,131,131,131,131,37123,131,58115,15092,131,131,131,36350,30033,131,
789,131,131,131,131,131,131,131,131,131,131,131,44829,45972,44925,131,131,131,131,12070,131,
790,131,131,131,131,131,131,131,131,131,131,47188,32531,131,18407,54072,131,52749,131,131,131,
791,131,131,131,131,131,131,131,131,131,131,131,131,131,131,131,24656,42607,131,12657,131,
792,131,131,131,131,131,131,131,131,131,131,36401,131,55799,44265,30761,131,131,131,131,25427,
793,131,131,131,131,5257,131,131,131,131,131,43656,48525,131,131,131,25446,131,131,131,38779,
794,131,131,131,131,131,131,131,131,131,131,11806,12984,37318,131,54544,131,131,46983,131,57878,
795,131,131,131,131,131,131,131,131,131,131,47983,131,131,131,131,131,30590,131,131,47199,
796,131,131,131,131,131,131,131,131,131,131,131,25356,131,53106,131,29706,131,53804,131,14839,
797,131,131,131,131,131,131,131,131,131,131,131,36455,11652,131,131,131,50612,131,131,54099,
798,131,131,131,131,131,131,131,131,131,131,131,131,131,49828,17718,131,55466,131,57680,49863,
799,131,131,131,131,131,131,131,131,131,131,131,23660,131,131,43636,57012,131,42496,22947,131,
800,131,131,131,131,131,131,131,131,131,131,131,131,131,131,131,14026,131,131,46769,31294,
801,131,131,131,131,10322,131,131,131,131,131,37994,49493,131,44819,21851,29978,10680,131,44181,131,
802,131,131,131,131,131,131,131,131,131,131,131,58763,131,10024,131,131,131,131,131,40876,
803,131,131,131,131,131,131,131,131,131,131,36600,58608,27555,57135,131,131,131,131,55809,131,
804,131,131,131,131,131,131,131,131,131,131,18664,13994,47761,45821,46433,36589,46736,47205,46040,19242,
805,131,131,131,131,131,21398,131,131,131,131,45120,131,131,39094,10973,16447,131,54900,34734,14228,
806,131,131,131,131,131,131,131,131,131,131,22004,11340,131,131,131,131,131,56829,23659,131,
807,131,131,131,131,131,131,131,131,131,131,35698,131,56578,33298,131,58942,131,131,10779,54632,
808,131,131,131,131,131,131,131,131,131,131,48810,131,46588,18217,16391,131,10721,131,18884,53578,
809,131,131,131,131,131,131,131,131,131,131,52245,131,131,47088,131,60034,13498,45455,22792,131,
810,131,131,131,131,131,131,131,131,131,131,41001,131,25468,131,51500,48053,52971,131,15526,131,
811,131,131,131,131,131,131,131,131,131,131,131,38751,29765,50892,131,131,53416,13991,51075,131,
812,131,131,131,131,131,131,131,12412,131,131,49961,54335,22774,22383,131,131,27267,131,57916,131,
813,131,131,131,131,131,131,131,131,131,131,131,131,131,44151,131,22194,131,131,131,25255,
814,131,131,131,131,131,131,131,131,131,131,131,45717,23334,131,16772,51608,39465,45198,38405,131,
815,131,131,131,131,131,131,131,131,131,131,60378,131,131,48996,131,11239,131,131,46759,131,
816,131,131,131,131,131,131,131,13074,131,131,24197,131,52109,7699,131,131,131,131,131,131,
817,131,131,131,131,131,131,131,131,131,131,131,50648,131,28259,131,10816,27456,131,131,131,
818,131,131,131,131,131,131,131,131,131,131,131,54332,131,52651,48521,131,11895,34887,37156,56221,
819,131,131,131,131,131,131,131,131,131,131,131,131,131,131,131,131,52422,17138,13825,11091,
820,131,131,131,131,131,131,131,131,131,131,131,22710,131,131,58045,57573,19547,39896,33522,131,
821,131,131,131,131,131,131,131,131,131,131,131,20530,37508,17760,131,45757,131,55302,43490,131,
822,131,131,131,131,131,131,131,131,131,131,48142,47599,131,25715,131,131,46203,27668,131,131,
823,131,131,131,131,131,131,131,131,131,131,49886,32492,131,43806,59623,10433,56370,24747,46000,131,
824,131,131,131,131,131,131,131,22671,131,131,131,43587,20213,131,39724,12270,21572,23024,46864,131,
825,131,131,131,131,131,131,131,131,131,131,131,131,131,50974,131,131,131,56215,52301,131,
826,131,131,131,131,131,131,131,19498,19498,131,131,131,131,131,49190,24890,131,41203,131,28163,
827,131,131,131,131,131,131,131,131,131,131,26700,25692,31361,131,34902,131,131,131,11252,131,
828,131,131,131,131,131,131,131,131,131,131,131,51353,48252,47540,32979,1527,40858,131,131,131,
829,131,131,131,131,131,131,131,131,131,131,131,43592,19287,53517,131,131,131,51419,13309,131,
830,131,131,131,131,131,131,131,131,131,131,131,53683,131,131,131,131,131,57414,131,131,
831,131,131,131,131,16637,131,131,131,131,16637,32392,131,131,131,131,131,58343,131,131,131,
832,131,131,131,131,131,131,131,131,131,131,44510,131,131,131,131,30138,131,51783,14568,22824,
833,131,131,131,131,131,131,131,131,131,131,131,55467,35143,131,41126,26104,131,10157,43132,26558,
834,131,131,131,131,131,131,131,131,131,131,131,131,131,51513,131,131,131,37301,46468,57833,
835,131,131,131,131,131,131,131,131,131,131,15184,30514,131,12935,27547,131,131,42344,8207,45159,
836,131,131,131,131,131,131,131,131,131,131,131,27244,50990,51962,131,33955,131,33096,131,131,
837,131,131,131,131,131,131,131,131,131,131,44205,131,131,45973,57658,131,131,48728,131,57362,
838,131,131,131,131,131,131,131,131,131,131,36583,17588,131,131,57704,131,131,18856,18096,131,
839,131,131,131,131,131,131,131,131,131,131,131,59719,13225,131,35877,131,36935,50272,131,22509,
840,131,131,131,131,131,131,131,131,131,131,131,131,131,131,131,50336,18266,41040,131,131,
841,131,131,22842,131,131,131,131,131,131,131,29851,11249,45914,13033,131,131,41070,35629,131,60545,
842,131,131,131,131,30123,131,131,131,131,131,131,131,29909,131,131,22282,131,131,131,41553,
843,131,131,131,131,131,131,131,131,131,131,131,54334,25208,131,34164,58699,131,56472,50862,53211,
844,131,131,131,131,131,131,131,131,131,131,20966,51777,51444,131,49097,131,15003,55009,131,131,
845,131,131,131,131,131,131,131,131,131,131,131,131,131,14515,131,53238,52976,131,131,19576,
846,131,131,131,131,131,131,131,131,131,131,47189,38344,51586,19940,39486,27496,50659,39558,43878,59858,
847,131,131,131,131,131,131,131,131,131,17982,31934,45231,131,53489,29384,131,131,131,131,30248,
848,131,131,131,131,131,131,131,131,131,131,52842,42116,47400,41320,23780,40595,131,10776,43827,131,
849,131,131,131,131,131,131,131,131,131,131,131,131,131,40061,47796,131,55203,24935,50399,14745,
850,131,131,131,131,131,131,131,131,131,131,58736,131,28305,131,131,131,131,39701,10183,53417,
851,131,131,131,131,131,131,131,131,131,131,131,46023,21402,131,53900,131,131,55871,131,44512,
852,131,131,131,131,131,131,131,131,131,131,131,131,12897,131,55796,32820,131,131,131,131,
853,131,131,131,131,131,131,131,131,131,131,37075,131,131,131,50733,131,131,56782,30420,131,
854,131,131,131,131,131,131,131,131,131,131,131,131,131,21484,53869,55385,131,55015,131,131,
855,131,131,131,131,17395,131,131,131,131,131,15834,49106,11438,131,131,53863,46454,131,52364,131,
856,131,131,131,131,131,23162,19892,131,131,131,131,131,131,53957,21517,131,131,131,48120,131,
857,131,131,131,131,131,131,131,131,131,131,43057,131,34113,131,29594,15503,14713,49949,131,131,
858,131,131,131,131,131,131,131,131,131,131,131,51694,53952,131,15987,131,11940,23323,50341,131,
859,131,131,131,131,131,131,131,131,131,131,32844,131,15829,131,59489,131,16256,131,59193,27294,
860,131,131,131,131,131,131,131,131,131,131,54104,41994,131,131,131,14104,29875,131,131,131,
861,131,131,131,131,131,131,131,131,131,131,57994,24518,31531,35262,131,131,58073,131,51422,131,
862,131,131,131,131,131,131,131,131,131,131,131,131,36904,10592,55721,131,131,131,49082,131,
863,131,131,131,131,131,131,131,131,131,131,17397,131,38210,131,131,131,131,41569,131,50590,
864,131,131,131,131,131,131,131,131,131,131,18212,2063,131,131,43787,131,10024,43049,50897,131,
865,131,131,131,131,131,131,131,131,131,131,131,131,131,131,31477,131,131,54174,16394,131,
866,131,131,131,131,131,131,131,131,131,131,56844,44283,58843,131,131,29912,131,131,131,131,
867,131,131,131,131,131,131,131,131,131,131,36636,20163,131,131,131,40699,131,21548,131,13694,
868,131,131,131,131,131,131,131,131,131,131,58707,131,131,131,39324,29435,131,131,131,32896,
869,131,131,13866,131,131,131,131,131,131,131,131,131,131,131,60811,29454,15152,1454,131,58928,
870,131,131,131,131,131,131,131,131,131,131,131,131,42390,54806,38494,25116,19892,22680,48613,131,
871,131,131,131,131,131,131,131,131,11337,131,131,131,131,131,11916,131,50451,131,20231,60637,
872,131,131,131,131,131,131,131,131,131,131,131,32334,44171,131,13041,50031,53396,131,131,33258,
873,131,131,131,131,131,131,131,131,131,131,131,51084,25060,58091,131,10720,34778,131,23893,131,
874,131,131,131,131,131,131,131,131,131,131,131,33706,131,53808,13245,57675,24785,131,19361,29155,
875,131,131,131,131,131,131,131,131,131,131,131,131,25747,131,55413,43498,47865,33141,131,131,
876,131,131,5716,131,131,131,11363,131,131,131,11724,59127,59915,45548,131,131,131,54594,131,10195,
877,131,131,131,131,131,131,131,131,131,131,45533,37660,18172,131,131,34089,49473,26239,131,131,
878,131,131,131,131,131,131,131,131,131,131,51671,131,50447,57366,131,27636,55548,42064,56922,52011,
879,131,131,131,131,131,131,131,131,131,131,47388,22149,131,36380,56525,131,131,131,14176,376,
880,131,131,131,131,131,131,131,131,131,131,41987,131,38800,131,28139,131,55582,131,54155,21940,
881,131,131,131,131,131,131,131,131,131,131,46346,131,53857,131,60177,58084,31908,131,44396,131,
882,131,131,131,131,131,131,131,131,131,131,131,131,11580,131,45813,62190,28822,131,52672,131,
883,131,131,131,131,131,131,131,131,131,131,131,10024,131,131,131,131,59644,131,131,131,
884,131,131,131,131,131,131,131,131,131,131,14485,131,39052,131,39592,131,131,46445,56276,131,
885,131,131,131,131,131,131,131,131,131,131,131,131,16885,19984,42270,131,131,131,131,29828,
886,131,131,131,131,131,131,131,131,131,131,131,131,131,40919,131,11142,38106,57177,36209,131,
887,131,131,131,131,131,131,131,131,131,131,35149,45778,12044,131,39688,22734,131,54496,32440,131,
888,131,131,131,131,131,131,12425,131,131,131,131,131,54489,42017,131,131,131,55523,15168,38213,
889,131,131,131,131,131,131,131,131,131,131,33020,131,131,131,131,131,20316,131,131,131,
890,131,131,131,131,131,131,131,131,131,131,131,131,131,131,131,131,49466,131,61236,131,
891,131,131,131,131,13308,131,131,131,131,131,12452,131,36945,131,131,131,131,50183,131,131,
892,131,131,131,131,131,131,131,131,131,131,131,51472,46473,39398,45902,32187,52988,31323,49674,131,
893,131,131,131,131,131,131,17491,131,131,131,131,16753,48913,48704,131,131,50300,131,131,54796,
894,131,131,131,131,131,131,131,131,131,131,46418,51274,33544,48006,29613,38949,51992,131,43905,14547,
895,131,131,131,131,131,131,131,131,131,131,131,131,131,55946,131,131,131,34180,131,56726,
896,131,131,131,131,131,131,131,131,131,131,35912,131,37338,131,33761,131,131,131,131,45349,
897,131,131,131,131,131,131,131,131,131,131,131,131,131,42802,14238,21035,131,131,60157,131,
898,131,131,131,131,131,131,131,131,131,131,42874,10184,131,131,55344,131,131,25419,131,131,
899,131,131,131,131,131,131,131,131,131,131,54015,131,47840,51626,131,58719,25552,131,131,131,
900,131,131,131,131,131,131,131,131,131,131,131,36292,131,16768,51286,131,33215,25836,19555,131,
901,131,131,131,131,131,131,131,131,131,131,131,55975,131,131,131,131,55810,131,10924,131,
902,131,131,131,131,131,131,131,131,131,131,131,43896,131,131,20455,131,131,131,20570,131,
903,131,131,131,131,131,131,131,131,131,131,131,12765,131,131,32553,43084,59289,54570,131,131,
904,131,131,131,131,131,131,131,131,131,131,32300,50372,131,18185,131,131,11320,131,131,131,
905,131,131,131,131,131,131,131,131,131,131,131,44346,131,131,17966,56831,33403,131,54274,20356,
906,131,131,131,131,131,131,131,131,131,131,131,131,33978,131,131,33541,34791,55792,131,60176,
907,131,131,131,131,131,131,131,131,131,131,49921,131,52099,131,24954,40625,21839,131,45017,60332,
908,131,131,15180,131,131,131,131,131,131,131,56487,56651,26919,131,131,131,131,131,15986,30457,
909,131,131,131,131,131,131,131,131,131,131,131,131,50142,32128,40270,42537,131,131,131,13592,
910,131,131,131,131,131,131,131,131,131,131,23643,54480,131,37281,51671,54334,49221,57413,131,26370,
911,131,131,131,131,131,131,131,131,131,131,20769,131,131,131,131,15985,131,131,42014,10778,
912,131,131,131,131,131,131,131,131,131,131,16325,131,33983,131,131,20079,35458,131,131,39884,
913,131,131,131,131,131,131,131,131,131,131,131,20307,54896,47961,131,131,10987,131,131,24013,
914,131,131,131,131,131,131,131,17501,131,131,131,10948,16777,28687,131,38951,13437,131,17775,131,
915,131,131,131,131,131,131,131,131,131,131,49915,131,35261,53888,59539,131,131,131,58296,55727,
916,131,131,131,131,131,131,131,131,131,131,131,131,17332,12567,48893,29455,50906,131,21507,33210,
917,131,131,131,131,131,2478,131,131,131,131,131,51540,13374,131,131,56379,31452,47509,389,131,
918,131,131,131,131,131,131,131,131,131,131,55346,47517,45027,19546,131,131,131,131,14328,131,
919,131,131,131,131,131,131,131,131,131,131,131,50177,14659,131,53730,53906,51384,21887,131,38023,
920,131,131,131,131,131,131,131,131,131,131,13249,22505,131,131,60266,6084,14388,131,131,42651,
921,131,131,131,131,131,131,131,131,131,131,131,12055,131,131,59152,131,131,131,41831,10024,
922,131,131,131,131,131,131,131,131,131,131,131,13040,13517,131,131,131,55607,131,131,21298,
923,131,131,131,131,131,131,131,131,131,131,26243,34832,131,41292,131,131,131,28515,56901,50310,
924,131,131,131,131,131,131,131,131,14070,131,49567,16555,131,23115,27554,56470,131,131,131,131,
925,131,131,131,131,131,131,131,131,131,131,52296,28241,131,12060,45172,131,44709,131,50212,53954,
926,131,131,131,131,131,131,131,131,131,131,131,131,42519,20559,131,42007,131,131,131,51074,
927,131,131,131,131,131,131,131,131,131,131,30455,46814,131,131,52158,131,131,31820,27316,57948,
928,131,131,131,131,131,131,131,131,131,131,22369,131,50785,131,131,131,131,131,36838,33199,
929,131,131,131,131,131,131,131,131,131,131,131,131,131,131,45265,131,131,36930,131,131,
930,131,131,131,131,131,131,131,131,131,131,57334,35067,131,131,36582,131,58267,131,131,131,
931,131,131,131,131,131,131,131,131,131,131,27791,131,131,131,35999,131,131,131,26113,131,
932,131,131,131,131,131,131,131,131,131,131,131,44190,131,131,131,131,17368,131,25273,131,
933,131,131,131,131,131,131,131,131,131,131,131,18259,131,56512,131,131,131,42484,131,46591,
934,131,131,131,131,131,131,131,131,131,131,131,131,131,131,25302,131,131,49950,29754,59017,
935,131,131,131,131,131,131,131,131,131,131,131,131,131,32892,9357,22332,131,131,131,131,
936,131,131,131,131,131,131,131,131,131,131,60819,11571,47764,35997,20991,131,50288,131,131,131,
937,131,131,131,131,131,131,131,131,131,131,131,55321,47185,131,131,131,131,131,131,29894,
938,131,131,8880,131,131,131,131,131,131,131,131,52580,32840,38904,131,40266,29195,31537,20508,131,
939,131,131,131,131,131,131,131,131,131,131,131,131,131,131,131,131,131,131,131,131,
940,131,131,131,131,131,131,131,131,131,131,131,131,131,131,131,131,131,32252,29059,131,
941,131,131,131,131,131,131,131,131,131,131,10216,44538,36257,131,24291,131,49398,48874,131,26593,
942,131,131,131,131,131,131,131,131,131,131,54879,22231,52307,131,131,131,131,131,131,13298,
943,131,131,131,131,131,131,131,131,131,131,131,131,131,49631,131,44142,131,131,35860,131,
944,131,131,131,131,131,131,131,131,131,131,131,131,131,131,24972,131,34858,131,131,131,
945,131,131,131,131,131,131,131,131,131,131,11069,49836,44586,12882,131,14728,131,18456,131,48684,
946,131,131,131,131,131,131,131,131,131,131,43331,16655,25229,131,42000,131,131,49546,58768,131,
947,131,131,131,131,131,131,131,131,131,131,131,38857,19588,131,25979,35221,47294,53385,15661,7915,
948,131,131,131,131,131,131,131,131,131,131,36487,48743,131,131,34257,54644,61307,131,131,131,
949,131,131,131,131,131,131,131,131,131,131,131,54481,131,16269,131,131,17744,131,40186,30538,
950,131,131,131,131,131,131,131,131,131,131,131,34909,131,37586,131,131,131,18802,131,22751,
951,131,131,131,131,131,131,131,131,131,131,13427,131,19852,17460,56075,22994,131,27612,131,42053,
952,131,131,131,131,131,131,131,131,131,131,30153,37287,48269,31790,24510,52832,23824,24317,131,37862,
953,131,131,131,131,131,131,131,131,131,131,131,131,53905,131,11880,131,131,131,54635,57957,
954,131,131,131,21980,131,131,131,131,131,131,131,131,19937,24429,131,131,3218,11340,131,131,
955,131,131,131,131,131,131,131,131,131,131,131,46586,131,58597,131,37702,13765,22636,16149,131,
956,131,131,131,131,131,131,131,131,131,131,32821,131,131,131,131,56562,131,38134,131,131,
957,131,131,131,131,131,131,13776,131,131,131,53045,17689,131,51428,131,49062,131,52168,47768,131,
958,131,131,131,131,131,131,131,131,1453,131,48172,40745,12598,38984,57537,131,14445,131,54751,25745,
959,131,131,131,131,131,131,131,131,131,131,16727,47996,131,131,35709,131,45805,131,131,131,
960,131,131,131,131,131,131,131,131,131,131,58791,47499,131,131,56391,131,131,131,131,42008,
961,131,131,131,131,131,131,131,131,131,131,23361,131,131,32370,131,131,37073,21059,131,131,
962,131,131,131,131,131,131,131,131,131,131,131,131,131,131,53782,131,131,131,12974,59497,
963,131,131,131,131,131,131,131,131,131,131,45884,131,131,131,26825,38494,131,131,58550,131,
964,131,131,131,131,131,131,131,131,131,131,51917,131,40936,131,131,131,19493,47490,131,19592,
965,131,131,131,131,131,131,131,131,131,131,40700,131,131,51109,15571,131,50105,48262,15146,50267,
966,131,131,131,131,131,131,131,131,131,18797,131,41613,131,131,49881,45768,131,131,45389,53548,
967,131,131,131,131,131,131,131,131,131,131,27131,131,61067,131,131,131,131,131,11535,131,
968,131,131,131,131,131,131,131,131,131,131,20590,131,41803,3712,53548,131,49180,131,51157,45370,
969,131,131,131,131,131,131,131,131,131,131,16590,48868,131,131,47347,47522,57643,36657,12693,131,
970,131,131,131,131,131,131,131,131,131,131,28268,131,131,25400,131,131,131,131,56324,19624,
971,131,131,131,131,131,131,131,131,131,131,131,131,48056,33542,48015,131,131,48013,60456,131,
972,131,131,131,131,131,131,131,131,131,131,10829,59280,131,57447,54590,40279,131,44986,41506,15923,
973,131,131,131,131,131,131,131,131,131,131,53240,131,131,131,131,21460,37545,131,131,131,
974,131,131,131,131,131,131,131,131,131,131,54282,131,131,131,50552,131,131,131,131,131,
975,131,131,131,131,131,131,131,131,131,131,131,131,46255,131,50239,131,131,131,53598,45210,
976,131,131,131,131,131,131,131,131,131,131,13042,21543,131,44484,131,131,131,131,25498,44536,
977,131,131,131,131,131,131,131,131,131,131,131,52076,29238,22268,41818,43819,131,941,52963,131,
978,131,131,131,131,131,131,131,131,131,131,131,49938,131,131,131,43739,17021,41819,131,41683,
979,131,131,131,131,131,131,131,131,131,131,131,56400,53346,131,51914,46183,131,131,131,131,
980,131,131,131,131,131,131,131,131,131,131,131,131,20303,131,131,18368,12562,36630,131,20509,
981,131,131,131,131,131,131,131,131,131,131,131,131,131,131,131,131,53022,131,26930,43081,
982,131,131,131,131,131,131,131,131,131,131,10477,30690,131,53100,36041,131,131,131,56392,18929,
983,131,131,131,131,131,131,131,131,131,131,131,131,131,26127,131,131,48865,51159,131,42141,
984,131,131,131,131,131,131,131,131,131,131,131,131,25481,35398,26953,54961,43534,27838,131,131,
985,131,131,131,131,131,131,131,131,131,131,41604,40323,131,54155,131,48147,48987,34162,27522,131,
986,131,131,131,131,19781,131,131,131,131,131,131,50597,131,46833,131,47244,49577,131,131,131,
987,131,131,131,131,131,131,131,131,131,131,131,131,131,31203,131,45081,30502,131,131,131,
988,131,131,131,131,131,131,131,131,131,131,14473,131,131,49645,131,54813,42237,131,50990,1472,
989,131,131,131,131,131,131,131,131,131,131,22675,131,131,131,56518,131,20619,131,38337,131,
990,131,131,131,131,131,131,131,131,131,131,131,131,31085,19429,32643,49198,37729,22865,131,131,
991,131,131,131,131,131,131,131,131,131,131,57869,15262,12568,57059,131,58903,45409,57504,18922,35513,
992,131,131,131,131,131,131,131,131,131,131,31272,131,131,27369,13509,131,55760,131,131,131,
993,131,131,131,131,131,131,131,131,131,131,12785,29676,50990,43936,53322,131,52085,131,47187,131,
994,131,131,131,131,131,131,131,131,131,131,49342,42518,15932,131,55128,51878,50941,131,46379,131,
995,131,131,131,131,131,131,131,131,131,131,25645,131,131,55246,10287,16191,131,131,131,44124,
996,131,131,131,131,131,131,131,131,131,131,35018,131,22472,57645,131,131,131,131,131,131,
997,131,131,131,131,131,131,131,131,131,131,36603,131,131,131,60137,21002,52682,131,45371,15136,
998,131,131,131,131,131,131,131,131,131,131,44576,53207,131,48147,15048,131,131,131,131,131,
999,131,131,131,131,131,131,131,131,131,131,131,55561,131,36111,131,131,57732,131,131,131,
1000,131,131,131,131,131,131,131,131,131,131,131,131,24575,34590,131,43478,131,53765,131,131,
