1,2256,42283,34422,45256,15146,9588,390,10179,27365,50692,18765,40903,20120,5741,46688,37480,45464,2367,23325,5935,
2,390,390,4097,1704,3442,2004,515,6738,380,1860,29521,32347,1324,884,936,5205,3768,33926,38999,20157,
3,380,390,5245,3111,390,380,390,1230,1324,380,21060,31685,20748,18484,38173,390,13160,30488,8193,41303,
4,380,380,390,380,380,380,380,390,4620,380,7342,30552,576,52658,10812,19843,27451,13792,41042,36234,
5,380,380,390,380,380,380,380,7295,380,390,22766,2058,55350,318,29591,15383,1519,380,23529,7447,
6,318,380,380,380,380,318,380,380,318,380,14679,21992,44971,380,50836,380,57822,5810,1868,43327,
7,318,318,318,318,318,380,318,318,380,380,30295,380,15731,28850,1001,6305,48254,37938,13569,17380,
8,318,318,318,380,318,318,318,318,318,318,171,44937,21809,24742,16576,12097,318,1907,20019,4945,
9,171,318,318,318,318,318,318,171,318,171,19016,318,21669,48406,6000,2494,41063,6024,6504,5924,
10,171,171,318,318,171,6000,318,171,318,171,171,26223,19330,40356,18475,19837,42978,318,171,39132,
11,171,171,318,318,171,171,171,171,171,171,45943,171,171,36543,171,318,171,22402,20295,51084,
12,171,171,171,171,171,171,171,171,171,171,42941,171,26041,45586,47954,171,171,42831,50914,171,
13,171,171,171,171,171,171,171,171,171,171,37817,171,32151,19300,171,17495,9735,25808,171,171,
14,171,171,171,171,171,171,171,171,171,19300,57323,19450,171,17745,171,14609,171,32013,5800,171,
15,171,171,171,171,171,171,171,171,171,171,171,43454,171,25986,44628,171,23663,171,46771,24917,
16,171,171,171,171,171,171,171,171,171,171,171,14048,171,17522,171,12252,15839,171,29928,171,
17,171,171,171,171,171,171,171,171,39469,171,21263,171,26896,15066,171,171,171,18581,25892,51043,
18,171,171,171,171,171,171,2750,171,171,171,23942,40500,42051,17713,11033,30602,18019,171,10962,24513,
19,171,171,171,171,171,171,171,171,171,171,171,52857,10919,33697,16737,12395,34318,171,51600,171,
20,171,171,171,9363,171,171,171,171,171,171,39073,31660,1349,3334,11186,36447,171,171,171,171,
21,171,171,171,171,171,171,171,171,171,171,53570,13952,171,30860,171,171,47850,307,171,12102,
22,171,171,171,38371,171,171,171,171,171,171,47837,25063,16316,45907,39046,171,41655,27079,33340,171,
23,171,171,171,171,171,171,171,171,171,171,171,171,26712,12011,8922,28018,10597,171,56498,33347,
24,171,171,171,171,171,171,171,171,171,171,40297,19031,34976,171,49768,171,171,26018,171,171,
25,171,171,171,171,171,171,171,171,171,171,28272,46863,10959,54089,25087,56430,52095,34756,39352,36070,
26,171,171,171,171,171,171,171,171,171,171,13477,35449,935,36078,25253,24132,17411,47425,462,10033,
27,171,171,171,171,171,171,171,171,171,171,46389,171,40966,31489,47044,17768,171,42898,171,27056,
28,171,171,171,171,171,171,171,171,171,171,171,171,171,43071,171,43097,171,47605,4884,19282,
29,171,171,171,171,171,171,171,171,171,171,171,171,171,33137,171,13348,171,171,8710,34129,
30,171,171,171,171,171,171,171,171,171,171,32875,61078,171,16693,48257,56411,171,2642,33370,171,
31,171,171,171,171,171,171,171,171,171,171,44063,171,56734,171,171,171,171,42712,38048,50699,
32,171,171,171,171,171,171,171,171,171,171,171,46385,171,33582,50055,171,171,17065,45485,14067,
33,171,171,171,171,171,171,171,171,171,171,61434,39017,171,171,171,46638,10488,33545,39351,171,
34,171,171,171,171,171,171,171,171,171,171,39443,171,171,31220,171,49499,47477,171,42494,27243,
35,171,171,171,171,171,171,171,171,171,171,171,57283,171,257,171,171,24215,48019,11980,24107,
36,171,171,171,171,257,171,171,171,171,171,45228,171,37169,34138,171,171,171,45906,171,171,
37,171,171,171,171,171,171,171,171,171,171,29695,171,171,11964,171,44835,9839,171,171,34451,
38,171,171,171,171,171,9839,171,171,171,171,38205,46342,30508,13362,18247,43760,171,28382,55759,171,
39,171,171,171,171,171,171,17678,171,171,171,171,30928,171,39315,37118,171,31178,58334,10972,171,
40,171,171,171,171,171,171,171,171,171,171,171,171,38337,171,171,171,171,24701,35412,43366,
41,171,171,171,171,171,171,171,171,171,171,48940,23280,29349,37092,4443,12990,31148,20999,171,14759,
42,171,171,171,171,171,171,171,171,171,171,171,171,42084,313,171,171,37025,171,171,40640,
43,171,171,171,171,171,171,171,171,171,171,9640,25798,23583,171,43852,7888,37028,10509,24157,10891,
44,171,171,171,171,171,171,171,171,171,171,171,33192,171,46110,38932,30420,12948,26388,33148,171,
45,171,171,171,171,171,171,171,171,171,171,10016,37094,26267,53785,3424,28880,43212,29987,171,58080,
46,171,171,171,171,2650,171,171,171,171,171,52816,171,171,33636,8430,60723,1618,17399,36597,49736,
47,171,171,171,171,171,171,171,171,171,171,55767,171,49300,17687,36672,32251,27730,24312,1516,171,
48,171,171,171,171,171,171,171,171,171,24312,28690,54913,171,43048,33896,48367,171,171,50952,171,
49,171,171,171,171,11732,171,171,171,171,171,27839,45895,171,33338,171,21902,12960,171,23662,10511,
50,171,171,171,171,171,171,171,171,171,171,23054,57280,50832,171,4789,171,21680,17008,10912,171,
51,171,171,171,171,171,171,171,171,171,171,29579,19369,171,49722,39976,28137,37293,171,26858,18720,
52,171,171,171,171,171,171,171,171,171,171,48394,171,13483,26305,171,171,171,38077,28876,45906,
53,171,171,171,171,171,171,171,171,171,171,171,171,44409,31706,171,12462,59370,2953,2863,171,
54,171,171,171,171,171,171,171,171,171,171,4548,29835,49813,171,171,59606,42460,25432,51522,24264,
55,171,171,171,171,171,171,171,171,171,171,171,171,171,30932,18435,58877,171,171,171,52192,
56,171,171,171,171,171,171,171,171,171,171,171,2753,47211,29679,46897,10999,36690,171,171,171,
57,171,171,171,171,171,171,171,23885,171,171,171,40237,11360,171,33102,171,36264,8314,171,171,
58,171,171,171,171,171,171,171,171,171,171,171,11959,36577,171,2513,171,30957,22084,10282,54367,
59,171,171,171,171,171,171,171,171,171,171,28646,18276,5044,36268,43504,37253,3113,43298,171,171,
60,171,171,171,171,171,171,171,171,171,171,36908,57151,171,46316,50897,22154,171,40128,171,48921,
61,171,171,171,171,171,171,171,171,171,171,171,46227,26243,6818,43753,35422,52184,60132,171,27547,
62,171,171,171,171,171,171,171,171,171,171,171,171,35190,45116,56014,39074,171,11129,171,44429,
63,171,171,171,171,171,171,171,171,171,171,53969,32846,171,171,171,37477,171,10220,171,24292,
64,171,171,16500,171,171,171,171,171,171,171,171,39496,38262,30625,12901,42210,171,29542,16333,28672,
65,171,171,171,171,171,171,171,171,171,171,171,41248,773,171,43065,33348,44162,47664,50288,58995,
66,171,171,171,171,171,171,171,171,171,171,32105,41511,171,171,22693,171,38366,5233,6216,171,
67,171,171,171,171,171,171,171,171,171,171,41685,55778,44740,33851,59834,42611,44601,15063,9470,171,
68,171,171,171,171,171,171,171,171,171,171,51920,29249,171,40338,59355,171,171,29503,47969,171,
69,171,171,171,171,171,171,171,171,171,171,10985,43552,171,171,19610,39287,37226,34783,171,10552,
70,171,171,171,171,171,171,171,171,171,171,51712,29103,171,171,48450,171,171,44319,21880,44235,
71,171,171,171,171,171,171,171,171,171,171,9418,44856,171,171,55810,171,171,20299,171,54615,
72,171,171,171,171,171,171,171,171,171,171,5442,44887,18221,42236,6541,38627,171,48224,21943,27252,
73,171,171,171,171,171,171,171,171,171,171,171,14616,826,171,171,42036,33974,171,34018,171,
74,171,171,171,23107,171,171,171,171,171,171,3458,171,171,171,15977,32666,11039,171,12485,38689,
75,171,171,171,171,171,171,171,10769,171,171,171,43132,30095,17513,26345,8008,43082,171,3743,171,
76,171,171,171,171,171,171,171,171,171,171,52770,11550,22631,52273,50142,35482,38213,171,44017,24997,
77,171,171,171,171,171,171,171,171,171,171,171,23772,171,56495,17181,5189,32522,171,34974,171,
78,171,171,171,171,171,171,171,171,171,171,47703,171,36092,26839,171,46054,171,21670,171,6693,
79,171,171,3358,171,171,171,171,171,171,171,12972,47348,46142,4926,17492,171,51846,12461,171,13585,
80,171,171,171,171,171,171,171,171,171,171,5674,16236,171,171,171,46625,50830,483,171,29972,
81,171,171,171,171,171,171,171,171,171,171,44651,171,47627,51782,6583,28093,171,32210,42527,48160,
82,171,171,171,171,171,171,171,171,171,171,171,5386,57112,10099,41354,171,171,17183,13640,5509,
83,171,171,171,171,171,171,171,171,171,171,45594,3718,21397,171,171,42255,12670,16992,171,3149,
84,171,171,171,171,171,171,171,171,171,171,37712,171,171,17142,42535,171,171,14610,171,24146,
85,171,171,171,171,171,171,171,171,17369,171,11333,171,171,28399,19502,171,10450,38119,52554,15265,
86,171,171,171,171,171,171,171,171,171,171,171,27633,171,8395,15081,171,42088,171,37375,171,
87,171,171,171,171,171,171,171,171,171,171,36081,8117,3974,48798,171,6086,171,171,3141,171,
88,171,171,171,171,171,171,171,171,171,171,50573,17122,171,42721,171,30200,40716,7557,171,53649,
89,171,171,171,171,2099,171,171,171,171,171,47861,50569,32349,32383,2994,30559,13663,17060,22567,21803,
90,171,171,171,171,171,171,171,171,171,171,2911,4129,26077,69469,29436,33112,5849,28680,22532,171,
91,171,171,171,171,171,171,171,171,171,171,15913,18760,59196,37072,171,38033,171,21402,171,6097,
92,171,171,171,171,171,171,171,171,171,171,10679,171,171,2163,171,14903,14952,171,29280,47318,
93,171,171,171,171,171,171,171,171,171,171,56124,171,17207,171,28430,24721,11459,171,11562,35269,
94,171,171,171,171,171,171,171,171,171,171,39253,28140,14614,171,171,46539,42350,14737,31000,46869,
95,171,171,171,171,171,171,171,171,171,171,171,171,171,171,38580,171,171,53855,171,1979,
96,171,171,171,171,171,171,171,171,171,171,12105,51431,13141,18357,171,171,59135,7075,171,171,
97,171,171,171,171,171,171,171,171,171,171,22368,53494,21394,171,171,171,47672,56877,16346,44526,
98,171,171,171,171,171,171,171,171,171,171,13924,171,32405,19268,8857,26703,171,171,171,171,
99,171,171,171,171,171,171,171,171,171,171,171,39129,27454,171,3957,44384,44630,171,171,171,
100,171,171,171,171,171,171,171,171,171,171,171,171,27499,48375,52502,44198,28345,32380,171,38584,
101,171,171,171,171,171,171,171,171,171,171,24727,37660,171,20122,171,46333,36213,5496,32502,171,
102,171,171,171,171,171,171,171,171,171,171,35086,171,171,36889,20293,35242,171,171,171,171,
103,171,171,171,171,171,171,171,171,171,25889,11229,44546,22807,23319,5750,171,39741,57628,40254,42288,
104,171,171,171,171,171,171,171,171,171,171,45411,40412,171,43195,994,13786,171,43742,50362,171,
105,171,171,171,171,171,171,171,171,171,171,171,171,13890,14822,171,57183,30602,28088,171,171,
106,171,171,171,171,171,171,171,171,171,171,171,26351,45781,171,31081,43355,171,42659,35967,171,
107,171,171,171,171,171,171,171,171,171,171,6531,29542,6792,41393,54086,3444,2694,171,171,24108,
108,171,171,171,171,171,171,171,171,171,171,171,31087,44031,53159,13198,171,171,48903,171,24742,
109,171,171,171,24526,171,171,171,171,171,171,171,171,16626,21617,14627,53649,171,171,171,49209,
110,171,171,171,171,171,171,171,171,171,171,171,18736,26645,25879,171,12554,171,46066,48499,45282,
111,171,171,171,171,171,171,171,171,171,171,171,171,28248,39633,10221,13459,19317,171,56628,54368,
112,171,171,171,20485,171,14613,171,171,171,171,24175,171,20980,18741,1185,42720,8594,56731,22995,171,
113,171,171,171,171,171,171,171,171,171,171,10020,3610,12274,27720,171,45477,33036,22440,171,30165,
114,171,171,826,171,37242,171,171,171,171,171,652,171,7262,130,2190,171,171,31522,49956,18134,
115,130,171,171,171,130,130,171,171,171,171,13591,26455,10095,40527,44069,49897,130,171,171,171,
116,130,130,130,18257,130,130,130,130,130,171,130,130,171,18699,171,20359,43259,49981,48980,23906,
117,130,130,130,130,130,130,130,130,130,130,43561,130,49967,130,130,10559,130,40531,130,40593,
118,130,130,130,130,130,130,130,130,130,130,37104,48390,130,24947,130,30685,130,22295,30996,130,
119,130,130,130,130,130,130,130,130,130,130,33472,130,58727,130,130,130,16117,52839,4095,130,
120,130,130,130,130,130,130,130,130,130,130,44319,54372,130,130,20524,12292,52314,130,130,42146,
121,130,130,130,130,21228,130,130,130,130,130,51566,9728,21099,130,32525,130,58159,130,37078,31711,
122,130,130,130,130,130,130,130,130,130,130,51117,16052,130,57014,12021,38444,130,50108,40200,34572,
123,130,130,130,130,130,6104,130,130,130,130,55259,130,46903,48328,11592,422,27578,29833,43697,44362,
124,130,130,130,130,130,130,130,130,130,130,50622,130,28983,130,130,28112,15652,42971,19437,130,
125,130,130,130,130,130,130,130,130,130,130,130,23639,30837,130,130,130,49684,31752,8922,48596,
126,130,130,130,130,130,130,130,130,130,130,130,130,130,4588,45772,54720,36495,130,33386,52971,
127,130,130,130,130,130,130,130,130,130,130,130,23997,16121,130,7661,21675,34194,19361,130,34635,
128,130,130,130,130,130,130,130,130,130,130,33520,42190,54864,15035,130,130,130,33429,20326,130,
129,130,130,130,130,130,130,130,130,130,130,130,130,48337,50264,51432,41867,130,25971,130,42230,
130,130,130,16114,130,130,130,130,130,130,130,27697,55984,50295,18881,9687,47843,130,130,130,130,
131,130,130,130,130,130,130,130,130,130,130,33293,130,130,28510,9137,15861,57052,14763,26510,34338,
132,130,130,130,130,130,130,130,130,130,130,6279,25888,41522,60943,46914,130,130,29560,23072,130,
133,130,130,130,130,130,130,130,6279,130,130,46657,130,9644,8796,47175,10923,25926,130,32370,40895,
134,130,130,130,130,130,130,130,130,130,130,53382,130,16578,15035,45852,130,27543,14604,130,130,
135,130,130,130,130,130,130,130,130,130,130,130,59795,130,34731,55810,130,130,130,130,59314,
136,130,130,130,130,130,130,130,130,130,130,27675,39718,15542,130,130,33745,32057,130,130,41559,
137,130,130,29500,130,130,130,130,130,130,130,27075,39984,130,17699,47238,25700,51463,130,40848,16182,
138,130,130,130,130,130,130,130,130,130,130,11398,45669,10357,10118,34000,35549,16988,14374,24863,40301,
139,130,130,130,130,130,130,130,8084,130,130,45444,23052,4539,24657,9415,60764,130,7048,130,130,
140,130,130,130,130,130,130,130,130,130,130,52062,4788,130,58251,1719,4427,130,130,130,130,
141,130,130,130,130,130,130,130,130,130,130,6595,26316,15440,130,130,130,56968,47664,41685,41381,
142,130,130,130,130,130,130,130,130,130,130,130,57019,46222,48027,130,35707,5467,46336,21519,130,
143,130,130,130,130,130,130,130,130,130,130,45879,19513,56756,130,13040,36739,130,31773,42782,28464,
144,130,130,130,130,130,130,130,130,130,130,14851,130,8921,130,45848,130,718,42566,130,24981,
145,130,130,130,19296,130,130,130,130,130,130,19162,47819,130,130,23214,21443,56816,45480,6925,9048,
146,130,130,130,130,130,130,130,130,130,130,45598,30207,48339,130,9677,12366,2405,26274,34634,11725,
147,130,130,130,130,130,130,130,130,130,130,42318,58912,130,130,2066,130,2483,130,130,48020,
148,130,130,20951,130,130,130,130,130,19318,130,18369,2367,130,31253,53405,1083,130,52952,12804,28233,
149,130,130,130,1083,130,130,130,130,130,130,130,7484,130,6511,130,46224,48449,34501,39783,35066,
150,130,130,130,130,130,130,130,130,130,130,25157,22452,41655,58577,12062,44642,41722,53810,27268,53995,
151,130,130,130,130,999,130,130,130,130,130,43879,9333,130,43175,130,8285,49908,17527,130,130,
152,130,130,130,130,130,130,130,130,130,130,25673,7439,47234,42736,30584,521,40139,59908,42509,20572,
153,130,130,130,130,130,130,521,130,130,130,52643,8902,23772,21826,202,26228,49439,130,53841,56302,
154,130,130,130,130,130,130,130,130,130,130,130,59406,14909,48422,130,130,130,130,59630,130,
155,130,130,130,130,130,130,130,130,130,130,130,21023,45472,50217,46241,55337,42759,130,130,38888,
156,130,130,130,130,12196,130,130,11464,130,130,25822,130,33722,56641,18761,130,130,25878,130,130,
157,130,130,130,130,130,130,130,130,130,130,40765,130,50670,57843,130,1191,130,3163,40724,3872,
158,130,130,130,130,130,130,130,130,130,130,50599,20474,41704,26935,130,130,49679,28019,48146,45834,
159,130,130,130,130,130,130,130,130,130,130,130,52167,41032,130,56872,130,46467,130,29679,32989,
160,130,130,130,130,130,130,130,130,130,130,56488,51131,14549,37947,130,130,130,46760,47892,46099,
161,130,130,130,130,130,130,130,130,130,130,130,130,30719,14747,36655,130,48949,41702,55485,44158,
162,130,130,130,130,130,130,130,130,130,130,31522,130,130,30574,130,130,14138,36891,43849,130,
163,130,130,130,130,43005,130,130,130,130,130,130,130,6990,41995,37884,27526,39194,17934,130,30662,
164,130,130,130,130,130,130,130,130,130,130,58542,26174,130,30636,130,22266,130,45378,130,16738,
165,130,130,130,130,130,130,130,130,130,130,130,130,130,2345,43269,130,17868,38843,2666,3188,
166,130,130,130,130,130,130,130,130,130,130,11810,17563,3499,47335,44740,21994,47503,130,1100,32813,
167,130,130,130,130,130,130,130,130,130,130,51145,130,5195,38858,38554,4654,32599,13276,33652,764,
168,130,130,130,130,130,130,130,130,130,130,130,43842,1790,130,33807,10531,12281,130,49528,130,
169,130,130,130,130,130,130,130,130,130,130,12390,20423,49700,668,22029,43497,130,130,40500,30073,
170,130,130,130,130,130,130,130,130,130,130,14927,48174,130,20934,27127,52794,44160,130,31842,130,
171,130,130,130,130,130,130,130,130,130,130,22221,130,43402,2380,130,35401,10598,40839,130,23530,
172,130,130,130,130,130,130,130,130,130,130,26847,25420,10710,29808,130,38370,53295,130,31277,49192,
173,130,130,130,130,130,130,130,130,130,130,130,729,47891,130,41722,130,130,37076,4582,51909,
174,130,130,130,130,130,130,130,130,130,130,32807,41181,130,10795,34497,29355,13505,130,31803,130,
175,130,130,130,130,130,1082,130,130,130,130,36897,42359,32777,49497,130,50981,130,33039,13096,130,
176,130,130,130,130,130,130,130,10460,130,130,20672,38361,13405,40539,130,15544,40724,130,130,130,
177,130,130,130,130,130,130,130,130,130,130,28586,56756,37741,17194,30275,130,51545,130,32015,31730,
178,130,130,130,130,130,130,130,130,130,130,130,130,130,48565,41990,42581,29832,10063,38957,24754,
179,130,130,130,130,130,130,130,130,7796,130,22326,130,6763,130,27251,33599,21184,37315,2295,11663,
180,130,130,130,130,130,130,130,130,130,14784,56652,130,32877,27317,50062,15392,11557,43887,31801,130,
181,130,130,130,130,130,130,130,130,130,130,18818,130,130,130,7621,5389,43652,53395,130,26078,
182,130,130,130,130,130,130,130,130,130,130,130,22816,12679,42536,11831,5782,53693,37934,49654,130,
183,130,130,130,130,130,130,130,130,130,130,130,130,130,24439,130,130,27243,130,21966,130,
184,130,130,130,130,130,130,130,130,130,130,43220,31890,33769,20343,130,40975,130,36132,60535,50480,
185,130,130,130,130,130,130,130,130,130,130,50925,43136,41652,130,130,220,130,58808,130,26201,
186,130,130,130,130,130,130,130,130,130,130,48789,36457,130,25866,130,130,11698,34565,46200,32112,
187,130,130,130,11812,130,130,130,130,130,130,11937,5216,26305,34430,130,56035,130,51727,56259,130,
188,130,130,130,130,130,130,130,130,130,130,13068,8085,31454,130,22098,38309,130,40156,44087,46754,
189,130,130,130,130,130,130,130,130,130,37636,130,22231,37136,57349,130,130,130,130,24934,31066,
190,130,130,130,130,130,130,130,130,130,130,130,32928,36375,40411,41923,2653,130,27355,52648,26774,
191,130,130,130,130,130,130,130,130,130,130,19987,12302,33594,11623,60159,1496,54699,130,43731,49900,
192,130,130,130,130,130,130,130,6432,130,130,130,45231,42457,45613,130,130,48168,55894,42119,13276,
193,130,130,130,130,130,130,130,16414,130,130,35855,48302,130,47431,30227,130,36497,130,14323,130,
194,130,130,16128,130,130,130,130,130,16128,130,26630,130,27700,48850,11703,38720,14746,4481,130,37543,
195,130,130,130,130,130,130,130,130,26522,130,49578,47590,11289,49703,51718,19819,44042,48224,51324,11113,
196,130,130,130,29447,130,130,130,130,130,130,6071,130,2791,13864,10710,130,130,28849,6783,28904,
197,130,130,130,130,130,130,130,130,130,130,48053,52025,130,40132,130,32658,1848,58500,29982,23534,
198,130,130,130,130,130,130,130,130,130,130,130,130,59546,130,130,36417,57692,130,23595,55628,
199,130,130,130,130,130,130,130,130,1062,23595,16537,36835,45548,48413,60615,20712,130,58851,28390,37416,
200,130,130,130,130,130,1198,130,130,130,130,48515,39830,1379,52535,10308,130,50302,17308,2314,33388,
201,130,130,130,130,130,12561,130,130,130,130,13520,130,3583,55054,130,18941,130,22745,4535,18813,
202,130,130,130,130,130,130,130,130,130,130,49562,130,48393,44946,130,130,33331,44549,29158,40712,
203,130,130,130,130,130,130,130,130,130,130,29818,34280,35622,130,33458,23692,130,49379,198,11205,
204,130,130,130,130,130,130,130,130,130,5946,130,130,48965,17474,11305,130,130,40363,130,53294,
205,130,130,130,130,130,130,130,130,130,130,130,33308,130,130,44168,48715,130,8960,48705,23509,
206,130,130,130,130,130,130,130,130,130,130,43301,16269,130,43567,37473,33335,59494,22453,26742,59269,
207,130,130,130,130,130,130,130,130,130,130,130,58192,40384,130,10713,36204,6073,46428,16311,45964,
208,130,130,130,130,130,130,130,130,130,130,130,130,19938,130,11539,130,130,21215,57060,41774,
209,130,130,130,130,130,130,130,130,130,130,130,19989,17897,130,35919,130,14736,51434,130,48161,
210,130,130,130,130,130,130,130,130,130,130,39391,30368,58038,24328,30537,15033,40489,54743,130,56789,
211,130,130,130,130,130,130,130,130,130,130,20587,10641,37884,6628,48240,130,130,33512,33781,130,
212,130,130,130,130,130,130,130,130,130,130,130,56736,37372,24911,58546,61470,5689,12530,46352,10666,
213,130,130,130,130,130,130,130,130,130,130,130,2250,11948,34044,11601,24816,31024,130,33616,30664,
214,130,130,130,130,130,130,130,130,8814,130,130,22195,52116,130,53794,42813,21961,130,130,130,
215,130,130,130,130,130,130,130,130,130,130,22635,34277,130,130,38623,43244,14331,22074,130,15370,
216,130,130,130,130,130,130,130,130,130,130,37444,49213,130,13855,13960,21102,130,130,130,44604,
217,130,130,130,130,130,130,130,130,130,130,130,130,38100,11733,36029,40680,3806,14077,14825,130,
218,130,130,130,130,130,130,130,130,130,130,130,42288,18093,419,17060,58045,45373,11893,42483,130,
219,130,130,130,130,130,130,130,130,130,130,130,53726,17731,2437,10394,130,58764,130,130,130,
220,130,130,16537,130,130,130,130,130,130,130,130,53950,130,48383,47065,39268,24755,11291,130,130,
221,130,130,130,130,130,130,130,130,130,130,10753,130,36317,24927,43892,37520,30275,130,24371,47073,
222,130,130,130,130,130,130,130,130,130,130,130,47774,22559,130,130,46560,58651,36495,58587,130,
223,130,130,130,130,130,130,130,130,130,130,13539,130,130,10634,13762,39402,39363,53711,10861,24581,
224,130,130,130,130,130,130,130,130,130,130,41917,130,22333,56060,59562,42347,42806,14080,130,130,
225,130,130,130,130,130,130,130,130,130,130,21981,40766,130,41803,53665,50590,20375,46023,11119,130,
226,130,130,130,130,130,130,130,130,130,130,34140,12468,28918,130,35017,130,60168,15172,29604,49185,
227,130,130,130,130,130,130,130,130,130,130,41637,130,56959,130,43784,47068,130,130,42495,130,
228,130,130,130,130,130,130,130,130,130,130,979,130,130,41882,14350,130,8496,2880,6140,130,
229,130,130,130,130,130,130,130,130,130,130,8213,130,45761,47256,41776,26768,47254,55630,44659,37409,
230,130,130,130,130,130,130,130,130,130,130,130,54000,48827,130,1161,43404,30371,45694,10110,22674,
231,130,130,130,130,130,130,130,130,130,130,16887,130,49372,12800,14361,15760,21670,5779,48275,38605,
232,130,130,130,130,130,130,130,130,130,130,42443,29249,8659,16290,60770,130,130,130,130,52927,
233,130,130,130,130,130,130,130,130,130,130,11806,43673,130,130,12998,45613,14941,47178,130,15118,
234,130,130,130,130,130,130,130,130,130,130,130,59560,7110,59184,43372,130,130,130,130,14419,
235,130,130,130,130,130,130,130,130,16053,130,130,8894,10324,24916,130,19732,24462,12949,130,130,
236,130,130,130,130,130,130,130,130,130,130,130,130,52146,45293,12744,41242,50016,25491,3452,130,
237,130,130,130,130,130,130,130,130,130,130,130,56080,130,38983,31934,130,30644,130,60255,130,
238,130,130,130,130,130,130,130,130,130,130,13056,130,29457,44303,130,130,30091,57034,12354,27663,
239,130,130,130,130,130,130,130,130,130,130,130,130,45165,41906,130,43976,8757,52605,43658,17642,
240,130,130,4299,130,130,130,130,25133,130,130,6996,40710,31801,44509,41345,130,57701,14439,42048,34553,
241,130,130,130,14060,130,130,130,130,130,130,130,130,59766,61896,48467,34407,49327,19881,56489,44329,
242,130,130,130,130,130,130,130,130,130,130,130,130,54767,60293,16424,59813,30345,45206,49813,130,
243,130,130,130,130,130,130,130,130,130,130,48905,51612,130,52786,27986,130,55420,4296,41655,47607,
244,130,130,130,130,130,130,130,130,130,130,18713,41756,45534,10767,21425,49765,6354,130,49419,8072,
245,130,130,130,130,130,130,130,130,130,130,27613,52816,130,130,130,130,130,130,130,26576,
246,130,130,130,130,130,130,130,130,130,130,26454,56452,1369,130,20010,38427,27888,130,13148,130,
247,130,130,130,130,130,130,130,130,130,130,5332,7915,130,45187,41211,39948,32823,22915,10291,2431,
248,130,130,130,130,130,20432,130,130,130,130,12730,130,10996,39172,130,130,22064,42551,12129,27435,
249,130,130,130,130,130,130,130,130,130,130,8983,40650,19547,18227,44209,40980,130,130,130,130,
250,130,130,130,130,130,130,130,130,130,130,53543,44122,130,46706,130,130,11215,3602,49177,24590,
251,130,130,130,130,130,130,130,130,130,31828,47420,31838,48078,130,863,52594,130,130,130,24558,
252,130,130,130,130,130,130,130,130,130,130,8001,130,25993,18856,2427,130,48116,36094,45597,49088,
253,130,130,130,130,130,130,130,130,130,130,34423,18309,30673,41711,24458,44283,130,2097,33701,49804,
254,130,130,130,130,130,130,130,130,130,130,130,43485,38156,17292,130,46595,24659,130,130,22670,
255,130,130,130,130,130,130,130,130,130,130,51920,42524,130,130,130,13867,40458,25874,43396,44162,
256,130,130,130,130,130,130,130,130,130,130,130,57326,34120,6692,47850,4913,43602,45308,43384,27361,
257,130,130,130,130,130,130,130,130,130,130,46018,27042,130,31567,130,59897,48597,130,23752,44748,
258,130,130,130,130,130,130,130,130,130,130,1347,26555,130,6266,17805,40557,130,130,49722,41824,
259,130,130,130,130,130,130,130,130,130,130,130,24798,58993,130,36709,61177,43556,37642,130,43483,
260,130,130,130,130,130,130,130,130,130,130,41999,27829,130,130,56346,130,34170,130,21226,130,
261,130,130,130,130,130,130,130,130,130,130,130,130,36679,130,19447,11525,26750,47589,16271,42189,
262,130,130,130,130,5874,130,130,130,130,130,48097,29644,194,41404,32743,130,15148,130,14802,22041,
263,130,130,130,130,130,130,29882,130,130,130,9882,7098,130,44942,50801,130,31352,130,130,24667,
264,130,130,130,130,130,130,130,130,130,130,51254,130,130,22353,53312,2097,45995,130,130,46472,
265,130,130,130,130,130,130,130,130,130,130,46714,46253,30645,50798,130,38255,31996,49977,130,130,
266,130,130,130,130,130,130,130,130,130,130,39152,16261,43469,47456,47666,51807,5444,33586,53172,130,
267,130,130,130,130,130,130,130,130,130,130,33493,44836,130,130,46986,130,8988,130,17217,130,
268,130,130,130,130,130,130,130,130,130,130,19454,130,3798,41925,26271,41765,44361,34673,130,130,
269,130,130,27434,130,130,130,130,130,130,130,5329,130,3730,15297,130,8088,130,130,50706,130,
270,130,130,130,130,130,130,130,130,130,130,130,15278,130,130,130,34958,25843,130,130,130,
271,130,130,130,130,130,130,130,130,130,130,22733,13231,42571,38230,130,130,25824,47518,50169,130,
272,130,130,130,130,130,130,130,130,130,130,19071,49448,130,16730,19775,1915,58775,130,29267,27376,
273,130,130,130,130,130,130,130,130,130,130,130,26045,33926,20561,130,32313,130,37130,60426,47306,
274,130,130,130,130,130,130,130,130,8078,130,130,130,130,28141,41488,130,38219,24542,53489,40806,
275,130,130,130,130,4898,130,130,130,130,130,3551,130,16208,13879,130,53648,130,130,130,130,
276,130,130,130,130,130,130,130,130,130,130,2301,48753,58491,7214,3710,36766,45205,37008,130,48148,
277,130,130,130,130,130,130,130,130,130,130,25393,130,130,55862,13814,39329,4040,130,37526,58027,
278,130,130,130,130,130,130,130,130,130,130,1779,59727,26567,12594,38531,18823,8833,18867,30326,346,
279,130,130,130,130,130,130,130,130,130,130,130,8489,46472,130,130,59594,130,130,29823,130,
280,130,130,130,130,130,130,8489,130,130,130,22826,130,130,130,130,43669,23587,130,130,38337,
281,130,130,130,130,130,130,130,130,130,130,30279,40822,58320,130,130,130,130,19260,130,49324,
282,130,130,130,130,130,130,130,130,130,130,19771,130,29470,130,35384,130,130,6311,130,130,
283,130,130,130,130,130,130,130,130,130,130,18954,26065,42246,36819,34906,24209,130,56558,130,130,
284,130,130,130,130,130,130,130,130,130,8384,130,130,130,35840,130,43805,15808,54914,130,22531,
285,130,130,130,130,130,130,130,130,130,130,32524,37584,130,44856,130,24501,24484,48173,4785,130,
286,130,130,130,130,130,130,130,130,130,130,41720,130,38720,130,13287,130,130,51398,51534,130,
287,130,130,130,130,130,130,130,130,130,130,48594,42458,16854,42655,130,13986,51282,39871,29072,31148,
288,130,130,130,130,130,130,130,130,130,130,32653,11766,16025,20762,130,48217,37824,11291,14186,40962,
289,130,130,130,130,130,130,130,130,130,130,130,130,21912,130,53275,32423,47978,130,130,21283,
290,130,130,130,130,130,130,130,130,130,130,130,19601,130,11617,45411,130,45384,55140,130,1985,
291,130,130,130,130,130,130,130,130,130,130,2558,54486,130,33011,25319,130,130,21386,35855,14541,
292,130,130,130,130,130,130,130,130,130,130,31878,56433,8031,44517,130,38978,2249,15568,130,14460,
293,130,130,130,130,130,130,130,130,130,130,20391,45698,36602,12888,130,130,23570,44316,41280,130,
294,130,130,130,130,130,130,130,130,130,130,130,30650,43130,38158,130,17202,45651,5334,43608,130,
295,130,130,130,130,130,130,130,130,130,130,1620,130,40185,130,130,56232,31408,4030,32582,54560,
296,130,130,130,130,130,130,130,130,130,130,11865,130,130,130,130,56534,130,47294,42392,10183,
297,130,130,130,130,130,130,130,130,130,130,44363,49300,43059,130,45117,26844,7736,8106,54735,51487,
298,130,130,130,130,130,130,130,130,130,130,130,34411,130,130,56746,6764,130,130,41204,38422,
299,130,130,130,130,6764,130,130,130,130,130,130,130,10783,46830,51950,27303,3304,32756,30441,41917,
300,130,130,130,130,130,28269,130,130,130,130,10514,130,130,130,130,46694,32401,130,32768,19875,
301,130,130,130,130,130,130,130,130,130,130,29656,40499,130,130,130,130,48444,49963,17569,14463,
302,130,130,130,130,130,130,130,130,130,130,56860,54056,59086,45322,30568,13487,130,39095,1702,22330,
303,130,130,130,130,130,130,130,130,130,130,39769,130,27088,33440,130,130,41318,6009,130,130,
304,130,130,130,130,130,130,130,130,130,130,32446,130,6078,32393,31878,30245,11933,3294,130,130,
305,130,130,130,130,130,130,130,130,130,130,130,10868,130,19617,57184,57248,130,130,31422,968,
306,130,130,130,130,130,130,130,130,130,130,35857,130,56586,40634,53490,2191,130,58562,130,27571,
307,130,130,130,130,130,130,130,130,130,130,130,22713,25599,14752,24311,130,20971,16927,130,130,
308,130,130,130,130,130,130,130,130,130,130,46696,130,14141,32302,924,4059,38682,130,130,130,
309,130,130,130,130,130,130,130,130,130,130,130,16799,1373,19566,20394,130,44972,14394,47391,44968,
310,130,130,130,130,130,130,130,130,130,130,2689,17127,41681,21382,130,41706,130,60084,32982,40383,
311,130,130,130,130,130,130,130,130,130,130,54154,130,130,44212,130,21603,13580,130,22020,17828,
312,130,130,130,130,130,130,130,130,130,130,35558,24974,10045,223,130,130,43399,50478,42095,29029,
313,130,130,130,130,130,130,5140,130,130,130,130,40469,40122,15353,37641,130,130,27115,130,25265,
314,130,130,130,130,130,130,130,130,130,130,2899,33670,33443,130,130,130,48096,34608,40828,49531,
315,130,130,130,130,130,130,130,130,130,130,130,130,130,17117,19451,44126,42220,22779,45879,50516,
316,130,130,130,130,130,130,130,130,130,130,57580,43494,42152,27352,51618,41878,130,8561,130,14797,
317,130,130,130,130,130,130,130,130,130,130,11209,46604,2856,130,130,40791,41688,130,957,53194,
318,130,130,130,130,130,130,130,130,130,130,43967,26102,3447,130,26942,130,4169,54154,22590,16085,
319,130,130,130,130,130,130,130,130,130,130,27178,13247,38583,46656,1611,130,28832,130,26092,28094,
320,130,130,130,130,130,130,130,130,130,130,130,25812,130,130,33973,15470,25669,42317,57998,32511,
321,130,130,130,130,130,130,130,130,130,130,130,48459,57747,27315,46553,22617,10275,130,130,23621,
322,130,130,130,130,130,130,130,130,130,130,49677,45338,130,41395,59909,130,43812,47136,20963,56206,
323,130,130,130,130,130,130,130,130,130,130,27702,30362,38612,19601,130,27907,30282,130,130,21666,
324,130,130,11853,130,130,130,130,130,130,130,52041,130,20915,130,130,55707,49347,31360,19676,18268,
325,130,130,130,130,130,130,130,130,130,130,34279,130,130,52046,130,130,11842,130,16531,55158,
326,130,130,130,130,130,130,130,130,130,130,130,130,130,20521,19389,130,35775,52747,10230,130,
327,130,130,130,130,130,130,130,130,130,130,23674,43247,130,130,28166,28368,130,44110,48382,21679,
328,130,130,130,53955,130,130,130,130,130,130,20624,130,130,54559,130,130,130,22114,130,130,
329,130,130,130,130,130,130,130,130,130,130,30442,59099,130,57556,130,3583,24409,130,130,26245,
330,130,130,130,130,130,130,130,130,130,130,37004,36033,130,13756,41827,130,12055,21887,27659,41287,
331,130,130,130,130,130,130,130,130,130,130,130,130,130,19425,5358,28843,130,130,38928,53508,
332,130,130,130,130,130,130,130,130,130,130,49686,37885,130,130,40190,15467,130,35349,130,36595,
333,130,130,130,130,130,130,130,130,130,130,130,48163,29305,130,40568,25201,48964,130,17266,24766,
334,130,130,130,130,130,130,130,130,130,18485,130,25389,48770,45925,37116,25171,19077,21139,24244,130,
335,130,130,130,130,130,130,130,130,130,130,130,18766,36028,39115,56779,16700,130,4138,48702,130,
336,130,130,130,130,130,130,130,130,130,130,29447,30343,130,25653,32546,130,130,130,44760,357,
337,130,130,130,130,130,130,130,130,130,130,130,48983,23589,13154,2574,130,130,40622,58206,130,
338,130,130,130,130,130,130,130,130,130,130,52833,21411,130,55327,130,36272,130,130,46438,37354,
339,130,130,130,130,130,130,130,130,130,130,26204,21072,774,130,28471,42585,14844,1623,38479,13873,
340,130,130,130,130,130,130,130,130,130,130,25784,55839,21004,34835,9462,39173,18502,30599,35934,49404,
341,130,130,130,130,130,130,130,130,130,130,130,17367,130,58586,49140,39799,21365,130,15789,130,
342,130,130,130,130,130,130,130,130,130,130,130,2166,38817,10152,40704,130,44049,130,3195,130,
343,130,130,130,130,130,130,130,130,130,130,55776,130,37508,46499,17180,130,4344,7639,130,14479,
344,130,130,130,130,130,130,130,130,130,130,16262,130,10291,57871,130,130,30828,48141,1762,130,
345,130,130,130,130,130,130,130,130,130,130,56161,130,26361,130,10297,30887,130,24546,130,2744,
346,130,130,130,130,130,130,130,130,130,130,11094,130,9087,57146,4318,42186,30820,49268,7768,24840,
347,130,130,130,130,130,130,130,130,130,130,24796,130,130,50105,130,130,4329,35811,38479,19317,
348,130,130,130,130,130,130,130,130,130,130,41510,57768,130,130,130,130,14927,130,5195,130,
349,130,130,130,130,130,130,130,130,130,130,18848,130,41675,29789,130,31963,25108,45317,29918,130,
350,130,130,130,130,130,130,130,130,130,130,130,57327,10984,49812,13980,40988,130,52627,130,31233,
351,130,130,130,130,130,130,130,130,130,130,130,24558,17014,49784,130,130,130,31719,45623,54125,
352,130,130,130,130,130,130,130,130,130,130,31651,51639,130,130,130,130,130,3673,39834,36627,
353,130,130,130,130,130,130,130,130,130,31651,130,3839,130,36121,23964,12333,130,130,36309,49754,
354,130,130,130,130,130,130,130,130,130,130,49787,130,31845,130,130,130,8364,130,2751,50692,
355,130,130,130,130,130,130,130,130,130,130,29342,23251,32729,12355,55629,130,29046,25168,130,130,
356,130,130,130,130,130,130,130,130,130,130,45366,23536,60478,42703,35666,31397,130,13251,23315,11097,
357,130,130,130,130,130,130,130,130,130,130,130,34679,7814,45392,12429,49853,130,53065,130,5692,
358,130,130,130,130,130,130,130,130,130,25217,130,35193,23928,42513,46827,22575,27457,130,5217,43426,
359,130,130,130,130,130,130,130,130,130,130,130,3049,15120,53264,1095,48715,60416,16701,20493,20098,
360,130,130,130,130,130,130,130,130,130,130,130,130,27077,31990,130,130,22501,48496,24561,58143,
361,130,130,130,130,130,130,130,130,130,130,130,130,12720,18420,130,50787,18345,1623,26532,6206,
362,130,130,130,130,130,130,130,130,130,130,59595,47150,27684,56795,42996,37213,130,51020,130,28774,
363,130,130,130,130,130,130,204,130,130,130,11068,18530,130,130,38420,45928,57943,10762,130,41394,
364,130,130,130,130,130,130,130,130,130,130,55779,130,130,8374,24795,2617,44779,130,30943,130,
365,130,130,130,130,130,130,130,130,130,130,57575,17540,130,130,39515,130,130,26133,130,12605,
366,130,130,130,130,130,130,130,130,130,130,31485,130,130,17993,13506,43905,14076,130,130,50777,
367,130,130,130,130,130,130,130,130,130,130,48756,59291,130,25569,31488,48338,130,28415,31856,35436,
368,130,130,130,130,130,130,130,130,130,130,8298,130,7312,22950,130,130,43905,130,525,32965,
369,130,130,130,130,130,130,130,130,130,130,7066,43862,59226,57424,6585,56115,130,3690,130,15336,
370,130,130,130,130,130,130,130,130,130,130,45196,130,130,130,55882,36741,21702,48584,130,34734,
371,130,130,130,130,130,130,130,130,130,130,130,11861,17213,130,52355,43925,47694,23355,50606,40588,
372,130,130,130,130,130,130,10534,130,130,130,130,45361,26326,29354,10157,14019,23536,56610,18623,130,
373,130,130,130,130,130,130,130,130,130,130,130,31028,27120,22904,41859,39116,45550,130,130,130,
374,130,130,130,130,130,130,130,130,130,130,46045,12376,17316,54916,53614,130,24611,130,39243,130,
375,130,130,130,130,130,130,130,130,130,130,37018,35330,130,130,16180,33700,44307,33412,46599,22681,
376,130,130,130,130,130,130,130,130,130,130,11240,28682,130,38208,22225,130,34560,130,6146,1193,
377,130,130,130,130,130,130,130,130,130,130,29542,38963,130,19444,46485,32933,51191,11116,36172,14760,
378,130,130,130,130,8970,130,130,130,130,130,38009,40893,41699,130,48537,130,12765,22222,25307,59280,
379,130,130,130,11299,130,130,130,130,21873,130,26389,130,130,130,10621,24536,2452,24958,21182,15045,
380,130,130,130,130,130,130,130,130,130,130,48748,49855,130,44603,130,53453,31370,27793,42777,130,
381,130,130,130,130,130,130,130,36627,130,130,43919,25115,14863,14925,41197,52221,130,130,34812,40820,
382,130,130,130,130,130,130,130,130,130,130,130,47471,5621,11334,130,27728,130,48854,31289,130,
383,130,130,130,130,130,130,130,130,130,130,130,45406,58443,36752,130,31414,130,130,17820,2073,
384,130,130,130,130,130,130,130,130,130,130,6574,130,130,49684,130,14378,130,130,13560,33144,
385,130,130,130,130,130,130,130,130,130,130,130,20568,130,55977,16939,130,15823,48322,130,14595,
386,130,130,130,130,130,130,130,130,130,130,130,130,130,130,130,11096,130,130,130,2238,
387,130,130,130,130,130,130,130,130,130,130,35039,11580,51657,130,31229,130,45066,130,35681,46518,
388,130,130,130,130,130,130,1279,130,130,130,45075,20448,36835,130,29724,130,11153,23370,44946,23929,
389,130,130,130,130,130,130,130,130,130,130,41753,32418,24958,130,21307,25754,20361,12565,30134,42705,
390,130,130,130,130,130,130,130,130,130,130,12572,130,29919,130,42201,130,130,130,19208,17315,
391,130,130,130,130,130,130,130,130,130,130,47813,26590,130,22724,130,130,130,42202,130,19409,
392,130,130,130,130,130,130,130,130,130,130,130,5196,130,19529,130,40219,18378,29652,59289,130,
393,130,130,130,130,130,130,130,130,130,130,18490,130,130,29102,51664,49358,33283,10068,30779,51223,
394,130,130,130,130,130,130,130,130,130,130,40329,130,130,130,130,24236,130,38896,43758,46916,
395,130,130,130,130,130,130,130,130,130,16475,26584,44112,130,29636,20800,12174,18654,36352,26157,130,
396,130,130,130,130,130,130,130,130,130,130,8137,130,23833,130,130,36524,32089,45547,130,39995,
397,130,130,130,130,130,130,130,130,130,130,4163,44131,29997,130,2213,49401,130,47813,10890,19831,
398,130,130,2168,130,130,130,130,130,130,130,17065,59640,35814,39997,45868,30401,27924,50792,130,130,
399,130,130,130,130,130,130,130,130,130,130,52179,130,130,375,18408,4875,24854,44616,50668,130,
400,130,130,130,130,130,130,130,904,130,130,130,16984,130,23412,10772,130,10938,43330,40161,130,
401,130,130,130,18931,130,57984,130,130,130,130,130,23192,130,4240,35341,130,47958,28291,26179,60550,
402,130,130,130,130,130,130,130,130,130,130,7015,13098,55572,41790,45680,18569,26359,38043,46804,59676,
403,130,130,130,130,130,130,130,130,130,130,130,35188,34065,19961,43955,13461,26675,130,130,130,
404,130,130,130,130,130,23559,130,130,130,130,130,39539,27247,40464,130,37191,45043,130,29984,51740,
405,130,130,130,130,6058,130,130,130,130,130,3823,130,22846,130,51683,25237,6209,25363,18571,11503,
406,130,130,130,130,130,130,130,130,130,130,130,9714,130,49765,46560,130,42509,12244,130,130,
407,130,130,130,130,130,130,130,130,130,130,47390,130,40593,130,130,11412,130,53496,14212,130,
408,130,130,130,130,130,130,130,130,130,130,26573,58395,40933,130,10535,39674,1683,30587,130,38519,
409,130,130,130,130,130,130,130,130,130,130,41145,130,38029,130,130,130,19231,130,42959,44636,
410,130,130,130,130,130,130,130,130,130,130,11834,130,130,12237,36497,26441,8653,130,38221,25330,
411,130,130,130,130,130,130,130,130,130,130,130,21185,28626,130,130,13559,130,37032,130,130,
412,130,130,130,130,130,130,130,130,130,130,130,38000,42000,20303,130,130,130,45723,130,130,
413,130,130,130,130,130,130,130,130,130,130,57406,130,47888,130,130,130,27801,130,29131,1772,
414,130,130,130,130,130,130,130,130,9387,130,13944,33818,26759,1601,11215,24303,45429,130,14871,24371,
415,130,130,130,130,130,130,130,130,130,130,23910,130,130,49646,21794,130,48972,39292,130,130,
416,130,130,130,130,130,130,130,130,130,130,130,29124,32687,130,130,130,130,32224,130,45038,
417,130,130,130,130,130,130,1849,130,130,130,14361,130,971,130,130,28766,14060,37310,4526,56746,
418,130,130,130,130,130,130,130,23547,130,130,130,28158,48746,5731,33387,933,46051,40979,55775,48054,
419,130,130,130,130,130,130,130,130,130,7430,55044,38504,19233,13357,58621,14334,130,130,130,36702,
420,130,130,130,130,130,130,130,130,130,130,130,130,34848,16693,130,130,34347,28609,54417,130,
421,130,130,130,130,130,130,130,130,130,130,130,48810,130,29855,130,53879,130,130,33012,130,
422,130,130,130,130,130,130,130,130,130,130,25616,50164,32703,130,18305,14377,10872,37926,46778,32845,
423,130,130,130,130,130,130,130,130,130,130,27672,39391,130,20233,130,3435,11918,38721,19781,33767,
424,130,130,130,130,130,130,130,130,130,130,20424,4572,17726,130,24300,53166,16674,34640,5083,32485,
425,130,130,130,130,130,130,130,130,130,130,30077,130,130,130,60587,130,46864,34387,130,5521,
426,130,130,130,130,130,130,130,130,130,130,39742,23623,54805,10397,130,130,42287,13393,130,130,
427,130,130,130,130,130,130,130,130,130,130,130,10855,7696,54132,130,36244,54520,13881,130,130,
428,130,130,130,130,130,130,130,130,130,130,6218,27076,39989,48426,40857,17693,130,130,14414,130,
429,130,130,130,130,130,130,130,130,130,130,36954,53653,30546,57368,44496,11695,22637,56501,9675,51630,
430,130,130,9459,130,130,130,130,26693,130,130,57028,31306,43558,130,38992,41982,130,21717,37770,38882,
431,130,130,130,130,130,130,130,130,130,130,130,24256,3915,38342,20761,26407,25407,130,36899,34320,
432,130,130,130,130,130,130,130,130,130,130,40341,32543,37305,48338,4046,130,27506,19897,26780,44590,
433,130,130,130,130,130,130,130,130,130,130,30512,130,18263,130,12180,25307,59719,12437,26320,40380,
434,130,130,130,130,130,130,130,130,130,130,3783,130,34129,22058,130,33610,130,130,130,32274,
435,130,130,130,130,130,130,130,130,130,130,130,130,51485,19311,53315,34586,130,130,38497,16375,
436,130,130,19052,130,130,130,130,130,130,130,14799,10189,39294,2269,36038,130,130,130,130,130,
437,130,130,130,130,130,130,130,130,130,130,15756,24270,130,130,54358,27724,130,47531,130,5694,
438,130,130,130,130,130,130,130,130,130,130,43142,40390,130,130,46927,130,30875,130,13463,130,
439,130,130,130,130,130,130,130,130,130,130,52658,22849,36741,59057,43647,8816,14722,37837,130,130,
440,130,130,130,130,130,130,130,130,130,130,16221,130,2220,56997,35721,13173,32856,130,10315,40850,
441,130,130,130,130,11508,130,130,130,130,130,130,6557,17451,130,130,57793,9370,49864,130,34336,
442,130,130,130,130,130,130,130,130,130,130,22552,21527,39733,12207,59362,34245,130,28938,130,130,
443,130,130,130,130,130,130,130,130,130,130,12050,130,51678,37028,130,23727,130,35157,8781,48547,
444,130,130,130,130,130,130,130,130,130,130,130,56416,32192,49757,25004,17874,34770,41254,35367,130,
445,130,130,130,130,130,130,130,130,130,130,3986,16942,40691,41842,23411,31556,9268,130,57795,23926,
446,130,130,130,130,130,130,130,130,130,130,23278,22194,130,130,41338,130,25546,11824,14557,21769,
447,130,130,130,130,130,130,130,130,130,130,130,17301,130,45976,130,28840,130,20583,130,130,
448,130,130,130,130,130,130,130,130,130,130,49204,37377,23923,50559,26514,130,130,52080,17474,40999,
449,130,130,130,130,130,130,130,130,130,130,17131,51720,130,130,48307,30692,21588,17359,130,1937,
450,130,130,130,130,130,130,130,130,130,130,130,42596,30828,130,130,130,130,49718,130,26037,
451,130,130,130,130,130,130,130,130,130,130,34840,11528,15551,5873,32116,17569,57063,130,130,47377,
452,130,130,130,130,130,130,130,130,130,130,40597,13007,130,130,130,23718,26269,41997,130,130,
453,130,130,130,130,130,130,130,130,130,130,130,34047,42697,130,10283,54742,55670,130,48133,22301,
454,130,130,130,130,130,130,130,130,130,26191,9263,18292,130,130,47104,11946,32740,17396,130,23967,
455,130,130,130,130,130,130,130,130,130,130,34636,11617,130,1556,56348,130,26770,28821,21149,14748,
456,130,130,130,130,130,130,130,130,130,130,130,45794,10485,24930,130,130,13881,33450,17992,130,
457,130,130,130,130,130,130,130,130,130,130,21958,33834,130,130,130,130,27002,36132,19913,130,
458,130,130,130,130,130,130,130,130,130,130,36558,130,47513,130,130,27534,51560,10550,130,48537,
459,130,130,130,130,130,130,130,130,130,130,31625,130,28901,23473,30612,3420,30303,130,130,42435,
460,130,130,130,130,130,130,130,130,130,130,130,30438,47131,13990,130,15834,37876,130,46395,130,
461,130,130,130,130,130,130,130,130,130,130,3407,24760,44427,52849,130,130,130,38715,5922,49174,
462,130,130,130,130,130,130,130,130,130,130,130,130,130,130,130,49835,3970,28144,130,130,
463,130,130,130,130,130,130,130,130,130,130,56115,10567,23904,24608,20199,4523,47038,130,38447,39145,
464,130,130,130,130,130,130,130,130,130,130,130,130,46351,21550,39442,31378,130,26462,130,31767,
465,130,130,130,130,130,130,10347,130,130,130,29477,41758,36057,54406,48449,10483,31165,24770,44893,130,
466,130,130,130,130,130,130,130,130,130,130,130,130,130,37936,35699,30850,47854,49127,42272,130,
467,130,130,130,130,130,130,130,130,130,130,130,130,26553,16212,46412,130,13239,33043,3986,130,
468,130,130,130,130,130,130,130,130,130,130,130,52460,41255,49145,12296,31284,32829,21804,130,130,
469,130,130,130,130,130,130,130,130,130,130,130,15465,55273,130,524,27452,18330,4464,130,42770,
470,130,130,130,130,130,130,130,130,130,130,57376,130,130,12172,130,60530,130,49940,46475,130,
471,130,130,130,130,130,130,130,130,130,130,130,56948,20856,31987,130,34688,130,11386,130,130,
472,130,130,130,130,130,16872,130,130,130,130,48484,57899,33434,33693,14249,16105,46182,59592,130,130,
473,130,130,130,130,130,130,130,130,130,130,42598,16187,18183,49028,47965,41181,30689,130,21651,130,
474,130,130,130,130,130,130,130,130,130,130,46039,130,57057,6057,10124,25841,9002,40988,130,130,
475,130,130,130,130,130,130,130,130,130,130,130,43893,9228,35090,52567,48435,15946,4153,10105,130,
476,130,130,130,130,130,130,130,130,130,130,130,130,130,16066,59439,130,20864,28972,130,130,
477,130,130,130,130,130,130,130,130,13929,130,27510,957,130,6387,130,130,43832,130,31639,130,
478,130,130,130,130,130,130,130,130,130,130,130,130,55228,49969,25545,130,130,17904,3547,10323,
479,130,130,130,130,130,130,130,130,130,130,46398,36016,28358,49822,41967,37234,3516,22153,47575,58433,
480,130,130,130,130,1361,130,130,130,130,12589,30199,55174,12711,130,130,217,21241,130,32070,10701,
481,130,130,130,130,130,130,130,130,130,130,130,24364,130,31245,130,16413,12241,130,130,32074,
482,130,130,130,130,130,130,130,130,130,130,45648,21695,16699,20522,4791,46447,130,14966,1979,14136,
483,130,130,130,130,130,130,130,130,130,130,45405,130,130,17257,47958,46223,130,130,130,46574,
484,130,130,130,130,130,130,130,130,130,130,17880,32377,10243,130,31630,45449,12718,54185,130,130,
485,130,130,130,130,130,130,130,130,130,130,130,130,130,130,27365,130,34849,130,37505,32453,
486,130,130,130,130,130,130,130,130,130,130,18325,130,47342,36824,45940,130,11866,130,42476,38003,
487,130,130,130,130,130,130,130,130,130,130,45001,34572,23490,37276,53106,130,20084,40924,14971,36744,
488,130,130,130,130,130,130,130,130,130,130,130,28493,14004,130,32250,39876,130,48936,47420,48040,
489,130,130,6129,130,130,130,130,130,130,130,130,13716,27478,37199,130,56199,11037,22953,19526,38630,
490,130,130,130,130,130,130,130,130,130,130,130,130,130,30496,48374,40540,28581,40938,130,41143,
491,130,130,130,130,130,130,130,130,130,130,56859,9150,2171,15838,53597,130,25762,130,49160,20358,
492,130,130,130,130,130,130,130,130,130,130,47365,39578,26074,48892,130,130,130,130,25272,130,
493,130,130,130,130,130,130,130,130,15395,130,59409,130,130,130,11845,55590,35399,56237,130,49403,
494,130,130,130,130,130,130,130,130,130,130,130,24953,130,130,40109,130,42238,39375,130,32786,
495,130,130,130,130,130,130,130,130,130,130,625,130,130,28444,42694,624,43779,26708,5604,130,
496,130,130,130,130,130,130,11302,130,130,130,5444,130,13268,59699,46467,14438,37195,130,34796,46658,
497,130,130,130,130,130,130,130,130,130,130,130,130,27522,51943,22615,38070,41936,16236,48870,18075,
498,130,130,130,130,130,130,130,130,130,130,48401,45549,130,130,26177,130,14616,16280,130,33276,
499,130,130,130,130,130,130,130,130,130,130,130,130,130,130,130,130,2899,39982,47852,48465,
500,130,130,130,130,130,130,130,130,130,130,130,130,130,45880,130,130,18966,20770,130,130,
501,130,130,130,130,130,130,130,130,130,130,27040,130,48542,130,130,47676,17841,130,130,130,
502,130,130,130,130,130,130,130,13567,130,130,13292,130,130,21959,53763,130,18740,130,42912,15859,
503,130,130,130,130,130,130,130,130,130,130,130,28470,130,28111,130,39015,130,6932,2870,24786,
504,130,130,130,130,130,130,130,130,130,130,39837,30205,26729,30573,130,130,130,52578,2694,43926,
505,130,130,130,130,22172,130,130,130,130,130,130,19302,44538,22746,130,10306,41644,130,130,34715,
506,130,130,130,130,130,130,130,130,130,130,31643,9610,130,46447,34687,130,44725,130,130,26868,
507,130,130,130,130,130,130,130,130,130,130,39652,40797,30315,130,130,42430,56527,50130,130,130,
508,130,130,130,130,130,130,130,130,130,130,130,43802,46329,38471,45056,130,46769,130,1536,130,
509,130,130,130,130,130,130,130,130,130,130,57732,37346,60986,61036,130,130,49481,44895,5871,14113,
510,130,130,130,130,130,130,130,130,130,130,130,38384,24308,15669,34937,45736,58529,45597,130,130,
511,130,130,130,130,35928,130,130,130,130,130,40799,43184,130,11326,12484,130,16589,130,39785,130,
512,130,130,130,130,130,130,130,130,130,130,130,130,130,44911,46350,130,130,53402,55847,48189,
513,130,130,130,130,130,130,130,130,130,130,3259,130,14098,47863,130,50188,27329,130,14259,23587,
514,130,130,130,130,130,130,130,130,130,130,49500,43922,130,51697,45485,22718,130,130,9972,130,
515,130,130,130,130,130,130,130,130,130,130,14884,31248,2076,130,13535,17382,20712,7655,26030,10908,
516,130,130,130,130,130,130,130,130,130,130,11958,26741,9713,39167,31885,130,5508,39341,28330,130,
517,130,130,130,130,130,130,130,130,130,130,130,130,130,10777,35715,130,35504,42701,48778,130,
518,130,130,130,130,130,130,130,130,130,130,22908,7044,26397,130,14480,22816,130,130,47261,14769,
519,130,130,130,130,130,130,130,14769,545,130,130,58680,58431,130,42817,12052,23830,22572,130,42222,
520,130,130,130,130,130,130,130,130,130,130,12155,130,130,37684,37645,39923,30294,36946,130,41447,
521,130,130,130,130,130,130,820,130,130,130,18026,130,130,130,18709,20970,17516,29865,24123,130,
522,130,130,130,130,130,130,130,130,130,130,35364,130,30613,130,130,25124,130,54061,17128,130,
523,130,130,130,130,130,130,130,130,130,130,130,23823,35630,29202,8829,29961,59528,130,21560,130,
524,130,130,130,130,130,130,130,130,130,130,130,130,130,130,130,30722,42829,12156,130,30014,
525,130,130,130,130,130,130,130,130,130,130,46562,130,49391,45185,46743,58848,43199,10707,12140,48326,
526,130,130,130,130,130,130,130,130,130,130,33644,130,130,22966,21466,130,130,53412,130,13788,
527,130,130,130,130,130,130,130,130,130,130,32349,130,47061,23898,130,42199,25719,30703,40180,130,
528,130,130,130,130,13357,130,130,130,130,130,39897,130,43258,2565,20682,13187,130,30826,130,55672,
529,130,130,130,130,130,130,130,130,130,130,48849,130,130,130,26386,130,18502,130,25725,130,
530,130,130,130,130,130,130,130,130,130,130,41920,3556,48390,30136,14708,40600,35072,2164,6779,1389,
531,130,130,130,130,130,130,130,130,130,130,55658,32302,130,24287,35652,59542,22712,51345,57173,130,
532,130,130,130,130,130,130,130,130,130,130,18048,36226,130,130,14129,17644,34727,12816,12372,130,
533,130,130,130,130,130,130,130,130,130,130,46974,130,55112,37229,34297,57718,17256,131,130,20622,
534,130,130,130,130,130,130,53008,130,130,130,130,130,38265,49485,19819,130,55379,130,39544,37977,
535,130,130,130,12347,130,130,130,130,130,130,34630,130,31723,19937,58498,44600,130,130,33610,19933,
536,130,130,130,130,130,130,130,130,130,130,27812,51744,50830,27227,36820,130,23884,130,11324,130,
537,130,130,130,130,130,130,130,130,130,130,130,18883,25552,130,44694,37422,130,44694,57453,44414,
538,130,130,130,9863,11860,130,130,130,130,16644,34692,130,19698,130,29826,130,130,1555,14632,130,
539,130,130,130,130,17169,130,130,130,130,130,21832,51134,130,25124,17199,36462,28741,130,57231,130,
540,130,130,130,130,130,130,25202,130,130,130,130,40954,130,44187,45184,130,220,21000,130,130,
541,130,130,130,130,130,130,130,130,130,130,44100,19561,18452,15404,130,33090,130,31994,130,130,
542,130,130,130,130,130,130,130,130,130,130,21157,35223,130,22954,47722,20287,38382,36803,130,30503,
543,130,130,130,130,130,130,130,130,130,130,35174,27225,10827,29074,130,130,50803,16573,130,28662,
544,130,130,130,130,130,130,130,130,130,130,57210,45675,7945,12647,130,44284,130,130,177,47299,
545,130,130,130,130,130,130,130,130,177,130,7250,130,20310,46829,24956,27717,130,130,22234,130,
546,130,130,130,130,130,130,130,130,130,130,9455,35969,52235,36475,20416,130,130,130,45487,1150,
547,130,130,130,130,130,130,130,130,130,130,34200,9291,4989,57293,130,130,50533,25927,130,25729,
548,130,130,130,130,130,130,130,130,130,130,130,130,130,47089,49505,41090,45236,130,10182,130,
549,130,130,130,130,130,130,130,130,130,130,130,55090,40421,130,7387,130,40361,20456,130,130,
550,130,130,130,130,130,130,130,130,130,130,54548,13014,35951,130,47717,39809,61247,44466,15563,130,
551,130,130,130,130,130,130,130,130,130,130,130,16370,34528,130,52326,130,130,130,52954,37204,
552,130,130,130,130,130,130,130,130,130,130,130,37654,34463,51120,20144,17383,40733,130,8810,25825,
553,130,130,130,130,130,130,130,130,130,130,47279,36029,130,14759,130,2189,130,130,13268,52317,
554,130,130,130,130,130,130,130,130,130,130,22256,11981,12985,130,44297,1418,38880,130,55544,130,
555,130,130,130,130,130,130,130,130,130,130,47719,130,130,42731,36308,42555,23002,17152,130,45220,
556,130,130,2180,130,130,130,130,130,130,130,21079,130,50641,29395,42044,130,51862,130,54915,54097,
557,130,130,130,130,130,130,130,130,130,130,130,30581,35449,10148,15963,28683,52321,130,17277,130,
558,130,130,130,130,130,130,130,130,130,130,60187,38886,47791,10446,22232,130,37034,130,130,19058,
559,130,130,130,130,130,130,130,130,130,130,43367,29412,50972,41690,14605,6480,29439,38661,130,130,
560,130,130,130,130,130,130,130,130,130,130,4828,48580,130,41882,40051,130,59759,29889,130,21444,
561,130,130,130,130,130,130,130,130,130,130,39236,33939,15966,56186,26675,20439,130,7514,53450,22748,
562,130,130,130,130,130,130,130,130,130,130,34793,130,42311,48249,43084,30192,130,32017,130,14392,
563,130,130,130,130,130,130,130,130,9954,130,130,130,37608,130,130,18481,43132,130,130,11202,
564,130,130,130,130,130,130,130,130,130,130,130,58029,53308,130,130,130,46732,130,50898,37069,
565,130,130,130,130,130,130,130,33889,130,130,130,10487,47592,35799,31556,33940,34143,58216,37925,130,
566,130,130,130,130,130,130,130,130,130,130,17259,130,130,130,48246,130,130,12293,19020,130,
567,130,130,130,1598,130,130,130,8603,130,130,49142,15330,14238,17533,32210,130,2908,34033,44458,40213,
568,130,130,130,130,130,130,130,130,130,130,130,20902,53019,15138,33784,130,130,12490,38531,20121,
569,130,130,130,130,130,130,130,130,130,130,17760,49705,42827,130,55776,7767,1327,34078,130,130,
570,130,130,699,130,130,130,130,130,130,130,130,19119,18555,26786,130,46063,40572,130,23831,15223,
571,130,130,130,130,16311,130,130,130,130,130,35120,43281,56691,130,130,5967,40189,45027,130,130,
572,130,130,130,130,130,130,130,130,130,130,33118,130,130,33035,38020,130,8157,130,130,47703,
573,130,130,130,130,130,130,130,130,130,130,13341,16434,50490,39607,3499,130,36450,40737,130,38402,
574,130,130,130,130,130,130,130,130,130,130,38917,130,25355,18970,130,46006,10708,47881,130,45195,
575,130,130,130,130,130,130,130,130,130,130,3108,60026,33659,32724,130,50057,37602,36946,130,21868,
576,130,130,130,130,130,130,130,130,130,130,130,51524,40815,18193,57912,23058,20820,130,59360,15940,
577,130,130,130,130,130,130,130,130,130,130,41277,55733,58050,130,130,49695,130,30121,37108,24571,
578,130,130,130,130,130,130,130,130,130,130,38492,21791,49903,28249,20803,54945,14598,11985,12135,34327,
579,130,130,130,130,130,130,130,130,130,130,15091,130,10271,29023,27026,23673,58567,130,1107,39794,
580,130,130,130,130,130,130,130,130,130,130,48837,130,23342,130,130,16226,60566,49683,48421,44867,
581,130,130,130,130,130,130,130,130,130,130,60228,130,34736,2420,9247,1278,130,130,34451,14382,
582,130,130,130,130,130,130,130,130,130,130,55868,130,52833,130,19123,33548,130,23284,53757,21842,
583,130,130,130,130,130,130,130,130,130,130,20526,130,39745,4133,12846,43479,60089,130,130,14179,
584,130,130,130,130,130,130,130,130,130,130,53057,20986,47004,28475,45440,42225,45596,130,26897,42508,
585,130,130,130,130,130,130,130,130,130,130,12327,7288,130,43326,33209,130,26453,130,40197,130,
586,130,130,130,130,130,130,130,130,130,130,130,39666,50031,130,14904,5116,37158,130,32747,130,
587,130,130,130,130,130,130,130,130,130,130,40474,130,47901,23496,130,130,43056,12244,14816,30784,
588,130,130,130,130,130,130,130,130,130,130,130,15450,130,25469,130,24364,130,53959,130,57228,
589,130,130,14481,14459,130,130,130,130,130,130,39705,56888,130,130,130,130,10616,45432,38321,42875,
590,130,130,130,130,130,130,130,130,130,130,32141,25492,130,56944,130,21440,130,14446,29909,130,
591,130,130,130,130,130,130,130,130,130,130,38117,130,15276,130,37786,17269,30652,23557,19789,37329,
592,130,130,130,130,130,1674,130,130,130,130,40002,26483,6742,38050,36503,32326,47864,6784,16416,6971,
593,130,130,130,130,130,130,130,130,3257,130,14313,52383,55535,46183,36486,41308,130,21488,53497,130,
594,130,130,130,130,130,130,130,130,130,130,15084,59544,23741,25882,53461,130,130,49029,130,6105,
595,130,130,130,10173,130,130,130,130,130,130,49396,17998,32670,39133,130,20854,54048,47116,22353,33761,
596,130,130,130,130,11572,130,130,130,130,130,23039,39082,47285,21888,1145,31081,34387,130,17846,5909,
597,130,130,130,130,130,130,130,130,130,130,130,130,34826,130,57688,34080,23878,48159,4955,130,
598,130,130,130,130,130,130,130,130,130,130,130,130,130,35852,31333,13784,32046,130,20239,35973,
599,130,130,130,130,130,130,130,130,130,130,130,130,60342,33992,130,130,130,12100,130,15479,
600,130,130,130,130,130,130,130,130,130,130,130,29262,130,24101,54070,46016,39850,33004,20156,25344,
601,130,130,130,130,130,130,130,130,130,130,5514,55787,130,46860,130,27683,30672,130,1381,130,
602,130,130,130,130,130,130,130,130,130,130,41959,130,18627,32748,130,12926,55034,41203,22181,20665,
603,130,130,130,130,130,130,130,130,130,130,38324,48251,10427,42249,130,52791,130,32327,130,27320,
604,130,130,130,130,130,130,130,130,130,130,38435,50691,33487,30590,1327,43291,130,25095,34515,31941,
605,130,130,130,130,130,130,130,130,130,130,51114,130,52736,43977,36236,130,3025,36966,130,32291,
606,130,130,130,130,130,130,130,130,34690,130,18984,502,2949,24886,130,26037,130,2132,60321,3148,
607,130,130,130,130,130,130,130,130,130,130,15325,47757,30166,3628,37020,38802,130,130,8644,37236,
608,130,130,130,130,130,130,130,130,130,130,22428,17121,50836,33798,130,31176,46906,19541,46448,130,
609,130,130,130,130,130,130,130,130,13803,130,130,8206,130,33491,2067,46184,34554,982,45095,31526,
610,130,130,130,130,130,130,130,130,11721,130,130,34272,45017,130,44335,17024,45788,39550,6645,15270,
611,130,130,130,130,130,130,130,130,130,130,30360,130,11343,3829,52922,53165,46454,13770,37339,130,
612,130,130,130,19849,130,130,37339,130,130,130,130,130,19510,130,34114,45392,130,130,14303,17877,
613,130,130,130,130,130,130,130,4944,130,130,26953,19097,16444,130,14534,44238,130,11203,21660,21562,
614,130,130,130,130,130,130,130,130,130,130,59087,24019,6602,43721,22481,130,21781,15941,55748,35174,
615,130,130,130,130,130,130,130,130,130,130,43088,45438,40613,130,7568,130,130,40358,130,42742,
616,130,130,130,130,130,130,130,130,130,130,24400,6973,36299,130,48836,130,18852,50566,6995,130,
617,130,130,130,130,130,130,130,130,130,130,9975,9988,130,30566,18230,59698,130,130,130,44874,
618,130,130,130,130,130,130,130,130,130,130,130,130,130,17344,44499,13923,130,37222,130,130,
619,130,130,130,130,130,130,130,130,130,130,30039,7567,130,130,130,22686,130,39595,8356,130,
620,130,130,130,27578,130,130,130,130,130,130,43921,130,32483,24353,57991,30291,39716,54655,130,48907,
621,130,130,130,130,9698,130,130,130,130,5385,841,130,40859,3672,50545,130,44719,130,130,16081,
622,130,130,130,130,130,130,130,841,130,130,41155,48219,28660,11976,31089,130,45494,130,21609,14991,
623,130,130,130,130,130,130,130,7183,130,130,19045,130,21526,43562,21508,13005,130,15957,56463,48966,
624,130,130,130,130,130,130,130,130,130,130,33584,12724,13617,43224,33340,38116,25672,41602,37443,60203,
625,130,130,130,130,130,130,130,130,130,130,20467,19581,130,47112,22823,11944,48393,130,17609,130,
626,130,130,130,130,130,130,6932,130,130,130,130,3175,270,29946,32470,130,21494,14555,130,36736,
627,130,130,130,130,130,130,130,130,130,130,57782,34133,130,15378,1915,130,10303,130,53327,130,
628,130,130,130,130,130,130,130,130,130,130,26869,55349,17571,130,17555,130,24659,43171,28803,37833,
629,130,130,130,130,130,130,130,130,130,130,130,28011,130,18892,58191,34004,41903,18371,1088,45392,
630,130,130,130,130,130,130,130,130,130,130,130,12857,10975,37444,36631,27963,130,38403,130,24486,
631,130,130,130,130,130,130,130,130,130,130,130,19083,26071,21705,130,46063,130,130,31144,41348,
632,130,130,130,130,130,130,130,130,130,130,130,130,42211,21659,130,47143,19082,44255,130,130,
633,130,130,130,7099,130,130,7099,130,130,130,130,48388,130,130,58470,130,130,35538,36575,130,
634,130,130,130,130,130,130,130,130,130,130,1043,130,130,12115,130,51497,130,130,130,130,
635,130,130,130,130,130,130,130,130,130,10460,130,130,30585,41822,15818,130,11727,130,6533,130,
636,130,130,130,130,130,130,130,130,130,130,34977,15911,43072,130,130,49056,940,130,58402,54586,
637,130,130,130,130,130,130,130,130,130,130,51058,36641,130,55030,57723,130,30480,47643,21223,37554,
638,130,130,130,130,130,130,130,130,130,130,31296,15297,23796,130,130,1861,37185,12733,3087,17623,
639,130,130,130,130,130,130,130,130,130,130,130,130,130,130,58265,4953,130,9586,54342,130,
640,130,130,130,130,130,130,130,130,130,130,20341,32458,56897,30127,130,130,10649,13536,19598,33902,
641,130,130,130,130,130,130,130,130,130,130,20918,22913,130,15659,12432,130,130,28722,130,15900,
642,130,130,130,130,130,130,130,11595,130,130,130,41218,130,130,49201,20363,10298,130,130,11323,
643,130,130,130,130,130,130,130,130,130,130,44020,130,16111,28874,130,7741,130,130,130,130,
644,130,130,130,130,130,130,130,130,130,130,44361,16684,49224,31439,130,130,130,12488,26260,44173,
645,130,130,130,130,130,130,130,130,130,130,1035,5768,33955,1975,36350,130,130,36238,17519,49504,
646,130,130,130,130,130,130,130,130,130,1381,130,130,130,58813,1761,50202,24522,25590,130,8651,
647,130,130,130,130,130,130,130,130,130,130,44223,36605,130,130,8298,15308,43505,39107,130,54171,
648,130,130,130,130,130,130,130,130,130,130,37844,130,41612,20810,35868,130,5390,130,130,46289,
649,130,130,130,130,130,130,130,130,130,130,53389,130,47863,57857,130,130,2696,130,130,14575,
650,130,130,130,130,130,130,12326,130,130,130,30833,130,38797,50196,33423,769,130,2192,130,43201,
651,130,130,130,130,130,130,130,130,130,130,16010,130,38522,58641,32832,55481,130,130,3337,49429,
652,130,130,130,130,130,130,130,130,130,130,29085,48333,14314,130,18647,10884,130,130,130,3845,
653,130,130,130,130,130,130,130,130,130,130,47264,130,45437,55957,50140,130,58169,130,32683,47022,
654,130,130,130,130,130,130,130,130,130,130,52603,15394,33859,4929,47687,35486,50159,49418,37577,21059,
655,130,130,130,130,130,130,130,130,20753,130,54464,32525,17440,33393,130,130,4981,49075,38052,8784,
656,130,130,130,130,130,130,130,130,130,130,28137,130,130,53218,130,47021,130,48583,130,130,
657,130,130,130,130,130,130,130,130,130,12749,130,33309,10078,52299,39506,39204,130,130,23641,12648,
658,130,130,130,130,130,130,130,130,130,130,14724,41624,53520,39414,130,130,130,130,130,33164,
659,130,130,130,130,130,130,130,130,130,130,130,41394,17677,130,130,39127,37968,14954,35530,130,
660,130,130,130,130,130,130,130,130,130,130,34824,130,48021,130,5297,130,130,130,130,130,
661,130,130,130,130,130,130,130,32930,130,130,34808,130,34919,43363,130,130,48467,42501,22980,13135,
662,130,130,130,130,130,130,130,130,130,130,43196,130,28797,59460,28115,40336,56375,20425,28528,49848,
663,130,130,130,130,130,130,130,130,130,130,25184,40485,32030,45025,20765,17007,11603,130,19699,130,
664,130,130,130,130,130,130,130,130,130,130,34308,20799,20490,26916,3837,10448,130,13688,130,24153,
665,130,130,130,130,130,49353,130,130,130,130,3544,18948,15691,37625,3251,59551,130,51180,180,43694,
666,130,130,130,130,130,130,130,130,130,130,54310,18030,44797,130,130,44439,11472,41474,5757,130,
667,130,130,130,130,130,130,130,130,130,130,51433,58773,24076,130,37535,48402,130,1392,11691,31365,
668,130,130,130,130,130,130,13286,130,130,130,32624,130,49659,130,130,42778,55024,6317,20150,9595,
669,130,130,130,130,130,130,130,130,130,130,19423,37672,130,130,24877,19070,130,59002,7524,32656,
670,130,130,130,130,130,130,130,130,130,130,130,130,130,34439,58439,53991,130,22851,17937,38522,
671,130,130,130,130,130,130,130,130,130,130,16090,130,47673,130,11003,130,51342,130,9907,130,
672,130,130,130,130,130,130,130,130,130,130,46234,32723,130,7899,130,8273,130,53796,130,130,
673,130,130,130,130,130,130,130,130,130,130,130,29103,130,130,21078,20014,46718,1143,34824,50174,
674,130,130,130,130,130,130,130,130,11276,130,3634,43241,6853,130,18414,38333,2561,47748,23376,12471,
675,130,130,130,130,130,130,130,130,130,130,59209,130,130,37563,42112,130,3894,39695,46153,130,
676,130,130,130,130,130,130,130,130,130,130,34805,130,48400,130,130,4763,27565,9836,48047,18682,
677,130,130,130,130,130,130,130,130,130,130,48061,29404,41966,130,44398,130,31429,2416,49062,23144,
678,130,130,130,130,130,130,130,36392,130,130,31997,9229,32032,130,13912,130,130,40059,20630,49120,
679,130,130,130,130,130,130,130,130,10884,130,130,18648,18165,11086,41852,53166,130,11980,8338,33736,
680,130,130,130,130,130,130,130,130,130,130,7992,14664,56865,2830,18400,43038,7190,130,26466,45609,
681,130,130,130,130,130,130,130,130,130,130,130,619,17038,29937,130,37881,130,55602,130,39858,
682,130,130,130,130,130,130,130,130,130,130,48404,130,43066,58505,32704,36682,130,22669,130,29543,
683,130,130,130,130,130,130,130,130,130,130,40791,35447,56628,50753,130,26078,57835,130,54812,28679,
684,130,130,130,130,130,24122,130,130,130,130,19388,39046,16421,48065,130,1257,36518,28264,130,28077,
685,130,130,130,130,130,130,130,130,130,130,4619,53984,59040,24753,38989,39380,56626,14507,130,19127,
686,130,130,130,130,130,130,130,130,130,130,49707,16799,57516,46124,52991,33809,130,130,39333,130,
687,130,130,130,130,130,130,130,130,130,130,42037,4935,27356,32435,130,130,27040,43122,41173,35130,
688,130,130,130,130,130,130,130,130,130,130,130,42735,41800,24086,48559,51872,61218,26002,130,130,
689,130,130,130,130,130,130,130,130,130,130,50663,46535,42922,26758,130,24000,34647,24171,20692,28909,
690,130,130,130,130,130,130,130,130,17257,130,130,48001,29307,41583,130,14037,14045,130,9830,8390,
691,130,130,130,130,16313,130,130,130,130,130,44770,5058,14218,25903,130,130,47336,21876,36463,130,
692,130,130,130,130,130,130,130,130,130,130,3761,27018,17523,59289,36103,21017,31085,51292,130,20261,
693,130,130,130,130,130,130,130,130,130,130,55581,19112,12434,26149,40680,10845,5472,27080,47157,43016,
694,130,130,130,130,130,130,130,130,130,130,130,21644,51919,58515,130,130,25205,33990,130,5691,
695,130,130,130,130,130,130,130,130,130,130,1396,130,130,130,53979,53702,27897,21458,130,27731,
696,130,130,130,130,130,130,130,130,130,130,19376,25684,130,34704,23343,130,34012,41211,130,130,
697,130,130,130,130,130,130,130,130,130,130,41310,130,53644,47004,48348,7995,39682,43202,8558,130,
698,130,130,17303,130,130,130,130,130,130,130,130,130,33983,35209,30258,27007,17306,130,569,27131,
699,130,130,130,130,130,130,130,130,130,130,130,21086,130,14274,12419,51261,23789,16110,47886,4680,
700,130,130,130,130,130,130,130,130,130,130,130,130,130,16148,10918,130,130,1854,130,28880,
701,130,130,130,130,130,130,130,130,130,130,19648,55231,46298,10401,15708,130,130,42138,130,13975,
702,130,130,130,130,130,130,130,130,130,130,130,130,130,43870,18159,27466,16539,130,10232,130,
703,130,130,130,130,130,130,130,130,130,130,33443,130,38090,130,42855,130,11834,7918,130,58082,
704,130,130,130,130,130,130,130,130,130,130,59170,30349,130,32879,130,130,130,11335,130,130,
705,130,130,130,130,130,130,130,130,130,130,27189,22821,28684,20400,130,36338,39808,37414,37287,54146,
706,130,130,130,130,130,130,130,130,130,130,45345,42287,130,24833,13244,25364,939,35071,2596,23909,
707,130,130,130,130,130,130,130,130,130,130,31121,35554,130,40525,28006,43043,11565,36739,4603,18273,
708,130,130,130,130,130,130,130,130,130,130,130,43350,6143,39099,7923,130,130,130,50259,130,
709,130,130,130,130,130,130,130,130,130,130,130,27639,32692,32878,130,33758,17636,16202,55993,1761,
710,130,130,130,130,130,130,130,130,130,130,130,7733,23776,130,32741,130,9697,130,57986,21721,
711,130,130,130,130,130,130,130,130,130,130,130,30536,16045,130,14971,42472,130,44067,13733,40894,
712,130,130,130,130,130,130,130,130,130,130,31338,130,130,46824,13047,45147,45016,39207,130,43506,
713,130,130,130,130,130,130,130,130,130,130,1791,43888,14952,36072,130,130,130,25786,130,130,
714,130,130,130,130,130,130,130,130,130,130,130,130,33353,130,48181,34882,130,130,44343,130,
715,130,130,130,130,130,130,130,130,130,130,44553,130,130,45556,130,33625,130,130,27583,1541,
716,130,130,130,130,130,130,130,130,6499,27583,54495,4159,509,13430,130,130,60277,29554,43941,13501,
717,130,130,130,130,130,130,130,130,130,130,48831,16163,130,23258,2078,7577,130,15697,130,29262,
718,130,130,130,130,130,130,130,130,130,130,5057,45726,130,12475,45897,48671,13984,9177,23502,34034,
719,130,130,130,130,130,130,130,130,130,130,38003,130,15634,130,34098,130,20013,130,24690,19333,
720,130,130,130,130,130,130,130,130,130,130,30419,38364,29355,21679,30814,130,28037,48360,29208,29511,
721,130,130,130,130,130,130,130,130,130,130,24593,36615,15190,16154,2291,57974,130,130,130,16799,
722,130,130,130,130,130,130,130,130,130,130,31286,6670,130,130,130,24273,16563,22077,130,130,
723,130,130,130,130,130,130,130,130,130,130,47284,23314,47612,11578,40598,38301,51509,17775,15761,58217,
724,130,130,130,130,130,130,130,130,130,130,130,45997,57407,1183,130,44404,130,45066,130,7412,
725,130,130,130,130,130,130,130,130,130,130,20894,130,130,130,18225,130,26880,43306,24973,57305,
726,130,130,130,130,130,130,130,130,130,130,130,3434,46996,44867,12928,130,57156,130,130,27476,
727,130,130,130,130,130,130,130,130,130,130,130,14472,23265,20148,13793,42504,36139,130,130,48800,
728,130,130,130,130,130,130,130,130,130,130,130,36672,46420,1103,43699,130,45031,130,6380,50758,
729,130,130,130,130,130,130,130,130,130,130,31462,32390,32884,130,35634,130,130,130,28659,130,
730,130,130,130,130,130,130,130,130,130,130,11774,130,130,42736,130,130,33289,54495,10595,22992,
731,130,130,130,130,130,130,130,130,130,130,49029,42963,50208,46146,53542,47217,45019,48976,130,38957,
732,130,130,130,130,130,130,130,130,130,130,130,2574,130,32595,13631,24626,130,13775,130,55578,
733,130,130,130,130,130,130,130,130,130,130,45951,130,26993,15376,3705,192,18139,130,33606,41221,
734,130,130,130,130,130,130,130,130,130,192,22800,130,27705,130,130,130,42370,13705,13746,130,
735,130,130,130,130,130,130,130,130,130,130,33307,130,130,130,130,130,42484,39675,130,30123,
736,130,130,130,130,130,130,130,130,130,130,36821,130,130,130,29829,130,130,49003,130,8487,
737,130,130,130,130,130,130,130,130,130,130,38969,19354,130,5826,130,40033,130,33537,59403,42435,
738,130,130,130,130,130,130,130,130,130,130,53181,23890,21934,54989,5952,44543,29035,130,45505,11471,
739,130,130,130,130,130,130,130,130,130,130,54564,44595,48864,34507,130,130,37761,33453,130,29023,
740,130,130,130,130,130,130,130,130,130,130,130,16288,59164,19552,41371,41802,3221,130,130,130,
741,130,130,130,130,130,130,130,130,130,130,47334,130,130,48930,130,49622,130,130,17316,43271,
742,130,130,130,130,130,130,130,130,130,130,18528,41290,39519,130,130,29873,41060,45868,10797,130,
743,130,130,130,130,130,130,130,130,130,130,28919,36832,19581,2617,3491,36624,4193,34483,59389,130,
744,130,130,130,130,130,130,130,130,130,130,56739,130,16524,51898,130,130,130,130,45916,42153,
745,130,130,130,130,130,10265,40328,130,130,130,23800,130,130,130,53855,130,52376,130,130,130,
746,130,130,130,130,130,130,130,130,130,130,6442,53441,11797,17790,130,44779,33162,130,8889,34972,
747,130,130,130,130,130,130,130,130,130,130,38818,45162,42778,10440,30671,130,28175,130,130,130,
748,130,130,130,130,130,130,130,130,130,130,130,46049,16075,130,22326,43327,130,17144,10506,11287,
749,130,130,130,130,130,130,130,130,130,130,130,39716,39800,29467,38281,8608,36165,3851,26332,130,
750,130,130,130,130,130,130,130,130,130,130,3772,3529,59044,4841,41564,130,41473,43810,31001,130,
751,130,130,130,130,7551,130,130,130,130,130,32962,21636,16945,17460,37004,45894,57156,130,53937,16909,
752,130,130,130,130,130,130,130,130,130,130,130,42691,130,48371,130,130,22055,12407,48194,14602,
753,130,130,130,130,130,130,130,130,130,130,20034,17514,23633,40625,130,31950,130,38945,15337,50332,
754,130,130,31060,130,130,130,130,130,130,130,14626,130,14099,130,130,130,44837,58257,34612,46494,
755,130,130,130,130,130,130,130,130,130,130,42247,130,130,130,32172,59085,28269,130,24644,24529,
756,130,130,130,130,130,130,8287,130,130,130,13969,34403,130,130,28715,6744,17188,30443,42645,9800,
757,130,130,130,130,130,130,130,130,130,130,130,130,130,130,48533,23418,49049,26070,130,33869,
758,130,130,20801,130,130,130,130,130,130,130,41365,130,6351,130,53493,38417,130,130,19303,48509,
759,130,130,130,130,130,130,130,130,130,130,50292,40790,17935,27504,47176,13502,50374,60257,12740,26233,
760,130,130,130,130,130,130,130,6350,130,130,5453,51465,51684,130,32272,4253,19035,46597,130,46383,
761,130,130,130,130,130,130,130,130,130,130,422,48058,9228,130,44939,38898,130,10994,41895,130,
762,130,130,130,130,130,130,130,130,130,130,24912,19025,54254,130,130,47326,9229,10574,14328,48883,
763,130,130,130,130,130,130,130,130,130,130,130,37550,56105,18308,47585,10884,130,130,130,13819,
764,130,130,130,130,130,130,130,130,130,130,46139,130,35678,40248,33511,20198,17114,24607,40710,847,
765,130,130,130,130,130,130,130,130,6400,130,130,50937,1517,24553,57559,130,28019,47029,32244,10236,
766,130,130,130,130,130,130,130,130,130,130,33081,24023,18650,12067,130,40845,130,130,41749,11432,
767,130,130,130,130,130,130,130,130,130,130,130,41437,1910,53674,58815,54111,33395,4158,53733,130,
768,130,130,130,130,130,130,130,130,48636,130,130,130,42071,130,38388,130,4537,55011,15898,33952,
769,130,130,130,130,130,130,130,130,130,130,52465,130,43846,130,2374,58287,130,130,130,39324,
770,130,130,130,12462,130,130,130,130,130,130,617,24847,130,130,130,21650,130,130,130,21356,
771,130,130,130,130,130,130,130,130,130,130,15417,54558,2186,130,55946,130,130,6185,55868,39384,
772,130,130,130,130,130,130,130,130,130,130,130,41960,3774,13015,8590,130,40411,32154,54560,40552,
773,130,130,130,130,130,130,130,130,130,130,46018,130,130,6803,130,34630,40020,130,7031,130,
774,130,130,130,130,130,130,130,130,130,130,45106,1351,130,25882,36887,130,49134,130,25399,14615,
775,130,130,130,130,130,130,130,130,130,130,34694,130,7781,44523,49714,11605,30921,5443,130,130,
776,130,130,130,130,130,130,130,130,130,130,36893,13375,966,130,52719,130,130,8740,9077,31029,
777,130,130,8194,130,130,130,130,130,130,130,130,10334,130,45966,35340,4380,325,4375,46917,16739,
778,130,130,130,130,130,130,130,130,130,130,21921,40899,44901,130,14588,130,29250,130,130,130,
779,130,130,130,130,130,130,130,130,130,39536,10853,130,33629,21732,26799,41364,24319,17419,10928,24732,
780,130,130,130,130,130,130,130,130,130,130,34299,3875,43148,57530,9659,24211,130,130,14905,130,
781,130,130,130,130,130,130,130,130,130,130,54309,8434,28767,130,130,34953,19639,47558,54829,49203,
782,130,130,130,130,130,130,130,130,130,130,42353,42913,58999,25678,130,130,36649,130,15969,34170,
783,130,130,130,5574,130,130,130,130,130,130,28807,23612,130,48057,15545,56806,130,35509,35494,31330,
784,130,130,130,130,130,130,130,130,130,130,130,54942,45527,13280,20701,130,33173,38049,28838,130,
785,130,130,130,130,130,130,130,130,130,130,130,49428,26333,130,43014,24626,7709,42742,130,36620,
786,130,130,130,130,130,130,130,130,130,130,31269,45095,35291,16845,40064,22716,55355,18337,5260,5119,
787,130,130,130,130,1168,130,130,1517,1517,130,19133,37767,52386,130,130,26611,16350,130,35304,21097,
788,130,130,130,130,130,8883,130,130,130,130,25144,36403,2973,59461,5942,1733,20422,23377,130,54935,
789,130,130,130,130,130,130,130,130,130,130,50636,42038,130,130,39292,31924,17394,130,20394,45283,
790,130,130,130,130,130,130,130,130,130,130,17893,16502,49293,42944,130,23860,38199,130,27042,51007,
791,130,130,130,130,130,130,130,130,130,130,1413,25470,46759,43202,48635,51401,36864,45133,130,130,
792,130,130,130,130,130,130,130,130,130,130,53309,17386,31578,48192,130,33700,130,12733,130,50634,
793,130,130,130,130,130,130,130,130,130,130,130,60748,13610,130,45402,130,21301,53715,44846,15320,
794,130,130,130,130,130,130,130,130,130,130,38578,2542,16428,44243,130,38389,26542,5207,130,48428,
795,130,130,130,43615,130,130,130,130,130,130,130,4030,130,35333,17538,27812,55009,57990,13292,55394,
796,130,130,130,130,130,130,130,130,130,130,36224,35404,130,44098,23792,28781,44010,38753,32381,130,
797,130,130,130,130,130,130,130,13142,130,130,130,130,38499,41794,130,130,130,23837,35986,1024,
798,130,130,130,130,130,130,130,130,130,130,18280,130,2238,34453,13578,130,48973,47800,10791,130,
799,130,130,130,130,130,130,130,130,130,130,25183,52480,16550,130,10539,46594,26127,2752,44517,36423,
800,130,130,130,130,130,130,130,130,130,130,40932,18657,658,130,30589,1813,45896,15364,43987,7482,
801,130,130,130,130,3663,130,130,130,130,130,47881,17741,33696,26791,48202,130,45655,130,13454,16106,
802,130,130,130,130,130,130,130,130,130,130,25272,59551,32282,130,130,17730,51334,51053,130,130,
803,130,130,130,130,130,130,130,130,130,130,130,47464,272,20143,12595,30316,130,11292,130,58779,
804,130,130,130,11389,130,130,130,130,130,130,130,40123,27537,130,4089,54531,48050,18559,12733,18405,
805,130,130,130,130,130,130,37205,130,130,130,130,16586,33371,27307,130,130,39492,47597,49096,55646,
806,130,130,130,130,130,130,130,130,130,130,130,50107,40862,57865,130,130,24615,58683,130,58749,
807,130,130,130,130,130,130,130,130,130,130,36596,11667,39515,130,15151,32018,17662,17317,39424,15982,
808,130,130,130,130,130,130,130,130,130,130,18390,8257,25986,12383,25098,130,130,53516,43145,7020,
809,130,130,130,130,130,130,130,130,130,130,61204,44247,20438,16310,39701,28553,130,41555,9865,15479,
810,130,130,130,130,130,130,130,130,130,130,43307,130,130,48034,45375,56073,28441,20410,130,32273,
811,130,130,130,130,130,130,130,130,130,130,9404,8712,48258,130,57226,5175,36125,60030,46028,130,
812,130,130,130,130,130,130,130,130,130,130,56464,26089,35537,57276,27095,130,130,46188,56551,8367,
813,130,130,130,130,130,130,130,130,130,130,130,130,27838,302,5075,22554,3997,48821,47731,130,
814,130,130,130,130,130,130,130,130,130,130,17105,130,16262,53798,58226,13840,130,28992,40346,38040,
815,130,130,130,130,130,130,130,130,130,130,16585,51485,14453,47250,37647,130,33315,15254,32233,23844,
816,130,130,130,130,130,130,130,130,130,130,130,130,50921,57237,15599,42945,130,10848,130,12458,
817,130,130,130,130,130,130,130,130,130,130,130,130,44546,130,130,130,23878,130,130,130,
818,130,130,130,130,130,130,130,130,130,130,130,53975,49282,130,130,32506,5460,54732,38509,37582,
819,130,130,130,130,130,130,130,21022,130,130,29268,130,130,130,46159,130,47923,44827,35777,130,
820,130,130,130,130,130,130,130,130,130,130,130,130,25181,19639,55330,45977,130,130,47074,24526,
821,130,130,130,130,130,130,130,130,130,130,23880,50370,130,130,7507,130,130,26400,42100,13732,
822,130,130,130,130,130,130,130,130,130,130,2335,36542,31097,130,130,130,43399,46249,130,41894,
823,130,130,130,130,130,130,130,130,130,130,130,54756,130,41787,34368,53360,35396,30509,39801,130,
824,130,130,24836,130,130,2109,130,130,130,130,33090,1664,130,130,130,30582,15758,130,6471,130,
825,130,130,130,9373,130,130,130,29786,130,130,31007,26784,130,54768,21336,12498,28427,34670,35635,130,
826,130,130,130,130,130,130,130,130,130,130,18804,12652,2553,20369,7243,51017,38638,457,47479,24827,
827,130,130,130,130,130,130,130,130,130,457,27551,130,36637,13739,50299,14506,32152,130,29594,130,
828,130,130,130,130,130,130,130,130,130,130,130,44585,130,9818,27853,130,130,22697,130,130,
829,130,130,130,130,130,130,130,130,130,130,49205,18739,53538,130,130,17016,47262,49049,130,130,
830,130,130,130,130,130,130,130,130,130,130,59237,44294,130,26179,130,43242,14158,27885,130,37323,
831,130,130,130,130,130,130,130,130,130,130,12556,55091,130,30849,24675,48931,130,41180,130,36269,
832,130,130,130,130,130,130,130,130,130,130,28479,6309,43646,19434,38439,130,130,16838,130,19777,
833,130,130,130,130,130,130,130,130,130,130,2179,29029,7106,130,48954,21349,130,53805,130,27906,
834,130,130,130,130,130,130,130,130,130,130,39037,44664,55861,36399,55377,30699,32710,46584,37938,49816,
835,130,130,130,6960,16507,16507,130,130,3600,130,47425,21488,41504,130,130,28387,4143,43339,130,58910,
836,130,130,130,130,130,130,130,130,130,130,130,130,4126,706,29939,46366,39235,16857,21332,130,
837,130,130,130,130,130,130,130,130,130,130,130,130,130,130,130,130,130,130,130,48095,
838,130,130,130,130,130,130,130,130,130,14612,44276,130,59640,130,130,24833,130,21111,28126,59336,
839,130,130,130,130,130,130,130,130,130,130,28532,55086,38337,32230,28370,40996,130,130,27669,22545,
840,130,130,130,130,130,130,130,130,130,130,45697,130,11501,29881,130,44710,130,27683,10539,31902,
841,130,130,130,130,130,130,130,130,130,130,43568,56127,42467,26539,130,30203,18891,22645,130,48203,
842,130,130,130,130,130,130,130,130,130,130,130,130,31094,49822,33282,46689,130,47218,17025,42107,
843,130,130,130,33282,130,34314,130,130,130,130,23285,5491,48646,130,130,38422,34680,23200,37724,31273,
844,130,130,130,130,130,130,130,130,130,130,37921,130,26235,37671,33371,130,130,130,28803,42520,
845,130,130,130,130,130,130,130,130,130,130,13039,18229,21908,130,2371,130,42894,57992,48762,130,
846,130,130,130,130,130,130,130,130,130,130,38368,29696,29235,130,130,32435,44764,37624,43593,35740,
847,130,130,130,130,130,130,130,130,130,130,130,40199,50244,8674,7320,7670,35747,130,130,36130,
848,130,130,130,130,130,130,130,130,130,130,6664,60112,45712,130,130,20723,130,130,31495,43117,
849,130,130,130,130,130,130,130,130,130,130,21462,34336,51346,130,21515,38053,31829,23323,30506,18451,
850,130,130,130,130,130,130,130,130,130,130,49925,130,51014,35277,130,130,42368,130,54078,44835,
851,130,130,130,130,130,130,130,130,130,130,130,55117,41941,35979,130,49963,130,42260,46392,32740,
852,130,130,130,32469,130,130,130,130,130,130,130,55688,11539,130,20264,130,130,130,9079,15846,
853,130,130,130,130,130,130,130,130,130,130,130,28465,34588,59851,130,130,130,15528,47332,130,
854,130,130,130,130,130,130,130,130,130,130,130,35559,21885,44505,130,130,32485,2229,49059,130,
855,130,130,130,130,130,130,130,130,130,130,130,130,27835,130,130,19936,130,130,58339,130,
856,130,130,130,130,130,130,130,130,130,130,14394,20819,25177,31122,130,130,130,40442,130,16941,
857,130,130,130,130,130,130,130,130,130,130,44767,49844,46012,35325,130,40358,5432,36525,39370,45341,
858,130,130,130,130,130,130,130,130,130,130,130,11136,130,37759,49794,27975,130,49647,7451,5174,
859,130,130,130,130,130,130,130,130,130,12517,130,38190,55509,50644,18544,23902,130,26162,39739,50451,
860,130,130,130,130,130,130,130,130,130,130,56043,12068,130,45636,30991,45599,45288,130,61766,52978,
861,130,130,130,130,130,130,130,130,130,130,43848,24260,31354,130,21349,41334,130,57532,45614,33810,
862,130,130,130,130,130,130,130,130,130,130,14576,46897,130,28639,130,130,29257,31467,6395,59395,
863,130,130,130,130,130,130,130,130,130,130,7422,130,130,33114,130,29793,20544,27124,4984,24814,
864,130,130,130,130,31814,130,130,130,130,130,13948,37136,130,21451,130,130,130,130,8411,12762,
865,130,130,130,130,130,130,130,14650,130,130,130,31975,42607,130,51735,9760,130,31693,130,26861,
866,130,130,130,130,130,130,130,130,130,130,13600,37417,130,130,20598,21225,46719,26865,50213,39510,
867,130,130,130,130,130,130,130,130,130,130,41166,49508,130,130,130,43738,24492,10769,11360,130,
868,130,130,130,130,130,130,130,130,130,130,130,130,25326,26813,130,130,4532,130,57210,7798,
869,130,130,130,130,130,40550,130,130,130,130,33787,130,130,130,33600,55461,130,42671,130,43192,
870,130,130,130,130,130,130,130,130,130,970,24364,130,15054,130,130,130,26927,22321,6929,130,
871,130,130,130,130,130,130,130,130,130,130,130,130,38418,59597,130,130,29775,130,15744,47668,
872,130,130,130,130,130,130,130,4540,130,130,42475,29790,36298,44498,49154,9790,37341,130,21812,59904,
873,130,130,130,130,130,130,130,130,130,130,20751,15165,31875,32565,130,29782,16312,130,130,130,
874,130,130,130,130,130,130,130,130,130,130,48792,130,130,130,130,130,4658,19274,130,24684,
875,130,130,130,130,130,130,130,130,130,130,130,23426,130,130,130,45419,57203,130,130,39846,
876,130,130,130,130,130,130,130,130,130,130,130,50180,30581,33492,130,130,39339,49566,6440,31229,
877,130,130,130,130,130,10955,130,130,130,130,41154,49395,130,130,24924,45695,5539,130,28553,40760,
878,130,130,130,130,130,130,130,130,130,130,15329,222,19759,47835,130,130,130,26078,16980,42052,
879,130,130,130,130,130,130,130,130,130,130,130,59858,130,29012,14586,60478,130,29950,57934,9246,
880,130,130,130,130,25790,130,130,130,130,130,58168,51283,42870,33710,6633,27118,14846,7895,130,130,
881,130,130,130,130,130,130,130,130,130,130,31369,49523,13047,130,130,17612,8701,55862,130,56693,
882,130,130,130,130,130,130,130,130,130,130,41792,130,10949,39495,14408,29681,130,29668,40816,130,
883,130,130,130,130,130,130,130,130,130,130,36867,11501,23671,130,130,46214,33108,130,130,43512,
884,130,130,130,130,130,130,130,130,130,130,130,33940,53330,18727,28356,9240,12892,16452,10747,16828,
885,130,130,130,130,130,130,130,130,130,130,18589,130,47744,49446,130,15765,45024,130,130,49386,
886,130,130,130,130,130,130,130,130,130,130,19078,11726,27241,28456,130,130,130,55138,130,45189,
887,130,130,8579,130,130,130,130,130,130,130,130,28982,10434,19743,130,31439,36993,130,130,130,
888,130,130,130,130,130,130,130,130,130,130,130,26557,130,5276,130,28552,51854,130,37688,130,
889,130,130,130,130,130,130,130,130,130,130,51466,43717,130,130,33178,130,31074,130,58239,37485,
890,130,130,130,130,130,130,130,130,130,130,12322,50832,130,130,130,14849,31526,130,15033,1056,
891,130,130,130,130,130,130,130,130,130,130,130,20175,130,51610,58201,49192,130,130,42430,23983,
892,130,130,130,130,130,130,130,130,130,130,130,130,42237,130,30061,46126,24133,16926,24642,130,
893,130,130,130,130,130,130,130,130,130,130,11087,35450,45162,130,46836,130,130,57050,26307,130,
894,130,130,130,130,130,130,130,130,130,130,26321,130,130,53376,29720,130,11803,49647,46400,34642,
895,130,130,130,130,130,130,130,130,34896,130,12340,130,31415,42373,43718,26614,58995,48219,130,17231,
896,130,130,130,130,130,130,130,130,130,130,55225,10180,25277,10644,46318,36580,130,23884,130,46274,
897,130,130,130,130,130,130,130,130,130,130,42135,39318,130,37311,14619,58377,9728,16625,46090,15421,
898,130,130,130,130,130,130,130,130,130,130,130,38260,130,12364,32541,54987,130,130,1128,37827,
899,130,130,130,130,130,130,130,130,130,130,130,30687,51701,130,17478,3163,46648,32682,36277,35797,
900,130,130,130,130,130,130,130,130,130,130,130,13699,130,130,37245,130,130,11212,31746,44805,
901,130,130,130,130,130,130,130,130,130,130,20305,20504,46392,46895,37820,57843,130,43006,130,130,
902,130,130,130,130,130,130,130,130,130,130,8438,40265,130,27840,130,130,17616,130,636,58721,
903,130,130,130,130,130,130,130,130,130,130,48831,16196,130,11520,34204,57635,15380,36573,49194,130,
904,130,130,130,130,130,130,130,130,130,130,130,130,130,36654,58201,59199,29972,130,130,130,
905,130,130,130,130,130,130,130,130,130,130,39744,17433,10446,130,44616,33855,30032,130,53432,10107,
906,130,130,130,130,130,130,130,130,130,130,130,22972,130,38333,130,130,26760,18141,35206,44905,
907,130,130,130,130,130,130,130,130,130,130,130,45025,37374,42185,17186,3880,14092,53896,45857,57164,
908,130,130,130,130,130,130,130,130,130,130,40936,16749,52423,37089,130,50162,24477,130,24662,26079,
909,130,130,130,130,130,130,130,130,130,130,2946,130,39169,130,25144,43696,41009,130,130,7421,
910,130,130,130,130,130,130,130,130,130,130,4192,9463,41409,130,130,2019,32690,20540,130,30918,
911,130,130,130,130,130,130,130,130,130,130,13115,55120,18256,55027,14375,130,20481,130,47562,130,
912,130,130,130,130,130,130,130,130,130,7431,130,130,130,49575,130,130,130,49233,130,17431,
913,130,130,130,130,130,130,130,130,130,130,29637,23659,49020,46656,13500,130,130,48094,37626,130,
914,130,130,130,130,130,130,18572,130,130,130,38145,59626,15236,28070,51246,130,43535,21760,21287,26762,
915,130,130,130,130,130,130,130,130,130,130,44909,1851,130,43434,38676,130,130,43844,51157,22213,
916,130,130,130,130,130,130,130,130,130,130,50764,56162,8446,428,40969,130,130,51561,130,13070,
917,130,130,130,130,130,130,130,130,16114,130,130,6878,37216,43297,22359,25979,30095,6069,36412,22739,
918,130,130,130,130,130,130,130,130,130,130,20055,130,15512,41243,50414,130,130,34219,56499,23195,
919,130,130,130,130,130,14616,130,130,130,13576,58848,130,45756,130,20895,38448,44932,18788,48172,39597,
920,130,130,130,130,14051,130,130,130,130,130,14896,130,26796,130,26461,130,130,130,130,130,
921,130,130,130,130,130,6053,130,130,130,130,130,130,34690,130,44756,130,38017,130,26357,46119,
922,130,130,130,130,130,130,130,130,130,130,130,130,35799,130,2690,130,33982,1110,15113,20969,
923,130,130,130,130,130,130,130,130,130,130,130,130,49478,36098,17166,58552,39223,130,25595,130,
924,130,130,130,130,130,130,130,130,130,130,130,130,2979,25745,130,130,130,51088,45707,39275,
925,130,130,130,130,130,130,130,130,130,130,15466,130,40801,58155,40382,51494,130,130,35855,32083,
926,130,130,130,130,130,130,130,37413,130,130,29027,14241,13844,1375,41635,44643,29976,9522,130,130,
927,130,130,130,130,130,130,130,130,130,130,35928,36043,39790,24468,6840,51775,130,48303,2610,130,
928,130,130,130,130,130,130,130,130,130,15379,130,25121,37660,58564,28078,130,9741,130,29952,130,
929,130,130,130,130,130,130,130,130,130,130,14240,11269,10289,130,48733,54454,130,12933,25529,46990,
930,130,130,130,130,130,130,130,130,130,130,38162,130,27371,7525,1584,130,130,18827,34800,51752,
931,130,130,130,130,130,130,130,130,130,130,6340,53446,18942,24371,16488,130,12202,130,55061,40842,
932,130,130,130,130,130,130,130,130,130,130,55155,25004,130,10682,31691,130,41408,130,58191,130,
933,130,130,130,130,130,130,130,130,130,130,130,24136,37205,56815,49514,22490,44586,55267,23226,130,
934,130,130,130,14856,130,130,130,14856,130,130,19672,36401,40829,130,46084,33122,30919,130,49658,43541,
935,130,130,130,130,130,130,130,130,130,130,51301,130,14400,32338,52719,29259,37285,7835,4755,130,
936,130,130,130,130,130,130,130,130,130,130,12257,39280,130,34216,47361,40656,38793,34990,16494,25337,
937,130,130,130,130,130,130,130,130,130,130,47106,12017,49134,18833,130,130,18486,130,17570,60171,
938,130,130,130,130,130,130,130,130,130,130,54401,57676,130,44038,130,23580,130,130,46371,130,
939,130,130,130,130,130,130,130,130,130,130,2967,20778,130,22941,30437,8320,20680,18129,41080,47191,
940,130,130,130,130,130,130,130,130,130,130,130,44704,3551,19701,26080,24489,130,130,9828,130,
941,130,130,130,130,130,130,15855,130,130,130,10261,29231,130,130,50719,130,130,130,13321,48465,
942,130,130,130,48086,130,130,130,130,130,130,33900,32132,1856,51541,44086,130,38165,40852,37424,31526,
943,130,130,130,130,130,130,130,130,130,130,20132,13104,35553,24256,130,41870,130,15422,21007,3300,
944,130,130,130,130,130,130,130,130,130,130,34620,130,14074,130,41156,130,11452,130,9128,13604,
945,130,130,130,130,130,130,130,130,130,130,47065,130,4983,56300,130,130,2536,30051,52840,39417,
946,130,130,130,130,130,130,130,130,130,130,46549,12497,130,34441,53212,41802,130,15272,42167,48537,
947,130,130,130,130,130,130,130,130,15228,130,47785,40422,130,39426,28611,11981,130,12486,43223,49354,
948,130,130,130,130,130,130,130,130,130,130,28228,130,30742,47453,21625,10741,45214,25249,45824,31747,
949,130,130,130,130,130,130,130,130,130,130,13638,130,52088,48565,48799,47884,130,130,130,42998,
950,130,130,130,130,130,130,130,130,130,130,41259,11823,130,26618,21345,130,7848,47616,2925,130,
951,130,130,130,130,130,130,130,130,130,130,35914,11613,27931,22819,23901,14889,130,130,41418,42491,
952,130,130,130,130,130,130,130,130,130,130,17770,130,130,33035,130,43286,56123,26699,130,13448,
953,130,130,130,130,130,130,130,130,130,130,46107,130,8348,9105,54014,130,17425,130,22439,42842,
954,130,130,130,130,130,130,130,130,130,130,55448,130,47042,130,26788,130,55951,130,130,130,
955,130,130,130,130,130,130,130,130,130,130,130,130,51432,59017,130,21153,130,130,6219,19419,
956,130,130,130,130,130,130,130,130,20445,130,130,3122,3573,32207,34091,29726,10054,37271,130,23465,
957,130,130,130,130,130,130,130,130,13038,130,130,42976,57385,130,130,36759,12542,32899,7088,130,
958,130,130,130,130,130,130,130,130,130,130,130,36703,41355,17923,50613,130,29095,24228,32896,130,
959,130,130,130,130,130,130,130,130,130,130,53122,55651,56810,49081,43681,45757,29549,10624,5467,130,
960,130,130,130,130,130,130,130,130,41940,130,41550,41147,130,29562,45792,48826,35557,57387,130,130,
961,130,130,130,130,130,130,130,130,130,130,130,35765,130,15060,50344,41712,23788,15960,3157,10607,
962,130,130,130,130,130,130,130,130,130,130,17120,21084,59156,59291,130,50436,130,56823,27270,1252,
963,130,130,130,130,130,130,130,130,130,130,130,41762,41583,130,130,130,11148,51795,49223,33907,
964,130,130,130,130,130,130,130,130,130,130,32693,46319,13525,37142,130,130,26327,130,51265,9350,
965,130,130,130,130,130,130,130,130,130,130,16315,47426,130,51894,39629,19053,12334,47029,12100,130,
966,130,130,130,130,130,130,130,130,130,130,40885,130,16072,3274,130,48086,55638,24608,36041,130,
967,130,130,130,130,130,130,130,130,130,130,2974,3407,10861,47221,2658,30391,37343,23768,130,130,
968,130,130,130,130,130,26765,130,130,130,130,27975,30968,130,15368,357,40148,130,130,130,15422,
969,130,130,130,130,130,130,130,130,130,130,130,130,46862,48769,56578,33334,49224,53125,43605,4138,
970,130,130,130,130,130,130,130,130,130,130,130,51211,38562,42759,130,130,130,43286,38185,43588,
971,130,130,130,130,130,130,130,130,130,130,29180,51984,55070,130,45710,130,28907,46333,130,43185,
972,130,130,130,2297,130,130,130,130,130,28907,18428,37291,9725,43793,14265,130,52128,130,130,34872,
973,130,130,130,130,130,130,130,130,130,130,130,42801,56483,130,38815,47910,39175,16160,130,51552,
974,130,130,130,130,130,130,130,130,130,130,2654,14763,8237,9891,130,4692,29688,35335,806,34116,
975,130,130,130,130,130,130,130,130,130,130,56524,3371,130,44974,130,130,130,38949,2836,33043,
976,130,130,130,130,130,130,130,130,130,130,130,55812,14452,130,130,3618,130,37318,130,130,
977,130,130,130,130,130,130,130,130,130,130,130,30034,9200,20850,41208,3619,130,43044,130,130,
978,130,130,130,130,130,130,130,130,130,130,130,31070,30801,26570,6709,35241,130,42202,58420,49631,
979,130,130,130,130,130,130,130,130,130,130,58737,130,47577,24265,130,20795,44444,13250,27574,34714,
980,130,130,130,130,130,130,130,130,130,130,10620,130,29669,130,3094,44571,36621,35054,130,130,
981,130,130,130,130,130,130,130,130,130,130,130,30624,44618,20686,18174,130,130,37966,130,56860,
982,130,130,130,130,130,130,130,130,130,130,39004,34474,14188,130,56146,130,43874,51225,27586,27096,
983,130,130,130,130,130,130,130,130,130,130,130,130,12300,130,130,49677,37177,130,130,39758,
984,130,130,130,130,130,14681,130,130,6939,130,3393,57974,36026,20981,14575,43443,130,36534,130,10230,
985,130,130,130,130,22497,130,130,130,130,130,130,12701,130,7567,2575,130,24306,130,18618,1165,
986,130,130,130,130,130,130,130,130,130,130,3350,48986,130,16802,130,23891,130,130,57626,130,
987,130,130,130,130,130,19925,130,3598,130,130,13196,130,130,21088,21839,130,35996,49353,19579,15219,
988,130,130,130,130,130,130,130,130,130,130,130,130,130,35800,47259,57200,7893,130,23433,130,
989,130,130,130,130,130,130,130,130,130,130,17519,39191,33195,40694,130,31580,130,23672,36780,130,
990,130,130,130,130,130,130,130,130,130,130,15574,23266,130,130,46736,130,33864,130,130,18273,
991,130,130,130,130,130,130,130,130,130,130,23895,19306,130,24672,130,12072,11212,22856,40098,41651,
992,130,130,130,130,130,130,130,130,130,130,130,130,28722,130,3839,24956,17646,130,130,9076,
993,130,130,130,130,130,130,130,130,130,130,130,49642,50854,51541,25278,24299,6890,16041,34975,3148,
994,130,130,130,130,130,130,130,130,130,130,130,130,48939,130,17375,35224,130,130,130,49825,
995,130,130,130,130,130,130,130,130,130,130,130,35872,23251,44874,38625,51464,25082,36764,130,38058,
996,130,130,130,130,130,130,130,130,130,130,130,38979,43345,130,36646,10148,29740,130,47213,130,
997,130,130,130,130,130,130,130,130,130,130,130,19109,38204,45530,44108,37045,130,130,14056,31401,
998,130,130,130,130,130,130,130,130,130,130,32163,130,15745,44520,40213,18973,13203,130,51396,36855,
999,130,130,130,130,130,130,130,130,130,130,130,14101,130,17967,37333,52104,35259,22998,13148,130,
1000,130,130,130,130,292,130,130,130,130,130,130,130,44949,48555,37982,37239,38431,130,130,34523,
