1,34318,30745,48821,3051,24495,31051,24812,31960,38730,14747,27925,11406,9131,13686,28965,31815,6586,41673,31398,25175,
2,3051,6586,3979,648,2475,1597,12929,1438,24902,1438,31237,7406,28779,21277,23280,12831,2903,3839,17256,15471,
3,648,648,2051,648,987,862,1438,818,2475,2475,20181,40103,4269,373,11024,34576,23179,3879,46904,33094,
4,373,648,462,862,373,648,2051,373,373,373,12237,3415,12013,19611,23292,20577,2051,648,35824,40680,
5,373,373,373,373,373,487,373,373,648,373,22689,8494,13732,20264,373,18861,900,373,3512,40467,
6,373,373,373,373,373,373,373,373,373,373,13939,32912,10871,8601,18695,373,27611,373,20933,23046,
7,373,373,373,373,373,373,373,373,373,373,32757,24238,373,11131,41779,14606,37258,42849,1077,9706,
8,373,373,373,373,373,373,373,373,373,15093,26255,35254,15096,42078,38025,22377,4406,55571,6303,12696,
9,373,373,373,373,12857,373,373,373,373,6904,373,46138,12023,373,14578,37131,35773,6519,14537,19014,
10,373,373,373,373,373,373,373,373,373,373,19074,9103,30792,47006,7820,23879,14453,33285,4746,18552,
11,373,373,373,373,373,373,373,373,373,373,6018,2805,19257,17690,23950,11389,33520,5198,20808,29026,
12,373,373,373,3065,373,373,373,373,373,373,9896,32309,31761,37940,373,38991,3075,26923,18914,1474,
13,373,373,373,2570,373,373,373,373,373,373,8368,19173,1478,13546,32649,11154,8118,49473,39291,373,
14,373,373,1478,373,373,373,373,373,373,373,9188,2663,44428,59476,25516,14310,58690,373,31932,6966,
15,373,373,373,373,373,373,373,373,373,26974,11733,17759,11416,343,373,21039,373,1971,12071,8925,
16,343,373,373,373,373,373,373,373,373,373,35146,66,952,19513,35419,22373,373,23528,17880,570,
17,66,66,66,343,343,66,373,66,66,373,37080,13992,34879,66,44554,26984,66,15846,32392,66,
18,66,66,66,66,66,66,66,66,66,66,19722,66,52676,35041,66,56342,36958,66,66,66,
19,66,66,66,66,66,66,66,66,66,66,66,25213,56803,48872,15230,20880,24623,45650,53825,47184,
20,66,66,66,66,66,66,66,66,66,66,66,43518,23655,66,66,66,28275,46147,37278,66,
21,66,66,9273,66,66,66,66,66,66,66,40607,66,66,66,66,66,66,54646,59543,37484,
22,66,66,66,66,66,66,66,66,66,66,58459,37614,24732,16330,19768,37752,22500,39045,66,66,
23,66,66,66,66,66,10630,66,66,66,66,66,66,66,19091,58213,1685,66,24673,66,66,
24,66,66,66,66,66,66,66,66,66,66,52242,16588,66,16549,66,19498,66,44145,50849,66,
25,66,66,66,66,66,66,66,66,66,66,66,30531,66,66,49033,66,66,66,60021,38332,
26,66,66,66,66,66,66,66,66,66,66,29851,49681,66,37875,47979,66,56578,66,66,35581,
27,66,66,66,2364,66,66,66,66,66,66,66,66,46907,66,66,39215,66,66,44860,66,
28,66,66,66,66,66,66,66,66,66,66,66,59652,66,51421,66,66,66,56151,66,40338,
29,66,66,66,66,66,66,66,66,66,66,66,66,66,66,11452,66,30501,66,66,66,
30,66,66,66,66,66,66,66,66,66,66,66,55473,66,66,66,10097,29078,66,66,58565,
31,66,66,66,66,66,66,66,66,66,66,18801,12667,57119,52301,66,66,12099,66,66,66,
32,66,66,66,66,66,66,66,66,66,66,66,10664,66,43318,21698,66,66,66,66,25001,
33,66,66,35051,66,66,66,66,66,66,66,66,26197,20021,20142,54459,56538,66,57340,57528,66,
34,66,66,66,66,66,66,66,66,66,66,66,40985,50254,43776,66,66,66,66,66,14762,
35,66,66,66,66,66,66,66,66,66,66,49255,39039,52139,66,28279,52248,43178,66,66,57872,
36,66,66,66,66,66,66,66,66,66,66,36058,66,41578,30603,11335,66,66,10584,59186,18572,
37,66,66,66,66,66,66,66,66,66,66,23925,13108,66,44459,48746,47508,30512,23901,66,66,
38,66,66,66,66,66,66,66,66,66,66,66,25970,66,66,66,66,66,66,53753,66,
39,66,66,66,66,66,66,66,66,66,66,66,46364,34184,37463,66,66,66,25905,66,66,
40,66,66,66,66,66,66,66,66,66,66,66,66,53549,35361,15661,66,66,24968,66,66,
41,66,66,66,66,66,66,66,66,66,66,28910,43581,12949,52403,17907,17982,66,25579,17055,40813,
42,66,66,15468,66,66,66,66,66,66,66,66,53767,46414,66,35381,66,66,54254,66,31911,
43,66,66,66,66,66,66,66,66,66,66,66,66,47877,10795,46564,66,45669,47669,33018,27128,
44,66,66,66,66,66,66,66,66,66,66,51497,66,66,56601,66,58151,55335,66,66,66,
45,66,66,66,66,66,66,66,66,66,66,66,66,66,39898,16205,66,10193,15699,66,66,
46,66,66,66,66,66,66,66,66,66,66,18712,49873,16620,66,66,47407,51223,31331,31960,57941,
47,66,66,66,66,66,66,66,66,66,66,66,27838,66,15380,31001,29559,47225,54189,16781,55553,
48,66,66,66,8533,8533,66,66,66,66,8533,59735,66,30159,56766,29028,28307,19318,54423,66,48543,
49,66,66,66,66,66,66,66,66,66,66,66,66,66,45741,66,66,66,31587,33809,41798,
50,66,66,66,66,66,66,66,66,66,66,66,20997,33662,66,19286,66,66,38247,66,66,
51,66,66,66,66,66,66,66,66,66,66,66,29212,66,44699,66,31777,30825,52792,27630,32625,
52,66,66,66,66,66,66,66,66,66,66,66,58361,66,15302,18793,22414,66,66,66,66,
53,66,66,66,66,66,66,66,66,66,66,13920,66,24457,66,66,49266,24439,30747,66,66,
54,66,66,66,66,4814,66,66,66,66,66,42552,41648,28019,66,27928,29750,66,10758,66,34549,
55,66,66,66,66,66,66,66,66,66,66,10924,66,52535,66,27818,60029,66,16058,14362,66,
56,66,66,66,66,66,66,66,66,66,66,34906,37327,66,66,58081,33777,66,30986,33164,66,
57,66,66,66,66,66,66,66,66,66,66,66,66,66,66,53708,19286,43955,66,66,66,
58,66,66,14635,66,66,66,66,66,66,66,29488,66,31576,45771,66,25849,66,66,66,15643,
59,66,66,66,66,66,66,66,66,66,66,43515,55446,37587,66,54387,12181,66,56848,38980,66,
60,66,66,66,66,66,66,66,66,66,66,66,66,18326,51939,34854,66,29501,16910,26762,66,
61,66,66,66,66,66,66,66,66,66,66,66,66,66,34147,66,15053,17024,66,66,66,
62,66,66,66,66,66,66,66,66,66,66,20722,36568,66,66,66,13484,11216,66,56682,66,
63,66,66,66,66,66,66,66,66,66,66,54350,66,52865,66,66,17775,66,49493,66,66,
64,66,66,66,66,66,66,66,66,66,66,61450,66,66,66,43099,29341,66,19040,56451,66,
65,66,66,66,66,66,66,66,66,66,66,31522,66,57348,66,18308,66,27489,66,53641,66,
66,66,66,66,22517,66,66,66,66,66,66,66,34752,38665,27633,55344,34584,56451,42747,66,46717,
67,66,66,66,66,66,66,66,66,66,66,42205,21527,66,66,66,66,66,66,53849,52453,
68,66,66,66,66,66,66,19445,66,66,66,66,66,26084,39943,21095,48691,66,53539,41145,66,
69,66,66,66,66,66,66,66,66,66,66,66,32887,44423,66,40916,46768,60197,66,38022,57685,
70,66,66,66,66,66,988,17245,66,66,66,66,66,44382,22640,16843,66,66,66,25067,41561,
71,66,66,66,66,66,66,66,66,66,66,66,40650,66,51947,66,66,66,34756,16281,57981,
72,66,66,66,66,66,66,22667,66,66,66,49075,34999,66,34828,66,66,44027,66,58974,66,
73,66,66,66,66,66,66,66,66,66,66,44516,66,52446,27632,25019,66,53022,66,66,34880,
74,66,66,66,66,66,66,66,66,66,66,66,66,43638,66,66,66,66,60003,66,30315,
75,66,66,66,66,66,66,66,66,66,66,42478,41976,36234,66,34342,49693,15367,66,66,57749,
76,66,66,66,66,66,66,66,66,66,66,13092,39284,24136,66,27648,17708,66,66,66,66,
77,66,66,66,66,66,66,66,66,66,66,32207,24953,58761,66,66,66,66,66,66,66,
78,66,66,66,66,66,66,11361,66,66,66,66,55294,55280,52635,49244,40362,34877,66,51969,66,
79,66,66,66,66,66,66,66,66,66,66,10583,66,66,57556,32227,66,66,66,66,66,
80,66,66,66,66,66,66,66,66,66,66,66,24262,66,66,54843,13468,39486,66,11439,66,
81,66,66,66,66,66,66,66,66,66,66,59018,49806,55742,41684,66,66,66,66,41084,66,
82,66,66,66,66,66,66,66,66,66,66,55984,18931,66,52345,46086,66,66,66,43369,36602,
83,66,66,66,66,66,66,66,66,66,66,66,14848,66,41477,56861,55750,35526,66,66,41045,
84,66,66,66,66,66,66,66,66,66,66,66,35896,66,66,66,66,66,22861,53829,24581,
85,66,66,66,66,66,66,66,66,66,66,66,66,37048,66,66,55759,66,21000,44250,66,
86,66,66,66,66,66,66,66,66,66,66,66,18396,10708,66,49849,66,66,46524,66,66,
87,66,66,66,66,66,66,66,66,66,66,56035,42495,66,58793,66,66,40617,66,39490,50746,
88,66,66,66,66,66,66,66,66,66,66,55370,42522,66,66,66,66,42520,66,27790,34225,
89,66,66,66,66,66,66,66,66,66,66,52944,10353,48330,41202,12323,66,26491,11891,66,43566,
90,66,66,66,66,66,66,66,66,66,66,47298,66,66,66,66,66,13171,22189,66,47688,
91,66,66,66,66,66,66,66,66,66,66,66,66,66,66,66,56739,13292,21180,50631,66,
92,66,66,66,66,66,66,66,66,66,66,66,35685,66,66,66,66,11758,66,18602,66,
93,66,66,66,66,66,66,66,66,66,66,66,66,16708,23118,39535,66,29021,66,66,66,
94,66,66,66,66,66,66,66,66,66,66,55694,50162,27371,66,39051,66,32210,54450,66,66,
95,66,66,66,66,66,66,66,66,66,66,66,66,40756,25203,66,30202,47850,66,45569,66,
96,66,66,66,66,66,66,66,66,66,66,66,52515,54706,66,55354,10531,52636,66,66,66,
97,66,66,66,66,66,66,66,66,66,66,66,48052,66,66,66,16731,19100,45737,36973,37185,
98,66,66,66,66,66,66,66,66,66,66,53410,66,24123,48669,66,56253,53507,54402,66,36859,
99,66,66,66,66,66,66,66,66,66,66,12637,66,11085,10379,53756,66,12324,66,54021,66,
100,66,66,66,66,66,66,66,66,66,66,25966,66,66,66,66,66,42549,46177,66,23092,
101,66,66,66,66,66,66,66,66,66,66,19298,66,66,30805,49570,45831,30363,54877,38004,66,
102,66,66,66,66,66,66,7119,66,66,66,66,37737,45255,45263,52610,12418,66,66,49203,66,
103,66,66,66,66,66,66,5513,66,66,66,34183,66,48747,66,25802,45326,66,38266,66,49486,
104,66,66,66,66,66,66,66,66,66,66,34546,54217,59934,47554,66,66,52532,16826,66,66,
105,66,66,66,66,66,66,66,66,66,66,41202,66,66,51918,66,44622,66,66,27984,66,
106,66,66,66,66,66,66,66,66,66,66,66,51068,31483,59656,66,66,66,66,51680,43493,
107,66,66,66,66,66,66,66,66,66,66,66,66,66,66,66,66,51257,11097,6385,43199,
108,66,66,66,66,66,66,66,66,66,66,66,39513,47398,66,24742,66,66,66,36382,66,
109,66,66,66,66,66,66,66,66,66,66,66,66,66,41629,41977,36651,66,66,58028,66,
110,66,66,66,66,66,66,66,66,66,66,66,26238,66,27704,45057,66,66,36624,60789,27125,
111,66,66,66,66,66,66,66,66,66,66,53912,66,66,66,66,22730,45190,11922,18956,66,
112,66,66,66,66,66,66,66,66,66,66,11569,51474,18810,66,66,50763,42201,66,14551,25952,
113,66,66,66,66,66,66,66,66,66,66,66,66,59198,66,66,51925,66,66,53394,66,
114,66,66,66,66,66,66,66,66,66,66,66,28108,66,27486,51154,47041,40859,66,50710,10553,
115,66,66,66,66,66,66,5586,66,66,66,66,19520,50715,45495,66,66,66,66,31244,66,
116,66,66,66,66,66,66,66,66,66,66,11203,66,66,18123,66,22204,34980,66,66,66,
117,66,66,66,66,66,66,66,66,66,66,22609,66,66,66,35407,44251,19436,66,66,66,
118,66,66,66,66,66,12713,66,66,66,66,66,24489,10225,66,66,10213,66,41981,18153,59405,
119,66,66,66,66,66,66,66,66,66,66,66,66,66,31434,56562,12391,54825,66,41942,57211,
120,66,66,66,66,66,66,66,66,66,66,27385,53516,49141,66,66,66,53721,27908,55865,66,
121,66,66,66,66,66,66,66,66,66,66,45305,66,66,16346,54472,66,66,66,66,59854,
122,66,66,66,66,66,66,66,66,66,66,49985,40999,66,55740,22528,66,15725,11824,28510,36006,
123,66,66,66,66,66,66,66,66,66,66,66,66,45483,58861,47349,33879,31874,40585,25125,66,
124,66,66,66,66,66,66,66,66,66,66,66,66,28071,66,66,21910,66,66,66,19573,
125,66,66,66,66,9415,66,66,66,66,66,66,3619,66,66,33731,49649,66,66,41908,66,
126,66,66,66,66,66,66,66,66,66,66,66,66,21392,54181,66,66,66,66,66,66,
127,66,66,66,66,66,66,66,66,66,66,66,66,52524,66,43278,66,66,66,38961,17494,
128,66,66,66,66,66,66,66,66,66,66,66,15324,66,66,42471,42448,21034,59485,66,48865,
129,66,66,66,66,66,11714,66,66,66,66,32543,23452,42485,31758,66,46859,66,66,34421,52723,
130,66,66,66,66,66,66,66,66,66,66,24752,66,66,66,66,66,31308,66,11110,66,
131,66,66,66,66,66,66,66,66,66,66,66,40787,66,66,66,66,10327,66,31206,48517,
132,66,66,66,66,66,66,66,66,66,66,57271,14691,48218,66,28882,66,21885,66,66,20102,
133,66,66,66,66,66,66,66,66,66,66,21409,66,66,12573,66,66,22813,53878,66,20125,
134,66,66,66,66,66,66,66,66,66,66,66,29524,20968,13680,66,49760,66,15536,43660,21887,
135,66,66,66,66,66,66,66,66,16541,66,293,66,46191,58679,49591,66,53298,66,28788,10457,
136,66,66,66,66,66,66,66,66,66,66,66,49394,46078,66,66,52289,54753,66,35266,66,
137,66,66,66,66,66,66,66,66,66,66,13164,35623,66,66,66,13291,26925,11228,14500,66,
138,66,66,66,66,66,66,66,66,66,66,66,31610,16201,66,49033,66,37030,66,36272,66,
139,66,66,66,66,66,66,66,66,66,66,53184,66,49730,66,17022,66,24557,66,66,66,
140,66,66,66,66,66,66,66,33698,66,66,66,66,60825,48137,11399,18767,53982,45373,49938,19886,
141,66,66,66,66,66,66,18115,66,66,24466,22482,47003,66,66,66,66,66,27772,34927,66,
142,66,66,66,66,66,66,66,66,66,66,66,66,50759,35537,66,66,66,27180,66,66,
143,66,66,66,66,66,66,9040,66,66,66,66,13810,66,14181,53198,66,66,66,55215,66,
144,66,66,66,66,66,66,66,66,66,66,66,30789,66,66,50692,28669,34902,66,45665,66,
145,66,66,66,66,66,66,66,2077,66,66,66,18718,29270,36038,66,48725,66,66,66,20227,
146,66,66,66,66,66,66,66,66,66,66,49622,31726,36408,18227,17928,66,11338,40637,66,48211,
147,66,66,66,66,66,66,66,66,66,66,37850,66,21052,52962,38519,31994,66,66,58618,66,
148,66,66,66,66,66,66,66,66,66,66,24731,29693,66,66,66,47192,39313,4361,10650,56178,
149,66,66,66,66,66,66,66,66,66,66,66,66,20180,66,66,66,66,66,29368,12454,
150,66,66,66,66,66,66,66,66,66,66,37057,66,27487,66,41907,66,39504,66,56169,66,
151,66,66,66,66,66,66,66,66,66,66,16370,10143,41634,50588,41428,66,53435,66,66,66,
152,66,66,66,66,66,66,66,66,66,66,66,66,53620,45832,46484,66,66,59429,66,46954,
153,66,66,66,66,66,66,66,66,10108,66,34641,66,66,56674,66,23286,53140,30162,66,66,
154,66,66,66,66,66,66,66,66,66,66,58519,66,66,66,13100,17133,66,66,10139,60201,
155,66,66,66,19044,66,66,16580,66,66,66,66,55454,56065,38974,15017,66,66,13807,42179,44668,
156,66,66,66,66,66,66,66,66,66,66,66,21706,66,66,66,66,66,55709,59785,57959,
157,66,66,66,66,66,66,66,66,66,66,66,66,39063,66,66,58945,24780,66,66,66,
158,66,66,66,66,66,66,66,8484,66,66,66,32476,66,66,27640,66,66,66,66,53712,
159,66,66,66,66,66,66,66,66,66,66,48064,50531,66,66,66,17401,66,16973,28092,66,
160,66,66,66,66,66,66,66,66,66,66,26468,66,66,66,52204,66,15810,66,66,50342,
161,66,66,66,66,66,66,66,66,66,66,66,39778,11504,18211,66,66,43098,66,38740,49387,
162,66,66,66,66,66,66,66,66,66,66,66,37438,57538,66,66,66,48328,50862,66,50941,
163,66,66,66,66,66,30449,66,66,66,66,66,66,66,39882,66,56682,66,66,66,66,
164,66,66,66,66,66,66,1169,66,66,66,66,42839,66,14691,53758,66,66,28814,49140,66,
165,66,66,66,66,66,66,66,66,66,66,66,28988,54880,66,66,19569,19935,54792,14324,27434,
166,66,66,66,66,66,66,66,66,66,66,10604,19486,66,45235,66,66,66,66,66,66,
167,66,66,66,66,66,66,66,18146,66,66,66,66,66,54218,66,66,66,66,15032,66,
168,66,66,66,66,66,11106,66,66,66,66,17921,58839,66,66,66,66,66,33253,17242,66,
169,66,66,66,66,66,66,66,66,66,66,16324,66,66,66,66,12668,66,20109,66,15756,
170,66,66,66,66,66,66,66,66,66,66,44646,59003,55835,43997,12676,51581,50976,56458,66,49112,
171,66,66,66,66,66,66,66,66,66,66,66,66,50902,66,66,66,39274,34025,25888,54081,
172,66,66,66,66,66,66,66,66,66,66,66,56132,66,17592,66,16740,50853,55615,66,66,
173,66,66,66,66,66,66,66,66,66,66,66,31309,66,66,66,66,27048,55285,66,26475,
174,66,66,66,66,66,66,66,66,66,66,66,66,66,48994,66,66,66,38090,36170,66,
175,66,66,66,66,66,66,66,66,66,66,66,23130,66,66,66,22038,66,19827,66,58808,
176,66,66,66,66,66,66,66,66,66,66,66,46668,35266,57956,51010,66,42492,23398,25938,66,
177,66,66,66,66,66,66,66,66,66,66,30992,41496,14645,51313,33352,23787,44062,25066,39579,66,
178,66,66,66,66,66,66,66,66,66,66,45855,25882,52701,51229,66,66,66,60739,66,31569,
179,66,66,66,66,66,66,66,66,66,66,36515,66,66,49392,40877,40880,55508,31226,66,66,
180,66,66,66,66,66,66,66,66,66,66,36979,66,66,66,66,66,66,66,66,66,
181,66,66,66,66,66,66,66,66,66,66,66,30060,50433,36479,66,66,43916,46196,66,44629,
182,66,66,66,66,66,66,66,66,66,66,40748,66,48417,25176,66,66,66,66,66,42775,
183,66,66,66,66,66,66,66,11626,66,66,54285,40061,66,44235,66,66,41924,58159,57035,66,
184,66,66,66,66,66,66,66,66,66,66,25019,57991,36952,45777,57885,66,66,3243,55468,66,
185,66,66,66,66,66,66,66,66,66,66,66,37423,14613,35418,66,66,19619,35044,66,66,
186,66,66,66,66,66,66,66,66,66,66,66,66,54079,66,66,66,66,47714,57036,54283,
187,66,66,66,66,66,66,66,66,66,66,66,36498,57839,769,55123,49518,29710,66,66,43633,
188,66,66,13145,66,66,66,66,66,66,66,10958,66,66,44695,66,66,66,66,45485,27112,
189,66,66,66,66,66,66,66,66,66,66,66,55654,29684,45984,66,10173,18183,66,66,66,
190,66,66,66,66,66,66,66,66,66,66,17007,30390,66,66,42402,50766,66,66,66,66,
191,66,66,66,66,66,66,66,66,66,66,66,20182,59536,66,66,11643,35741,53941,66,66,
192,66,66,66,66,66,3471,66,66,66,66,66,30739,66,66,66,66,66,42727,6134,45930,
193,66,66,66,66,66,66,66,66,66,66,66,66,33133,66,66,37300,24899,66,66,66,
194,66,66,66,66,66,66,66,66,66,66,66,56215,53337,50563,66,66,22824,55981,15622,66,
195,66,66,66,66,66,18773,66,66,66,66,36723,66,66,66,49200,66,66,11400,66,66,
196,66,66,66,66,66,66,66,66,66,66,30503,66,66,11162,31873,66,56764,66,66,39711,
197,66,66,66,66,66,66,66,66,66,66,66,60410,15552,58763,66,66,22085,23491,66,66,
198,66,66,66,66,22617,22617,66,66,66,66,11799,54551,7354,38468,66,10607,44545,66,66,66,
199,66,66,66,13218,66,66,66,66,66,66,66,66,66,66,46925,66,49174,21940,66,10835,
200,66,66,66,66,66,66,66,66,66,66,66,66,66,66,35491,66,66,66,46487,66,
201,66,66,66,66,66,66,66,66,66,66,66,13889,10382,66,66,32452,23843,66,66,38479,
202,66,66,66,66,66,66,10701,66,66,66,12795,66,66,32243,52268,66,13814,58763,66,13865,
203,66,66,66,66,66,66,66,66,66,66,66,66,66,66,37556,28993,66,60338,22278,66,
204,66,66,66,66,66,66,66,66,66,66,28566,47317,12494,49026,13954,45650,42538,66,66,66,
205,66,66,66,66,66,66,66,66,66,21821,44243,12091,66,52701,66,66,60932,14743,55924,2397,
206,66,66,66,66,66,66,66,66,66,66,66,66,58644,66,66,54493,66,59739,66,11171,
207,66,66,66,66,66,66,66,66,66,66,51375,66,66,29012,66,66,66,55237,66,30891,
208,66,66,66,66,66,66,66,66,66,16666,35736,66,12342,66,44518,56423,34339,66,52747,36903,
209,66,66,66,66,66,66,66,66,66,66,66,66,47988,66,15798,66,66,52502,66,66,
210,66,66,66,66,66,66,66,66,66,66,66,16402,66,66,37790,66,19924,51189,66,25716,
211,66,66,66,66,66,66,66,66,66,66,66,31971,66,66,66,49249,66,52536,42545,36156,
212,66,66,66,66,66,66,66,66,66,66,66,66,43423,20034,18307,66,39404,34264,27822,66,
213,66,66,66,66,66,66,66,66,66,66,66,66,66,27883,14461,66,22647,12617,66,66,
214,66,66,66,66,66,66,66,66,66,66,47424,47040,66,44515,11912,66,15746,14502,66,66,
215,66,66,66,66,66,66,66,66,66,66,14304,66,66,66,13336,18518,66,66,66,66,
216,66,66,66,66,66,66,66,66,66,66,36656,66,66,50457,44526,66,66,66,19625,66,
217,66,66,66,66,66,12086,66,66,66,66,47427,60462,48097,66,21293,16828,66,66,66,18712,
218,66,66,66,66,66,66,66,66,66,66,46933,39196,34093,34942,42330,66,39799,33971,66,66,
219,66,66,66,66,66,66,66,66,66,66,66,35406,53048,45012,66,19280,66,45895,66,66,
220,66,66,66,66,66,66,5035,66,66,66,66,66,66,66,36996,25867,66,66,39952,66,
221,66,66,66,66,66,66,66,66,66,66,66,19119,11836,66,66,53689,66,53554,50893,66,
222,66,66,66,66,66,66,66,66,66,66,42077,66,66,66,21743,66,66,66,53335,53815,
223,66,66,66,66,66,32544,66,66,66,66,19870,51189,58364,66,66,66,39651,66,66,22500,
224,66,66,66,66,66,66,66,66,66,66,25907,66,66,39473,66,66,32797,55118,66,47079,
225,66,66,66,66,66,811,66,66,66,66,61075,27894,66,66,37808,47502,38385,43979,66,66,
226,66,66,66,66,66,66,66,66,66,66,66,34080,66,19986,14873,66,23457,9913,13023,66,
227,66,66,66,66,66,66,66,66,66,66,66,11666,66,19274,66,49178,14502,22959,52293,66,
228,66,66,66,66,66,66,66,66,66,66,66,51715,24615,50972,46263,66,39191,66,66,48585,
229,66,66,66,66,66,66,66,66,66,66,66,46297,56630,66,20802,66,52714,24942,57869,66,
230,66,66,66,66,66,66,66,66,66,66,66,59434,66,66,40605,66,43286,46356,14998,42824,
231,66,66,66,66,66,66,66,66,66,66,57322,66,23287,13116,46560,66,34963,66,66,66,
232,66,66,66,66,66,66,66,66,66,66,66,66,66,58965,49616,22884,66,66,41216,66,
233,66,66,66,66,66,66,66,66,66,66,57373,66,66,20152,66,66,48818,15445,44548,14851,
234,66,66,66,66,66,66,66,66,66,66,66,17831,66,39622,66,66,49124,37754,66,66,
235,66,66,66,66,66,66,66,66,66,66,66,66,66,27135,66,32382,66,66,54700,66,
236,66,66,66,66,66,66,66,66,66,66,66,46139,15894,57331,66,28296,66,66,66,22076,
237,66,66,66,66,66,66,66,66,66,66,66,66,66,36789,49189,43881,59567,66,66,66,
238,66,66,66,66,66,66,66,66,66,66,36521,66,46074,66,66,66,66,66,66,66,
239,66,66,66,66,66,66,66,66,66,66,59474,34845,66,66,11044,66,66,66,66,22019,
240,66,66,66,66,66,66,66,66,66,66,22987,66,57821,66,57643,13318,40980,66,48018,15354,
241,66,66,66,66,66,66,66,66,66,983,41557,12205,66,43871,66,44635,66,30312,66,33007,
242,66,66,66,66,66,66,66,66,66,66,66,66,66,40722,43284,57598,15384,66,39036,66,
243,66,66,66,66,66,66,26494,66,66,66,66,66,66,39554,55446,66,55460,66,44959,21261,
244,66,66,66,66,66,66,66,66,66,66,13255,66,16281,66,66,66,66,45991,66,37354,
245,66,66,66,66,66,66,66,66,66,66,18879,66,66,66,41268,46283,66,66,66,41444,
246,66,66,66,66,66,66,66,66,66,66,66,18912,24060,37749,36942,56316,66,66,20437,57745,
247,66,66,66,66,66,66,66,66,66,3382,30880,66,66,66,66,48883,66,66,17833,66,
248,66,66,66,66,66,66,66,66,66,66,66,66,55308,66,66,53597,66,66,18458,17213,
249,66,66,66,66,66,66,66,6260,66,66,23505,66,66,66,34532,43699,66,25920,66,66,
250,66,66,66,66,66,66,66,66,66,66,66,59042,66,14402,66,39468,66,66,59212,38465,
251,66,66,66,66,66,66,66,26643,66,66,50742,16508,66,14793,66,61431,36246,47782,66,66,
252,66,66,66,66,66,66,66,66,66,66,60924,66,66,66,66,11191,18120,66,56921,54269,
253,66,66,66,66,66,66,66,66,66,66,66,11774,54610,21780,66,66,66,66,54673,44700,
254,66,66,66,66,66,66,66,66,66,66,66,66,66,66,56018,66,15595,45680,66,58605,
255,66,66,66,66,66,66,66,66,66,66,66,50052,15740,19449,56506,66,19645,66,66,66,
256,66,66,66,66,66,66,11290,66,66,66,36530,66,66,23334,55760,66,50766,66,66,10230,
257,66,66,66,66,66,66,66,66,66,66,66,37056,16680,31257,66,19512,34751,66,42716,34094,
258,66,66,66,66,66,66,66,66,66,66,66,66,66,54321,66,66,66,24841,66,66,
259,66,66,66,66,66,66,66,66,66,66,15809,66,66,53067,40282,16825,66,66,44543,66,
260,66,66,66,66,66,66,66,66,66,66,66,45871,66,28203,29362,47679,37722,66,16171,16203,
261,66,66,66,66,66,66,66,66,66,66,53050,22126,51209,40491,44927,66,48645,66,66,66,
262,66,66,66,66,66,66,66,66,66,66,66,66,55860,66,66,17091,13767,52205,66,66,
263,66,66,66,66,66,66,66,66,66,66,59193,51265,53870,10515,66,19771,66,12824,24354,66,
264,66,66,66,66,66,66,66,66,66,66,26984,66,66,20341,49630,29393,20882,66,49368,15449,
265,66,66,66,66,66,66,66,66,66,66,66,66,66,32370,66,13553,13705,66,47000,66,
266,66,66,66,66,66,66,66,66,66,66,66,52259,14647,66,13600,57984,48414,66,66,66,
267,66,66,66,66,66,66,66,66,66,66,52913,66,66,61163,66,47433,66,50623,66,66,
268,66,66,66,66,66,66,66,66,66,66,31573,46992,54894,66,66,59815,11297,26483,66,66,
269,66,66,66,66,66,66,66,66,66,66,47905,29424,43943,66,66,66,21028,35304,19054,38628,
270,66,66,66,5543,66,66,66,5543,66,66,66,14724,44923,66,66,66,66,17651,55720,49009,
271,66,66,66,66,66,66,66,66,66,66,20958,66,48529,18349,66,10416,50385,39610,66,66,
272,66,66,66,66,66,66,66,66,66,66,13702,40149,48111,66,66,20737,48371,32386,66,43174,
273,66,66,66,66,66,66,66,66,66,66,58681,46776,66,22941,66,66,66,59375,33918,10728,
274,66,66,66,66,66,66,66,66,66,66,66,30784,66,66,66,49972,66,47315,60120,66,
275,66,66,66,66,66,20950,66,66,66,66,66,66,66,39018,66,66,11633,66,66,66,
276,66,66,66,66,66,66,66,66,66,66,51378,58596,15532,44721,17243,11582,66,52971,66,59529,
277,66,66,66,66,12909,66,66,66,66,66,66,54466,66,48296,12528,66,49383,34319,30023,66,
278,66,66,66,66,66,66,66,66,66,66,4395,20830,66,66,66,53428,20194,66,43637,66,
279,66,66,914,66,66,66,66,66,66,66,66,22096,66,66,61482,13225,66,11791,45846,66,
280,66,66,66,66,66,66,66,66,66,66,31427,66,13039,52791,66,22559,10832,31499,66,51043,
281,66,66,66,66,66,66,66,66,66,66,25843,56323,66,54503,55079,66,66,23299,45254,47844,
282,66,66,66,66,66,66,66,66,2701,66,11372,19062,66,40327,35110,33766,66,66,29689,66,
283,66,66,66,66,66,5316,66,66,66,66,66,66,66,66,66,66,43758,66,66,66,
284,66,66,66,66,66,66,66,66,66,66,66,47843,66,66,66,66,29225,66,66,66,
285,66,66,66,66,66,66,66,66,66,66,66,50557,30883,12250,30092,42370,26110,66,27515,16379,
286,66,66,66,66,66,66,66,66,66,66,52639,66,35095,58381,34534,66,50383,66,27165,66,
287,66,66,66,66,66,66,66,66,66,66,15029,6778,48628,549,3831,66,30116,48072,14604,59568,
288,66,66,66,66,66,31755,66,66,66,66,66,66,49915,66,50894,18779,66,48816,66,52809,
289,66,66,66,66,66,66,66,66,66,66,66,57616,28859,48980,50950,66,59655,44603,66,19824,
290,66,66,66,66,66,66,11634,66,24015,66,66,35061,48574,66,66,33269,11092,10096,55878,66,
291,66,66,66,66,66,15828,66,66,66,66,45975,11348,56052,66,31138,66,66,66,51433,66,
292,66,66,66,66,66,66,66,66,66,27956,66,66,13444,53676,66,59956,60000,11662,66,15823,
293,66,66,66,66,66,66,66,66,66,66,66,66,66,66,26855,66,31329,66,66,53545,
294,66,66,66,66,66,66,66,66,66,66,66,10242,42484,66,66,12563,51860,53907,56844,20374,
295,66,66,22120,27277,66,66,66,66,66,27378,66,50209,66,66,46201,66,33200,66,66,66,
296,66,66,66,66,66,66,66,66,66,66,56507,29984,40317,66,66,66,52356,66,66,66,
297,66,66,66,66,66,66,66,66,66,66,53212,66,41544,38159,66,66,66,66,35618,66,
298,66,66,66,28986,66,66,66,66,66,66,66,52776,66,66,66,66,23935,33136,57940,31697,
299,66,66,66,66,66,66,66,66,66,66,49702,17056,66,57107,66,38078,34690,59405,66,13500,
300,66,66,66,66,66,66,66,66,66,66,66,66,66,41465,66,66,45503,15992,66,28699,
301,66,66,66,66,66,66,66,66,66,66,66,66,66,66,66,66,22032,33218,66,44684,
302,66,66,66,66,66,66,66,66,66,66,27359,66,66,41389,66,59979,66,21447,66,66,
303,66,66,66,66,66,66,66,66,66,66,66,20742,66,66,50913,66,16806,52170,66,12748,
304,66,66,66,66,66,66,66,66,66,66,60047,16409,66,55425,23244,19855,22385,66,66,66,
305,66,66,66,66,66,66,66,66,66,66,35959,11945,18854,55961,37012,66,66,31412,56614,10305,
306,66,66,66,66,66,66,66,66,66,66,66,66,66,66,66,53805,42718,17393,54561,66,
307,66,66,66,66,66,66,66,66,66,66,40557,57688,66,1313,66,66,11486,66,66,66,
308,66,66,66,66,66,66,66,66,66,66,66,21276,51304,27748,32500,45954,66,66,66,66,
309,66,66,66,66,66,66,66,66,66,66,66,53182,66,32313,66,37043,46334,18699,15390,66,
310,66,66,66,66,66,66,66,66,66,66,66,66,43497,32098,66,66,56316,48304,53211,39710,
311,66,66,66,66,66,9508,66,66,66,66,47752,66,66,43985,66,53444,46113,15903,27759,15136,
312,66,66,66,66,66,66,66,66,66,66,66,33832,37449,38987,27402,56022,66,66,52172,66,
313,66,66,66,66,66,66,66,66,66,66,35125,47123,66,66,66,66,38047,66,66,66,
314,66,66,66,66,66,66,66,66,66,66,66,66,47155,66,66,21596,23963,66,66,56972,
315,66,66,66,66,66,66,66,66,66,66,66,21928,18991,66,66,42414,66,47329,66,66,
316,66,66,66,66,66,66,66,66,66,66,66,57780,23390,42148,58587,30659,53162,31420,66,48429,
317,66,66,12953,66,66,66,66,66,66,66,66,25642,17726,66,40546,29772,66,66,66,54692,
318,66,66,66,66,66,66,66,66,66,66,66,45169,39814,39664,10387,36300,66,35960,66,66,
319,66,66,66,66,66,66,66,66,66,66,26307,38784,66,49296,66,48715,53293,58525,28248,66,
320,66,66,66,66,66,66,19019,66,66,66,39425,53959,41230,43487,66,45371,66,21101,51990,31073,
321,66,66,66,66,66,66,66,66,66,66,17320,52636,39163,47375,23310,66,10096,66,66,42226,
322,66,66,66,66,66,66,66,66,66,66,66,66,46334,66,66,66,36304,42118,31922,12525,
323,66,66,66,1848,66,66,66,66,66,66,14022,66,61821,66,66,66,37166,42168,35163,66,
324,66,66,66,66,66,66,66,66,66,66,66,15250,24743,66,40237,21214,66,34456,66,18497,
325,66,66,66,66,66,66,66,66,66,66,66,19748,66,13532,66,66,51180,66,66,66,
326,66,66,66,66,1258,66,66,66,66,66,66,66,66,2775,66,66,56687,66,66,14540,
327,66,66,66,66,66,66,66,66,66,66,66,52569,41310,54733,66,38294,66,66,26029,66,
328,66,66,66,10454,66,66,66,66,66,66,66,49648,66,41940,56397,23279,66,44890,56968,39631,
329,66,66,66,66,66,11690,66,66,66,66,43376,51658,66,45873,66,66,66,36775,66,54664,
330,66,66,66,66,66,66,66,66,66,66,22373,66,50815,66,66,66,13357,66,66,66,
331,66,66,66,66,66,66,66,66,22446,66,35117,66,66,56596,52947,25816,32331,19001,66,66,
332,66,66,4467,66,66,5787,66,66,1773,66,21352,12963,43584,66,66,43641,66,50321,51815,41591,
333,66,66,66,66,66,66,66,66,66,66,40693,66,52943,55410,66,66,46651,56719,66,40721,
334,66,66,66,66,66,66,66,66,66,66,60570,20318,66,66,66,12165,30218,66,32228,66,
335,66,66,66,66,66,66,66,66,66,66,66,16332,29853,35280,54927,54179,66,66,66,34697,
336,66,66,14704,66,20059,66,66,66,66,66,66,48898,58289,66,66,66,66,66,57788,13800,
337,66,66,66,66,66,66,66,66,66,66,66,66,66,22641,66,44065,47496,66,66,66,
338,66,66,66,66,66,66,17108,17108,17108,66,66,66,66,57435,39345,66,37807,66,66,59910,
339,66,66,66,66,66,66,66,66,66,66,66,34942,66,66,66,66,66,66,66,66,
340,66,66,66,66,66,66,66,66,66,66,66,18867,35116,28547,24802,36311,66,66,19197,66,
341,66,66,66,66,66,66,66,66,66,66,66,66,66,66,66,66,66,25038,66,23863,
342,66,66,66,66,66,66,66,66,66,66,66,12482,36994,66,66,66,66,10098,66,32209,
343,66,66,66,66,66,66,66,66,66,66,18433,66,66,31820,56357,16401,66,66,23126,66,
344,66,66,66,66,66,66,66,66,66,66,20505,30616,55949,15033,66,53889,66,12988,66,66,
345,66,66,66,66,66,66,66,66,66,66,52398,66,56036,66,20559,58233,66,66,66,40737,
346,66,66,66,66,66,66,66,66,66,66,66,66,28859,10872,55538,19711,16817,19837,66,66,
347,66,66,66,66,66,66,66,66,66,66,52895,44737,66,52895,66,66,61342,43002,66,66,
348,66,66,66,66,66,66,66,66,66,13697,66,66,66,50574,50354,66,58156,25991,45924,14907,
349,66,66,66,66,66,66,66,66,66,66,66,35695,42533,13728,66,66,66,38975,66,28103,
350,66,66,66,66,66,66,66,66,66,66,13900,27855,49862,66,38095,66,15680,66,43957,10804,
351,66,66,66,66,66,66,66,66,66,66,40461,66,22140,35654,19951,66,66,33207,42769,66,
352,66,66,66,66,66,66,66,66,66,66,22559,44399,46162,38553,25088,66,33874,66,66,58601,
353,66,66,66,66,66,12449,66,66,66,66,46985,66,12160,29145,11613,66,66,54094,12229,66,
354,66,66,66,66,66,66,66,66,66,66,40105,29583,15306,66,42446,66,41703,66,66,66,
355,66,66,66,66,66,66,66,66,66,66,50952,66,66,66,66,59126,66,66,66,66,
356,66,66,66,66,66,66,66,66,66,66,66,44808,66,66,66,41535,17460,66,52337,66,
357,66,66,66,66,66,66,66,66,66,66,66,50305,55193,48092,12438,66,66,55650,54138,29835,
358,66,66,66,66,66,66,66,66,66,66,66,14283,47826,21580,34124,56523,66,20078,41908,66,
359,66,66,66,66,66,66,66,66,66,66,25880,66,66,25686,56290,27339,66,66,10100,66,
360,66,66,66,12807,66,66,66,66,66,30385,29893,66,31186,38861,17921,40769,12995,66,66,66,
361,66,66,66,66,66,66,66,66,66,66,39604,66,54740,66,25268,66,56473,32503,66,66,
362,66,66,66,66,66,66,66,66,66,66,39606,36089,43159,66,38239,66,66,66,66,66,
363,66,66,66,66,66,66,66,66,66,66,32159,50516,66,66,55115,66,10392,66,66,66,
364,66,66,66,66,66,66,66,66,66,66,66,66,53178,46505,49909,66,17844,45907,66,24113,
365,66,66,66,66,66,66,66,66,66,66,66,52576,42805,66,22771,66,66,17789,56380,58648,
366,66,66,66,66,66,66,66,66,66,66,66,66,26476,66,57871,66,66,66,66,66,
367,66,66,66,66,66,13730,66,66,66,66,66,66,66,66,66,66,11874,66,33539,58384,
368,66,66,66,66,66,66,66,66,66,66,48589,48065,66,32219,66,66,55778,66,51598,50368,
369,66,66,66,66,66,66,66,66,66,66,66,33594,29013,66,66,66,49233,40179,40879,66,
370,66,66,66,66,66,14666,66,66,66,66,23230,66,66,13509,66,42382,33306,29379,66,53018,
371,66,66,66,66,66,66,66,66,66,66,66,66,34422,66,14741,50585,66,42781,43937,66,
372,66,66,66,66,66,66,66,66,66,66,40029,17223,20853,15393,52964,32451,37076,66,59027,20968,
373,66,66,66,66,66,66,66,66,66,66,66,15373,66,66,66,47502,66,66,58930,66,
374,66,66,66,66,66,66,66,66,66,66,66,66,66,47226,66,61044,30037,66,66,66,
375,66,66,33604,66,66,66,66,66,66,66,66,66,37367,32719,66,22492,66,50304,42992,45800,
376,66,66,66,66,20074,66,66,51085,66,66,66,51643,50980,66,43669,66,66,66,16932,66,
377,66,66,66,66,66,66,66,66,25115,66,66,13823,10425,13581,29161,34022,19434,66,66,66,
378,66,66,66,66,66,66,66,66,66,66,66,66,34223,55643,66,50040,66,66,29208,40453,
379,66,66,66,66,66,19974,66,66,66,66,66,66,54241,24623,66,31092,66,25697,14597,66,
380,66,66,66,66,66,66,66,66,66,66,66,49723,66,24132,54146,41856,44682,66,66,53191,
381,66,66,66,66,66,66,66,66,66,66,59661,66,39289,66,22606,66,29384,52060,66,30140,
382,66,66,66,66,66,66,66,66,66,66,51867,66,66,13179,66,47145,66,45831,49849,66,
383,66,66,66,66,66,66,23857,66,66,66,66,66,66,66,33649,66,55220,11856,42567,58440,
384,66,66,66,66,66,66,66,66,66,66,18377,40655,66,66,66,30857,66,66,46175,60663,
385,66,66,66,66,66,66,66,66,66,66,24974,66,66,33598,52728,19755,66,66,66,66,
386,66,66,66,66,66,66,66,66,66,66,66,66,47103,24878,51051,35733,52723,24015,54889,66,
387,66,66,66,66,66,66,15978,66,66,66,66,36893,20222,66,66,48050,66,66,12186,66,
388,66,66,66,66,66,66,66,66,66,66,66,45979,66,11613,39014,59584,23582,66,66,13171,
389,66,66,66,66,66,66,66,66,66,66,66,66,22873,66,43480,66,45007,57045,66,30160,
390,66,66,66,66,66,66,66,66,66,66,66,50476,66,66,66,66,66,66,66,66,
391,66,66,66,66,66,66,66,66,66,66,13129,14199,21117,66,53268,56318,30172,52578,66,14977,
392,66,66,66,66,66,66,66,66,66,66,66,57813,50352,22970,66,66,52856,54251,13914,17108,
393,66,66,66,66,66,66,66,20018,66,66,41445,66,66,53995,28203,66,66,42439,53776,43297,
394,66,66,66,66,66,66,66,66,66,2478,66,66,45480,66,66,34362,66,66,66,66,
395,66,66,66,66,66,66,66,66,66,66,66,66,13191,41700,52963,52784,38382,66,24015,57684,
396,66,66,66,66,66,66,66,66,66,66,48332,66,66,29971,66,11417,44029,10409,66,32786,
397,66,66,66,66,66,66,66,66,66,66,66,50927,49776,32267,43517,66,66,13802,66,39654,
398,66,66,66,66,66,66,66,66,66,66,2471,66,43432,53943,12479,22219,66,66,51375,27509,
399,66,66,66,66,66,66,66,66,66,66,11280,12100,28013,66,40392,4427,66,66,35170,66,
400,66,66,66,66,66,66,66,66,66,66,17624,16331,66,66,17303,20658,36665,55591,55402,66,
401,66,66,66,66,66,66,66,66,66,66,66,66,53411,66,66,32679,66,66,66,35478,
402,66,66,12193,66,66,66,66,66,66,66,11824,57716,66,15475,32023,66,58366,66,66,50233,
403,66,66,66,66,66,66,66,66,66,18539,25630,12052,66,66,50675,13537,66,25607,42908,66,
404,66,66,66,9064,66,66,66,66,66,66,17562,66,56227,66,66,66,66,10702,66,60771,
405,66,66,66,66,66,66,66,66,66,66,48275,66,66,12979,66,22922,66,66,16220,66,
406,66,66,66,66,10638,66,66,66,66,66,66,57596,13882,26596,51723,16895,66,66,66,51010,
407,66,66,66,66,66,66,66,66,66,66,66,17452,66,66,66,40738,66,66,38358,14643,
408,66,66,66,66,66,66,66,66,66,66,66,15124,54781,51812,66,52850,66,59325,66,66,
409,66,66,66,66,66,66,66,66,66,66,39602,37356,66,13507,66,66,14033,66,27979,58022,
410,66,66,66,66,66,66,66,66,66,66,26776,66,23376,66,66,66,34260,66,45271,66,
411,66,66,66,66,66,66,66,66,66,66,14398,66,12488,11206,66,36188,57115,66,66,66,
412,66,66,66,66,66,66,66,66,66,66,66,58941,31928,66,66,50696,31247,66,66,22815,
413,66,66,66,66,66,66,66,66,66,66,10433,66,57189,11715,40411,66,35187,40384,66,32096,
414,66,66,15244,66,66,66,66,66,66,66,19683,66,39663,66,15233,66,45136,66,54864,11789,
415,66,66,286,66,66,66,66,66,66,66,12652,66,66,66,66,66,21010,46853,22531,35551,
416,66,66,66,66,66,66,66,66,66,66,66,56858,31236,66,22056,25183,66,66,17427,66,
417,66,66,66,66,66,66,66,66,66,66,66,35976,66,25758,66,66,47634,66,66,66,
418,66,66,66,66,66,66,66,66,66,66,50279,11464,66,48940,49127,12701,66,66,66,40007,
419,66,66,66,66,66,66,66,66,66,66,66,66,66,21323,50706,66,37639,66,66,66,
420,66,66,66,17425,66,66,66,66,66,66,66,66,66,66,56740,45089,66,38414,9214,21514,
421,66,66,66,66,66,66,66,66,66,66,66,29433,34868,66,17461,66,66,66,66,19474,
422,66,66,66,66,66,66,66,66,66,66,66,40167,66,66,66,51382,66,48363,66,51211,
423,66,66,66,66,66,66,66,66,66,66,66,66,66,33932,31984,66,66,47105,66,29959,
424,66,66,66,66,66,66,66,66,66,66,66,66,10157,66,46153,66,66,21566,50356,66,
425,66,66,66,66,66,66,66,66,66,66,66,66,24791,50894,43272,22004,66,45280,17611,66,
426,66,66,66,66,66,66,66,66,66,66,66,35125,18360,66,66,25701,54599,66,10498,50191,
427,66,66,66,66,66,66,66,66,66,66,17552,66,66,20165,33223,53665,66,66,66,17385,
428,66,66,66,66,4356,66,66,66,66,66,10875,35274,66,66,19458,11554,66,44496,66,66,
429,66,66,66,66,66,66,66,66,66,66,66,18216,52365,17613,50059,66,57012,10179,66,66,
430,66,66,66,66,66,66,66,66,66,66,66,66,66,48852,32986,43834,11559,32835,51886,23053,
431,66,66,66,66,66,66,66,66,66,66,18134,44819,50377,66,66,11269,42407,59151,66,66,
432,66,66,66,66,66,66,66,66,66,66,66,58035,66,66,43722,66,41959,40381,49752,66,
433,66,66,66,66,66,66,66,66,66,66,55777,49579,66,66,10995,20424,66,38642,66,66,
434,66,66,66,66,66,66,66,66,66,66,66,66,47980,66,66,24640,66,45111,55970,41061,
435,66,66,66,66,66,66,66,66,66,66,47928,34278,52999,66,24932,66,66,12903,54903,66,
436,66,66,66,66,66,66,66,66,66,66,20282,66,50663,38133,49938,56348,54056,66,66,66,
437,66,66,66,66,66,66,66,66,66,66,66,37277,66,66,55486,66,66,66,53439,49665,
438,66,66,66,66,19481,66,66,66,66,66,66,48280,66,66,66,66,11228,66,35923,66,
439,66,66,66,66,66,66,66,66,66,66,40121,38994,59528,66,20676,40533,66,13275,49255,66,
440,66,66,66,66,66,66,66,66,66,66,31398,66,45507,66,66,66,16958,42763,59061,66,
441,66,66,66,66,66,66,66,66,66,66,66,66,54610,30519,66,17001,66,66,66,24548,
442,66,66,66,66,66,66,66,66,66,66,66,66,17117,11719,66,66,60765,66,56541,54820,
443,66,66,66,66,66,66,66,66,66,66,66,14984,20560,54345,11841,10905,58418,66,29949,66,
444,66,66,66,66,66,66,66,66,66,66,66,66,48863,66,17562,66,66,66,11197,17504,
445,66,66,66,66,66,66,66,66,66,66,66,66,36429,66,66,66,60705,66,12648,66,
446,66,66,66,66,66,66,66,66,66,66,55649,14069,34002,66,22957,20448,11993,66,54613,66,
447,66,66,66,66,66,66,66,66,66,66,66,66,66,66,53477,12441,66,11706,30267,46866,
448,66,66,66,66,66,66,66,66,66,66,66,23022,66,36202,66,66,66,34574,48020,40113,
449,66,66,66,66,66,66,66,66,66,66,31898,66,10122,66,32437,42752,50543,56028,66,66,
450,66,66,66,66,66,66,66,66,66,66,66,10969,25945,66,66,66,66,48796,66,40880,
451,66,66,66,66,66,66,66,66,66,66,43386,66,42025,66,66,59283,58291,31086,53168,66,
452,66,66,66,66,66,66,66,66,66,66,41102,66,66,66,52152,26650,66,47391,37915,17784,
453,66,66,66,66,66,66,66,66,66,66,30508,66,40050,35438,22266,66,66,53656,66,42898,
454,66,66,66,66,66,66,66,66,66,66,66,66,40905,58665,42006,36446,66,22701,66,66,
455,66,66,66,66,66,66,66,66,66,66,66,31664,66,10802,66,66,35597,66,66,66,
456,66,66,66,66,66,66,66,66,66,66,3991,66,66,13508,66,66,66,52156,66,66,
457,66,66,66,66,66,66,66,66,66,66,66,54622,66,26494,54483,53204,31996,23948,66,50092,
458,66,66,66,66,66,66,66,66,66,66,66,66,49018,26541,54134,66,66,47913,66,66,
459,66,66,66,66,66,66,66,66,14496,66,10199,22278,26595,66,23906,66,27356,66,55698,38191,
460,66,66,66,66,66,18977,66,66,66,66,50304,66,40922,66,66,66,28907,14528,66,66,
461,66,66,66,66,66,66,66,66,66,66,13108,10290,66,20975,66,23668,46739,66,16560,66,
462,66,66,66,66,66,66,66,66,66,66,51518,35972,66,66,31362,66,54147,66,66,10513,
463,66,66,66,66,66,66,66,66,66,66,66,59762,66,66,58882,66,18950,66,52446,66,
464,66,66,66,66,66,66,66,66,66,66,20708,25148,54292,66,66,66,10499,66,66,66,
465,66,66,66,66,66,66,66,66,66,66,66,59489,66,34442,18576,66,66,66,66,56329,
466,66,66,66,66,66,66,66,66,3305,66,66,66,66,66,66,46196,38580,66,40168,66,
467,66,66,66,66,66,66,66,66,66,66,66,16926,66,22734,66,66,24719,66,13638,66,
468,66,66,66,66,66,66,66,66,66,66,66,48863,17039,23498,58747,21388,66,66,66,57762,
469,66,66,66,66,66,66,66,66,66,66,66,21828,22648,15440,66,66,66,57387,66,66,
470,66,66,66,66,66,66,66,66,66,66,48021,66,66,66,66,66,12923,66,66,58430,
471,66,66,66,66,66,66,66,66,66,66,66,11146,38312,59238,66,66,17921,66,17291,19166,
472,66,66,66,66,66,66,66,66,66,66,53921,66,59039,66,66,66,57852,24013,35871,21305,
473,66,66,66,66,66,66,66,66,66,66,18862,39484,66,66,66,46990,55715,32927,66,17664,
474,66,66,66,66,66,66,66,66,66,66,33702,53901,45057,66,60266,66,54137,16543,66,66,
475,66,66,66,66,66,66,66,66,66,66,66,66,44523,66,66,20814,66,41907,66,66,
476,66,66,66,66,66,66,66,66,66,66,66,31361,13882,55895,66,33903,25089,66,19511,66,
477,66,66,66,66,66,66,66,66,66,66,47059,49224,66,24045,22762,42465,66,66,59602,66,
478,66,66,66,66,66,66,66,66,66,66,66,42677,66,66,66,58610,66,38768,30299,66,
479,66,66,66,66,66,66,66,66,66,66,13655,55488,66,66,11555,49193,12298,66,66,46012,
480,66,66,66,66,66,66,66,66,66,66,66,58457,66,40183,53675,33252,52395,56606,66,26261,
481,66,66,66,66,66,66,66,66,66,66,35051,10741,54112,13951,19261,66,49620,66,12778,66,
482,66,66,66,66,66,66,66,66,66,66,66,66,66,31802,66,66,31491,21291,56113,31961,
483,66,66,66,66,66,66,66,66,66,66,66,66,23287,1097,66,66,66,66,66,66,
484,66,66,66,66,66,66,66,66,66,66,66,66,39045,66,21312,66,66,40004,66,54019,
485,66,66,7112,66,66,66,66,66,66,66,66,54763,66,53378,66,29152,52209,43124,66,58477,
486,66,66,66,66,66,66,66,66,66,66,66,66,45452,66,66,66,31874,66,55750,14832,
487,66,66,66,66,66,66,66,66,66,66,42333,66,66,16984,66,37176,13359,66,66,66,
488,66,66,66,66,66,66,66,66,66,66,33274,66,20518,66,66,16172,23530,58926,66,40629,
489,66,66,66,66,66,66,66,66,66,66,66,48867,37655,29108,66,55913,26428,31560,66,66,
490,66,66,66,66,66,66,66,66,66,66,52821,66,66,66,66,66,66,52175,66,66,
491,66,66,66,66,66,66,66,66,66,66,47366,53598,52946,66,33126,16209,66,66,13115,66,
492,66,66,66,66,66,66,66,66,66,66,13900,66,66,66,40690,38018,40801,25434,27470,25399,
493,66,66,66,66,66,66,66,66,66,66,66,66,36698,18138,35751,66,66,46710,66,66,
494,66,66,66,66,66,22624,66,66,66,66,17235,55078,55151,66,66,28980,66,66,66,54380,
495,66,66,66,66,66,66,66,66,66,66,66,66,57644,66,41452,66,66,66,58404,39119,
496,66,66,66,66,66,66,66,66,66,66,52606,58491,58380,66,31570,27959,30796,66,25756,37966,
497,66,66,66,66,66,66,19271,66,66,66,18841,66,20840,7251,36708,25066,66,28998,15203,41999,
498,66,66,66,66,66,66,66,66,66,66,50241,66,66,11865,44098,23626,40352,34791,66,10127,
499,66,66,66,66,66,66,66,66,66,66,37897,66,56304,66,40202,46144,49736,50695,66,36377,
500,66,66,66,12914,66,66,66,66,66,66,66,27844,66,66,17558,48515,52652,34356,49897,35178,
501,66,66,12664,66,66,66,19662,66,66,66,22091,66,58017,66,34464,66,53418,44115,66,66,
502,66,66,66,66,66,66,66,66,66,66,50683,66,66,22686,48700,66,66,41345,14490,66,
503,66,66,66,66,66,66,66,66,66,66,28982,66,66,66,60039,45356,66,66,19045,66,
504,66,66,66,66,66,66,66,2185,66,66,19621,66,66,55687,66,19499,11951,66,66,32175,
505,66,66,66,66,66,66,66,66,66,66,66,45755,66,66,66,66,24667,36375,39172,66,
506,66,66,66,14296,66,66,66,66,66,66,26814,24213,25726,66,44949,15380,46828,57896,36439,66,
507,66,66,66,66,66,66,66,66,66,66,60064,66,66,66,40752,41215,66,36827,66,66,
508,66,66,66,66,66,66,66,66,66,66,23045,10368,46665,66,39382,36537,57453,26931,27196,66,
509,66,66,66,66,66,66,66,66,66,66,66,39061,58363,66,66,66,66,54755,19270,43534,
510,66,66,66,66,66,66,66,66,66,66,56947,32321,29503,66,12121,66,18547,35611,29777,66,
511,66,66,66,66,66,66,66,66,66,66,66,58009,66,66,54905,50167,66,23261,66,66,
512,66,66,66,66,66,66,66,66,66,66,66,66,51791,54130,14578,54415,66,66,66,66,
513,66,66,66,66,66,66,66,66,66,66,40772,66,18250,36376,66,52326,66,53695,66,60106,
514,66,66,66,66,66,66,66,66,66,66,33812,22095,66,66,33694,66,60596,24434,20579,66,
515,66,66,66,66,66,66,66,66,66,66,43135,66,57453,59492,66,28781,52802,14033,66,14430,
516,66,66,66,66,66,66,66,66,66,66,40283,66,11818,66,17644,66,20030,66,66,22808,
517,66,66,66,66,66,66,66,66,66,66,66,44558,66,46195,50698,66,66,26601,16241,34903,
518,66,66,66,66,66,66,66,66,66,66,21689,66,66,11431,23868,66,66,24274,10879,66,
519,66,66,66,66,66,66,66,66,66,66,35521,66,66,45938,12571,45312,66,54523,66,59654,
520,66,66,66,66,66,66,66,66,66,66,12995,56634,45910,66,16827,49306,26193,47248,66,15835,
521,66,66,66,66,66,66,66,66,66,66,66,66,66,26876,55479,66,66,66,58976,66,
522,66,66,66,10639,66,66,66,66,66,66,27678,66,47264,56432,26828,56450,66,29711,66,66,
523,66,66,66,66,66,66,66,66,66,66,12257,66,66,66,26322,53899,22603,12786,66,11890,
524,66,66,66,66,66,66,66,66,66,66,66,66,10321,66,29872,49080,66,40684,66,66,
525,66,66,66,66,66,66,66,66,66,66,53502,56301,66,66,66,17227,12051,66,66,66,
526,66,66,66,66,66,66,66,66,66,66,66,48467,39947,66,66,66,58219,66,57798,66,
527,66,66,66,66,66,66,66,66,66,66,47099,66,66,66,18329,66,55024,66,56314,66,
528,66,66,66,66,66,66,66,66,66,66,58510,60194,44783,66,66,47038,15970,30892,45591,41837,
529,66,66,66,66,66,66,66,66,66,66,66,54559,66,17841,38864,40511,58281,66,66,66,
530,66,66,66,66,66,66,66,66,66,66,19442,66,17721,53366,50044,26204,66,53058,19511,66,
531,66,66,66,66,66,66,66,66,66,66,66,66,41530,21479,66,66,66,66,66,66,
532,66,66,66,66,66,66,66,66,66,66,60642,66,66,41482,34065,21783,66,66,66,66,
533,66,66,66,66,66,66,66,66,66,66,24325,17654,59372,12725,4737,33462,47925,66,66,66,
534,66,66,66,66,66,66,66,66,66,66,66,42531,66,66,66,32667,17846,25841,66,66,
535,66,66,66,66,66,66,66,66,66,66,66,66,22969,55584,66,49484,15987,66,66,66,
536,66,66,66,66,66,66,66,66,66,66,66,54941,66,38736,23858,33222,66,36618,16608,66,
537,66,66,66,66,66,66,66,66,66,66,66,66,23492,49292,30728,66,66,49560,66,66,
538,66,66,66,66,66,66,66,66,66,66,66,66,46663,66,24799,66,28902,66,66,12316,
539,66,66,66,66,66,66,66,66,66,66,66,66,40805,41401,38307,55162,33898,66,66,66,
540,66,66,66,66,66,66,66,66,66,66,59080,66,28827,66,49574,17621,18390,66,66,13067,
541,66,66,66,66,66,66,66,66,66,66,15017,66,66,43753,28099,66,25977,59736,20043,66,
542,66,66,66,66,66,66,66,66,66,66,21636,40260,23813,49646,53298,66,66,66,66,66,
543,66,66,66,66,66,66,66,66,66,66,26669,59430,66,16344,33507,66,66,16258,24412,51605,
544,66,66,66,66,66,66,66,66,66,66,66,39168,45707,66,35036,56814,40955,32832,66,53362,
545,66,66,66,66,66,66,66,66,66,66,47628,39275,66,44947,15661,29160,10676,12332,1280,66,
546,66,66,66,66,66,66,66,66,66,66,24168,66,17758,48008,38897,20019,66,66,66,32272,
547,66,66,66,66,66,66,66,66,66,66,57099,39131,42421,66,66,60883,42857,66,66,66,
548,66,66,66,66,66,66,66,66,66,66,53330,33962,41552,66,66,32595,36482,66,35234,66,
549,66,66,66,66,66,66,66,66,66,66,56707,66,66,39135,66,66,66,39430,29990,66,
550,66,66,66,66,66,66,66,66,66,66,21773,30057,66,37300,50321,66,66,66,66,66,
551,66,66,66,66,66,66,66,66,66,66,56398,66,47007,66,66,66,42326,66,48020,16019,
552,66,66,66,66,66,66,66,66,66,66,14687,66,66,66,48884,66,66,40875,23691,10860,
553,66,66,66,66,66,66,66,66,66,66,66,11426,24862,54981,40364,59295,13109,14007,66,66,
554,66,66,66,66,66,66,66,66,66,66,31830,24590,35866,66,51514,66,66,13618,66,20796,
555,66,66,66,66,66,66,66,66,66,66,14392,44709,41071,12475,66,66,66,20591,37284,31513,
556,66,66,66,66,66,66,66,66,66,66,18234,53544,50222,48308,66,10341,66,66,44435,66,
557,66,66,66,66,66,66,66,66,66,66,19186,36300,66,66,66,66,66,66,66,53293,
558,66,66,66,66,66,66,66,66,66,66,50575,66,66,66,39313,66,66,28019,38967,34215,
559,66,66,66,66,66,66,66,31749,66,66,66,42257,66,48766,35589,66,66,66,49108,43497,
560,66,66,66,66,66,66,66,66,66,66,66,66,66,66,66,39835,47126,66,66,66,
561,66,66,66,66,66,66,66,66,66,66,48287,23146,53059,66,66,66,66,43205,66,26115,
562,66,66,66,66,66,66,66,5113,66,66,66,66,66,20174,66,66,66,49706,33490,66,
563,66,66,66,66,66,66,66,66,66,66,66,42714,66,29445,66,66,66,28447,51786,22059,
564,66,66,66,66,66,66,66,66,66,66,25321,24763,66,61004,57646,14969,66,66,66,31682,
565,66,66,66,66,66,66,66,66,66,66,38434,13224,66,66,59207,66,66,11891,66,40426,
566,66,66,66,66,66,66,66,66,66,66,66,57511,19901,66,66,66,66,66,33095,66,
567,66,66,66,66,66,66,66,66,66,17454,50892,48623,13437,66,13919,66,17752,13689,66,14209,
568,66,66,66,66,66,66,66,66,66,15088,22462,39352,66,66,66,47271,37599,46981,66,33085,
569,66,66,66,66,66,66,66,66,66,66,42179,52201,66,66,39013,66,66,66,66,66,
570,66,66,66,66,66,66,66,66,66,66,16633,15315,66,66,40409,35624,66,66,37562,43260,
571,66,66,66,66,66,66,66,66,66,66,66,40914,57689,59886,15690,25987,41555,48911,35713,66,
572,66,66,66,66,66,66,66,66,66,66,34649,66,66,66,66,66,66,66,66,37633,
573,66,66,66,66,66,66,66,66,66,66,20087,50900,66,12850,54511,66,66,38296,14361,45405,
574,66,66,66,66,66,66,66,66,66,66,24285,27790,36229,46420,66,28749,66,1818,66,66,
575,66,66,66,66,66,66,66,66,66,66,66,66,66,56558,33927,66,20794,10813,53444,66,
576,66,66,66,66,66,13376,66,66,66,66,37204,34455,22668,66,12844,35587,66,48403,66,66,
577,66,66,66,66,66,66,66,66,66,66,34352,26445,66,11543,66,66,66,29166,66,66,
578,66,66,66,66,66,66,66,66,66,15519,27893,11118,66,66,29294,66,66,12617,66,51239,
579,66,66,66,66,66,66,66,66,66,66,66,66,32020,66,66,38328,35614,66,41833,41516,
580,66,66,66,66,66,66,66,66,66,66,49895,21529,66,66,66,66,66,66,56276,11571,
581,66,66,66,66,66,66,66,66,66,66,40063,38900,32807,10926,66,66,10349,10106,52331,66,
582,66,66,66,11821,66,13434,66,66,66,15044,38331,33393,66,52125,54489,66,47054,52250,66,56668,
583,66,66,66,66,66,66,66,66,66,66,66,33231,20402,66,66,66,58016,66,66,66,
584,66,66,66,66,66,66,66,66,66,66,52457,66,59977,66,66,27199,43531,45980,25689,36032,
585,66,66,66,66,66,66,66,66,27097,66,66,66,66,46813,66,66,66,66,66,66,
586,66,66,66,66,66,66,66,66,66,66,66,29509,66,66,66,66,66,43027,66,66,
587,66,66,66,66,66,66,66,66,66,66,66,57832,66,66,31551,66,66,66,66,38740,
588,66,66,66,66,66,66,66,66,66,66,33298,56359,66,66,66,42676,25187,66,66,55740,
589,66,66,66,66,66,66,66,11741,66,66,19238,24996,66,66,44848,66,53486,66,66,12479,
590,66,66,66,66,66,66,66,66,66,66,66,41067,66,56733,66,35779,66,42815,66,28500,
591,66,66,66,66,66,66,66,66,66,16366,66,38639,66,66,44716,58171,66,66,36514,66,
592,66,66,66,18931,66,66,66,66,66,66,66,58621,66,14852,66,66,57930,66,66,16593,
593,66,66,66,66,66,66,66,66,66,66,53709,66,11451,25732,66,15836,66,66,66,66,
594,66,66,66,66,66,66,66,66,66,66,66,66,66,45825,32143,27300,46538,66,66,17348,
595,66,66,66,66,66,66,66,66,66,66,42928,23150,27105,43865,66,56684,66,40875,66,53791,
596,66,66,66,66,66,66,66,66,66,66,58577,44575,66,66,42464,66,56192,55305,23354,66,
597,66,66,66,66,66,66,66,66,66,66,20658,66,57834,12744,66,52142,66,61700,66,17792,
598,66,66,66,66,66,66,66,66,66,66,66,66,66,47500,49078,16388,66,66,66,66,
599,66,66,66,66,66,66,66,66,66,66,66,29794,66,32140,66,66,66,66,66,66,
600,66,66,66,66,66,66,66,66,66,66,66,66,43467,66,53709,28525,66,66,11143,17102,
601,66,66,66,66,66,66,66,66,66,66,44312,66,66,66,50564,66,28244,41044,11042,66,
602,66,66,66,66,66,66,66,66,66,66,66,18230,36067,19219,66,66,66,66,66,40738,
603,66,66,66,66,66,66,66,14554,66,66,20139,27059,66,21087,45183,37199,33158,17842,66,66,
604,66,66,66,66,66,66,66,66,66,66,41927,15895,66,66,17282,50105,66,66,11129,66,
605,66,66,66,66,66,66,66,66,66,66,49465,58177,5284,15842,41758,35402,46975,49149,57137,42386,
606,66,66,66,66,66,66,66,66,66,66,18991,14032,6868,46095,55463,29995,45271,66,11144,46269,
607,66,66,66,66,66,66,66,66,66,66,20871,66,66,45633,33693,21775,56177,66,66,66,
608,66,66,66,66,66,66,66,66,66,66,50475,66,43000,45963,20720,25951,66,66,66,66,
609,66,66,66,66,66,66,66,66,66,66,66,66,66,40722,66,32582,13028,66,16127,59080,
610,66,66,66,66,66,66,66,66,66,66,51353,66,39786,66,66,54275,57878,66,66,66,
611,66,66,66,66,66,66,66,66,66,66,51419,40466,66,57931,66,66,45200,18634,66,66,
612,66,66,66,66,66,66,66,66,66,66,48589,66,66,66,26523,66,66,41444,51668,66,
613,66,66,66,66,66,66,66,66,66,66,66,66,11588,61376,34849,66,40080,66,26292,66,
614,66,66,66,66,66,66,66,66,66,66,21024,48255,58112,36297,41463,66,66,66,66,66,
615,66,66,66,66,66,66,66,66,66,66,66,52742,66,47675,17605,66,59670,53656,66,37277,
616,66,66,66,66,66,66,66,66,66,66,51588,66,50596,10026,47876,31658,66,11353,51370,14280,
617,66,66,66,66,66,66,66,66,66,66,19384,15071,66,66,66,45268,66,66,15219,58707,
618,66,66,66,66,66,66,66,66,66,66,42168,66,66,59431,66,40658,66,18501,66,31701,
619,66,66,66,66,66,66,66,66,66,66,66,27703,66,38075,66,66,66,66,31188,13606,
620,66,66,66,66,66,66,66,30956,66,66,66,66,66,66,30689,66,66,58830,28097,35683,
621,66,66,66,66,66,66,66,66,66,66,66,56720,1512,21107,28747,29238,66,66,13074,66,
622,66,66,66,66,66,66,66,66,66,66,66,11305,56605,66,44426,66,49409,49706,18493,60307,
623,66,66,66,66,66,66,66,66,66,66,66,66,66,66,66,66,27905,66,59310,66,
624,66,66,66,66,66,66,66,66,66,66,66,51532,50226,66,15588,22125,66,29266,46523,13377,
625,66,66,66,66,66,66,66,66,66,66,10787,66,52370,23151,58689,17610,39308,15362,66,24883,
626,66,66,66,66,66,66,66,66,66,66,20607,66,66,54461,66,66,66,66,66,66,
627,66,66,66,66,66,66,66,66,66,66,16012,66,66,36692,47042,66,59277,66,30952,66,
628,66,66,66,66,66,66,66,66,66,66,66,31568,66,56864,66,31547,41620,66,36183,19744,
629,66,66,66,66,66,66,66,66,66,66,66,31870,66,49444,31394,66,26522,66,66,37498,
630,66,66,66,66,66,66,66,66,66,66,60786,66,16612,66,66,33779,66,66,45163,44896,
631,66,66,66,66,66,66,66,10076,66,66,34758,39041,48300,66,59164,53019,55686,66,66,45986,
632,66,66,66,66,66,66,66,66,66,66,22979,51594,19716,47478,66,34386,66,66,13050,66,
633,66,66,66,66,66,66,66,66,66,66,66,66,31061,30556,28553,66,66,66,66,59938,
634,66,66,66,66,66,66,66,66,66,66,19177,14997,54350,17178,24296,57795,66,66,66,66,
635,66,66,66,66,66,66,66,66,66,66,29635,36004,46674,59310,29379,54079,66,66,66,66,
636,66,66,66,66,66,66,66,66,66,66,66,66,51667,26817,66,18261,66,66,66,66,
637,66,66,19205,66,66,66,66,66,66,66,66,66,17316,66,10986,66,66,66,66,66,
638,66,66,66,66,66,66,66,66,66,66,29684,66,66,23381,51152,60620,66,21188,48495,54849,
639,66,66,66,66,66,66,66,66,66,66,66,66,66,37048,43553,66,66,31873,66,56403,
640,66,66,66,66,66,66,66,66,66,66,66,54417,53673,52507,66,30722,66,35245,16113,66,
641,66,66,66,66,66,66,66,66,66,66,66,42305,66,66,66,66,57820,19022,36584,66,
642,66,66,66,66,66,66,66,66,66,66,66,66,27289,66,66,66,66,10115,66,52961,
643,66,66,66,66,66,66,66,66,66,66,36783,12891,34803,66,66,66,66,47137,35480,66,
644,66,66,66,66,66,66,66,66,66,66,9344,66,14897,12820,45022,66,66,3275,39210,13589,
645,66,66,66,66,66,66,66,66,66,66,66,66,40281,66,66,30154,66,66,66,32911,
646,66,66,66,66,66,66,66,66,66,66,66,66,32736,25352,18048,66,26992,16478,57932,66,
647,66,66,66,66,66,66,66,66,66,66,42944,66,66,66,66,50163,20160,26850,66,12504,
648,66,66,66,66,66,66,66,66,66,66,17168,53478,66,66,66,66,42753,66,55207,44500,
649,66,66,66,66,66,66,66,66,66,66,66,21500,33883,66,55304,66,66,66,9337,66,
650,66,66,66,66,66,66,66,66,66,66,54987,66,36450,66,66,66,21324,66,26766,38155,
651,66,66,66,66,66,66,66,66,66,66,66,31905,1299,66,66,29057,58024,54043,66,66,
652,66,66,66,66,66,66,66,66,66,66,66,66,66,31390,22520,38934,66,14503,66,50039,
653,66,66,66,66,66,66,66,66,66,66,66,66,66,17007,66,33602,52391,10145,66,54374,
654,66,66,66,66,66,66,66,66,66,66,24762,66,66,66,49445,32143,66,66,66,66,
655,66,66,66,66,66,66,66,66,66,66,31185,66,66,66,11470,27745,22281,34421,66,66,
656,66,66,66,66,66,66,66,66,66,66,66,66,66,18011,53066,66,66,52538,17273,10724,
657,66,66,66,66,66,66,7407,66,66,66,40127,34194,66,66,20609,60016,66,66,49069,66,
658,66,66,66,19292,66,66,66,66,66,66,38206,55466,66,22487,66,10758,66,51039,31160,59528,
659,66,66,66,66,66,66,66,66,66,66,66,44480,66,66,45919,66,59416,33916,32298,66,
660,66,66,66,66,66,66,28468,66,66,66,11030,16727,66,66,66,66,66,24135,66,45055,
661,66,66,66,66,66,66,66,66,66,66,36149,43725,54572,66,16591,14878,27527,24691,66,33839,
662,66,66,66,66,66,66,66,66,66,66,54831,66,66,22100,66,66,27822,66,66,48293,
663,66,66,66,66,66,66,66,66,66,66,45170,59150,66,27497,12579,29556,36610,66,49767,66,
664,66,66,66,66,66,66,66,66,66,66,21081,66,66,66,40846,66,45845,39765,39888,66,
665,66,66,66,66,66,66,66,66,66,66,66,39769,66,66,66,28634,66,66,66,50742,
666,66,66,66,66,66,66,66,66,66,66,66,66,13107,66,43578,66,66,19243,66,12656,
667,66,66,66,66,66,66,66,66,66,66,26728,20071,55981,38252,66,66,66,66,66,19355,
668,66,66,66,66,66,66,66,66,66,66,66,66,66,66,66,66,50603,58983,15905,11884,
669,66,66,66,66,66,66,66,66,66,66,58877,17693,66,31071,56757,66,66,66,66,66,
670,66,66,66,66,66,66,66,66,66,66,53553,66,66,59268,66,66,54046,66,33822,34054,
671,66,66,66,66,66,66,66,66,66,66,47464,42355,54748,57810,20029,19941,66,66,66,66,
672,66,66,66,66,66,66,66,66,66,66,17900,55950,31870,46181,48588,66,66,41043,34105,58946,
673,66,66,66,66,66,66,66,66,66,66,15632,10546,12941,28584,66,15172,66,66,13652,66,
674,66,66,66,66,66,66,66,66,66,66,39965,66,38116,52173,66,66,66,42386,66,19585,
675,66,66,66,66,66,66,66,66,66,66,66,4235,29442,52247,66,55047,13600,53323,66,66,
676,66,66,66,66,66,66,66,66,66,66,66,18410,66,66,37292,66,15774,66,66,56016,
677,66,66,66,66,66,66,66,66,66,66,66,20510,57665,66,66,66,66,66,48162,29403,
678,66,66,66,66,66,66,66,66,66,66,52902,66,59629,22792,30531,13780,10739,55571,53753,66,
679,66,66,66,66,66,66,66,26332,66,66,21453,66,66,66,34186,55167,50483,41506,66,66,
680,66,66,66,66,66,66,66,66,66,66,66,19341,29063,57933,44568,66,66,17749,48630,23253,
681,66,66,66,66,66,66,66,66,66,66,66,66,66,38491,21059,42319,24213,13904,66,55315,
682,66,66,66,66,66,66,66,66,66,66,66,30633,66,39654,18471,66,66,66,66,66,
683,66,66,66,66,66,66,66,66,66,66,66,20062,66,66,51318,39867,43510,66,23014,14668,
684,66,66,66,66,66,66,66,66,66,66,66,66,30283,15355,66,53538,16564,54915,66,11104,
685,66,66,66,66,66,66,66,66,66,66,30616,56294,66,66,66,57649,66,66,66,36556,
686,66,66,66,66,66,66,66,66,66,66,66,25897,24416,60121,58091,51197,66,66,66,55574,
687,66,66,66,66,66,66,66,66,66,66,66,66,26223,66,16435,20032,57155,66,66,66,
688,66,66,66,66,66,66,66,66,66,66,66,39843,41796,66,66,66,66,53767,66,50334,
689,66,66,66,66,66,66,66,66,66,66,51002,25886,56814,66,58009,66,54059,66,51043,34019,
690,66,66,66,66,66,66,66,66,66,3585,66,17334,66,57999,66,59068,66,32542,66,66,
691,66,66,66,66,66,66,66,66,66,66,15164,4958,66,61307,66,56896,55029,11454,66,56623,
692,66,66,66,66,66,66,66,66,66,66,66,24149,66,12434,47669,66,17727,57632,22000,52319,
693,66,66,66,66,66,66,66,66,66,66,66,66,66,12912,66,66,22041,24472,56977,66,
694,66,66,66,66,66,66,66,66,66,66,66,66,66,12575,66,56955,66,46049,25497,30299,
695,66,66,66,66,66,66,66,66,66,66,40535,53335,23323,31984,60459,18359,60276,66,50246,58325,
696,66,66,66,66,66,66,66,66,66,66,66,66,66,66,48871,66,21071,66,24991,66,
697,66,66,66,45929,66,66,66,66,8877,66,22504,59149,66,50594,23028,45622,17656,66,66,14335,
698,66,66,66,66,66,66,66,66,66,66,66,66,66,43881,49652,22471,66,66,66,66,
699,66,66,66,66,66,66,66,66,66,66,47832,66,66,39131,66,66,44755,66,66,29729,
700,66,66,66,66,66,66,66,66,66,66,66,66,15663,66,38221,35041,46521,34470,66,66,
701,66,66,66,66,66,66,66,66,66,66,16668,66,21120,13737,66,66,55394,66,28050,24487,
702,66,66,66,66,66,66,66,66,66,66,59567,66,16287,17032,66,66,66,66,22857,37550,
703,66,66,66,66,66,66,66,66,66,66,27728,17023,25930,66,13928,54133,66,54336,66,66,
704,66,66,66,66,66,66,66,66,66,66,66,57241,47765,66,66,36033,66,55310,54625,34189,
705,66,66,66,66,66,66,66,66,66,66,66,54380,66,66,20301,66,66,21320,13460,66,
706,66,66,66,66,66,66,66,66,66,66,48749,66,29444,66,66,66,66,66,66,66,
707,66,66,66,66,66,66,66,66,17338,66,66,66,48749,60454,60757,66,66,15021,66,66,
708,66,66,66,66,66,66,66,14899,66,66,55972,48274,66,33585,66,66,66,66,66,57199,
709,66,66,66,66,66,66,66,66,66,66,66,57537,66,19383,66,50594,30258,66,31319,66,
710,66,66,66,66,66,66,66,66,66,66,66,66,66,66,66,66,50246,15471,66,66,
711,66,66,66,66,66,66,66,66,66,66,66,66,66,66,22656,49825,66,66,66,66,
712,66,66,66,66,66,66,66,66,66,66,66,66,66,17814,66,52447,30084,66,11940,66,
713,66,66,66,66,66,66,66,66,66,66,39435,17712,47587,66,12312,32575,53059,55353,66,66,
714,66,66,66,66,66,66,66,66,66,66,28414,66,42453,66,49004,27435,15439,50032,66,43908,
715,66,66,66,66,66,66,1681,66,66,66,66,52792,66,18803,53066,57549,66,45507,58164,66,
716,66,66,12707,66,66,66,66,66,66,66,14461,38504,66,66,66,66,66,66,36902,66,
717,66,66,66,66,66,66,66,66,66,66,46761,66,66,66,66,44149,41245,66,48342,12100,
718,66,66,66,66,66,21073,66,66,66,66,66,17760,52979,22722,15148,66,48579,66,66,37085,
719,66,66,66,66,66,66,66,66,66,66,54048,58056,66,13824,66,66,41270,55771,66,66,
720,66,66,66,66,66,66,66,66,66,66,23024,66,66,33919,66,66,43691,66,66,14200,
721,66,66,66,66,66,66,66,66,66,66,20255,53729,10824,66,44756,66,66,66,66,54940,
722,66,66,66,66,66,66,66,66,66,66,66,66,66,66,66,66,66,57945,44551,66,
723,66,66,66,66,66,66,66,66,66,66,35780,66,37585,66,66,66,66,66,25668,66,
724,66,66,66,66,66,537,66,66,66,66,66,66,37036,44815,66,41593,58122,18546,66,66,
725,66,66,66,66,66,66,66,66,66,66,66,66,66,66,15223,59680,23657,36244,66,66,
726,66,66,66,66,66,66,66,66,66,66,22388,66,66,56648,66,47845,66,66,66,33298,
727,66,66,66,66,66,66,66,66,66,66,48888,16982,44210,66,66,66,66,33772,41480,40137,
728,66,66,66,66,66,66,66,66,66,66,66,10540,66,55462,15016,66,11060,46968,3451,66,
729,66,66,66,66,66,66,66,66,66,66,66,66,66,41816,52165,54058,66,66,66,19130,
730,66,66,66,66,66,66,66,66,66,66,10577,49473,11388,66,29828,66,17361,26881,52942,66,
731,66,66,66,66,66,66,66,24044,66,66,14002,66,36280,66,14452,66,17275,66,46293,51307,
732,66,66,66,66,66,66,66,66,66,66,47804,66,43661,52458,51563,39645,66,12033,41741,66,
733,66,66,66,66,66,66,66,66,66,66,66,30381,66,59207,12036,66,66,25043,55667,16843,
734,66,66,66,66,66,66,66,66,66,66,66,18365,51509,54349,36163,44878,66,41182,66,66,
735,66,66,66,66,66,66,66,66,66,66,66,21699,66,66,66,66,66,66,66,66,
736,66,66,66,66,66,66,66,66,66,66,27271,66,57572,66,41386,66,66,54875,66,51736,
737,66,66,66,66,66,66,9245,66,66,66,32501,24278,66,66,35417,66,45974,48103,66,66,
738,66,66,66,66,66,66,66,66,66,66,53117,66,21545,39491,10464,13551,66,66,54686,48962,
739,66,66,20233,66,66,66,66,66,66,66,66,30915,57066,44565,66,66,26789,66,66,52165,
740,66,66,66,66,66,66,66,66,66,66,30561,10521,45913,66,66,53840,28473,54613,34517,34488,
741,66,66,66,66,66,66,66,66,66,66,52003,66,59160,32348,48226,18908,38862,66,66,66,
742,66,66,66,66,66,66,66,66,66,66,19146,66,51701,47965,66,66,66,66,40402,40229,
743,66,66,18877,66,66,66,66,18877,6327,66,26925,66,34104,66,66,66,66,57981,66,30039,
744,66,66,66,66,66,66,66,66,66,66,66,66,12855,66,26541,66,59274,45424,32119,34588,
745,66,66,66,66,66,66,66,66,66,66,66,66,43937,66,66,66,66,44547,41140,55558,
746,66,66,66,66,66,19214,66,66,66,66,66,18591,66,66,66,42576,10287,37477,66,66,
747,66,66,66,66,66,66,66,66,66,66,13846,66,50031,66,66,25746,51945,33891,66,19418,
748,66,66,66,66,66,66,66,66,66,66,50829,50493,66,66,15795,66,25023,20113,66,59251,
749,66,66,66,66,66,66,66,66,66,66,35600,66,66,66,17711,48179,58335,66,32839,23482,
750,66,66,66,66,66,66,66,66,66,66,66,66,66,66,66,53596,66,66,66,66,
751,66,66,66,66,66,66,66,66,66,66,66,66,56010,66,66,49847,12905,46602,66,54427,
752,66,66,66,66,66,66,66,66,66,66,66,66,66,35272,36960,21038,59115,66,66,66,
753,66,66,66,66,66,66,66,66,66,66,66,66,46932,66,66,66,32513,51529,13162,66,
754,66,66,66,66,37918,66,66,66,66,66,66,66,15662,66,66,66,66,66,19180,66,
755,66,66,66,66,66,66,66,66,66,66,66,25046,19263,66,66,66,12802,32692,66,66,
756,66,66,66,66,66,66,66,66,66,66,66,53353,66,66,14419,41387,66,66,66,17911,
757,66,66,66,66,66,66,66,66,66,66,55961,66,53934,66,45642,66,66,66,66,60085,
758,66,66,66,66,66,66,66,66,66,66,66,66,66,11133,66,66,28259,66,66,66,
759,66,66,66,66,66,66,66,66,66,66,66,66,55875,34077,51571,14460,40655,11407,44860,66,
760,66,66,66,66,66,66,66,66,66,66,66,66,41651,56041,43648,66,66,32502,54448,29761,
761,66,66,66,66,66,66,66,66,66,66,16321,66,66,41074,66,66,23605,66,66,66,
762,66,66,66,66,2277,66,66,66,66,66,40929,66,66,47835,66,29702,45576,28202,13633,66,
763,66,66,66,66,66,66,66,66,66,66,55221,66,48795,66,66,16851,52515,66,66,66,
764,66,66,66,66,66,66,66,66,66,66,23172,18849,16610,66,66,66,53407,66,33328,66,
765,66,66,66,66,11265,66,66,11265,66,66,66,66,66,66,66,66,58107,66,56728,66,
766,66,66,66,66,66,66,66,66,66,66,11159,11490,66,12786,66,66,66,66,66,29610,
767,66,66,66,66,66,66,66,66,66,66,66,66,56911,66,13267,66,52527,66,66,66,
768,66,66,66,66,66,66,66,66,66,66,66,66,66,48223,27211,22193,37610,29106,49496,66,
769,66,66,66,66,66,66,66,66,66,66,66,21488,53940,35584,60564,15837,66,14786,66,23217,
770,66,66,66,66,66,66,66,66,66,66,66,66,50363,66,37693,7852,22341,29205,66,14838,
771,66,66,66,66,66,66,66,66,66,66,55600,23564,66,66,66,60284,52450,66,66,37155,
772,66,66,66,66,66,66,66,66,66,66,14966,44414,31751,66,66,10426,17526,54751,42230,51237,
773,66,66,66,66,66,66,66,66,66,66,66,18537,66,66,31243,58193,66,66,32593,66,
774,66,66,66,66,66,66,66,66,66,66,40492,66,66,29907,53937,39004,66,39780,66,41286,
775,66,66,66,66,66,66,66,66,66,66,66,32965,24428,21816,66,66,49796,42828,66,13678,
776,66,66,66,66,66,66,66,66,66,66,66,30242,66,66,50421,66,66,36375,66,66,
777,66,66,66,66,66,66,66,66,66,13054,66,59602,66,66,66,66,832,66,46327,66,
778,66,66,66,66,66,66,66,66,66,66,20259,66,66,66,10652,66,50105,66,52094,66,
779,66,66,66,66,66,66,66,66,66,66,38814,66,66,53198,66,66,50565,66,66,31752,
780,66,66,66,66,66,66,66,66,66,66,66,24696,66,66,55437,58479,18686,66,66,66,
781,66,66,66,66,66,66,66,66,66,66,45382,66,43827,46427,66,40883,66,66,66,46176,
782,66,66,66,66,66,15235,66,66,66,66,66,47326,30454,10409,43742,66,66,17774,66,14269,
783,66,66,66,66,66,66,66,20887,66,66,40631,40419,11193,55194,45138,26650,18883,35794,53133,24588,
784,66,66,66,66,66,66,66,66,66,66,66,43445,58597,66,50034,66,25985,15577,42457,30299,
785,66,66,66,66,66,66,66,66,4699,66,31674,54270,30045,66,15071,66,29605,47350,66,66,
786,66,66,66,66,66,66,66,66,66,66,47976,10430,34655,30836,11289,39272,32392,66,15445,55987,
787,66,66,66,66,66,66,66,66,66,66,66,14361,66,66,38632,39305,66,13426,66,21427,
788,66,66,66,66,66,66,66,66,66,66,66,66,18643,66,43009,66,66,13886,66,43090,
789,66,66,66,66,66,66,66,66,66,66,66,42397,45312,66,66,66,18046,66,66,55650,
790,66,66,66,66,66,66,66,66,66,66,54838,66,66,29358,66,48948,66,13311,66,66,
791,66,66,66,66,66,66,66,66,66,66,66,20721,66,66,66,20721,20693,66,25809,29616,
792,66,66,66,66,66,66,66,66,66,66,66,66,56721,36248,66,55922,66,66,57825,66,
793,66,66,66,66,66,66,27913,66,66,66,66,41467,66,57448,34234,32516,55008,66,66,58954,
794,66,66,66,66,66,66,66,66,66,66,66,44080,66,24790,66,26691,41868,66,57028,27359,
795,66,66,66,66,66,66,66,66,66,66,66,14716,14680,46865,66,66,36209,14268,43770,15823,
796,66,66,66,66,66,66,66,66,66,66,66,66,66,66,38834,66,44327,17409,66,66,
797,66,66,66,66,66,66,3148,66,66,66,66,66,66,18183,66,11680,66,44712,28081,11055,
798,66,66,66,66,66,66,66,66,66,66,29074,66,21878,55992,47304,33204,45184,26314,66,66,
799,66,66,66,66,66,66,66,66,66,66,23868,26441,66,66,66,66,66,66,66,66,
800,66,66,66,66,66,66,66,66,66,66,51372,48681,26179,66,57549,54095,66,15471,66,56075,
801,66,66,66,66,66,66,20038,66,66,66,66,49359,66,66,54171,22125,46142,43618,16636,50686,
802,66,66,66,66,66,66,66,66,66,66,66,53480,66,66,66,52706,25089,66,39390,66,
803,66,66,66,66,66,66,66,66,66,66,40402,66,66,66,66,54931,28919,54884,66,38637,
804,66,66,66,66,66,66,66,66,66,66,37310,66,66,66,12996,66,46289,57997,13367,66,
805,66,66,66,66,66,66,66,13824,66,66,16186,37274,47032,66,66,40461,66,66,15226,26893,
806,66,66,66,66,66,66,66,66,66,66,56786,48564,18302,66,66,66,66,66,49113,56852,
807,66,66,66,66,66,66,66,66,66,66,66,28640,34916,66,19643,51053,66,66,44465,20629,
808,66,66,66,66,66,66,66,66,66,66,66,24954,44191,66,66,66,43963,66,66,46307,
809,66,66,66,66,66,66,66,66,66,66,34569,43305,31710,56176,58539,57913,66,66,45214,66,
810,66,66,66,66,66,66,66,66,66,66,66,58818,66,66,58396,66,20071,12777,24342,29400,
811,66,66,66,66,66,66,66,66,66,66,66,58231,66,66,19792,56003,50510,66,57737,66,
812,66,66,66,66,66,66,66,66,66,4630,509,29536,50577,66,41481,66,5582,32725,20354,66,
813,66,66,66,66,66,66,66,66,66,66,66,66,58702,66,66,47571,66,19106,66,59105,
814,66,66,66,66,66,66,4781,66,66,66,40530,66,22751,66,19717,19284,66,40779,66,66,
815,66,66,66,66,66,66,66,66,66,66,66,66,66,49029,66,19634,57697,66,66,58674,
816,66,66,66,66,66,66,6586,66,66,66,49635,66,50201,31103,29173,66,66,66,66,33810,
817,66,66,66,66,66,66,66,66,66,66,66,66,66,58577,49997,35108,30821,52582,66,66,
818,66,66,66,66,66,66,66,13357,66,66,66,66,56451,16283,51220,60350,30322,45086,49215,66,
819,66,66,66,66,19309,66,66,66,66,66,57649,14985,14624,66,66,66,66,52512,59668,66,
820,66,66,66,66,66,66,66,66,66,66,45171,14266,54063,46740,46503,66,29583,46447,66,55148,
821,66,66,66,66,66,66,66,66,66,66,66,66,66,66,51147,54767,66,52510,15012,15819,
822,66,66,66,66,66,66,66,66,66,66,66,66,11689,18682,66,29877,66,66,66,66,
823,66,66,66,66,66,66,66,66,66,66,66,35825,66,30408,66,23092,66,48991,37318,60703,
824,66,66,66,66,66,66,66,66,66,66,66,53115,66,26195,50616,66,66,66,66,55666,
825,66,66,66,66,66,66,66,66,66,66,71190,66,66,66,15376,66,60904,24933,66,66,
826,66,66,66,66,66,66,66,66,66,66,66,26318,30560,51146,27397,66,66,66,17936,66,
827,66,66,24105,66,66,66,66,66,66,66,24607,66,66,16016,66,18246,66,12918,48669,66,
828,66,66,66,66,66,66,66,66,66,66,66,19666,58441,18190,66,66,39420,14567,29213,54821,
829,66,66,66,66,66,66,66,66,66,66,21551,66,66,40227,39415,45024,1012,41980,66,29913,
830,66,66,66,66,66,66,66,66,66,66,28098,56923,23508,36573,66,37771,34448,31997,66,48834,
831,66,66,66,66,66,66,66,66,66,66,46384,66,66,25951,57399,51976,66,15733,60182,66,
832,66,66,66,66,66,66,66,66,66,66,66,66,66,66,52971,23571,66,66,41086,66,
833,66,66,66,66,66,66,66,66,66,66,66,43268,66,25493,66,66,66,30603,66,66,
834,66,66,66,66,66,66,66,66,66,66,43290,66,21247,66,15561,45621,51174,37441,66,66,
835,66,66,66,66,66,66,66,66,66,66,17735,66,66,57681,66,66,66,36693,66,57294,
836,66,66,66,66,66,66,66,66,66,66,66,43590,66,66,13035,46063,66,66,66,24205,
837,66,66,66,66,66,66,66,66,66,66,35257,66,66,58669,18834,54128,66,66,66,66,
838,66,66,66,66,66,66,66,66,66,66,66,47998,66,66,58787,66,33073,66,42575,66,
839,66,66,66,66,66,66,14500,66,66,66,28791,66,37375,66,35951,66,66,38738,66,66,
840,66,66,66,66,66,66,66,17233,66,66,66,66,46863,24297,53931,66,66,66,20979,66,
841,66,66,66,66,66,66,66,66,66,66,40856,66,31472,66,66,66,56205,66,45573,66,
842,66,66,66,66,66,66,66,66,66,66,66,66,38168,11197,28468,66,19090,66,66,56805,
843,66,66,66,66,66,66,66,66,66,66,28112,66,66,66,33836,57226,33874,66,66,66,
844,66,66,66,66,66,66,66,66,66,66,66,66,26735,66,66,10177,39094,66,66,23909,
845,66,66,66,66,66,66,66,66,66,66,66,42833,66,66,66,66,66,66,11897,42700,
846,66,66,66,66,66,66,66,66,66,66,54875,66,16377,66,66,66,66,21462,66,66,
847,66,66,66,66,66,66,66,66,66,66,66,66,10963,31311,40116,30371,66,57513,26244,19066,
848,66,66,66,66,66,66,66,66,66,66,58904,25979,15957,66,66,50859,25887,66,66,25273,
849,66,66,66,66,66,66,66,66,66,66,66,19795,66,42147,45303,31756,40509,15528,19087,66,
850,66,66,66,66,66,66,66,66,66,66,66,45286,27446,46326,48730,30893,70075,66,66,66,
851,66,66,66,66,66,66,66,66,66,66,14115,66,66,66,53671,36708,66,30627,28404,15906,
852,66,66,66,66,66,66,66,66,66,66,66,66,66,49749,66,66,66,11257,66,66,
853,66,66,66,66,66,66,66,66,66,66,66,40117,66,40334,66,66,52437,45559,66,12848,
854,66,66,66,66,66,66,66,66,66,66,66,22611,45837,66,66,66,10971,22184,44200,40993,
855,66,66,66,66,66,66,66,66,66,66,66,17307,66,58264,28910,25337,66,66,66,32648,
856,66,66,66,66,66,66,66,66,66,66,66,51934,23205,66,16952,66,66,38784,66,66,
857,66,66,66,66,66,66,66,66,66,66,48210,66,24121,22905,44236,38844,49390,66,66,32042,
858,66,66,66,66,66,66,66,66,66,66,21010,16517,66,14421,44360,35881,66,55965,66,23975,
859,66,66,66,66,66,66,66,66,66,66,66,66,30421,17127,66,19690,66,66,48717,66,
860,66,66,66,66,66,66,66,66,66,66,15219,66,66,20531,10174,51663,36910,49295,55590,60896,
861,66,66,66,66,66,66,66,66,66,66,56713,46476,66,66,40988,31132,66,66,22267,66,
862,66,66,66,66,66,66,66,66,66,66,66,66,46471,66,48215,66,66,18122,66,66,
863,66,66,29115,66,66,66,66,66,66,66,58380,14344,33700,45248,45564,44111,32554,11107,35589,66,
864,66,66,66,66,66,66,66,66,66,66,66,66,66,30642,24366,31915,66,66,66,66,
865,66,66,66,66,66,66,66,66,66,66,48166,4520,66,18817,66,66,17673,32432,49397,24820,
866,66,66,66,66,66,66,66,66,66,66,18484,42696,29102,30302,47245,28223,31376,66,10431,66,
867,66,66,66,66,66,66,66,66,66,66,43959,66,66,66,16249,24696,29873,66,49905,34360,
868,66,66,66,66,66,66,66,66,66,66,66,66,66,66,39570,66,66,66,21696,66,
869,66,66,66,66,66,66,66,1249,66,66,31037,66,66,24497,18094,20002,66,25082,66,66,
870,66,66,66,66,66,66,66,66,66,66,66,30377,66,66,66,66,54937,52539,66,66,
871,66,66,66,66,66,66,66,66,66,66,66,66,48777,66,66,48003,66,66,28900,17230,
872,66,66,66,66,66,66,66,66,66,66,29963,17932,66,66,66,66,32318,66,66,22721,
873,66,66,66,66,66,66,66,66,66,66,25862,32475,66,66,18945,66,66,31780,66,66,
874,66,66,66,66,66,66,66,66,66,66,48062,27538,45852,66,66,66,52285,66,66,52080,
875,66,66,66,66,66,66,66,66,66,66,66,66,47828,37886,66,41361,46676,66,66,45765,
876,66,66,66,66,66,66,66,66,66,66,30765,18148,41364,29698,66,49975,19072,38078,39467,66,
877,66,66,66,66,66,66,66,66,66,66,50165,66,66,28505,66,42745,66,58854,66,56248,
878,66,66,66,66,66,66,66,66,66,66,18415,66,37939,66,46597,58574,66,21327,57280,66,
879,66,66,66,66,66,66,66,66,66,66,66,66,4942,39888,66,17054,66,31849,61129,66,
880,66,66,66,66,66,66,66,66,66,66,13891,56518,66,56505,66,66,38764,66,32727,20668,
881,66,66,66,66,66,66,66,66,66,66,66,66,47796,66,47110,29675,49675,66,66,22650,
882,66,66,66,66,66,66,66,66,66,66,51931,66,66,66,21297,66,66,52161,66,44184,
883,66,66,66,66,66,66,66,66,66,66,66,66,60706,43110,16260,54177,13813,66,33839,66,
884,66,66,66,66,66,66,66,66,66,66,51386,66,42574,66,66,66,66,66,56367,66,
885,66,66,66,66,66,66,66,66,66,66,66,66,14074,57619,41111,26778,19966,56547,66,66,
886,66,66,66,66,66,66,66,66,66,66,66,45908,40616,66,25930,27553,66,66,66,23119,
887,66,66,66,66,66,66,66,66,66,66,66,66,66,39038,66,25765,40075,66,66,37795,
888,66,66,66,66,66,66,66,66,66,66,66,66,23641,26914,26555,60440,66,60706,15097,16558,
889,66,66,66,66,66,66,66,66,66,66,29378,56802,66,51412,41629,50942,66,43471,66,66,
890,66,66,66,29599,66,66,66,66,66,66,66,44367,66,66,66,44701,66,58338,11757,66,
891,66,66,66,66,66,66,23599,11863,66,66,10121,66,47297,28903,55409,16448,17307,66,38945,66,
892,66,66,66,66,66,66,66,66,66,66,20784,22999,14143,66,31702,14989,27590,66,66,66,
893,66,66,66,66,66,66,66,66,66,66,66,66,66,66,22007,41795,35759,66,66,66,
894,66,66,66,66,66,66,6022,12647,66,66,66,66,53509,40546,66,66,59779,66,66,57473,
895,66,66,66,66,66,66,66,66,66,66,43697,66,66,15088,41132,28662,66,66,66,50865,
896,66,66,66,66,66,66,66,66,66,66,66,66,66,66,28867,51941,66,34253,66,66,
897,66,66,66,66,66,66,66,66,66,66,28030,66,39794,49480,47338,51358,17641,66,66,30404,
898,66,66,66,66,10802,66,66,66,66,66,66,66,42886,29902,48913,11167,66,66,66,28726,
899,66,66,66,66,66,66,66,66,66,66,52020,49275,56968,32266,17784,66,11804,66,66,53261,
900,66,66,66,66,66,66,66,66,66,66,47951,66,66,66,53967,66,48008,66,66,66,
901,66,66,66,66,66,66,66,66,66,66,66,23724,46215,66,33080,66,14000,66,16937,66,
902,66,66,66,66,66,66,66,66,66,66,66,66,17728,50316,66,66,43515,37559,42458,66,
903,66,66,66,66,66,66,66,66,66,66,42789,66,19511,53137,56559,52795,66,24841,66,66,
904,66,66,66,66,66,66,66,66,66,66,59769,20157,50031,66,66,66,48406,53023,66,66,
905,66,66,66,66,66,66,66,66,66,66,10494,66,66,24253,112,13104,66,15385,66,66,
906,66,66,66,66,66,66,66,66,66,66,18124,13785,35417,27556,66,66,32678,66,18166,15394,
907,66,66,17141,66,66,66,66,66,66,66,66,40818,21946,66,11289,49694,35794,13766,66,23697,
908,66,66,66,66,66,66,66,66,66,66,66,66,10980,47193,66,66,30699,66,66,51457,
909,66,66,66,66,66,66,66,66,66,66,59799,66,66,66,47100,38051,66,66,66,66,
910,66,66,66,66,66,66,66,66,66,66,47648,19073,11288,66,66,39359,52734,66,18537,66,
911,66,66,66,66,66,66,66,66,66,66,56763,54155,25648,66,32662,24060,66,60313,66,66,
912,66,66,66,66,66,66,66,66,66,66,66,26190,66,66,66,66,66,30037,66,53407,
913,66,66,66,66,66,66,66,66,66,66,28787,26974,66,66,36917,1866,66,66,15112,30096,
914,66,66,66,66,66,66,66,66,66,66,66,66,66,16920,66,42542,66,23999,25189,48857,
915,66,66,66,66,66,66,66,66,66,15830,40851,66,41424,66,58538,66,29768,66,66,51683,
916,66,66,66,66,66,66,66,66,66,66,66,66,57156,39648,66,66,66,66,21218,66,
917,66,66,66,66,66,66,66,66,66,66,66,66,57242,37907,19657,66,41870,33364,29291,32521,
918,66,66,66,66,66,66,66,66,66,66,31224,66,66,66,32833,18640,36173,66,66,66,
919,66,66,66,66,66,66,66,66,66,66,50780,66,66,66,66,66,66,41211,66,46239,
920,66,66,66,66,66,66,66,66,66,66,66,66,66,61504,66,48930,66,20637,47948,66,
921,66,66,66,66,66,66,19855,66,66,66,66,66,57483,66,66,22681,66,52887,45505,19091,
922,66,66,66,66,66,66,66,66,66,66,47589,66,66,66,29383,66,66,57856,66,66,
923,66,66,66,66,66,66,66,66,66,66,66,15267,44352,54767,66,47756,66,23186,19269,66,
924,66,66,66,66,66,66,66,66,66,66,66,66,66,66,40170,66,50233,19185,66,66,
925,66,66,66,66,66,66,66,66,66,66,66,66,66,66,54425,40714,66,43622,66,66,
926,66,66,66,66,66,66,66,66,66,66,51131,46457,66,66,66,66,66,66,66,41760,
927,66,66,66,66,66,66,66,66,66,66,17753,66,66,38543,31215,35342,26625,66,35200,66,
928,66,66,66,66,66,7124,66,66,66,66,66,56970,19925,48522,66,38793,66,34111,11635,34778,
929,66,66,66,66,66,66,66,66,66,66,33010,11690,66,45465,66,44901,66,28919,66,66,
930,66,66,20377,66,66,66,66,66,66,66,66,27246,66,25207,53186,66,11546,32188,16965,32210,
931,66,66,66,66,66,66,66,66,66,66,60675,66,25819,66,16489,36612,18695,66,32350,50040,
932,66,66,13238,66,66,66,66,66,66,66,27990,66,34207,50191,66,66,38463,66,66,66,
933,66,66,66,66,66,66,66,66,66,66,32240,66,66,43209,31269,66,52324,14972,27896,43845,
934,66,66,66,66,66,66,66,66,66,66,31145,66,58990,66,66,66,66,30761,24595,66,
935,66,66,66,66,66,66,66,66,66,66,50535,66,55219,66,66,16277,14814,66,56434,66,
936,66,66,66,66,66,66,66,66,9922,66,50534,66,66,29513,66,47125,59215,20383,31785,66,
937,66,66,66,66,66,66,66,66,66,66,12312,66,66,45708,23196,52447,66,66,46803,59719,
938,66,66,66,66,66,66,66,66,66,66,31628,66,32641,66,61148,31543,58816,66,66,66,
939,66,66,66,66,66,66,66,66,66,66,66,66,45905,19368,66,34171,57015,15867,26629,66,
940,66,66,66,66,66,66,66,66,66,66,17595,51735,22831,14942,66,15017,38076,66,18381,41842,
941,66,66,66,66,66,66,66,66,66,66,59060,41394,66,66,66,66,42636,66,66,28750,
942,66,66,66,66,66,66,66,66,66,66,66,66,39685,43317,24081,45049,16689,13157,66,52765,
943,66,66,66,66,66,10736,10736,66,66,66,66,66,66,66,15936,66,66,23666,39251,5967,
944,66,66,66,66,66,66,66,66,66,66,46982,66,66,21337,50101,66,66,66,45160,66,
945,66,66,66,66,66,66,66,66,66,66,46465,39324,66,66,66,66,39236,51450,66,16062,
946,66,66,66,66,66,66,66,66,66,66,66,32641,66,40786,19678,14311,66,54628,30226,39129,
947,66,66,66,66,66,66,66,66,66,66,66,40008,32549,66,66,66,38655,15383,66,66,
948,66,66,66,66,66,66,66,66,66,66,66,53247,13479,66,32516,66,42319,20522,66,66,
949,66,66,66,66,66,66,66,66,66,66,55673,66,16555,43517,48061,66,16291,66,66,66,
950,66,66,66,66,66,66,66,66,66,66,66,66,66,10986,42808,66,21982,31781,66,33044,
951,66,66,66,66,66,66,66,66,66,24600,66,66,29089,66,66,50193,47866,54225,14329,53416,
952,66,66,66,66,66,66,66,66,66,66,12673,53786,21357,66,66,66,59616,43422,51956,35573,
953,66,66,66,66,25110,66,66,66,66,66,54295,66,66,66,58937,52812,53162,66,41478,66,
954,66,66,66,66,66,66,66,66,66,66,37231,49396,15117,24736,66,66,49338,10923,66,66,
955,66,66,66,66,66,66,66,66,66,66,66,51751,66,47465,44793,66,66,57527,34220,66,
956,66,66,66,66,66,66,66,66,66,66,66,59146,66,53727,66,66,13536,66,50472,66,
957,66,66,66,66,66,66,66,66,66,66,53669,66,37749,45526,66,66,27130,24383,66,66,
958,66,66,8414,66,66,66,66,66,66,66,66,51024,46691,16097,39619,16945,23795,66,66,44255,
959,66,66,66,66,66,66,66,66,66,66,66,45630,44709,8549,20056,66,17250,66,54807,39887,
960,66,66,66,66,66,66,66,66,66,66,66,32800,66,66,13291,41263,66,66,10658,57340,
961,66,66,66,66,66,66,66,66,66,66,42937,66,66,11592,66,11717,66,47240,29313,33743,
962,66,66,66,66,66,66,66,66,66,66,66,66,15129,43675,52405,66,50734,66,40875,66,
963,66,66,66,66,66,66,66,66,66,66,29291,55985,42523,66,42798,66,66,38048,66,47223,
964,66,66,66,66,66,66,66,66,66,66,57746,56048,66,35451,17101,43133,58346,66,66,16692,
965,66,66,66,66,66,13726,66,13726,66,66,66,40514,66,16132,66,1124,66,66,66,55701,
966,66,66,66,66,66,66,66,66,66,66,66,66,66,10101,66,66,11604,66,66,31887,
967,66,66,66,66,66,66,66,66,66,66,18908,66,66,66,66,66,46932,13954,26779,28677,
968,66,66,66,66,66,66,66,66,66,66,58559,66,53513,36476,66,59112,30743,46602,39508,66,
969,66,66,66,66,66,66,66,66,66,66,66,53848,66,34220,66,24685,54568,66,66,66,
970,66,66,66,66,66,66,66,66,66,66,66,66,49360,66,66,44608,50717,42785,66,66,
971,66,66,66,66,66,66,66,66,66,66,22277,66,58177,56417,54825,11485,37309,2666,34473,60549,
972,66,66,66,66,66,66,66,66,66,66,42346,31614,34569,66,22872,15816,27454,52801,23095,42711,
973,66,66,66,66,66,66,66,66,66,66,66,66,59690,59659,66,66,46936,20521,33764,66,
974,66,66,66,66,66,66,66,66,66,66,58238,66,66,47093,66,66,38223,35945,66,42554,
975,66,66,66,66,66,66,66,66,66,66,66,57590,22260,54239,53159,32373,66,66,51895,66,
976,66,66,66,66,66,66,66,66,66,66,38552,18353,66,14606,66,25595,66,24960,66,12139,
977,66,66,66,66,66,66,66,66,66,66,66,14022,66,33684,66,66,44880,19314,66,66,
978,66,66,66,66,11867,66,66,66,66,66,66,36108,25453,56619,66,47722,14517,28524,33060,66,
979,66,66,66,66,66,66,66,66,66,66,66,66,61333,46478,36480,66,66,66,12198,53853,
980,66,66,66,66,66,66,66,66,66,66,66,10414,10167,66,19196,66,17064,66,49267,48374,
981,66,66,66,66,66,66,66,66,66,66,66,45901,66,54367,29084,66,12523,15357,66,29734,
982,66,66,66,66,66,66,66,66,66,66,13777,66,49111,66,50870,66,37009,39217,59929,66,
983,66,66,66,66,66,66,66,66,66,66,66,66,66,66,48266,66,66,66,66,66,
984,66,66,66,66,66,66,66,66,66,66,66,66,66,66,66,59965,66,33346,57063,66,
985,66,66,66,66,66,66,66,66,66,66,66,51154,66,66,66,66,45947,66,32423,33406,
986,66,66,66,66,66,66,66,66,66,66,29771,66,66,28705,42250,66,66,60670,66,66,
987,66,66,66,66,66,66,66,66,66,66,10206,46302,66,66,18778,36479,18982,39016,41822,66,
988,66,66,66,66,66,66,66,66,66,66,66,14739,66,66,66,20486,17250,59577,58980,24375,
989,66,66,66,66,66,66,66,66,66,66,66,47027,14679,66,52886,66,66,11857,44485,18449,
990,66,66,66,66,66,66,66,66,66,66,12504,37221,46405,54133,66,66,66,66,41383,40108,
991,66,66,66,66,66,66,66,66,66,66,66,43580,44373,49725,66,50835,66,66,66,66,
992,66,66,66,66,66,66,66,66,66,66,66,66,51233,66,66,30857,17924,66,66,22702,
993,66,66,66,66,66,66,66,66,66,66,17090,42690,45007,66,66,66,33965,66,15888,66,
994,66,66,66,66,66,66,66,66,66,22076,66,56299,33474,66,66,66,8890,60011,16810,66,
995,66,66,66,66,66,66,66,66,66,66,43013,66,37393,48883,56220,66,66,66,18021,66,
996,66,66,66,66,66,66,66,66,66,66,66,66,66,14432,54343,66,66,66,66,17741,
997,66,66,66,66,66,66,66,66,66,66,36393,27514,66,66,66,66,66,66,46901,12776,
998,66,66,66,66,66,66,66,66,66,66,66,30692,38166,37771,66,27873,66,40013,18091,66,
999,66,66,66,66,66,66,66,66,66,66,66,47859,66,54206,66,66,66,66,66,59171,
1000,66,66,66,66,66,66,66,66,66,66,66,57753,39355,66,66,66,47570,66,66,66,
