1,15570,47143,46941,39751,3734,29125,1046,8758,30402,39130,24821,42213,45597,13131,9240,7263,43440,7141,7143,5078,
2,1046,3734,1240,2832,1008,1012,7437,3097,2947,1131,30434,3077,20031,47432,14945,32810,12049,11308,14354,1090,
3,1008,1008,861,1046,1310,1008,1004,893,1004,1090,37271,22881,7783,4520,19347,5220,8496,7995,48649,4483,
4,861,893,893,1008,1310,1004,1401,893,668,668,24591,6981,7622,3034,14812,2853,9833,8346,3481,9113,
5,668,668,668,668,1970,861,861,865,668,817,10362,25725,10060,5185,2568,10982,48442,4137,20437,861,
6,668,668,451,668,1013,668,451,861,668,668,1375,20302,15535,33501,31382,23461,34822,9322,16707,8644,
7,451,451,451,668,668,1446,451,451,668,1013,35417,35894,3778,32785,35028,22535,451,892,46243,25237,
8,451,451,603,836,451,603,451,451,451,451,15696,34707,333,2099,41002,13866,23853,2698,11758,9216,
9,333,451,451,451,451,451,603,451,451,451,402,18775,3360,18620,34633,333,19650,237,11213,7001,
10,237,333,1687,451,237,402,333,451,451,333,8923,5654,1987,279,4465,10101,111,237,33785,51266,
11,111,237,237,237,237,111,451,333,111,111,37566,14696,33175,15912,48246,42513,991,13523,17675,1494,
12,111,111,111,111,111,111,237,111,1399,111,6106,13831,27665,30284,111,111,14160,35863,111,111,
13,111,111,111,111,111,3378,111,111,111,111,111,27067,111,21736,30003,6820,20727,111,48145,45455,
14,111,111,111,111,111,111,111,111,111,111,32976,111,52340,111,48525,26508,22721,32110,111,53011,
15,111,111,111,111,111,111,111,111,111,20123,111,23831,111,111,44414,19647,42760,22604,21242,4140,
16,111,111,111,111,111,111,111,111,111,111,39563,50765,23489,23008,36354,16553,23059,53654,42056,34850,
17,111,111,111,111,111,111,21039,111,111,111,111,42994,55579,46225,15886,5745,40048,13534,42219,13012,
18,111,111,111,111,111,111,111,111,111,111,37766,17067,39255,111,34574,22335,17825,36738,58409,19588,
19,111,111,111,111,111,111,111,111,111,111,54625,37225,40431,111,33316,11908,40786,14867,111,111,
20,111,111,111,111,111,111,111,111,111,111,39854,36474,25625,111,34704,13887,51221,45376,7889,111,
21,111,111,111,111,111,111,111,111,111,111,21231,111,29083,16852,26323,111,15742,41080,30964,46489,
22,111,111,111,111,111,111,111,111,111,111,41826,48723,4319,111,14903,20502,26958,53144,50133,20812,
23,111,111,111,111,111,111,111,111,111,111,32805,28392,38946,38935,31754,56951,111,31130,28250,43961,
24,111,111,111,111,111,19387,111,111,111,111,111,43381,18420,45345,111,42902,111,31742,44884,26130,
25,111,111,111,111,111,111,111,111,111,111,111,29314,35999,111,45117,111,43750,42690,111,111,
26,111,111,111,111,111,111,111,111,111,111,111,111,111,111,111,111,10156,111,111,11888,
27,111,111,111,111,111,111,111,111,111,111,31877,43951,111,111,43200,20225,40875,56645,111,111,
28,111,111,111,111,111,111,111,111,111,111,111,36863,28560,32340,35007,10521,111,111,34731,111,
29,111,111,111,111,111,111,111,111,111,111,111,13162,32976,111,10573,111,111,24710,111,25767,
30,111,111,111,111,111,111,111,111,111,111,111,6969,111,14687,9605,111,60475,23748,41028,111,
31,111,111,111,111,111,111,111,111,111,111,49361,111,43249,10120,14802,41897,30607,44245,21411,111,
32,111,111,111,111,111,111,111,111,111,111,42669,28469,111,111,20578,51839,111,5386,111,111,
33,111,111,5620,111,12287,111,111,111,111,111,20750,42442,40489,12015,50610,29022,18721,31735,39299,111,
34,111,111,111,111,111,111,111,111,111,111,111,13750,49712,59811,12508,47291,10010,10233,28923,30323,
35,111,111,111,111,111,111,111,111,111,111,21270,111,111,12294,111,25812,111,111,42540,53008,
36,111,111,111,111,111,111,34129,111,111,111,19415,39582,16787,111,24759,111,42569,53686,14064,111,
37,111,111,111,111,111,111,111,111,111,35354,31681,51218,30385,35490,111,27144,54927,31905,111,33994,
38,111,111,111,111,111,111,111,111,111,111,39898,45350,2312,111,55409,111,55573,111,35857,28897,
39,111,111,111,111,111,111,111,111,111,111,27782,52525,111,111,42926,1263,111,15801,40913,26530,
40,111,111,111,111,111,111,111,111,111,111,130,45554,33243,111,49466,11474,52095,111,111,111,
41,111,111,111,111,111,111,111,111,111,130,51978,111,111,11435,111,49338,30518,50232,29119,111,
42,111,111,111,111,111,111,111,111,111,111,42236,111,111,43004,38354,111,52957,13074,33112,111,
43,111,111,111,111,111,111,111,111,111,111,111,40433,111,111,40271,111,111,111,111,111,
44,111,111,111,111,111,111,111,111,111,111,111,3492,49664,43464,53095,57264,30490,38126,52683,33910,
45,111,111,111,111,111,111,111,111,111,111,111,10983,48316,17866,38114,17689,111,45845,111,60702,
46,111,111,16547,111,111,111,111,111,111,111,47269,30348,59857,14479,111,43327,111,43853,30961,111,
47,111,111,111,111,111,111,111,111,111,111,111,5823,6973,111,44143,111,50545,9471,57731,36655,
48,111,111,111,111,111,111,111,111,111,111,10257,22056,45792,111,111,43400,56017,2412,52818,111,
49,111,111,111,111,111,111,111,111,111,111,111,51028,111,46100,111,111,111,51285,48015,39312,
50,111,111,111,111,111,111,111,111,111,111,111,43803,44762,9076,6630,41770,23040,37733,35864,33569,
51,111,111,111,111,111,111,111,111,111,111,111,47005,38714,111,3121,48579,34364,43389,39668,26920,
52,111,111,111,111,111,111,111,111,14307,111,39315,57078,41281,29525,42994,111,111,45001,49382,45171,
53,111,111,111,111,111,111,111,111,111,111,111,111,111,42367,52937,111,42260,15412,23799,32726,
54,111,111,111,111,111,111,111,111,111,111,7400,111,111,111,12440,8744,51493,48813,111,50505,
55,111,111,111,111,111,111,111,111,111,111,49316,27411,54101,54983,34703,111,7474,37477,40422,3758,
56,111,111,111,111,111,111,111,111,111,111,111,52903,111,55578,51465,58961,17951,14037,111,15499,
57,111,111,111,111,111,111,111,111,111,111,39336,46206,36771,39199,111,50219,111,43237,17845,36094,
58,111,111,111,111,111,111,111,111,111,111,9954,48662,41283,59478,20152,111,15899,44408,30029,111,
59,111,111,111,111,111,111,111,111,111,111,23075,53428,40754,111,34359,111,26470,5556,6438,111,
60,111,111,111,111,111,111,111,111,111,111,111,43811,46447,12582,30652,17837,12811,111,111,111,
61,111,111,111,111,111,111,111,111,111,111,43092,11902,111,32820,111,111,8973,111,27964,10178,
62,111,111,111,111,111,111,111,111,111,111,111,59121,57087,34421,111,111,111,32020,46643,111,
63,111,111,111,111,111,7345,111,111,111,111,38345,31509,30406,111,16826,47463,46921,21768,33324,22822,
64,111,111,11012,111,111,111,111,111,111,111,37679,111,45940,46436,47094,46073,111,5135,643,55554,
65,111,111,111,111,111,111,111,111,111,111,49152,111,111,43834,49478,33149,22000,40082,59113,12678,
66,111,111,111,111,111,111,111,111,111,111,48637,51611,20306,41573,111,111,111,56359,111,14794,
67,111,111,111,111,111,111,111,111,111,111,47171,1452,43648,49331,58333,111,17458,111,111,111,
68,111,111,111,111,111,111,111,111,111,111,54506,111,45043,7573,44682,11777,55570,15166,52932,13554,
69,111,111,111,111,111,111,111,111,111,111,111,14314,38273,111,39434,9499,19185,18217,28387,28893,
70,111,111,111,111,111,111,111,111,111,111,34784,19635,111,42993,57700,29771,9600,21462,111,111,
71,111,111,111,111,111,111,111,111,111,111,111,7321,111,51719,17919,3675,111,28044,25230,60035,
72,111,111,111,111,111,111,111,46013,111,111,111,111,28493,18874,57703,37481,47419,111,46512,50272,
73,111,111,111,111,111,111,111,111,111,111,111,111,111,6692,56025,42025,111,111,13707,111,
74,111,111,111,111,111,111,111,111,111,111,51470,29048,111,41283,111,111,49759,111,33196,111,
75,111,111,111,111,111,111,111,111,111,111,22914,111,111,17337,53161,12511,51154,111,111,27277,
76,111,111,111,111,111,111,111,111,111,111,20797,31426,42762,111,111,43776,38125,111,42795,14190,
77,111,111,111,111,111,111,111,111,111,111,111,33276,47026,49165,43718,43128,13257,111,111,111,
78,111,111,111,111,111,111,111,111,111,111,15686,39693,21329,16752,13846,27547,58750,111,111,59568,
79,111,111,111,111,111,111,111,111,111,111,60661,2716,22856,14576,46569,20234,111,42088,19271,111,
80,111,111,111,111,111,111,111,111,111,111,45917,45446,42495,15317,111,111,125,11190,14521,12126,
81,111,111,111,111,111,111,111,111,111,111,42618,111,16378,111,2408,49360,111,41964,44876,36426,
82,111,111,111,111,111,111,111,111,111,111,111,46614,59936,111,111,111,32286,42788,45345,38450,
83,111,111,111,111,111,111,111,111,111,111,22880,25941,49393,111,111,21794,18702,111,42315,51037,
84,111,111,111,111,111,111,111,111,111,111,11012,30611,44564,111,55687,43715,30808,31506,39911,51616,
85,111,111,111,111,111,111,111,111,111,111,31752,36236,24755,38712,46316,111,111,29572,12871,111,
86,111,111,111,111,111,111,111,111,111,111,59938,111,10024,49571,31429,35175,55250,42374,35443,30294,
87,111,111,111,111,111,111,111,111,111,111,111,42040,10969,111,111,36029,49357,16527,111,48163,
88,111,111,111,111,111,111,111,111,111,111,111,53046,111,46105,19983,33402,111,45968,22192,111,
89,111,111,111,111,111,111,111,111,111,111,54355,35088,111,12615,111,51452,111,111,111,111,
90,111,111,111,111,111,111,111,111,111,111,56042,39926,111,26360,111,55269,35974,56471,56715,11625,
91,111,111,111,111,111,111,111,111,111,111,51207,111,24817,111,10008,111,111,34230,111,30009,
92,111,111,111,111,111,111,899,111,111,111,2215,33118,15683,12648,43085,40659,46630,111,22825,44776,
93,111,111,111,111,111,111,111,111,111,111,17097,111,37078,111,55254,40876,32041,54122,111,111,
94,111,111,111,111,111,111,111,111,111,111,111,48561,22599,111,17419,111,24237,111,111,38081,
95,111,111,111,111,111,111,111,111,111,44553,7675,111,19605,43992,46889,49195,111,44888,111,111,
96,111,111,111,111,111,111,111,111,111,111,14416,111,44764,111,44288,20515,111,111,45779,49703,
97,111,111,111,111,111,111,111,111,111,111,111,111,45712,4832,37132,46725,36447,111,111,111,
98,111,111,111,111,111,111,111,111,111,111,11262,17026,51452,48842,27941,111,47886,15445,16891,56714,
99,111,111,111,111,111,111,111,111,111,111,50790,111,34343,111,31777,111,17629,31008,20574,111,
100,111,111,111,111,111,111,111,111,111,111,1814,48351,47404,42524,28261,55587,45905,34576,48755,54405,
101,111,111,13394,13679,111,111,111,111,111,111,10188,17578,5165,32807,35296,50051,14616,956,42042,25596,
102,111,111,111,111,111,111,111,111,1477,111,39989,39330,24865,111,111,5314,39330,34170,46049,111,
103,111,111,111,111,111,111,111,111,111,6229,20651,111,18066,111,54529,24161,21212,43051,32323,50648,
104,111,111,111,111,111,111,111,111,111,111,111,35631,25222,111,18699,111,48107,111,111,39243,
105,111,111,111,111,111,111,111,111,111,111,41758,45704,111,4279,40405,111,42911,36530,793,111,
106,111,111,111,111,111,111,111,111,111,111,48532,18570,111,34292,54788,42181,111,29428,111,111,
107,111,111,111,111,31922,111,111,111,111,111,17728,16837,111,12804,111,111,11572,50859,111,28591,
108,111,111,111,111,111,111,111,111,111,111,48399,12481,46448,43428,17175,9148,25066,28157,111,54817,
109,111,111,111,111,111,111,111,111,111,111,753,38449,13376,111,111,18056,42335,58381,23983,32126,
110,111,111,111,111,111,111,111,111,111,111,35934,111,111,60557,37479,111,111,111,6370,58136,
111,111,111,111,111,111,111,111,111,111,111,5651,111,111,464,23272,111,28570,111,44712,11369,
112,111,111,111,111,111,111,111,111,111,111,37325,12792,3405,26760,34444,47161,52519,17933,111,111,
113,111,111,111,111,111,111,111,111,111,111,111,37122,49547,111,41151,38120,111,111,9154,111,
114,111,111,111,111,111,111,111,111,111,111,17472,111,111,111,14639,111,43477,47461,18408,27128,
115,111,111,111,111,111,111,111,111,111,111,56252,6178,31283,33228,111,18168,111,111,17478,16202,
116,111,111,111,111,111,111,111,111,111,111,48978,41791,38677,111,21593,111,4168,111,18922,50409,
117,111,111,111,111,111,111,111,111,111,111,43922,16915,111,15921,111,54301,22494,111,111,54626,
118,111,111,111,111,111,111,111,111,111,111,39269,27847,58392,58072,14286,7922,111,5000,111,56102,
119,111,111,111,111,111,21864,39728,111,111,111,111,37153,13270,15553,111,111,111,25399,1317,111,
120,111,111,111,111,111,111,111,111,111,111,52817,12352,47586,17800,24652,45039,111,14969,39441,111,
121,111,111,111,111,111,111,111,111,111,111,111,111,41974,111,111,17284,111,45781,111,48211,
122,111,111,111,111,111,111,111,111,111,111,54991,111,32650,32933,24188,14748,6368,111,20970,111,
123,111,111,111,853,111,111,111,111,111,111,111,54308,111,41302,111,43868,56818,3588,111,111,
124,111,111,111,111,111,111,111,111,111,111,22049,11825,57109,111,4365,111,47568,58491,15941,31383,
125,111,111,111,111,111,111,111,111,111,111,111,27304,46844,20588,51074,18528,21558,48888,7982,51884,
126,111,111,111,111,111,111,111,111,111,111,22223,111,33576,111,41340,11077,111,46415,111,111,
127,111,111,111,111,111,111,111,111,111,111,111,111,9248,111,111,17964,24639,10628,111,111,
128,111,111,111,111,111,111,111,111,111,111,18624,111,111,23337,44848,111,111,111,35359,47500,
129,111,111,111,111,111,111,111,111,111,111,54886,49052,31598,25384,39695,111,44680,52512,111,111,
130,111,111,111,111,111,111,111,111,5136,111,3942,111,9253,111,111,19630,52720,10024,111,48613,
131,111,111,111,111,111,111,111,111,111,111,55032,48436,111,33641,30843,111,111,22886,22558,111,
132,111,111,111,111,111,111,111,111,111,111,111,49339,51445,111,111,111,2646,59337,111,40067,
133,111,111,111,111,111,111,111,111,111,111,41291,52425,41273,41355,111,59297,111,111,39592,111,
134,111,111,111,111,111,111,111,111,111,111,1056,41132,111,51925,111,111,111,38221,672,29848,
135,111,111,111,111,111,111,111,111,111,111,111,38262,28305,51478,15551,40366,111,11885,48104,111,
136,111,111,111,111,111,111,111,111,111,111,111,111,18682,33854,111,47414,27456,42692,38140,111,
137,111,111,111,111,111,111,111,111,111,111,16359,111,29474,42569,111,111,111,111,111,22691,
138,111,111,111,111,111,111,111,111,111,111,111,17097,5894,38629,111,111,38968,23266,38035,42765,
139,111,111,111,111,111,111,111,111,111,111,111,27079,30137,11036,56354,49964,111,47031,21450,42526,
140,111,111,111,111,111,111,111,111,111,111,48337,51537,111,111,32866,111,35735,12014,111,46454,
141,111,111,111,111,111,111,111,111,111,111,111,765,58470,42916,34734,36349,40703,50880,111,31460,
142,111,111,111,111,111,111,111,111,111,111,46738,111,15874,24735,111,111,40028,111,19539,111,
143,111,111,111,111,111,111,111,111,111,111,36719,111,32140,53941,23777,51672,24821,44245,21672,111,
144,111,111,111,111,111,111,111,111,111,111,26685,29028,111,35489,17900,13696,16459,11337,11915,2293,
145,111,111,111,111,111,111,111,111,111,111,22460,39201,12104,57715,41367,111,45267,26652,111,4175,
146,111,111,111,111,111,111,111,111,111,111,111,34753,44745,42929,111,26088,58505,111,1772,55642,
147,111,111,111,111,111,111,111,111,111,111,111,111,111,21864,111,8299,7470,51766,30497,28741,
148,111,111,111,111,111,111,111,111,111,111,50187,111,1916,111,1843,33553,111,41547,44649,24541,
149,111,111,111,111,111,111,111,8794,111,111,111,39446,111,43966,21170,14429,111,111,38780,111,
150,111,111,111,111,111,111,111,111,111,111,12322,36153,111,51816,14152,41897,24552,111,111,43563,
151,111,111,111,111,111,111,111,111,111,111,21785,43517,111,111,46907,111,11239,111,44113,34174,
152,111,111,111,111,111,111,111,111,111,111,111,111,57532,44421,25018,111,33750,16277,14096,16275,
153,111,111,111,111,111,111,111,111,111,111,32680,32634,19053,59542,111,13014,34100,111,38184,26543,
154,111,111,111,111,111,111,111,111,111,111,111,111,111,111,37040,48598,7239,111,111,111,
155,111,111,111,111,111,111,111,111,111,111,25547,39596,111,53496,29793,26512,111,111,20734,41465,
156,111,111,111,111,111,111,111,111,111,111,111,32270,32078,111,54278,111,111,24524,111,27465,
157,111,111,111,111,111,111,111,111,111,111,48550,111,29950,111,24346,111,35338,111,30452,111,
158,111,111,111,111,111,111,111,12855,12855,7865,111,30678,111,111,13162,44630,26600,111,111,50298,
159,111,111,111,111,111,5621,111,111,111,111,50235,35157,6390,37941,31795,3213,48870,111,111,46742,
160,111,111,111,111,111,111,111,111,111,111,40143,111,5261,24428,111,19792,43607,44539,111,111,
161,111,111,111,111,111,111,111,111,111,111,29858,111,44566,111,50050,53580,10460,111,111,47428,
162,111,111,111,111,111,111,111,111,111,111,111,21915,43271,111,34427,11473,38699,111,34520,38883,
163,111,111,111,111,111,111,111,111,111,111,111,42233,54999,111,111,15022,49196,111,45651,31216,
164,111,111,111,111,111,111,111,111,111,111,10805,26672,47637,21522,111,111,111,13371,56743,28509,
165,111,111,111,111,111,111,111,111,111,111,111,111,111,43796,111,50066,42032,111,20027,111,
166,111,111,111,111,111,111,111,111,111,111,50228,54132,111,111,111,35791,111,10375,33961,57425,
167,111,111,111,111,111,111,111,111,111,111,30700,40856,34150,40341,27554,111,48633,11193,111,111,
168,111,111,111,111,111,111,111,111,111,111,26946,48381,44317,111,34449,36998,46629,111,42671,111,
169,111,111,111,111,111,111,111,111,111,111,32152,20793,26932,1651,40340,48548,7967,24866,44523,35951,
170,111,111,111,111,111,111,111,111,111,111,10356,21456,53840,111,111,30703,111,12380,24418,111,
171,111,111,111,111,111,111,111,111,111,111,36715,58547,111,31966,111,31873,28429,35609,24410,47537,
172,111,111,111,111,111,111,111,111,111,111,43621,111,111,20570,46101,111,111,25043,43645,111,
173,111,111,111,111,111,111,111,111,111,111,47663,20135,11604,26833,28118,111,111,111,51578,27030,
174,111,111,111,111,111,111,22959,111,111,111,43982,37176,111,111,14030,111,47560,111,33202,111,
175,111,111,111,111,111,111,111,10393,111,111,14926,55784,111,47299,111,32042,28382,4307,1495,32149,
176,111,111,111,111,111,111,111,111,111,111,46875,15900,111,42153,31035,2187,111,111,14604,50439,
177,111,111,111,111,111,111,498,111,111,111,111,40818,21198,111,23436,14276,8018,45346,45421,111,
178,111,111,111,111,111,111,111,111,111,111,51120,35478,56110,35060,42830,56912,32974,47521,8885,11855,
179,111,111,111,111,111,13472,111,111,111,12764,111,55318,111,111,111,111,111,41049,111,56255,
180,111,111,111,111,111,111,111,111,111,111,16688,44816,111,24661,38945,20850,23229,7003,45558,50438,
181,111,111,111,111,111,111,111,111,111,111,39696,111,34793,111,9608,23873,32766,39171,19548,3856,
182,111,111,111,111,111,111,111,111,111,111,111,15539,37535,42906,47484,111,24188,22520,52612,111,
183,111,111,111,111,111,111,111,111,111,111,49717,14903,5471,23326,60013,52903,58987,111,44086,111,
184,111,111,111,111,111,111,111,18264,111,111,27378,47596,38931,111,30198,12264,48007,111,111,21621,
185,111,111,111,111,111,111,111,111,111,111,20388,31887,111,17542,39974,37296,33770,111,42273,111,
186,111,111,111,111,111,111,111,111,111,111,111,6272,10792,21607,36582,10140,58992,45140,58840,30405,
187,111,111,111,111,111,111,111,111,111,111,45733,111,36806,111,31005,15282,111,5114,11526,42370,
188,111,111,111,111,111,111,111,111,111,111,47266,21129,111,22701,14395,111,5987,111,49757,111,
189,111,111,111,111,111,111,111,111,111,111,10116,41358,111,111,14804,26498,28015,39859,29645,49211,
190,111,111,43669,111,111,111,111,111,111,111,40395,7944,11143,48647,24515,39513,48397,111,28708,19977,
191,111,111,111,111,111,111,111,111,111,111,111,111,9801,111,30459,111,111,111,111,28048,
192,111,111,111,111,111,111,111,111,111,111,111,111,1981,19585,111,111,111,111,111,111,
193,111,111,111,111,111,111,111,111,111,111,111,893,17089,9790,15853,55848,111,111,111,36778,
194,111,111,111,111,111,111,111,111,111,111,111,111,111,111,10436,111,60571,47772,13732,111,
195,111,111,111,111,111,111,111,111,111,111,111,111,44344,34130,51072,111,11074,111,18983,56259,
196,111,111,111,111,111,111,111,111,111,111,111,40018,16470,43644,41647,111,111,39421,111,111,
197,111,111,111,111,111,111,111,111,111,111,1985,41773,111,58448,111,17224,58721,4481,38582,111,
198,111,111,111,111,111,111,111,111,111,111,111,111,111,111,38535,41344,45133,45110,58657,29188,
199,111,111,111,111,111,111,111,111,111,111,41819,43262,45889,111,111,50241,39828,26976,23751,28292,
200,111,111,111,111,111,111,111,111,111,111,7770,53933,57842,56642,13813,111,111,46249,32393,111,
201,111,111,111,111,111,111,111,111,111,660,111,52250,111,51140,45876,47937,50127,7429,111,15273,
202,111,111,111,111,28337,111,111,111,111,111,23658,55894,12506,111,32079,111,44622,111,111,60646,
203,111,111,111,111,111,111,111,111,111,111,111,111,111,58246,111,33673,111,6150,111,111,
204,111,111,111,111,111,111,111,111,111,111,26888,37448,55007,111,45034,111,111,111,32744,49521,
205,111,111,111,111,111,111,111,111,111,111,10822,111,52598,43032,4830,111,111,55696,42046,111,
206,111,111,111,111,111,111,111,111,111,111,31751,111,111,26551,33474,46851,111,4043,38921,39234,
207,111,111,111,111,111,25969,111,111,111,111,54343,47380,37881,111,26501,37880,48574,17614,111,111,
208,111,111,111,111,111,111,111,111,111,111,46305,111,111,55414,59632,18881,28486,37466,53135,54168,
209,111,111,111,111,111,111,111,111,111,111,32631,21946,22520,47499,18996,27233,54114,111,34520,6081,
210,111,111,111,111,111,111,111,111,111,111,111,32504,111,58705,45479,52095,41034,31865,50787,13354,
211,111,111,111,111,111,111,111,111,111,111,111,34533,111,32912,111,111,26518,111,19781,111,
212,111,111,111,111,111,111,111,111,111,111,26713,111,20604,111,46574,44535,28135,39295,8645,21733,
213,111,111,111,111,111,111,111,111,111,111,111,111,111,48308,42809,33421,19335,111,52403,9366,
214,111,111,111,111,111,111,111,111,111,111,15304,30118,48225,30446,14024,111,111,24354,2057,54224,
215,111,111,111,111,111,111,111,111,111,111,111,2383,40171,111,111,14690,111,47711,111,14429,
216,111,111,111,111,111,111,111,111,111,111,4442,39938,49988,111,111,26226,43712,56111,24132,111,
217,111,111,111,111,15727,111,111,111,111,111,45644,16621,111,33973,13389,40480,111,45178,111,42975,
218,111,111,111,111,111,111,111,111,111,111,40439,111,31052,59905,60054,111,31862,1648,47151,28890,
219,111,111,111,111,111,111,111,111,111,111,111,53387,111,10716,45192,47018,11694,111,111,111,
220,111,111,111,111,111,111,111,111,111,111,12397,39182,41551,111,111,29089,32410,111,111,44938,
221,111,111,111,111,111,111,111,111,111,111,55582,38508,1181,44122,111,53095,45887,111,111,40783,
222,111,111,24089,111,111,111,111,111,111,111,46785,22069,31346,15221,24430,25444,111,111,19408,111,
223,111,111,111,111,111,111,111,111,111,111,55684,111,111,34291,58672,111,111,12570,111,51693,
224,111,111,111,111,111,111,111,111,111,111,13725,46285,45178,45111,111,111,43567,55471,111,47775,
225,111,111,111,111,111,111,111,111,111,111,111,26445,111,48504,111,26129,50052,4074,17188,50938,
226,111,111,111,111,111,111,111,111,111,121,51920,111,49469,111,29726,111,49757,12345,10843,35434,
227,111,111,111,111,76,111,111,111,111,111,7295,58196,24168,16725,111,46856,35181,43511,111,42011,
228,76,111,76,111,76,111,111,111,76,111,24001,51629,39558,49142,76,111,76,7015,45163,44510,
229,76,76,111,76,111,76,76,111,76,76,43458,111,21544,76,11949,76,76,21458,76,20099,
230,76,76,76,76,76,76,76,76,76,76,52663,76,76,76,76,47142,76,27406,76,41167,
231,76,76,76,76,76,76,76,76,76,76,48793,76,38494,76,76,50664,76,39261,4809,35230,
232,76,76,76,76,24486,76,76,76,76,76,76,76,76,46623,44720,76,15436,35523,76,76,
233,76,76,76,76,76,23634,76,9276,76,76,27647,56410,76,12400,10964,9874,42615,18548,42550,46230,
234,76,76,76,76,76,16972,76,76,76,76,76,60417,34401,76,13162,14053,76,35258,76,14836,
235,76,76,76,76,76,76,76,76,76,76,40645,35746,38692,37010,22466,35113,27118,76,76,59363,
236,76,76,76,76,76,76,76,76,76,76,5919,76,44673,76,52803,3496,5260,9253,5661,76,
237,76,76,76,76,76,76,76,76,76,76,76,52110,38252,46037,52654,76,76,21598,46321,44969,
238,76,76,76,76,10409,76,76,76,76,76,36248,35284,24588,76,38649,38976,40353,32392,40953,76,
239,76,76,76,76,76,76,76,76,76,76,21371,17325,17035,11414,76,48161,60392,76,76,76,
240,76,76,76,76,76,76,76,76,76,76,12650,1001,51659,76,76,76,6639,41421,32024,31517,
241,76,76,76,76,76,76,76,76,76,76,42605,48338,76,43917,41503,60990,76,76,12593,30620,
242,76,76,15085,76,919,76,76,76,76,11270,21750,76,23049,52848,76,21632,43833,76,14240,76,
243,76,76,76,76,76,76,76,76,76,76,76,76,34978,16755,28294,76,41010,7559,76,22903,
244,76,76,76,76,76,76,76,76,76,76,32190,23851,3159,11851,37396,76,76,50158,76,42404,
245,76,76,76,16386,76,76,76,76,76,76,26162,12884,10318,43844,45965,42536,27980,50622,4034,76,
246,76,76,76,76,4034,76,76,76,76,76,76,13657,39833,76,3716,55735,76,76,26019,48491,
247,76,76,76,76,76,76,76,76,76,76,25261,39993,76,4585,51646,76,76,39547,76,76,
248,76,76,76,76,76,76,76,76,76,76,76,29574,76,76,35734,76,76,25078,32701,76,
249,76,76,76,76,76,76,76,76,76,76,2084,36254,38210,76,76,76,76,19997,33612,76,
250,76,76,76,76,76,76,76,76,76,76,31217,56411,45022,42569,36036,14949,36252,76,76,39611,
251,76,76,76,76,76,76,13394,76,76,76,76,23143,59027,59781,12598,41920,19284,34382,13018,47611,
252,76,76,76,76,76,76,76,76,76,76,14061,43446,13283,76,37616,5154,9484,48329,24375,58615,
253,76,76,76,37354,76,76,76,18985,76,76,76,42948,19748,34422,76,76,76,29226,58842,34383,
254,76,76,76,76,76,23896,76,76,76,76,76,19063,59249,33701,56516,10900,53099,76,76,76,
255,76,76,76,76,76,76,9707,76,76,76,76,1458,34047,50039,46116,76,38759,38935,76,38131,
256,76,76,76,76,76,76,76,76,76,76,1578,50431,76,36554,76,76,19215,76,40906,20171,
257,76,76,76,76,76,76,76,76,76,76,433,24615,76,76,40022,76,55295,41674,34421,34653,
258,76,76,76,76,76,76,76,76,76,76,27808,76,36246,49076,76,76,43055,76,25287,24326,
259,76,76,76,76,76,76,76,76,76,76,12681,24829,23720,76,19377,8239,6135,76,76,13669,
260,76,76,76,76,76,76,76,76,76,76,76,39591,45769,26795,36014,3112,39322,52349,6663,50540,
261,76,76,76,76,76,76,76,76,76,76,76,76,76,22220,31430,76,14212,29866,50514,76,
262,76,76,76,76,76,6282,76,6282,76,76,38562,76,76,76,605,76,44548,38855,48227,76,
263,76,76,37009,76,76,76,76,76,76,76,35516,54821,53382,32305,76,76,11278,10039,76,59578,
264,76,76,76,76,76,76,76,76,76,76,31511,42889,76,40166,76,49290,76,52500,76,7573,
265,76,76,76,76,76,76,76,76,76,76,43553,40849,76,76,76,34743,76,43524,16942,13300,
266,76,76,12933,76,76,76,76,76,76,76,26209,7668,12883,36939,49283,26276,76,36692,26733,27192,
267,76,76,76,76,76,76,76,76,76,76,30138,44300,20564,55810,40970,53281,12350,51863,76,76,
268,76,76,76,76,76,76,76,76,76,76,76,76,23517,76,6588,31806,76,40807,76,4260,
269,76,76,76,76,76,76,17819,76,76,76,17495,76,38877,76,76,3746,76,76,42317,76,
270,76,76,76,76,76,76,76,76,76,76,45007,11693,58771,15410,76,35793,76,76,24987,76,
271,76,76,76,76,76,76,76,76,76,76,10961,76,76,23721,76,32108,76,76,76,76,
272,76,76,76,76,76,76,76,76,76,76,76,76,28963,44835,8213,53997,15652,37679,5591,26787,
273,76,76,76,76,76,76,76,76,76,76,22899,76,76,24315,76,76,76,14232,46297,76,
274,76,76,76,76,76,76,76,76,76,76,40677,76,27758,59155,55147,76,76,34330,76,38091,
275,76,76,76,76,76,76,76,76,76,76,18835,43629,42559,46425,76,1707,39479,8622,19266,41017,
276,76,76,76,76,76,76,76,76,76,76,33666,76,45027,33952,5645,22941,76,34071,76,76,
277,76,76,76,76,76,76,76,76,76,76,29154,36032,6997,76,76,6488,76,76,20861,76,
278,76,76,76,76,76,76,76,76,76,76,76,28481,48748,76,5716,76,1372,35970,4084,76,
279,76,76,76,76,76,76,76,76,76,76,30728,76,39643,47995,15463,29949,76,23206,41281,76,
280,76,76,76,76,76,76,76,76,76,76,38001,37968,3169,49417,33798,42424,43527,2376,6358,44346,
281,76,76,76,76,76,76,76,76,76,76,2525,76,41194,40321,38936,27756,6602,76,30776,12103,
282,76,76,76,76,76,76,76,76,76,76,48309,48296,12694,76,40517,5554,38075,76,49641,11968,
283,76,76,76,76,76,76,76,76,76,76,46924,38634,51731,76,6042,76,76,76,76,17237,
284,76,76,76,76,76,76,76,76,76,76,76,76,31650,76,22257,13770,30100,22800,34824,45806,
285,76,76,76,76,76,76,76,76,76,76,20636,76,17472,4977,12211,26166,10836,14922,38140,35303,
286,76,76,76,76,76,76,76,76,76,30493,54034,76,22054,55184,58226,14767,2932,76,12124,47115,
287,76,76,76,76,76,76,76,76,76,76,76,48661,41598,76,76,20466,76,43795,26473,76,
288,76,76,76,76,76,76,76,31276,76,76,31272,76,41775,37387,18066,76,76,15856,76,43184,
289,76,76,76,2716,76,76,76,76,76,76,76,76,12784,12600,76,76,58471,36200,76,58849,
290,76,76,76,76,76,76,76,76,76,76,76,39868,53263,31586,24538,18486,6121,33847,33916,58493,
291,76,76,76,76,76,76,76,76,76,76,54106,20620,48758,21528,22464,76,76,76,59136,27951,
292,76,76,76,76,76,76,76,76,76,76,47570,76,76,76,50547,20420,40640,53892,76,18402,
293,76,76,76,76,76,76,76,76,76,76,10388,21809,29375,76,2722,76,76,36283,13212,46569,
294,76,76,45556,76,76,76,76,76,76,76,76,60232,7478,16553,42361,24368,76,53512,28061,76,
295,76,76,76,76,76,76,76,76,76,76,76,27134,38465,76,76,36392,76,43139,76,76,
296,76,76,76,76,76,76,76,76,76,76,10285,43769,76,40860,43836,26356,76,76,76,12264,
297,76,76,76,76,76,76,76,76,76,76,43507,27648,47730,5743,20046,23058,38545,41324,29661,76,
298,76,76,76,76,76,76,76,76,76,33514,76,76,76,30866,42258,35858,5241,76,22213,42593,
299,76,76,76,76,76,76,76,76,76,76,76,76,53533,36765,22094,76,18705,76,76,76,
300,76,76,76,76,76,76,76,76,76,76,40501,33031,76,76,76,53443,76,54609,76,76,
301,76,76,76,76,76,76,76,16973,76,76,46364,76,76,76,25311,76,76,15921,38123,76,
302,76,76,76,76,76,76,76,76,76,76,23849,2029,76,15695,51906,953,76,76,53635,60047,
303,76,76,76,76,76,76,76,76,76,76,43135,76,36619,39368,38957,53957,76,76,17230,44467,
304,76,76,76,76,76,76,76,76,76,76,76,76,50005,41535,76,50502,76,32286,22009,43127,
305,76,76,76,76,76,76,76,76,76,76,28102,13872,9531,76,51203,35986,46615,11819,76,13832,
306,76,76,76,76,76,76,76,76,76,76,26866,47942,40266,34139,28572,19206,48215,30943,76,76,
307,76,76,76,76,76,76,76,76,76,76,76,76,38202,44349,30482,41391,28249,76,76,76,
308,76,76,76,76,76,76,76,76,76,76,10428,44775,76,54570,76,22495,27516,76,76,11470,
309,76,76,76,76,76,76,76,76,76,76,47087,76,76,76,35017,25149,22547,18380,37213,27624,
310,76,76,76,76,76,76,76,76,76,76,16857,24918,32032,22234,47815,48664,51734,76,44746,76,
311,76,76,76,76,76,76,76,76,76,76,76,51547,43406,48504,76,76,25800,76,76,9572,
312,76,76,76,76,76,76,76,76,76,76,8012,43148,11567,76,47562,76,14904,13861,76,10153,
313,76,76,76,76,76,76,76,6692,76,76,42024,51315,40341,76,76,45086,76,54407,76,76,
314,76,76,76,76,76,76,76,76,76,76,76,16657,21032,48178,76,76,45080,24009,26399,22881,
315,76,76,76,76,76,76,76,76,76,76,41371,76,29930,49388,76,76,59827,76,41299,76,
316,76,76,76,76,76,76,9176,76,9176,76,38539,9462,76,76,76,76,47023,13879,28699,12589,
317,76,76,76,76,76,76,76,76,76,76,4249,15000,76,8140,11734,35016,52490,39053,26501,76,
318,76,76,76,76,76,76,76,76,76,76,35172,76,58073,42173,27025,6444,76,47939,76,10169,
319,76,76,76,76,76,76,76,76,76,76,37351,42867,42376,76,21569,40880,31905,35649,60780,17415,
320,76,76,76,76,76,76,76,76,76,76,76,24554,76,2205,19706,76,10693,3972,11050,25321,
321,76,76,76,76,76,76,76,76,76,76,54605,55138,33079,27474,76,36987,40283,76,9873,21667,
322,76,76,76,76,76,76,76,76,76,76,41586,76,76,45470,31299,13639,76,76,49409,24694,
323,76,76,76,76,76,76,76,76,76,76,51460,39213,76,76,76,76,18248,23087,45584,33272,
324,76,76,76,76,76,76,76,76,76,76,35832,51662,10296,76,76,76,76,76,76,40908,
325,76,76,76,76,76,76,76,76,76,76,30769,76,485,32572,8941,76,76,27212,57093,57103,
326,76,76,76,76,76,76,76,76,76,76,27858,76,39300,47915,44350,57058,34794,76,76,11971,
327,76,76,76,76,76,76,76,76,76,76,76,76,52207,34536,76,46526,42021,14427,76,19280,
328,76,76,76,76,76,76,76,76,76,76,47885,76,76,16035,33634,1804,47399,76,32271,76,
329,76,76,76,35645,76,76,76,59203,76,76,41540,18068,76,48957,76,24590,33646,76,45498,38722,
330,76,76,76,76,76,76,76,76,76,76,30786,33582,13841,18561,52041,45267,18091,1307,76,29397,
331,76,76,76,76,76,76,76,76,76,76,76,8280,76,76,76,76,76,29938,14743,76,
332,76,76,76,76,76,76,76,76,76,76,56586,14024,45753,48922,23896,40318,24165,43022,1186,76,
333,76,76,76,76,76,76,76,76,76,7785,15846,12003,16934,76,25253,76,76,49258,1192,52439,
334,76,76,76,76,76,76,5871,76,15846,76,76,56544,50176,41203,45879,12188,38786,39385,14596,50174,
335,76,76,76,76,76,76,76,76,76,76,76,36475,51754,76,44364,76,55487,15749,76,49271,
336,76,76,76,76,76,76,76,76,76,76,52722,25222,37632,9243,54073,16825,76,19395,12921,54439,
337,76,76,76,76,76,76,76,76,76,76,57996,76,23745,46963,76,76,47003,14430,20593,14826,
338,76,76,76,76,76,76,39881,76,76,76,17447,17346,17119,21700,11155,8523,76,18170,28876,29521,
339,76,76,76,76,76,76,76,1988,76,76,25291,76,76,22076,76,76,76,76,76,52916,
340,76,76,76,76,76,76,76,76,76,76,33637,24221,42200,19125,49275,15576,76,76,76,53405,
341,76,76,76,76,76,76,76,76,76,76,15341,76,76,76,50083,6118,76,76,59367,17773,
342,76,76,76,76,76,76,76,76,76,76,44191,35754,38491,76,54247,76,20987,76,58692,19141,
343,76,76,76,76,76,76,76,76,76,76,76,42572,37455,17666,76,24621,35130,34438,76,27641,
344,76,76,76,76,76,76,76,76,76,76,76,28480,12695,76,76,57806,5145,28318,18594,53907,
345,76,76,4836,76,76,76,76,76,76,76,76,22601,76,11805,28339,76,48686,53288,43870,53174,
346,76,76,76,76,76,76,76,76,76,76,17337,12564,56263,52382,76,76,19224,76,46910,43386,
347,76,76,76,76,76,76,76,76,76,76,76,47189,51906,76,51548,76,76,76,76,76,
348,76,76,76,76,76,76,76,76,76,76,47734,55901,33203,3965,45894,11088,18605,51453,55484,32846,
349,76,76,76,76,76,76,76,76,76,76,76,36603,76,33574,45149,41042,17463,76,15762,38392,
350,76,76,76,76,76,76,76,76,76,76,3720,76,76,19578,76,55997,29049,76,57351,54830,
351,76,76,76,76,76,76,76,76,76,76,76,76,76,76,26219,44507,76,54439,76,12234,
352,76,76,76,76,76,76,76,76,76,76,57778,17740,8135,13689,76,12803,30607,48827,25742,76,
353,76,76,76,76,76,76,76,76,76,76,20401,76,76,40610,21387,29849,28229,18721,44373,35517,
354,76,76,76,76,76,76,76,76,76,76,57819,2373,76,46644,26166,57471,25056,14471,38669,1107,
355,76,76,76,76,76,76,76,76,76,16935,28343,21124,19084,76,43315,34764,76,42642,28976,58135,
356,76,76,76,23951,76,76,76,76,76,76,2969,23942,24829,76,19388,76,76,50904,49192,35084,
357,76,76,76,76,76,76,76,76,76,76,47306,56889,76,76,76,76,10262,76,15290,76,
358,76,76,76,76,76,76,76,76,76,76,45435,36374,31512,35040,38968,17613,45919,56997,44921,39831,
359,76,76,76,76,76,76,76,76,76,76,4352,36482,76,36586,33519,32590,44386,26619,83,39443,
360,76,76,76,76,76,76,5611,76,76,76,53712,35352,76,76,20823,38501,48781,5359,43753,29559,
361,76,76,76,76,76,76,76,76,76,13346,50909,76,21165,59364,76,12174,16318,76,76,76,
362,76,76,76,12969,76,76,76,76,76,76,76,76,15258,21103,24244,1496,40905,48989,37687,21596,
363,76,76,76,76,76,76,76,76,76,76,49531,33012,12271,76,19727,59,34257,51834,76,42423,
364,59,76,76,76,76,76,76,76,76,76,18239,1415,76,16189,76,76,49178,53182,76,11384,
365,59,76,76,59,76,76,59,76,76,76,24340,76,39637,56056,18372,12734,76,39907,13061,5291,
366,59,59,76,76,76,59,5354,76,11359,76,56415,17361,76,5939,76,76,41861,32513,46053,4165,
367,59,59,59,76,76,59,76,59,76,59,76,36345,59,3482,49503,76,17064,28889,12094,59393,
368,59,59,76,59,76,76,59,59,59,3154,59,12861,33482,53863,59,59,59,59,1220,59,
369,59,59,59,59,59,59,59,59,59,59,59,39784,59,23120,35478,59,59,59,30075,28080,
370,59,59,59,59,59,59,59,59,59,59,47414,59,50162,36158,55318,34315,59,59,59,59,
371,59,59,59,59,59,59,59,59,59,59,37522,28201,59,11588,59,1708,47413,47789,35250,18884,
372,59,59,59,59,59,59,59,11239,59,59,44712,59,57004,59,47301,35060,53588,59,38661,59,
373,59,59,59,59,59,59,59,59,59,59,59,59,14529,34155,59,20872,59,24352,59,59,
374,59,59,59,59,59,59,59,59,59,59,55579,59,57309,59,59,13205,1866,7133,59,59,
375,59,59,59,59,59,59,59,59,59,59,59,53400,17641,30018,59,59,21204,31030,4322,14707,
376,59,59,59,59,59,59,59,59,59,59,15538,8137,12976,59,59,37500,53907,59,38638,59,
377,59,59,59,59,59,59,59,59,59,59,40780,47371,23381,59,59,59,40901,9860,24029,22768,
378,59,59,59,59,59,59,59,59,59,59,59,48564,59,34622,54913,42469,59,43249,46897,38287,
379,59,59,59,59,59,59,59,11232,59,59,59,10440,59,59,40468,35340,59,10619,59,39409,
380,59,59,59,59,59,59,59,59,59,59,39427,48493,45675,28997,38378,59,59,8740,59,59,
381,59,59,59,59,59,59,59,59,59,59,47021,9629,17201,6583,57488,3920,59,59,44546,59,
382,59,59,59,59,59,59,59,59,59,59,59,4842,16946,59,59,39725,40316,30423,1125,406,
383,59,59,59,59,59,59,59,59,59,59,59,18214,6646,26986,59,44225,10210,31164,59032,10024,
384,59,59,59,59,59,59,59,59,59,59,46015,8191,23578,59,59,59,38823,59104,2996,41434,
385,59,59,59,59,59,59,59,59,59,59,41372,59,46198,59,59,11873,49016,59,20751,59,
386,59,59,59,59,59,59,59,59,59,59,1229,28335,59,47064,55833,22824,47827,59,28603,34967,
387,59,59,59,59,59,59,59,59,59,59,12820,59,20334,59,59,59,57177,46054,50443,59,
388,59,59,14271,59,59,59,59,59,23011,22947,59,9558,59,49102,13660,59,59,42941,16892,38274,
389,59,59,59,59,59,59,59,59,59,59,26827,16456,59,59,29171,45609,49751,59301,52123,59,
390,59,59,59,59,59,59,59,59,20093,59,29163,59,44841,22414,59,34905,59,4940,59,23770,
391,59,59,59,59,4264,59,59,59,59,59,41587,44910,36987,24746,25244,10879,30171,59,59,59,
392,59,59,59,59,59,59,59,59,59,59,14313,20090,4864,59,18586,59,59,7614,53573,28640,
393,59,59,59,59,59,59,59,59,59,59,40925,15565,42218,59,38966,56833,59,17901,58067,20713,
394,59,59,59,59,59,59,59,59,59,59,11510,44340,59,11577,3799,24241,18491,11005,40342,59,
395,59,59,59,59,59,59,59,59,59,59,11944,3120,59,4377,21302,893,6241,17305,59,42365,
396,59,59,59,59,59,59,59,59,59,59,46644,59,15704,41437,55664,36693,33565,34148,59,45450,
397,59,59,59,59,59,59,59,59,59,59,4396,35955,59,40587,38850,31971,46547,59,59,26916,
398,59,59,59,59,59,59,59,59,59,59,26825,43141,55734,41509,59,58108,13606,3793,43869,49568,
399,59,59,59,59,59,59,59,2760,59,59,59,43256,59,59,59,15533,53731,59,33957,291,
400,59,59,59,59,59,59,59,59,59,59,54189,59,59,59,59,59,7126,4701,59,16533,
401,59,59,59,59,59,59,59,59,59,59,59,59,12799,59,59,59,58553,12002,59,3685,
402,59,59,59,59,59,59,59,59,59,59,46840,59,11223,59,59,59,52881,534,40995,17784,
403,59,59,59,59,59,59,59,59,59,59,36632,27066,59,59,59,32352,32807,36304,22968,52950,
404,59,59,59,59,59,59,59,59,59,59,59,42288,59,59,41246,36467,45891,59,52006,30510,
405,59,59,59,59,59,59,59,59,59,59,44282,9031,12712,36149,59,50631,59,59,59,59,
406,59,59,59,59,59,59,59,59,59,59,57765,11691,59,59,37003,59,16172,10420,39876,13282,
407,59,59,59,21655,7438,59,59,59,59,59,19653,53979,43692,59,12444,25941,30368,2818,739,35409,
408,59,59,59,59,59,59,59,59,59,17709,8292,59,22576,59,37925,59,22104,42315,59,30312,
409,59,59,59,3612,59,59,59,59,59,59,59,15372,11295,25464,37107,59,56587,22583,41649,51288,
410,59,59,59,59,59,59,59,59,59,59,59,40812,54251,4217,45650,59,48328,59,46655,35225,
411,59,59,59,59,59,59,59,59,59,15349,59,59,59,59,15901,47293,10179,59,1505,59,
412,59,59,59,59,59,59,59,59,59,59,6726,41744,19525,15879,11769,12001,49639,59,59,59,
413,59,59,59,59,59,59,59,59,59,59,59,31774,40350,59,59,6307,59,39097,60654,59,
414,59,59,59,59,59,7679,59,59,59,13409,45349,52016,33228,46446,59,59,59,59,37091,29714,
415,59,59,59,59,59,59,59,59,59,59,37278,34848,41015,40238,59,43721,59,6196,59,39985,
416,59,59,59,59,59,59,59,17744,59,59,59,59,16857,59,59,27123,49090,59,41332,26307,
417,59,59,59,59,59,59,59,59,59,18654,59,46953,59,45081,26903,59,6351,39452,55276,59,
418,59,59,59,18436,59,59,59,59,59,59,59,51800,59,59,59,45537,59,11673,36434,59,
419,59,59,59,59,59,59,59,59,59,59,59,21705,10683,59,22215,59,44466,50836,46149,54835,
420,59,59,59,59,59,59,59,59,59,59,53354,14994,11266,59,59,46517,47034,31448,3986,59,
421,59,59,59,59,59,59,59,59,59,59,59,10910,59,59,37172,5854,59,22978,41424,49346,
422,59,59,59,59,59,59,59,59,59,59,27789,59,30285,59,59,46001,35334,59,48092,59,
423,59,59,59,59,59,3481,59,59,59,59,59,25494,51107,15014,24545,56305,58485,52823,34601,58668,
424,59,59,59,59,59,59,59,59,17364,59,16045,59,51643,40215,14692,41435,56613,50722,59,39074,
425,59,59,59,59,59,59,59,59,59,59,18941,30572,59,59,30108,8434,59,42167,56671,59,
426,59,59,59,59,59,59,59,59,59,59,30532,25372,38231,43010,59,59,48799,59,47504,13593,
427,59,59,59,59,59,59,59,59,59,59,59,1418,32030,36934,25185,59,4259,59,59,33746,
428,59,59,59,59,59,59,59,59,59,59,45345,23877,59,59,13505,43088,59,42316,52228,34337,
429,59,59,59,46588,59,59,59,12678,9526,59,46947,59,11597,14762,12504,41605,49487,52757,24881,48769,
430,59,59,59,59,59,59,59,59,59,59,44127,59,4812,59,8912,27390,49962,59,37400,59,
431,59,59,59,59,59,59,59,59,59,59,59,47531,52468,37096,36365,59,46190,31583,15981,59,
432,59,59,59,59,59,59,59,59,14292,59,59,59,17654,19993,31754,59,51826,14949,59,46887,
433,59,59,59,59,59,59,59,59,59,59,3608,4830,6257,43555,59,21007,59,16017,49411,59,
434,59,59,59,59,59,10131,59,59,59,59,4055,59,24004,41476,50538,19672,59,48991,9090,27947,
435,59,59,59,59,59,59,59,59,59,59,59,56885,59,14562,59,59,58006,54559,59,59,
436,59,59,59,59,59,59,59,59,59,59,21512,43212,46537,59,41606,59,59,45638,59,59,
437,59,59,59,59,59,15799,59,59,59,59,59,18306,34937,36941,59,33681,50277,51961,41867,10566,
438,59,59,59,59,59,59,59,59,59,59,40828,54586,52212,33318,59,16417,59,47006,36768,59,
439,59,59,59,59,59,59,59,59,59,59,53868,40017,59,52522,50509,39362,8102,57177,41175,59,
440,59,59,59,59,59,59,59,59,59,59,59,44712,59,30441,59,59,57888,8259,59282,59,
441,59,59,59,59,59,18558,59,59,59,59,59,47847,59,59,59,59,59,32371,13788,34395,
442,59,59,59,59,59,14013,59,59,59,59,49962,40249,55984,34541,33126,8527,31391,59,26530,27828,
443,59,59,59,59,59,59,59,59,2133,59,59,25310,59,50086,14993,42939,15672,37643,59,42791,
444,59,59,59,59,59,59,59,59,59,59,45073,60797,58937,59,59,20476,59,59,59,42366,
445,59,59,59,59,59,59,59,59,59,59,5280,39161,50045,13731,50152,59,55718,59,39631,33153,
446,59,59,59,59,59,59,59,59,59,6063,59,13060,59,18900,18702,48978,10803,38676,40875,50623,
447,59,59,59,59,59,59,59,59,59,59,41320,10080,35741,59,59,39670,59,59,59,59,
448,59,59,59,59,59,59,59,59,59,59,54411,40721,59,59,36185,37015,33373,47832,28452,47437,
449,59,59,59,59,59,59,59,59,59,59,59,46951,4208,59,48118,59,26238,59,59,31210,
450,59,59,59,59,59,59,59,59,59,59,36477,36063,27587,59,2851,59,40088,16267,59,59,
451,59,59,59,59,59,59,59,59,59,59,32052,59,59,54145,21276,34603,59,59,59,19209,
452,59,59,59,59,59,59,59,59,59,59,59,20907,24529,59,6514,22160,28997,59,14198,59,
453,59,59,59,59,59,59,59,59,59,59,40448,34506,35493,42376,59,46641,59,938,21230,47832,
454,59,59,59,59,59,59,59,59,59,59,59,29827,46598,59,47771,31224,59,23339,59,42667,
455,59,59,59,59,59,59,59,59,59,59,59,30407,59,59,59,59,8987,13512,59,48840,
456,59,59,59,59,59,59,59,59,59,59,41037,59,7574,59,46452,27081,59,8761,1924,59,
457,59,59,59,59,59,59,59,59,59,59,59,52322,49284,48536,59,22710,43632,43362,51031,51813,
458,59,59,59,59,59,59,27808,59,59,59,33691,22325,34986,59,31985,59,18161,59,59,59,
459,59,59,59,59,59,59,59,59,59,59,23913,59,59,59,59,56644,22066,17391,59,59,
460,59,59,59,59,59,59,59,59,59,59,59,6061,59929,32409,14467,59,25708,59,59,24467,
461,59,59,59,59,59,59,59,59,59,59,59,46793,28923,40577,42905,59,44745,59,18017,41651,
462,59,59,15362,59,59,59,59,59,5847,59,59,43074,28540,59,59,55503,59,44315,6830,59,
463,59,59,8202,59,59,59,59,59,59,59,26916,59,59,6429,17486,48151,59,17412,45599,57854,
464,59,59,59,59,59,59,59,2892,59,59,44928,54918,33975,28005,24504,41765,43501,37307,38687,8087,
465,59,59,41905,59,59,59,59,59,59,59,27348,59,23190,16858,50453,54518,40257,59,30167,19458,
466,59,59,59,59,59,59,59,59,59,59,59,59,49002,44428,41481,19575,25577,30774,59,40473,
467,59,59,59,59,59,59,59,59,59,59,36629,18849,59,59,47270,59,59,51149,59,59,
468,59,59,59,59,59,59,59,59,59,59,2281,40881,59,58405,17862,56427,59,14407,59,46855,
469,59,59,59,59,59,59,59,59,59,59,52539,48915,9312,9486,55267,41201,18077,59,59,8107,
470,59,59,59,59,59,59,59,18396,59,59,56437,42429,30753,59,18891,47630,27482,59,2646,59,
471,59,59,59,59,59,59,59,59,59,59,52460,42579,52471,57855,59,59,43490,59,59,59,
472,59,59,59,59,59,59,59,59,59,59,59,30409,38484,21892,9675,59,59,36249,13221,59,
473,59,59,59,59,59,59,59,59,59,59,50232,56572,54055,31981,25327,42844,59,33649,38036,22249,
474,59,59,59,59,59,59,59,59,59,59,54942,59,10232,19696,59,43653,59,43536,18427,40693,
475,59,59,59,59,59,59,59,59,59,59,37242,34592,31539,1254,3413,24476,59,59,59,59,
476,59,59,59,59,59,59,59,59,59,59,17579,59,59,59,28246,9617,59,49443,49460,59,
477,59,59,59,59,24428,59,59,59,59,59,59,27593,41323,59,35884,59,59,33957,26729,23816,
478,59,59,59,59,59,59,59,59,59,59,59,15425,59,9213,48527,59,12520,23004,12892,12577,
479,59,59,59,59,59,59,19026,59,59,59,14905,59,59,23476,13193,36097,59,13483,27219,48836,
480,59,59,59,59,59,59,59,59,59,59,39891,25745,16146,29658,59,59,59,26267,48227,16575,
481,59,59,59,59,59,59,59,59,59,59,52243,59,59,59,39331,6184,59,59,48028,59,
482,59,59,59,59,59,9639,59,59,28038,59,59,43018,59,59,49421,59,59,29250,48551,32351,
483,59,59,59,59,21535,59,59,59,59,59,18749,59,59,59,59,59,59,17071,26746,45350,
484,59,59,59,59,59,59,59,59,59,59,39008,36142,59,36306,50750,51597,59,461,59,28583,
485,59,59,59,59,59,59,59,59,59,59,22337,11439,59,285,59,23035,43605,59,39074,21766,
486,59,59,59,59,59,59,9177,59,59,59,45651,36713,59,39936,41512,18427,40643,37111,37194,20852,
487,59,59,59,59,59,59,59,59,59,59,23092,48778,59,59,53578,59,46076,59,59,59,
488,59,59,15971,59,59,59,59,59,59,59,18906,59,45238,56066,44404,12021,59,59,52127,48537,
489,59,59,59,10833,59,59,59,59,59,59,33722,59,59,4756,43447,33305,25017,51958,49255,59,
490,59,59,59,59,59,59,59,59,59,59,53617,57224,43162,38609,42601,59,3654,41379,59,16413,
491,59,59,59,59,59,59,59,59,59,59,10287,46896,24204,30330,47589,35669,31663,16978,2016,59,
492,59,59,59,59,59,59,59,59,135,59,55901,7196,7467,59,59,45254,52557,52913,29684,54648,
493,59,59,59,59,59,59,59,59,59,59,16887,59,36333,14725,5668,59,59,59,49107,41322,
494,59,59,59,59,59,59,59,59,59,59,27262,59,17627,40200,59,17105,59,33135,59,58784,
495,59,59,59,59,59,59,59,59,59,59,50619,34910,28368,38607,10420,31421,37999,59,19885,47015,
496,59,59,59,1089,59,59,59,59,59,59,51734,11212,19460,25875,51831,49933,46265,59,36176,40685,
497,59,59,1985,59,19594,59,59,59,59,59,29688,48724,21140,49477,2221,59,59,59,59,59,
498,59,59,59,59,59,59,59,59,59,59,59,48901,59,59,59,59,59,32992,59,54014,
499,59,59,59,59,59,59,59,7759,59,59,45991,59,59,59,640,59,59,2069,49633,30316,
500,59,59,59,59,59,59,59,59,59,59,50995,50329,17638,54089,44908,59,59,59,38200,34356,
501,59,59,59,59,59,59,59,59,59,59,41957,42458,21779,59,29283,59,59,7212,26432,2332,
502,59,59,59,59,59,59,59,59,59,59,20530,55609,22580,29099,22128,44871,56435,47176,53312,39124,
503,59,59,59,59,59,59,59,59,34697,59,38500,59,35757,40611,13191,59,8071,16326,53729,49750,
504,59,59,59,59,59,59,59,59,59,59,59,11724,25503,43982,24915,44770,18841,46689,59,59443,
505,59,59,59,59,59,11185,59,37571,59,59,45940,3793,49233,59,42122,59,2883,59,2058,59,
506,59,59,59,59,59,59,59,59,59,59,44533,26981,43635,59,56572,14064,24941,59,46044,59,
507,59,59,1140,59,59,59,59,59,59,59,2339,44270,59,28785,14641,21961,29332,23337,4283,57817,
508,59,59,59,59,59,59,59,59,4065,59,45085,59,59,45896,35432,32315,59,48172,59,40591,
509,59,59,59,59,59,59,59,59,59,59,59,57595,40248,59,16370,59,59,46575,59,19712,
510,59,59,59,59,59,59,20428,59,59,59,59,59,47002,40212,29527,59,43296,59,44840,38893,
511,59,59,59,59,59,59,59,59,59,59,17850,59,59,34459,18408,8125,59,59,56424,29719,
512,59,59,59,59,59,59,59,59,59,59,57498,37753,59,52037,38442,14946,40989,51982,59,44453,
513,59,59,59,59,59,253,59,59,59,59,54117,26495,30849,59,59,32954,6791,18318,59,12350,
514,59,59,59,59,59,59,59,59,59,59,59,19961,33071,58976,59,47795,16409,47565,59,38526,
515,59,59,59,59,59,59,59,59,59,59,29878,36164,24618,59,59,59,44125,59,26621,59,
516,59,59,59,59,59,59,59,59,59,59,20376,36889,59,23596,25326,26395,9712,59,39195,26582,
517,59,59,59,59,59,59,59,59,59,59,38829,43191,42164,28242,59,59,4531,49724,46108,21083,
518,59,59,59,59,59,59,59,59,59,59,59,43063,59,59,16668,54424,48284,49072,59,32804,
519,59,59,59,59,59,6530,59,59,59,59,36966,59,23322,59,59,55223,52688,59,42033,59,
520,59,59,59,59,59,59,59,59,59,59,25229,26294,59170,50847,17824,53172,10459,35329,27008,56435,
521,59,59,59,59,59,59,59,59,59,59,53058,41214,59,48464,59,59,59,52352,4029,59,
522,59,59,59,59,59,19981,59,59,59,59,59,59,59,27735,42907,59,59,59,26471,59,
523,59,59,59,59,59,59,59,59,59,59,59629,46145,44430,59,59,59,59,59,29630,34588,
524,59,59,59,59,59,59,59,59,59,59,59,59,57414,41221,59,59,48704,59,43990,59753,
525,59,59,59,59,59,59,59,59,59,59,30193,38566,23970,33453,29203,59,38320,44058,59,27865,
526,59,59,59,59,59,59,59,59,59,59,59,59,45704,59,38079,40348,20381,59,30921,59,
527,59,59,59,59,59,59,59,59,59,59,17438,59,35860,37979,59,6535,40338,54839,28297,28103,
528,59,59,59,59,59,59,59,59,59,59,59,59,4617,59,19140,59,54528,41486,23623,27321,
529,59,59,59,59,59,59,59,59,59,59,35563,48055,59,46502,41632,28251,59,40676,59,59,
530,59,59,59,59,59,59,59,59,59,59,56497,36021,59,40866,26668,33747,52435,59,59,37167,
531,59,59,59,43281,59,59,59,59,59,59,50942,2135,32916,39395,10918,59,33468,23782,27743,59,
532,59,59,59,59,59,59,59,59,59,59,59,48098,49011,45237,16785,22994,27845,59,40363,59,
533,59,59,59,59,59,59,59,59,59,59,51835,23479,44351,3607,59,45746,59,35858,59,48336,
534,59,59,59,59,59,59,59,59,5781,59,58091,59,59,55011,35938,59,58232,32668,12702,47818,
535,59,59,59,59,59,59,59,59,59,59,59,59,59,59,57808,59,36959,59,16470,9954,
536,59,59,59,59,59,59,59,59,59,22771,59,40432,28753,59,59,59,14924,16523,59,39477,
537,59,59,59,10222,59,59,59,59,59,59,59,59,29316,31900,8601,59,38270,59,4315,19637,
538,59,59,59,59,59,59,59,59,59,59,46688,16202,59,59,59,4815,57127,45066,59,26019,
539,59,59,59,59,59,59,59,59,59,59,57342,49878,45419,53589,59,5988,40754,48859,26070,12572,
540,59,59,59,59,59,59,59,59,59,59,55838,59,59,59,59,23117,59,41248,32893,59,
541,59,59,59,59,59,59,59,59,59,59,43616,33857,42346,31963,13375,59,16732,59,59,26641,
542,59,59,59,59,59,59,59,59,59,59,59,48007,59,28549,29887,28486,20266,59,9557,59,
543,59,59,59,59,59,59,59,59,59,59,20627,48996,53577,44631,26561,44373,44455,47076,15812,59,
544,59,59,59,59,59,59,59,59,59,59,59,52672,59,20415,37660,40636,59,18428,11406,59,
545,59,59,59,59,59,59,59,59,59,59,30360,38412,11049,32750,7827,13347,32024,59,29704,32523,
546,59,59,59,59,59,59,59,59,59,59,47920,27149,59,34926,47381,59,48102,41058,59,50711,
547,59,59,59,59,59,59,59,59,59,59,59,56810,13372,34611,59,59,59,32180,50849,44250,
548,59,59,59,59,59,59,59,59,59,59,45955,30032,59,1709,27005,26653,50669,59,21354,48139,
549,59,59,59,59,59,59,59,59,59,59,56855,2029,51660,40273,44724,28842,44409,57151,59,44385,
550,59,59,59,59,59,59,59,59,59,59,46896,44919,13452,59,59,15345,47443,34166,23961,21222,
551,59,59,59,59,59,59,59,59,59,59,40549,4729,59,50610,50361,59,59,28486,37807,57771,
552,59,59,59,59,59,59,59,59,21323,59,58074,20048,19344,59,46742,1083,19616,49343,59,43044,
553,59,59,59,59,59,59,59,59,59,59,24899,51027,59,33496,59,13559,50024,38653,23216,59,
554,59,59,59,59,59,59,59,59,59,59,56983,43703,59,47012,34580,59,59,51732,49313,59,
555,59,59,59,59,59,59,59,59,59,59,28571,45984,37158,37711,35445,48741,38017,46081,30539,50218,
556,59,59,59,59,59,59,59,59,59,3062,19275,59,59,46801,3592,59,46956,11278,9393,25332,
557,59,59,59,59,59,59,59,59,59,59,38957,28692,59,59,40301,37010,59,34093,59,44855,
558,59,59,20629,59,59,59,59,59,59,59,59,59,47364,59,47104,18860,59,59,59,24665,
559,59,59,59,59,59,59,59,59,59,59,38496,59,59,51267,59,44284,25631,59,38325,14158,
560,59,59,59,59,59,59,59,59,59,59,59,59,1362,11519,56981,59,8151,20280,51076,59993,
561,59,59,59,59,59,59,59,13543,59,59,57852,59,24367,59,53114,38061,38165,59416,4310,59,
562,59,59,59,59,59,59,59,59,46032,59,59,30590,53752,33436,11576,23988,22135,46377,59,59,
563,59,59,59,59,59,59,59,59,59,59,59,39703,28139,59,59,37195,44235,39361,59,59,
564,59,59,59,59,59,59,59,59,59,59,53369,59,13102,50669,24231,47337,21135,59,59,18371,
565,59,59,59,59,59,59,59,59,59,59,29449,23761,59,33120,4583,36587,52002,59,17675,59,
566,59,59,59,59,59,59,59,59,59,59,59,37684,59,10497,48279,26338,59,26915,59,10059,
567,59,59,59,59,59,59,59,59,59,59,44840,46297,36093,38334,59,59,58931,38205,59,60909,
568,59,59,59,59,59,7846,59,59,59,59,59,59,1153,21380,59,59,33211,59,55318,4700,
569,59,59,59,59,59,59,59,59,59,59,15957,46180,59,32442,40865,40419,30934,59,43970,12468,
570,59,59,59,59,59,59,59,59,59,59,59,5617,50063,24412,40519,34151,59,59,59,56926,
571,59,59,59,59,59,59,59,59,59,59,55081,36338,42995,33625,13976,35468,59,59,59,42679,
572,59,59,59,59,59,59,14722,14722,59,59,58270,12942,45054,59,14722,59,44184,42403,59,16342,
573,59,59,59,59,59,59,59,59,59,59,59,17734,59,7749,19608,48846,59,59,50662,44350,
574,59,59,59,59,59,59,59,59,59,59,59,16318,50777,59,52163,23371,39442,7650,24452,47591,
575,59,59,59,59,59,59,59,59,59,59,59344,35317,2111,9750,25934,42006,16476,14055,41552,59,
576,59,59,59,59,59,59,59,59,59,59,33287,59,59,59,41942,37221,36461,24349,26160,52562,
577,59,59,59,59,59,59,59,59,59,59,25334,50721,59,59,56050,52930,59,59,43238,59,
578,59,59,59,59,59,59,6858,59,59,59,2435,36243,36260,59,59,16195,59,59,3635,48266,
579,59,59,59,59,59,59,59,59,59,59,59,59,59,59,27077,48808,30907,59,59,20311,
580,59,59,59,59,59,59,59,59,59,59,57911,31316,59,59,43424,1129,50050,8947,9986,59,
581,59,59,59,59,59,59,59,59,59,59,28958,29453,43417,47232,45508,3230,59,59,59,43143,
582,59,59,59,59,59,59,59,59,59,59,59,59,49645,23367,34906,59,10741,35124,30720,18417,
583,59,59,5064,59,59,59,59,59,59,59,59,40498,8484,44815,18763,59,35041,24493,35821,48256,
584,59,59,59,59,59,59,59,16989,59,28156,59,30765,32735,41301,7251,8808,25278,32746,49809,59,
585,59,59,5510,59,59,59,59,59,5031,59,56527,52872,46071,59,11000,59,14881,16477,59,17370,
586,59,59,59,59,59,59,59,59,59,59,59,35178,53921,59,59,41552,13036,51781,14423,50295,
587,59,59,59,59,59,59,59,59,59,59,13894,19729,30078,12610,45662,59,59,59,41087,59,
588,59,59,59,59,59,59,59,59,59,59,41783,37847,11628,43768,59,59,38148,37126,13501,47467,
589,59,59,59,59,59,59,59,59,59,59,57756,59,39145,21977,26323,36178,26444,14316,59,38728,
590,59,59,59,59,59,59,59,59,59,59,22479,29642,59,59,15034,59803,11997,27456,59,59,
591,59,59,59,59,59,59,59,59,59,59,35021,32114,59,29013,59,41169,59,59,59,529,
592,59,59,59,59,59,59,59,59,59,59,47111,59,16371,46229,23527,20721,26104,50497,17674,48467,
593,59,59,59,59,59,59,59,59,59,59,8005,59,59,59,43374,46859,59,39986,58254,59,
594,59,59,59,59,59,59,59,25270,59,59,40195,17432,59,50006,21479,12559,35714,11967,59,32377,
595,59,59,59,59,59,59,59,59,59,59,24024,59,57750,5295,59,59,16847,59,28246,55048,
596,59,59,59,59,59,59,59,59,59,59,53170,44683,59,59,42050,34683,51823,59365,36230,59,
597,59,59,59,59,59,59,59,59,59,59,59,59,6243,34883,34280,20775,59,36563,37374,27645,
598,59,59,59,59,59,59,59,578,59,59,59,59,59,39485,2266,59,19162,26877,59,46692,
599,59,59,59,59,59,59,59,59,59,59,24064,51132,12542,59,59,49080,12953,49073,59,40533,
600,59,59,59,59,59,59,59,59,59,59,59,25946,11336,21054,43282,18191,27255,23270,1961,59,
601,59,59,59,59,59,59,59,59,59,59,59,42965,59,18993,59,59,26375,4230,33942,3361,
602,59,59,59,59,59,59,59,59,59,59,53715,59,41270,47357,58453,29507,59,42400,26854,59,
603,59,59,59,59,59,59,59,59,59,59,59,59,2493,59,59,59,59,42725,16264,21259,
604,59,59,59,59,59,59,59,59,59,59,59,59,52054,52416,44653,17979,32963,47773,38864,36814,
605,59,59,59,59,59,59,59,59,59,59,37521,11978,16591,52656,46215,4294,33435,41204,59,45062,
606,59,59,59,59,59,59,59,59,59,59,59,59,10131,59,59,41927,59,50343,20715,55904,
607,59,59,59,59,59,59,59,59,59,59,10659,23379,54593,13642,59,43427,30304,27351,1860,59,
608,59,59,59,59,59,59,59,59,59,59,1226,34665,34779,795,16294,28890,48840,44868,12749,13457,
609,59,59,59,59,59,59,59,59,59,59,35830,12896,41292,12425,41388,49429,59,59,59,42566,
610,59,59,59,59,59,59,59,59,59,59,8345,59,20869,9043,14879,59,59,59,31456,26994,
611,59,59,36604,59,59,59,59,59,59,59,30769,55201,28975,59,59,46682,36709,16304,59,11040,
612,59,59,59,59,59,59,59,59,59,59,26602,22593,58251,59,44452,13443,2818,59,59,40396,
613,59,59,59,59,9494,59,59,59,59,59,23872,59,5664,40408,47696,59,59,59,33864,44215,
614,59,59,59,59,59,59,59,59,59,59,44023,43123,20172,15824,59,18895,59,5142,59,59,
615,59,59,59,59,59,59,59,59,59,59,49627,45715,59,29680,59,43302,59,59,41113,32494,
616,59,59,59,59,59,59,59,59,59,59,59,59,26771,59,59,16178,59,59,59,59,
617,59,59,59,59,59,59,59,59,59,59,59,59,35898,59,49498,59,53006,24081,59,53617,
618,59,59,59,59,59,59,59,59,59,59,59,810,59,56733,34989,35883,51598,32880,33635,59,
619,59,59,59,59,59,59,59,1102,59,59,59,11313,21761,59,12895,13003,48032,59,20085,59,
620,59,59,59,59,59,59,59,59,59,59,16858,30957,23119,23412,255,52744,14385,48960,56550,42852,
621,59,59,59,59,59,59,59,59,59,59,59,39073,59,34768,25187,10477,3540,59,35866,41329,
622,59,59,59,59,59,59,59,59,59,59,33668,59,46910,55755,24405,9216,25891,34741,24857,36204,
623,59,59,59,59,59,59,59,59,59,59,59,18230,47249,48476,59,28616,28968,38219,3937,50927,
624,59,59,59,59,59,59,4449,4449,59,59,19132,59,59,59,59,6957,59,59,59,59,
625,59,59,59,59,59,59,59,59,59,59,37492,47432,21925,42937,59,17967,59,53506,24563,59,
626,59,59,59,59,59,59,59,59,59,7958,32015,6046,59,43916,41170,5260,30217,59742,58664,23527,
627,59,59,59,59,59,59,59,59,59,59,58187,8084,59,26243,5714,52967,59,14035,59,10590,
628,59,59,59,59,59,59,59,59,59,59,59,40095,59,40259,21170,13917,45579,32824,56774,53219,
629,59,59,59,59,59,59,59,59,59,59,10792,40229,29210,27800,59,59,59,59,59,59,
630,59,59,59,59,59,59,59,59,59,59,10512,29596,59,49719,59,42790,59,59,16750,42055,
631,59,59,59,59,59,59,59,59,59,59,23400,8855,45210,59,35376,59,21104,59,43694,59,
632,59,59,59,59,59,59,59,59,59,59,17515,59,39623,57247,59887,234,41590,33391,48214,59,
633,59,59,59,59,59,59,59,59,59,59,59,59,22305,59,47753,44872,59,1258,31166,21272,
634,59,59,59,59,59,59,59,59,59,59,59,11570,57712,35432,59,40375,8222,49022,43958,59,
635,59,59,59,59,59,59,59,59,30695,59,59,30933,46645,27483,35427,59,11848,21251,59,49576,
636,59,59,59,59,59,59,59,59,59,59,24368,59,59,43645,59,42910,40211,52496,30395,59,
637,59,59,59,59,59,59,59,59,59,59,59,59,35181,45025,10397,53808,59,59,30413,59,
638,59,59,59,59,59,59,59,59,59,59,26135,45464,42854,59,44851,33069,17516,49591,43837,59,
639,59,59,59,59,59,59,59,59,59,59,59,59,34709,52497,2070,23310,59,59,11915,52730,
640,59,59,59,59,59,59,59,59,59,59,7075,53138,7204,59,59,43774,59,59,15870,45238,
641,59,59,59,59,59,59,59,59,59,59,59,37133,59944,59,59,46934,43380,20116,58975,5799,
642,59,59,59,59,59,59,59,59,59,59,48672,49864,3256,59,59,24010,54597,59,59,59,
643,59,59,59,59,59,59,59,59,59,59,35873,40021,39456,22113,59,59,59,13235,28118,59,
644,59,59,59,59,59,59,59,59,59,59,46152,58302,5601,55405,59,59,49274,20003,7874,59,
645,59,59,59,59,59,59,59,59,59,59,59,59,369,23849,10844,46221,38938,59,9595,59,
646,59,59,59,59,59,59,59,59,59,59,17493,59,41861,43498,59,59,43947,1561,46269,14307,
647,59,59,59,59,59,59,59,59,59,59,59,59,59,59,55200,17063,18601,59,19926,29617,
648,59,59,59,59,59,59,59,59,59,59,59,53637,59,59,59,50833,30111,59,59,41142,
649,59,59,59,59,59,59,59,59,59,59,59,32406,60117,39551,13852,59,8556,15915,53188,47799,
650,59,59,59,59,59,37303,59,16622,59,59,59,50837,30379,38792,58378,48135,32559,24293,3954,59,
651,59,59,59,59,59,59,59,59,59,59,59,11648,28593,52734,40057,59,39180,46379,16057,59,
652,59,59,59,59,59,59,59,59,59,59,59,52491,44499,24009,2353,29124,20635,50435,32417,12390,
653,59,59,59,59,59,59,59,59,59,59,13864,51772,48526,26815,34441,28656,59,11246,59,59,
654,59,59,59,59,59,59,3629,59,59,59,59,45381,59,30079,14381,34993,55951,6335,59,59,
655,59,59,59,59,59,59,59,59,59,59,21932,12860,45780,59,47702,59,27774,11755,40588,59,
656,59,59,59,59,59,59,59,59,59,59,26082,18658,22560,43354,59,34024,59,53366,31336,4945,
657,59,59,59,59,59,59,59,59,59,59,59,6208,59,28061,52098,53660,51624,34161,59,50856,
658,59,59,59,59,59,59,59,59,59,59,15124,37390,59,35084,47045,59,59,4339,14913,53758,
659,59,59,59,59,59,59,59,59,59,59,35612,59,59,58277,28126,30276,6842,9935,59,59,
660,59,59,59,59,59,59,59,59,59,3152,47408,40098,45813,37944,22775,35655,59,59,59,42148,
661,59,59,59,59,59,59,59,59,59,59,59,59,40957,59,30202,10632,10829,51527,59,59,
662,59,59,59,59,59,59,59,59,59,59,8505,59,35812,41324,9968,38669,59,52908,59,59,
663,59,59,59,59,59,59,59,59,59,59,51484,47620,59,59,59,59,44444,40752,10024,56082,
664,59,59,59,59,59,59,59,59,59,59,53104,60047,59,48389,15516,48445,4530,50777,45749,32958,
665,59,59,59,59,59,59,59,59,59,59,34003,59,53049,59,40395,57646,19599,59,59,37865,
666,59,59,59,59,59,59,59,59,59,59,16431,25474,59,27080,59,59,59,36013,29972,1754,
667,59,59,59,59,59,59,59,59,59,59,44547,50891,35104,28093,36111,27329,35250,8891,33026,54900,
668,59,59,59,59,59,59,59,59,59,59,59,12150,55017,19080,29112,59,53877,12370,59,48477,
669,59,59,59,59,59,59,59,59,59,59,60121,10325,59,59,20010,59,59,45010,59,59,
670,59,59,59,59,59,59,59,59,59,59,56726,35946,59,59,14036,59,59,37881,59,54015,
671,59,59,59,59,59,59,59,59,59,59,59,31801,33726,45961,44632,59,59,59,29522,1504,
672,59,59,59,59,59,59,59,59,59,59,59,59,16521,36605,18668,59,47397,42058,14744,33525,
673,59,59,59,59,59,59,13629,59,59,59,40672,59,59,59,52940,40090,26739,30451,59,46938,
674,59,59,59,59,59,59,59,59,59,59,59,44350,29215,10421,3076,26551,39909,48708,19326,35162,
675,59,59,59,59,59,59,59,59,59,59,59,59,59,16579,40612,42926,27762,59,59,59031,
676,59,59,59,59,59,12023,59,59,59,59,59,5720,55835,25821,59,30567,18298,16084,21867,59,
677,59,59,59,59,59,59,59,59,59,59,51649,3445,15356,59,45859,59,25232,29810,18734,59,
678,59,59,59,59,59,59,59,59,59,59,21893,54983,23083,29060,28924,59,43196,11010,34084,25818,
679,59,59,59,59,59,59,59,59,59,59,59,59,42865,28481,35617,24688,2362,52871,59,18406,
680,59,59,59,59,59,59,59,59,59,13863,52823,40948,11998,59,59,40749,59,59,21785,59,
681,59,59,59,59,59,59,59,59,59,7596,21088,44937,26018,19305,59,52612,39807,12512,3765,28975,
682,59,59,59,59,59,59,59,59,11420,59,59,16357,45479,57889,59,45920,59,15096,49195,17528,
683,59,59,59,59,59,59,59,59,59,59,56694,59,55266,47114,46673,54522,14903,43396,59,59,
684,59,59,59,59,59,59,59,59,59,59,48456,50047,57586,24237,1157,7102,40938,57279,13401,59,
685,59,59,59,59,59,59,59,59,59,59,43646,29385,59,59,59,59,59,22816,59,17470,
686,59,59,59,59,59,59,59,59,59,59,59466,2675,59,16054,1793,59,27287,19470,57692,36843,
687,59,59,59,59,59,59,59,59,59,59,19354,59,59,50351,59,59,25689,47309,27629,23865,
688,59,59,59,59,59,59,59,59,59,59,47029,45733,17645,59,59,59,40215,5252,59,47596,
689,59,59,59,59,59,59,59,59,59,59,59,46663,31162,59,59,56107,59,21109,50856,20016,
690,59,59,59,59,59,59,59,59,59,59,19476,59,41155,53114,24304,611,44799,49444,25896,59,
691,59,59,59,59,59,59,59,59,59,59,10295,59,51069,59,59,26306,19453,43947,43717,59,
692,59,59,59,59,59,59,59,59,59,59,11711,59,23659,13931,44252,36927,59,45649,59,11010,
693,59,59,59,59,59,59,59,17052,59,59,38510,41948,4740,59,59,34461,59,59,40647,9604,
694,59,59,59,59,59,59,59,53358,59,59,10793,12941,41406,47651,40110,11462,59,59,27417,59,
695,59,59,59,59,59,59,59,59,59,59,59,59,27894,59,16692,49032,30756,58906,59,59,
696,59,59,59,59,59,59,59,59,59,59,4015,24108,59163,22443,59,45922,59,59,59,33757,
697,59,59,59,59,59,59,59,59,59,59,59,59,59,59,40553,18337,19394,59,51444,54571,
698,59,59,59,59,59,59,59,59,59,59,28740,59,18068,49591,44559,59,59,45227,59,32018,
699,59,59,59,59,59,59,59,59,59,59,46028,42139,18759,31429,23546,2599,52077,13689,38575,17007,
700,59,59,59,59,59,59,59,59,59,59,39116,59,47643,59,59,49306,31550,8072,59,32039,
701,59,59,59,59,59,59,59,59,59,59,28213,59,56272,12635,59,59,50777,60626,59,59,
702,59,59,59,59,59,11034,59,59,59,59,47759,59,23653,13280,59,59,59,59,59,56493,
703,59,59,59,59,59,59,59,59,59,59,48894,41785,59,15919,3454,54479,59,59,59,59,
704,59,59,59,59,59,59,59,59,59,59,1111,59,17054,44052,42635,59,23842,51428,25806,2242,
705,59,59,59,59,59,59,59,59,59,59,59,42374,9922,58082,5147,6095,57973,59,50392,29327,
706,59,59,59,15683,59,59,59,59,59,59,59,59,59,59,59,14499,30948,29894,45763,59,
707,59,59,59,59,59,59,59,59,59,59,24118,4999,59,9976,59,51260,30101,59,22842,40220,
708,59,59,59,59,59,59,59,59,59,59,59,25198,59,47778,35888,7439,23014,47771,59,42110,
709,59,59,59,59,59,59,59,59,59,59,59,39450,59,59,45164,40825,8137,41574,26879,53613,
710,59,59,59,59,59,59,59,59,59,8137,59,59,59,57502,50788,47017,52196,34102,4664,26447,
711,59,59,59,59,59,59,59,59,2317,59,43685,37555,3656,45818,59,59,23874,43451,58867,59,
712,59,59,8012,59,59,59,59,59,59,59,16074,49012,14508,59,59,28512,2268,16682,60277,47976,
713,59,59,59,59,59,53316,59,59,59,59,51240,10233,25195,47845,49657,59,45350,59,2946,59,
714,59,59,59,59,59,59,59,59,59,59,16280,46824,59,45849,48001,44742,43485,59,59,42720,
715,59,59,59,59,59,59,59,59,28740,59,59,59,47637,59,13352,59,46916,44627,17183,49906,
716,59,59,59,59,495,495,59,59,59,495,59,59,26455,8096,19679,59,55510,39449,34116,36522,
717,59,59,59,59,59,59,59,59,59,59,38815,46415,44538,59,22217,59,59,59,28013,29191,
718,59,59,59,59,59,59,59,59,59,59,41026,489,27908,12773,59,59,38716,41066,59,17066,
719,59,59,59,59,59,59,59,59,59,59,57414,59,38656,35862,34628,59,48233,53385,59,10919,
720,59,59,59,59,32246,59,59,59,59,59,57603,27645,59,24911,39739,24555,39709,7039,57829,47335,
721,59,59,59,59,5849,59,59,59,59,59,15326,59,59,23165,33332,6553,52727,31136,59,28615,
722,59,59,59,27422,59,59,59,59,59,59,51301,14202,39750,49659,59,56197,38686,10864,26074,15364,
723,59,59,59,59,59,59,59,59,59,59,59,46680,15652,37512,10671,59,11069,40032,59,47013,
724,59,59,59,59,59,59,59,59,59,59,38197,56486,36448,18538,59,44131,59,11385,59,59,
725,59,59,59,59,5901,59,59,59,59,59,42521,59,52293,59,59,44793,27930,59,10024,1893,
726,59,59,59,59,59,59,59,59,59,59,59,57054,59,40676,43882,35336,29412,25020,32601,59,
727,59,59,59,59,9201,59,59,59,59,59,54044,22475,38903,31854,511,46965,41152,5081,59,59,
728,59,59,59,59,59,59,59,59,59,59,11882,59,40952,22218,16732,59,59,59,34866,59,
729,59,59,59,59,59,59,59,59,59,59,59,59,40392,21370,42804,44761,59,59,4963,49591,
730,59,59,59,59,59,59,59,59,59,59,59,37353,40854,49473,54775,59,44826,44364,59,43245,
731,59,59,59,59,59,59,59,59,59,59,42596,59,38482,59,59,52603,48926,44374,29126,49751,
732,59,59,59,59,59,59,59,59,59,59,59,40130,59,18458,59,33404,35072,18742,14937,59,
733,59,59,59,59,59,59,59,59,59,38798,59,59,37933,45839,59,59,45467,27923,59,59,
734,59,59,59,59,595,59,59,59,59,59,57470,4696,40921,38201,36299,17139,58291,12565,59,59,
735,59,59,15629,59,59,59,59,59,59,59,29878,59,8092,41768,25651,59,52076,16726,59,38676,
736,59,59,59,59,59,59,59,59,59,59,51826,59,59,44022,44691,59,28247,45996,57936,59,
737,59,59,59,59,59,59,59,59,59,59,49522,59,25819,30961,12827,2096,7931,1187,4859,14362,
738,59,59,59,59,59,59,59,59,59,59,59,52086,59,6394,22032,59,59,42377,59,23321,
739,59,59,59,59,59,59,59,59,59,59,59,59,21265,33175,43781,59,27193,37305,35639,47626,
740,59,59,59,59,59,59,59,59,59,59,1686,59,24902,21102,21349,6014,14347,57874,59,59,
741,59,59,59,59,59,59,59,59,59,59,56153,52302,59,54244,10068,28271,42198,32955,59,59,
742,59,59,59,59,59,59,59,59,59,47034,43828,39774,49645,26887,7782,10277,12395,16723,19719,42851,
743,59,59,59,59,59,59,59,59,59,59,59,4659,25058,4047,47319,50662,37489,45176,45779,29954,
744,59,59,59,59,59,59,59,59,59,59,5011,59,59,45962,29953,7270,59,5261,59,21897,
745,59,59,59,59,59,59,59,59,59,59,51395,23346,59,59,56216,23029,46267,25989,59,59,
746,59,59,59,59,59,59,59,59,59,59,45749,59,59,41539,43804,59,28846,16410,35140,10297,
747,59,59,59,59,59,59,59,59,59,59,13227,59,22992,19170,2582,3912,8725,59,59,32548,
748,59,59,59,59,59,59,59,59,59,59,59,59,59,37488,59,59,33584,59,59,30598,
749,59,59,59,59,59,59,59,59,59,59,31301,26878,42388,59,3651,59,32567,30566,59,33273,
750,59,59,59,59,59,59,59,59,59,59,21733,46192,26137,12161,47622,25084,50783,13821,22863,28345,
751,59,59,59,59,59,59,59,59,59,59,42229,12226,59,51461,15724,15637,59,59,59,51591,
752,59,59,59,19608,59,59,59,59,59,59,32133,17374,11259,43576,59,32737,27647,16286,58506,44778,
753,59,59,59,59,59,11259,59,59,59,59,59,53786,55415,18591,58247,3245,15421,59,59,44174,
754,59,59,59,59,59,59,59,59,59,59,59,20463,18842,9118,54914,43842,15672,41700,51593,15326,
755,59,59,12949,59,59,59,59,59,59,59,33023,59,7368,59,1740,13684,50289,56448,43138,59,
756,59,59,59,59,59,59,59,59,59,59,59,4777,41812,26935,40866,37466,49721,4824,59,43000,
757,59,59,59,59,59,59,59,59,59,59,42466,45641,34163,17160,59,40255,36023,11932,61508,25166,
758,59,59,59,59,59,59,59,59,59,59,59,20494,50409,11205,33968,59,53125,1335,59,44996,
759,59,59,59,59,59,59,59,59,59,59,59,31463,47008,59,51269,59,31466,59,27936,18080,
760,59,59,59,59,59,59,59,59,59,59,31821,10638,40020,58133,59,26474,59,25375,4419,39019,
761,59,59,9436,59,59,11761,59,59,59,59,58419,35156,47986,37876,59525,59,59,59,42574,13510,
762,59,59,59,59,59,59,59,59,59,59,59,30911,52200,12073,46442,47579,20799,35678,11979,35469,
763,59,59,59,59,59,59,59,59,59,59,10155,48838,47006,59,59,54840,59,40047,59,11261,
764,59,59,59,59,59,59,59,59,59,59,3704,39046,59,22909,44616,46861,59,59,35809,24105,
765,59,59,59,59,59,59,59,59,59,59,59,43567,59,19549,46304,59,59,849,43347,58437,
766,59,59,59,59,59,59,59,59,59,59,59,59,59,59,39932,16356,59,59,59,37490,
767,59,59,59,59,59,59,59,59,59,59,32492,49104,7810,2599,16156,59,24819,18804,16811,10428,
768,59,59,59,59,59,59,59,59,59,59,37060,59,39013,59,59330,3953,38994,59,31646,40576,
769,59,59,59,59,59,59,59,59,59,59,34496,29097,59,43284,59,23789,37934,59,18349,59,
770,59,59,59,59,59,59,59,59,59,59,48637,4509,49313,42190,55465,6662,59,45225,59,42424,
771,59,59,59,59,59,59,59,59,10805,59,59,59,59,41383,59,15738,56056,59,59,32410,
772,59,59,59,59,59,59,2221,59,59,59,14926,50655,59,36476,21643,59,6087,18889,40978,39730,
773,59,59,59,59,59,59,59,59,59,59,2578,34382,59,59,22215,38876,18414,59,59,5082,
774,59,59,59,59,59,59,59,59,59,59,33025,35231,59,59,59,59,2975,7095,54844,59,
775,59,59,59,59,59,35559,59,59,59,59,29179,37489,33673,59,253,10559,59,46992,39371,16712,
776,59,59,59,59,59,59,59,59,59,59,54999,46326,60093,4068,51490,44111,46504,20944,59,45869,
777,59,59,59,59,59,59,59,59,59,59,49081,55556,10203,59,59,59862,56919,42202,59,36153,
778,59,59,59,59,59,59,59,59,59,6936,48684,59,59,46238,6844,26883,5637,59,7645,38449,
779,59,59,59,59,59,59,59,59,59,59,2996,35522,59,59,59,59,58532,59,8743,24151,
780,59,59,59,59,59,59,59,59,59,59,4937,45765,38455,59,46208,37820,5914,59,2059,59,
781,59,59,59,59,59,59,59,59,59,59,57557,59,45020,26693,59,59,59,59,48311,16394,
782,59,59,59,59,59,15534,59,59,59,59,59,47970,43545,22150,59,21414,27843,43150,59,59,
783,59,59,59,59,59,59,59,59,59,59,59,59,59,59,59,59,59,59,59,59,
784,59,59,59,59,59,59,59,59,59,59,23688,59,48849,59,37807,59,59,48134,45435,59,
785,59,59,59,59,59,59,59,59,59,59,36514,59,37306,36469,40530,58484,59,48499,46724,59,
786,59,59,16363,59,59,59,59,59,59,59,59,29248,16765,27710,36202,18222,48987,15371,53802,55191,
787,59,59,59,59,59,59,59,59,59,59,54797,59,59,6596,17426,35867,4031,39510,49030,59,
788,59,59,59,59,59,59,59,59,59,59,36671,12606,58653,57231,59,41511,51043,42653,43305,10364,
789,59,59,59,59,59,59,59,59,59,59,44655,32330,54801,48286,33371,42694,25770,36989,51411,59,
790,59,59,59,59,59,15911,59,59,59,59,52436,49624,38794,6756,54298,21958,44044,47655,59,11779,
791,59,59,59,59,59,59,59,59,59,59,59,59,31318,23607,4429,57947,59,54124,59,59,
792,59,59,59,4429,59,10295,59,59,59,59,45526,2924,59,59,42864,33255,49905,34784,59,59,
793,59,59,59,59,59,59,59,59,59,59,59,13035,59,36783,59,59,51009,45829,61710,15347,
794,59,59,59,59,59,59,59,59,59,59,59,40179,35173,15296,40492,50146,14294,59,49970,29197,
795,59,59,59,59,59,59,23095,59,59,59,59,10168,37844,37322,59,8213,59,59,59,48622,
796,59,59,59,59,59,59,59,59,59,59,58292,38218,59,32950,59,38381,59,59,11378,8492,
797,59,59,59,59,59,59,16156,59,59,59,59,39450,9618,33112,58011,59,59,59,59,59,
798,59,59,59,59,59,59,59,59,59,59,59,39780,17872,59,20220,59,34395,5664,35578,59,
799,59,59,59,59,59,59,59,4219,59,59,32098,59,26723,59,50137,59,4080,42938,49911,17578,
800,59,59,59,59,59,59,59,59,59,59,59,19404,59,53729,59,37554,45356,43364,59,20745,
801,59,59,59,59,59,59,59,10952,59,59,59,19004,59,56665,36425,59,20282,59,59,6623,
802,59,59,59,59,59,59,59,59,59,59,49014,42738,16827,44851,3984,59,36801,4738,34951,59,
803,59,59,4338,59,59,59,59,59,59,59,59,7992,22658,42346,59,32336,39267,31768,16881,50899,
804,59,59,59,59,59,59,59,59,59,59,5442,59,20934,59,59,9034,59,9151,59,29571,
805,59,59,59,59,59,59,59,59,59,59,51651,43499,59,59,59,46466,41811,62281,11084,59,
806,59,59,59,59,59,59,59,59,59,59,26917,13793,34898,56029,59,44945,43500,59,49389,36015,
807,59,59,59,59,59,59,59,59,59,59,21893,59,40262,59,20021,59,59,10634,48022,43050,
808,59,59,59,59,59,59,59,59,59,59,42751,3719,61606,53301,30258,25775,46702,46304,30363,8700,
809,59,59,59,13312,59,59,59,59,59,59,36528,59,40728,41299,7647,40370,32957,59,41544,12191,
810,59,59,59,59,59,59,59,59,59,59,45675,59,10467,59,6291,3780,21749,37469,32378,59185,
811,59,59,59,59,59,59,59,59,59,59,39782,60097,45190,42729,20486,59,11706,39945,32323,36697,
812,59,59,59,14862,59,59,59,59,59,59,12261,29436,29791,9921,45615,11265,11006,59,59,5316,
813,59,59,59,59,59,59,59,59,59,59,3620,23747,51767,11517,51300,45683,59,59,26141,25756,
814,59,59,59,59,59,59,59,59,59,59,18306,59,53031,59,55281,18999,59,24824,13490,59,
815,59,59,59,59,59,59,59,59,59,59,59,59,59,1191,34938,13032,59,59,59,59,
816,59,59,59,59,59,59,59,59,59,59,44110,53618,24282,55882,11341,59,59,49503,26950,51172,
817,59,59,59,59,59,59,59,59,59,59,52553,14011,58105,47683,42283,35520,59,39012,39808,59,
818,59,59,59,59,59,59,59,59,59,59,42565,15224,54364,4503,28754,18590,38364,47524,47124,59,
819,59,59,59,59,59,59,59,59,59,59,40203,19067,59,49381,6064,59,36154,24668,41351,207,
820,59,59,59,59,59,59,59,59,59,59,59,58908,54653,44905,59,59,59,34174,14588,12078,
821,59,59,59,59,59,59,59,59,59,59,19546,33252,25349,29645,10907,59,55520,49485,48026,59767,
822,59,59,59,59,59,59,59,59,59,59,59,59,8724,46339,59,39131,43719,33172,10775,41923,
823,59,59,59,59,59,59,3603,59,59,59,31146,50935,40005,59,59,31602,22245,36771,59,59,
824,59,59,59,59,59,59,59,59,59,59,59,35042,59,59,49354,43978,42170,59,59,35021,
825,59,59,59,59,59,59,59,59,59,41411,34126,59,59,19366,20176,36956,44374,59,48918,27045,
826,59,59,59,59,59,1694,59,59,59,59,59,23998,59,41972,59,17748,38008,28731,35912,59,
827,59,59,59,59,59,59,59,59,59,59,54302,46883,5598,38169,59,24345,20254,12333,33087,9939,
828,59,59,59,59,59,59,59,59,59,59,42279,59,39433,199,46964,59,59,21874,59,2006,
829,59,59,59,59,59,59,59,59,59,59,23708,30044,59,19025,59,48050,59,45709,43894,47779,
830,59,59,59,59,59,59,59,59,7645,59,59,59,59,45867,35749,29979,59,59,50146,44752,
831,59,59,59,59,59,59,59,59,59,59,15365,59,59,59,51653,48280,38600,59,59,59,
832,59,59,59,59,59,59,59,59,59,59,46767,23813,45066,56114,16351,15572,34915,18322,59,890,
833,59,59,59,59,59,59,59,59,59,59,59,59,13007,3785,59,39570,59,40788,59,26085,
834,59,59,59,59,59,59,59,59,59,59,59,46366,2423,25119,24852,59,59,15838,30595,59,
835,59,59,59,59,59,59,59,59,59,59,59,48029,59,59855,56625,5769,59,59,59,14157,
836,59,59,59,59,59,59,59,59,59,59,17444,7073,59,53692,59,59,47592,48227,44912,16543,
837,59,59,59,59,59,59,59,59,59,59,19385,59,37842,59,52324,59,59,25291,7564,16977,
838,59,59,59,59,59,59,59,59,59,59,45254,59,15039,39064,20539,25854,60289,41071,55296,59,
839,59,59,59,59,59,59,59,59,59,59,333,59,11946,5186,27206,59,4685,47878,59,53390,
840,59,59,59,59,59,59,59,59,59,59,16785,59,27097,11702,59,59,49344,18571,45634,59,
841,59,59,59,59,59,59,59,59,59,59,18369,37483,52967,59,41062,4714,59,59,15308,40097,
842,59,59,59,59,59,59,59,59,59,59,55345,25617,46331,59,23579,59,41929,30682,17645,59,
843,59,59,59,59,59,59,59,59,59,59,1004,42863,35035,45447,59,13399,59,45752,59,56079,
844,59,59,59,59,59,955,306,59,59,59,45181,45235,59,59,45210,36847,32322,45084,57422,59,
845,59,59,59,59,59,59,59,59,59,59,12866,60079,43876,47086,37265,13736,53296,29676,59,3038,
846,59,59,59,59,59,59,59,59,59,59,32850,10515,14608,1685,59,13749,59,6199,59,46744,
847,59,59,59,59,59,59,59,59,59,59,59,10985,47740,19750,25404,59,59,59,19005,59,
848,59,59,59,59,59,59,59,59,59,59,50967,10694,43358,26498,59,59,59,20151,45478,59,
849,59,59,59,59,59,59,59,59,59,59,59,17160,44287,59,25812,59,11101,55116,12659,52353,
850,59,59,59,59,59,59,59,59,59,59,56753,59,48342,16433,55148,30432,20231,59,41590,54196,
851,59,59,59,59,59,59,59,59,59,59,40970,23957,59,59,59,19318,59,44908,59,46816,
852,59,59,59,59,59,59,59,59,59,59,59,20331,59,32442,16933,59,55849,58148,32047,51771,
853,59,59,59,12114,59,59,59,59,59,59,59,3262,55776,59,59,34927,59,59,59,35293,
854,59,59,59,59,59,59,59,59,59,59,39456,48494,45380,10637,59767,59,37407,46622,52312,24318,
855,59,59,59,59,59,59,59,59,59,59,49262,47996,59,41640,47038,53455,47450,13434,52439,59,
856,59,59,59,59,59,59,59,59,59,59,16023,54870,41570,19461,40805,45647,59,59,59,59,
857,59,59,59,59,59,59,59,59,59,59,30417,28709,28990,59,33267,59,38738,8103,59,56319,
858,59,59,59,59,59,13102,59,59,59,59,59,59,59,59,59,59,59,46988,19910,59,
859,59,59,59,59,59,59,59,59,59,59,59,59,59,49192,24870,59,51673,41085,41912,13546,
860,59,59,59,59,59,59,59,59,59,59,59,27474,45680,59,60121,51063,43204,47126,35583,15077,
861,59,59,59,59,59,59,59,59,59,59,20751,59,40054,59,41437,36169,59,54600,59,4502,
862,59,59,59,59,59,59,59,59,59,59,40282,59,41892,16507,47966,53898,49227,59,49580,45990,
863,59,59,59,59,59,59,59,59,59,59,59,59,59,59,6687,37309,37647,16524,36183,18693,
864,59,59,59,59,59,59,59,59,59,59,25841,59,49950,59,59,49678,44466,59,59,59,
865,59,59,59,59,59,59,59,59,59,59,3694,53356,10128,39904,59,46002,21762,59,60321,59,
866,59,59,59,59,59,59,59,59,59,59,49563,15190,59,12142,59,39308,46027,41871,19961,51816,
867,59,59,59,59,59,59,59,59,59,59,9258,43165,27718,44227,49725,49282,44511,27305,32134,59,
868,59,59,59,59,59,59,59,59,59,59,59,59,27589,13081,22769,40805,14434,59,27061,59,
869,59,59,59,59,59,59,59,59,59,59,59,15718,9593,59,17748,22689,59,29919,59,50472,
870,59,59,59,59,59,59,59,59,59,59,59,57064,9819,47746,26955,47649,46939,59,26503,39695,
871,59,59,59,59,59,59,59,59,59,59,50965,17828,47943,59,14466,59,59,59,26837,29919,
872,59,59,59,59,59,59,59,59,59,59,59,52392,59,53323,14007,43593,45517,59,59,59106,
873,59,59,59,59,59,59,59,59,59,59,33921,19633,59,23392,14582,54060,15017,59,14061,59,
874,59,59,59,59,59,59,59,59,59,59,59,34029,5342,37920,59,25793,48069,32680,59,10205,
875,59,59,59,59,59,59,59,59,59,59,13000,59,5664,34315,37354,12267,13769,59,41482,18717,
876,59,59,59,59,59,11795,59,59,59,12863,13513,41952,30322,18251,48365,59,38430,38437,59,34212,
877,59,59,59,59,59,59,59,59,59,59,39479,49430,12189,52778,59,28021,43645,59,59,21913,
878,59,59,59,20402,59,59,59,59,59,59,59,390,56702,59,11405,34753,59,22180,22112,27187,
879,59,59,59,42593,59,59,59,59,59,59,42489,41662,27145,19358,19749,59,59,41695,59,11509,
880,59,59,59,59,59,59,59,59,59,59,47308,12662,13666,59,59,59,11695,59,16003,12601,
881,59,59,59,59,59,59,59,59,59,59,17602,59,10812,28641,59,52793,50409,37830,59,48724,
882,59,59,59,59,59,59,59,59,59,59,11287,21624,50310,59,57989,59,38721,33183,4771,50543,
883,59,59,59,59,59,59,59,59,59,59,9539,59,59,44585,59,10580,59,4707,47018,33155,
884,59,59,59,59,59,59,59,59,59,59,41228,40472,35937,59,29752,59,35378,54487,6924,52782,
885,59,59,59,59,59,59,59,59,59,59,48374,59,51699,6248,36646,15079,17199,59,44239,16647,
886,59,59,59,59,59,59,59,59,59,59,13070,59,59,13147,34288,54860,59,35911,38797,59,
887,59,59,59,59,59,59,59,59,59,59,59,46163,42705,322,48467,48742,59,42389,23354,46221,
888,59,59,59,59,59,59,59,59,59,59,46335,56486,59,31769,12833,9618,57597,59,59,41744,
889,59,59,59,59,59,59,59,59,59,59,17716,46459,49235,59,59,59,33692,34964,59,59,
890,59,59,59,59,59,59,59,59,59,59,59,39640,7568,55445,59,45206,22330,38109,59,59463,
891,59,59,59,59,59,59,59,59,59,59,25226,59,60922,59,53925,59,13377,39079,59,34164,
892,59,59,59,59,59,59,59,59,59,59,17339,21642,44386,19874,59,59,17019,38041,59,49895,
893,59,59,59,59,59,59,59,59,59,59,19124,41961,53595,43552,59,53517,59,48468,59,10551,
894,59,59,59,59,59,59,59,59,31958,59,36290,59,18384,11539,59,59,23638,59,59,30777,
895,59,59,59,59,59,59,59,59,59,59,32015,59,59,47451,59,59,47710,18485,44112,31064,
896,59,59,59,59,59,59,59,59,59,59,47410,25133,43328,59,56468,13640,26711,59,10079,33211,
897,59,59,59,59,59,59,59,59,59,59,45269,24992,43428,57681,59,59,59,59,15143,22042,
898,59,59,59,59,59,59,59,59,59,59,34539,30801,59,59,59,59,59,59,15021,59,
899,59,59,59,59,59,59,59,59,59,59,48813,201,10238,59,27222,45450,27820,39383,59,59,
900,59,59,59,59,59,59,59,23468,59,59,59,28185,60423,46021,27179,59,41793,21173,33118,46583,
901,59,59,59,59,59,59,59,59,59,59,59,59,59,46239,51099,59,46045,20155,32901,59,
902,59,59,59,24942,59,59,59,59,59,59,32008,12771,59,15487,27094,59,31771,15750,59,2846,
903,59,59,59,59,59,59,59,59,59,59,43694,58745,39376,46912,31916,59,16504,35926,52791,59,
904,59,59,59,16776,59,59,59,59,59,59,36049,2549,59,35706,59,41564,59,59,41536,58678,
905,59,59,59,59,59,59,59,59,59,59,10024,23859,30671,59,43780,59,46378,41171,13207,51856,
906,59,59,59,59,59,59,59,59,59,59,32392,37184,11544,51505,28649,59,59,59,39072,59,
907,59,59,59,59,59,59,59,59,59,59,27901,41215,26422,41138,24917,29675,21994,59,59,258,
908,59,59,59,59,59,59,59,59,59,59,16974,37301,51997,59,54997,27953,42996,51263,59,46234,
909,59,59,59,59,13171,59,59,59,59,59,16976,49643,59,38723,36244,1113,44698,59,59,18775,
910,59,59,59,59,59,59,59,59,59,59,20406,14736,23731,50325,59,36219,8356,59,48016,1326,
911,59,59,59,59,59,59,59,59,59,9982,25356,32366,59,11561,35261,59,36708,59,55450,20702,
912,59,59,59,59,59,59,59,59,8426,59,11554,45887,30876,59,59,38793,59,28229,59,57671,
913,59,59,59,59,59,59,59,59,59,59,40103,59,46699,792,27259,32640,59,46420,30581,2050,
914,59,59,59,59,59,59,59,59,59,59,380,29682,5107,26234,12550,41636,59,47514,59,32303,
915,59,59,59,59,59,59,59,59,59,59,54020,54116,59,49239,55749,37193,47375,46541,35297,36511,
916,59,59,59,59,59,59,59,59,59,59,23487,8331,19905,51263,3467,59,54625,13984,59,48782,
917,59,59,59,59,59,59,59,59,59,59,10397,37681,8402,10134,44190,29183,53099,17511,48165,49369,
918,59,59,59,59,59,59,15135,59,59,59,53292,59,45536,15797,35769,59,59,43011,59,13146,
919,59,59,59,59,59,59,59,59,59,59,32609,59,7231,59,39389,29987,25598,59,33829,21027,
920,59,59,59,59,59,59,25343,59,59,59,7999,59,59,9810,59,59,59,59,37200,18015,
921,59,59,59,59,59,59,59,59,59,59,41880,59,51198,46880,37896,26648,11076,39700,59,26981,
922,59,59,59,59,59,59,59,59,59,59,59,47640,51921,59,46887,45329,39328,59,16800,59,
923,59,59,59,59,59,59,59,59,59,59,17808,29938,44298,59,5348,56509,59,19622,12840,59,
924,59,59,59,59,59,59,59,59,59,263,27970,13684,59,52546,59,13217,59,59,2206,47076,
925,59,59,59,59,59,59,59,59,59,59,47762,32015,51825,59047,55257,59,10024,16310,19309,20537,
926,59,59,59,59,59,59,59,59,59,59,44610,48986,5763,47363,51497,34520,59,49088,59,59,
927,59,59,59,59,59,59,59,59,59,59,17475,59,59,44337,8246,59,59,43775,45399,24465,
928,59,59,59,59,59,59,59,59,59,59,59,59,10285,59,59,48634,1186,48916,23176,59,
929,59,59,59,59,59,59,59,59,59,59,59,59,59,6774,19818,17790,33834,32010,1323,59,
930,59,59,59,59,59,59,59,59,59,59,59,18873,59,10024,59,18562,33180,59,35856,59,
931,59,59,59,59,59,59,59,59,59,59,51049,51121,19882,59,52853,15180,44716,59,23877,59047,
932,59,59,59,59,59,59,59,59,59,59,20468,41646,59,59,57916,31607,59,31233,19760,59,
933,59,59,59,59,59,59,59,59,59,11777,15981,59,34016,59,59,59,59,14991,38605,59,
934,59,59,59,59,59,59,59,59,59,59,20217,48201,36750,39686,19874,59,59,41728,56714,10399,
935,59,59,59,59,59,59,59,59,59,59,54237,31047,10145,32264,52447,35576,20849,59,750,36402,
936,59,59,59,59,59,59,59,59,59,59,59,58978,19177,50509,59,50471,10674,59,35132,5246,
937,59,59,59,59,59,59,59,59,59,5198,58921,39651,21650,59,24461,59,40530,16374,14697,59,
938,59,59,59,59,59,59,59,59,59,59,59,59,24137,59,59,59,27052,4611,59,26230,
939,59,59,59,59,59,59,59,59,59,59,33516,23914,10402,59,59,59,59,59,59,58715,
940,59,59,59,59,59,59,59,59,59,59,59,39583,13284,59,13614,21761,59,37825,11280,27722,
941,59,59,6200,59,59,59,59,59,59,59,59,26768,22485,51668,59,59,59,59,59,3015,
942,59,59,59,59,59,59,59,59,59,59,2206,50386,25490,39788,24074,28842,59,473,25732,59,
943,59,59,59,59,59,59,59,59,59,59,33876,31745,59,59,23818,52522,59,56046,39386,56771,
944,59,59,59,59,59,59,59,59,59,59,3547,59,9101,59,59,59,46252,10493,51285,4307,
945,59,59,59,59,59,59,59,59,59,59,29982,29046,49337,48265,59,59,59,50141,59,48608,
946,59,59,18901,59,59,59,59,18901,59,59,46523,54795,57587,19864,59,59,39464,3428,47628,4853,
947,59,59,59,59,59,59,59,59,59,59,56327,59,59,50784,26104,59,31749,14916,59,53387,
948,59,59,59,59,59,59,59,59,59,59,26801,59,59,59,54180,46998,59,43139,59,11017,
949,59,59,59,59,59,59,59,59,59,59,56373,59,59,12834,49405,59702,54817,59,44410,17524,
950,59,59,59,59,59,59,59,59,59,59,52417,28096,20231,59,42788,30300,51611,51510,59,8087,
951,59,59,59,12586,59,59,59,59,59,59,46115,59,51356,30120,59,23220,59,6504,53529,27991,
952,59,59,59,59,59,59,59,59,59,18719,59,59,37332,34376,54009,59,32179,10370,49752,14803,
953,59,59,59,59,59,59,59,59,59,59,45384,32278,42108,24551,32559,59,38481,38985,59,55413,
954,59,59,59,59,59,59,59,59,59,59,9125,57455,2377,22206,47812,34132,32505,42299,59,6258,
955,59,59,59,59,59,59,59,59,13863,59,59,59,59,48442,59,41585,23985,45929,43994,21906,
956,59,59,59,59,59,59,59,59,59,59,40004,37094,14329,29231,33834,59,43391,54182,59,2836,
957,59,59,59,59,59,59,59,59,59,59,37465,59,26276,37691,59,59,59,19643,47002,59,
958,59,59,59,59,59,59,59,59,59,59,3537,6166,38720,39252,27404,20457,22478,17061,59,32489,
959,59,59,59,59,59,59,59,59,59,59,59,46296,8796,59,43870,59,10178,59,59,8162,
960,59,59,59,59,59,59,59,59,59,59,40396,13398,1142,56739,44373,26611,51332,49861,59,11074,
961,59,59,59,59,59,59,59,59,59,59,17749,1950,11499,59,14037,59,51797,59,6890,2984,
962,59,59,59,59,59,59,59,59,59,59,16923,59,21799,55428,42737,4908,35279,16353,28404,59,
963,59,59,59,59,59,59,59,59,59,59,15775,42047,20629,48936,4584,33543,19874,21793,44351,26263,
964,59,59,59,59,59,59,59,59,59,59,44027,59,4031,53807,39713,47408,41774,16762,35372,38588,
965,59,59,59,59,59,59,59,59,59,59,13211,27883,17242,24112,59,59,40006,9921,21914,59,
966,59,59,59,59,59,59,59,59,59,59,57344,5522,30083,23637,41062,59,59,13914,59,3454,
967,59,59,59,59,59,59,59,59,59,18759,57320,6406,59,57105,36698,59,59,59,59,59,
968,59,59,59,59,59,3535,59,59,59,59,20048,43925,26507,22626,59,59,43676,59,59,15199,
969,59,59,59,59,59,59,59,59,59,59,46567,59,59,59,45648,29048,56093,49498,59,39267,
970,59,59,59,59,59,59,59,59,59,59,59,17303,59,35036,43334,59,20678,59,13294,59,
971,59,59,59,59,59,59,59,59,59,59,13598,31163,59,18350,59,44380,59,59,44132,49826,
972,59,59,59,59,59,59,59,59,59,59,47508,59,59,59,17840,59,59,59,57208,59,
973,59,59,59,59,59,59,59,59,59,59,21934,48619,59,59,15151,29368,10142,59,42250,23285,
974,59,59,59,59,59,59,59,59,59,59,35634,41270,59,31096,59,37108,22190,13990,59,15889,
975,59,59,59,59,59,59,43414,59,59,59,23663,26073,17337,59,36970,59,40563,59,30658,1396,
976,59,59,59,59,59,59,59,59,59,59,21411,16234,12077,59,17150,34813,59,35213,59,14895,
977,59,59,59,59,59,59,59,59,59,59,59,20513,31245,15016,32605,29491,59,59,15057,24087,
978,59,59,59,59,59,59,59,59,59,59,59,37880,49504,59,59,59,59,59,28641,11483,
979,59,59,59,59,59,59,59,59,59,59,59,59,37892,39686,59,37428,30403,16131,56556,59,
980,59,59,59,59,59,59,59,59,59,59,59,44935,59,59,52350,27700,41506,59,33459,33232,
981,59,59,59,59,59,59,59,59,59,59,13279,7023,18976,59,59,47485,41035,59,59,55821,
982,59,59,59,59,59,59,59,59,59,59,39253,45622,59,32249,28139,23243,46779,46436,17506,59,
983,59,59,59,59,59,59,59,59,59,59,52266,11262,59,54222,59,18186,59,40743,59,26639,
984,59,59,59,59,59,59,59,59,59,59,43448,59,32106,46423,13335,59,45310,48985,41689,53016,
985,59,59,3911,59,59,59,59,13585,59,59,59,21699,1986,8021,50574,26736,59,46538,45636,59,
986,59,59,59,59,59,59,59,59,59,59,59,59,21432,30648,46530,59,48814,2273,19420,5469,
987,59,59,59,59,59,59,59,59,59,59,59,24728,59,59,35216,12955,59,37576,59,55122,
988,59,59,59,59,59,59,59,59,59,59,30255,1666,59,43846,41838,50565,50699,59,59,59,
989,59,59,59,59,59,59,59,59,59,59,31970,20056,59,59,59,36883,52982,36212,50768,43263,
990,59,59,59,59,59,59,59,59,59,59,38769,42685,42779,59,23584,9732,52728,45092,59,3808,
991,59,59,59,59,59,59,59,59,59,59,59,18690,34856,10096,38093,39536,59,59,41704,59,
992,59,59,59,59,59,59,59,59,59,59,21108,26367,51616,11213,8025,11060,59,46961,15068,59,
993,59,59,59,59,59,59,59,59,59,59,50479,60530,59,46476,25323,10510,51206,59,59,19354,
994,59,59,59,59,59,59,59,59,59,59,59,49102,4182,48068,6177,59,35070,19973,59,59,
995,59,59,59,59,59,59,59,59,59,59,40300,59,49734,59,54667,59,48543,42519,51738,34870,
996,59,59,59,59,59,59,59,59,59,59,59,47178,49868,59,51709,45018,39569,59,11720,59,
997,59,59,59,59,59,59,59,59,59,59,43472,4012,38889,53967,56008,40243,6535,59,32211,59,
998,59,59,59,21745,59,59,59,59,59,59,59,59,53872,40919,59,23338,59,4676,59,50831,
999,59,59,59,59,59,59,59,59,59,59,32441,21404,59,6694,40063,43251,59,53602,59,37442,
1000,59,59,59,59,59,59,59,59,59,59,59124,23405,59,59,59,31559,59,7748,59,5461,
