1,27731,49231,12176,10522,44150,12137,35146,21749,14520,48270,36740,42776,19759,13362,26485,35553,2241,41968,13001,1660,15312,44014,29596,38283,1614,22544,48351,21538,13071,4845,23130,5445,28613,46048,15410,36015,44909,10675,35764,38525,3572,1594,40127,35593,40281,26989,40095,40748,4269,21549,46286,23888,6521,43499,47220,20,13538,11884,858,16210,32911,30510,7953,18684,40706,23617,48400,33925,30458,26448,19893,4540,16543,39569,31951,16859,40565,44295,21548,6922,
2,27731,49231,12176,10522,44150,12137,35146,21749,14520,48270,36740,42776,19759,13362,26485,35553,2241,41968,13001,1660,15312,44014,29596,38283,1614,22544,48351,21538,13071,4845,23130,5445,28613,46048,15410,36015,44909,10675,35764,38525,13380,26333,31308,14075,6531,9658,22378,4291,4269,1548,3397,1532,18139,21768,8836,20,12917,17545,2556,24177,16241,22163,17352,7280,18433,23069,1318,1293,3459,11520,2767,18992,38588,9078,2185,23276,1536,4907,8906,3051,
3,27731,49231,12176,10522,44150,12137,35146,21749,14520,48270,36740,42776,19759,13362,26485,35553,2241,41968,13001,1660,15312,44014,29596,38283,1614,22544,48351,21538,13071,4845,23130,5445,28613,46048,15410,36015,44909,10675,35764,38525,1814,7981,7194,23361,8255,46661,13536,971,2795,2446,7966,13218,16899,7901,7934,20,18124,2174,3833,26383,7513,2095,21441,10908,2586,11385,33297,37672,21374,37887,1602,22833,19808,23278,8791,29099,4586,40518,6094,20430,
4,27731,49231,12176,10522,44150,12137,35146,21749,14520,48270,36740,42776,19759,13362,26485,35553,2241,41968,13001,1660,15312,44014,29596,38283,1614,22544,48351,21538,13071,4845,23130,5445,28613,46048,15410,36015,44909,10675,35764,38525,8711,24954,597,2409,21162,24068,12155,17965,421,14477,9336,15857,4992,21702,32012,39633,4852,14450,24949,2200,17906,8563,10854,3599,26710,16390,18050,7942,6921,24453,9470,17212,33727,15604,4586,5019,5287,4265,20325,988,
5,27731,49231,12176,10522,44150,12137,35146,21749,14520,48270,36740,42776,19759,13362,26485,35553,2241,41968,13001,1660,15312,44014,29596,38283,1614,22544,48351,21538,13071,4845,23130,5445,28613,46048,15410,36015,44909,10675,35764,38525,7496,34227,21093,4198,12817,7083,4922,6731,8194,6147,33111,2417,8301,8220,2820,20635,26429,25743,16461,10991,20198,15565,11683,1171,2534,18498,4019,15272,24417,29016,17225,28806,2939,42888,999,9585,25570,147,3075,1909,
6,27731,49231,12176,10522,44150,12137,35146,21749,14520,48270,36740,42776,19759,13362,26485,35553,2241,41968,13001,1660,15312,44014,29596,38283,1614,22544,48351,21538,13071,4845,23130,5445,28613,46048,15410,36015,44909,10675,35764,38525,20310,3448,5565,14439,3886,13436,2227,5875,5826,25344,27607,5919,2654,29188,2820,23253,11118,9138,29480,5372,25696,5433,23865,1171,7638,5167,4019,9927,39356,35886,444,15530,10669,7382,13905,33757,12341,147,8648,27349,
7,27731,49231,12176,10522,44150,12137,35146,21749,14520,48270,36740,42776,19759,13362,26485,35553,2241,41968,13001,1660,15312,44014,29596,38283,1614,22544,48351,21538,13071,4845,23130,5445,28613,46048,15410,36015,44909,10675,35764,38525,5578,4582,35355,18279,6877,28098,20661,1702,3248,10328,5388,8183,12399,2898,10771,14675,3994,6469,18529,11240,12780,9771,12498,43941,6802,5493,504,42047,26750,12591,44779,25156,13842,6060,662,2652,15537,48389,13298,6099,
8,27731,49231,12176,10522,44150,12137,35146,21749,14520,48270,36740,42776,19759,13362,26485,35553,2241,41968,13001,1660,15312,44014,29596,38283,1614,22544,48351,21538,13071,4845,23130,5445,28613,46048,15410,36015,44909,10675,35764,38525,6504,932,14569,15625,2056,25498,5184,32208,4444,1505,10852,2847,713,27347,4475,15449,26162,53953,22100,5190,16468,38824,20801,43767,3430,43245,504,10906,12475,3942,10439,1070,2503,7861,5842,7266,52090,25824,356,21814,
9,27731,49231,12176,10522,44150,12137,35146,21749,14520,48270,36740,42776,19759,13362,26485,35553,2241,41968,13001,1660,15312,44014,29596,38283,1614,22544,48351,21538,13071,4845,23130,5445,28613,46048,15410,36015,44909,10675,35764,38525,417,14447,9432,24533,13307,8486,4951,3129,10689,19530,8772,24739,10099,7669,9431,15800,1944,21210,18795,23905,10991,6794,7446,37581,19012,24285,504,38391,35420,5382,23219,7205,21235,30217,5236,24374,52689,12573,356,559,
10,27731,49231,12176,10522,44150,12137,35146,21749,14520,48270,36740,42776,19759,13362,26485,35553,2241,41968,13001,1660,15312,44014,29596,38283,1614,22544,48351,21538,13071,4845,23130,5445,28613,46048,15410,36015,44909,10675,35764,38525,31597,12717,12394,41969,28157,14475,40410,5350,2242,8246,1479,18353,13563,7338,518,13605,4842,12512,24939,4037,24320,1693,13942,35990,22581,26233,20624,1413,3828,6476,19262,12359,4430,37327,4791,38123,29424,15834,6058,2814,
11,27731,49231,12176,10522,44150,12137,35146,21749,14520,48270,36740,42776,19759,13362,26485,35553,2241,41968,13001,1660,15312,44014,29596,38283,1614,22544,48351,21538,13071,4845,23130,5445,28613,46048,15410,36015,44909,10675,35764,38525,13514,19414,20373,10152,2888,12710,19833,8013,6034,20597,2481,13391,3206,6539,33634,23765,9078,28364,55463,29245,26206,4553,7393,3916,30160,1763,32735,19310,12773,26688,19262,33292,8204,8990,2171,12960,24616,16539,1891,437,
12,27731,49231,12176,10522,44150,12137,35146,21749,14520,48270,36740,42776,19759,13362,26485,35553,2241,41968,13001,1660,15312,44014,29596,38283,1614,22544,48351,21538,13071,4845,23130,5445,28613,46048,15410,36015,44909,10675,35764,38525,20568,21038,20648,461,1276,10534,519,28951,24151,20254,19403,8388,4045,16062,162,46921,5244,45720,48489,10777,8365,7797,6532,30280,17098,21209,9177,5814,14864,41638,15170,13062,35006,17172,14516,7863,15450,42533,1866,19288,
13,27731,49231,12176,10522,44150,12137,35146,21749,14520,48270,36740,42776,19759,13362,26485,35553,2241,41968,13001,1660,15312,44014,29596,38283,1614,22544,48351,21538,13071,4845,23130,5445,28613,46048,15410,36015,44909,10675,35764,38525,30402,10121,10087,50392,14040,22640,43917,4859,1267,8689,13591,15440,6258,16822,162,21337,2240,24264,34493,11244,7352,1031,23444,14052,8127,6327,1540,4366,6832,199,15656,2967,30264,17112,9492,12560,28724,38066,4819,36916,
14,27731,49231,12176,10522,44150,12137,35146,21749,14520,48270,36740,42776,19759,13362,26485,35553,2241,41968,13001,1660,15312,44014,29596,38283,1614,22544,48351,21538,13071,4845,23130,5445,28613,46048,15410,36015,44909,10675,35764,38525,16182,23773,2812,25101,10678,277,11187,8356,795,11688,8185,10371,3615,21085,162,14332,13178,16921,21245,1340,25906,32495,33559,1765,686,8988,1692,19643,21883,199,14659,5546,11615,4027,26328,1653,11887,27158,11393,16162,
15,27731,49231,12176,10522,44150,12137,35146,21749,14520,48270,36740,42776,19759,13362,26485,35553,2241,41968,13001,1660,15312,44014,29596,38283,1614,22544,48351,21538,13071,4845,23130,5445,28613,46048,15410,36015,44909,10675,35764,38525,29027,17784,14244,35808,13056,2397,15925,22002,8485,6240,20633,619,29243,20325,162,26751,39470,48844,17577,6861,15488,1525,18749,12664,9083,5962,16281,12258,2791,34604,14213,15025,15743,32546,7686,13884,19442,13161,30679,4798,
16,27731,49231,12176,10522,44150,12137,35146,21749,14520,48270,36740,42776,19759,13362,26485,35553,2241,41968,13001,1660,15312,44014,29596,38283,1614,22544,48351,21538,13071,4845,23130,5445,28613,46048,15410,36015,44909,10675,35764,38525,12527,7757,25103,18575,8338,8924,46059,23692,3200,4599,7399,19236,2034,13654,30703,47534,1807,30048,44027,2008,2828,6709,14741,11321,6256,6438,21173,30906,32274,6402,17561,5181,25650,6205,11666,1663,24386,34593,7195,7660,
17,27731,49231,12176,10522,44150,12137,35146,21749,14520,48270,36740,42776,19759,13362,26485,35553,2241,41968,13001,1660,15312,44014,29596,38283,1614,22544,48351,21538,13071,4845,23130,5445,28613,46048,15410,36015,44909,10675,35764,38525,20293,44244,29464,30441,38200,16146,13783,2855,369,5520,39996,33703,17109,17224,35649,18196,8047,41445,23618,12533,5341,31243,15701,3374,37759,4827,12294,10184,781,8656,14724,2688,9261,15493,4625,12064,29809,22245,35439,2795,
18,27731,49231,12176,10522,44150,12137,35146,21749,14520,48270,36740,42776,19759,13362,26485,35553,2241,41968,13001,1660,15312,44014,29596,38283,1614,22544,48351,21538,13071,4845,23130,5445,28613,46048,15410,36015,44909,10675,35764,38525,49109,9631,36230,17514,20795,5124,19071,3271,2845,2406,20848,17157,10024,26869,15921,31668,15997,25722,18764,11656,11612,438,7672,26843,26270,24580,4538,4046,15914,8998,43253,46262,16387,3410,12035,21027,29809,25447,3141,27472,
19,27731,49231,12176,10522,44150,12137,35146,21749,14520,48270,36740,42776,19759,13362,26485,35553,2241,41968,13001,1660,15312,44014,29596,38283,1614,22544,48351,21538,13071,4845,23130,5445,28613,46048,15410,36015,44909,10675,35764,38525,31865,594,18317,12263,1559,27026,14726,17366,10263,13988,34134,19266,2000,12500,36438,15201,1272,43734,31534,18907,17070,20886,42720,2631,411,27813,9430,8118,28761,21898,21318,23167,3762,4458,624,15299,19801,26389,2038,13584,
20,27731,49231,12176,10522,44150,12137,35146,21749,14520,48270,36740,42776,19759,13362,26485,35553,2241,41968,13001,1660,15312,44014,29596,38283,1614,22544,48351,21538,13071,4845,23130,5445,28613,46048,15410,36015,44909,10675,35764,38525,26209,2284,40725,21731,11645,11124,17583,22507,5300,5243,6233,14825,21291,14839,21876,15221,18585,13747,12386,7314,6747,1142,791,22760,46165,801,5058,45557,1932,10917,35902,21574,22578,3471,45480,26729,33522,46608,26118,1611,
21,27731,49231,12176,10522,44150,12137,35146,21749,14520,48270,36740,42776,19759,13362,26485,35553,2241,41968,13001,1660,15312,44014,29596,38283,1614,22544,48351,21538,13071,4845,23130,5445,28613,46048,15410,36015,44909,10675,35764,38525,11482,23464,2171,18437,5118,17496,11487,45572,25577,24201,4164,15726,4462,12520,15423,11805,8213,25025,11927,2446,11537,13372,536,17029,29814,18658,2202,16171,6434,5820,19087,35126,39653,16171,12876,4217,16497,39209,30054,9161,
22,27731,49231,12176,10522,44150,12137,35146,21749,14520,48270,36740,42776,19759,13362,26485,35553,2241,41968,13001,1660,15312,44014,29596,38283,1614,22544,48351,21538,13071,4845,23130,5445,28613,46048,15410,36015,44909,10675,35764,38525,12690,1108,22149,36821,19924,17536,13287,26374,12940,20077,24816,37482,32240,18483,16381,12631,881,32187,25633,34589,1986,11415,11890,3362,29155,35617,4300,19523,14937,17207,30098,23004,42624,4202,8826,36979,33233,16977,32393,7618,
23,27731,49231,12176,10522,44150,12137,35146,21749,14520,48270,36740,42776,19759,13362,26485,35553,2241,41968,13001,1660,15312,44014,29596,38283,1614,22544,48351,21538,13071,4845,23130,5445,28613,46048,15410,36015,44909,10675,35764,38525,10940,37459,2977,10645,6800,657,10907,14851,758,25643,23444,6807,12615,31350,18127,47486,20498,17608,16960,782,13675,1181,32679,31332,38658,1366,32733,16500,21074,20466,14155,20300,9317,18002,19636,26725,10909,15008,18640,26681,
24,27731,49231,12176,10522,44150,12137,35146,21749,14520,48270,36740,42776,19759,13362,26485,35553,2241,41968,13001,1660,15312,44014,29596,38283,1614,22544,48351,21538,13071,4845,23130,5445,28613,46048,15410,36015,44909,10675,35764,38525,44557,471,37180,14956,31947,42270,28272,3436,8267,37228,2607,32017,9517,21349,30299,25206,10928,15741,28164,11203,18278,10048,22320,26648,10540,2671,7987,4931,2468,35532,10572,20300,2271,18889,26038,16534,42277,18480,6141,19855,
25,27731,49231,12176,10522,44150,12137,35146,21749,14520,48270,36740,42776,19759,13362,26485,35553,2241,41968,13001,1660,15312,44014,29596,38283,1614,22544,48351,21538,13071,4845,23130,5445,28613,46048,15410,36015,44909,10675,35764,38525,37979,2215,1306,37953,32537,37655,34479,7161,4276,15932,38721,2151,40566,15375,26372,17827,2078,11839,12836,10886,12871,12567,10670,3511,20931,14355,2539,21894,12244,14198,11082,26783,10805,8996,16644,40412,11576,49864,34065,2964,
26,27731,49231,12176,10522,44150,12137,35146,21749,14520,48270,36740,42776,19759,13362,26485,35553,2241,41968,13001,1660,15312,44014,29596,38283,1614,22544,48351,21538,13071,4845,23130,5445,28613,46048,15410,36015,44909,10675,35764,38525,15344,12348,3324,26161,6793,5641,14523,31081,11185,13068,2576,18100,8591,15156,11981,17118,13555,28576,22387,12715,33080,16198,724,21831,12031,13763,4229,30338,781,25535,16201,18215,20695,8191,36891,38382,11576,44048,20434,12879,
27,27731,49231,12176,10522,44150,12137,35146,21749,14520,48270,36740,42776,19759,13362,26485,35553,2241,41968,13001,1660,15312,44014,29596,38283,1614,22544,48351,21538,13071,4845,23130,5445,28613,46048,15410,36015,44909,10675,35764,38525,18542,18560,10828,51405,7878,16807,13535,3720,19726,10809,10153,5231,34105,10844,21899,47737,714,36602,17706,13512,5852,3290,20765,24517,16574,4039,9750,7025,21690,9301,12525,40143,5921,16024,16153,23373,55600,10020,30210,17973,
28,27731,49231,12176,10522,44150,12137,35146,21749,14520,48270,36740,42776,19759,13362,26485,35553,2241,41968,13001,1660,15312,44014,29596,38283,1614,22544,48351,21538,13071,4845,23130,5445,28613,46048,15410,36015,44909,10675,35764,38525,57222,3530,12725,26591,1178,4841,13906,185,3140,9125,34009,3951,32319,10844,16415,12184,714,33236,31999,12893,5058,4815,2798,7992,11023,29385,17674,2352,41043,12385,11836,26978,8991,26673,13657,11661,10744,15058,11226,18799,
29,27731,49231,12176,10522,44150,12137,35146,21749,14520,48270,36740,42776,19759,13362,26485,35553,2241,41968,13001,1660,15312,44014,29596,38283,1614,22544,48351,21538,13071,4845,23130,5445,28613,46048,15410,36015,44909,10675,35764,38525,26014,22688,4361,32037,33651,18891,27463,30817,7054,2711,4593,3966,15353,10844,31471,32662,31591,26673,21912,7782,6916,10876,2969,42860,16343,4817,22456,6423,1129,21553,17851,11800,20710,4652,29186,17619,31392,24973,21532,31381,
30,27731,49231,12176,10522,44150,12137,35146,21749,14520,48270,36740,42776,19759,13362,26485,35553,2241,41968,13001,1660,15312,44014,29596,38283,1614,22544,48351,21538,13071,4845,23130,5445,28613,46048,15410,36015,44909,10675,35764,38525,24485,7308,16375,23066,15840,569,21965,22634,29755,9427,4449,38840,851,10844,12723,33089,23412,27732,18498,36515,13038,26883,32341,13072,26397,1020,20024,46706,38581,4283,14481,17186,16117,21668,30939,18556,40006,20272,3417,13953,
31,27731,49231,12176,10522,44150,12137,35146,21749,14520,48270,36740,42776,19759,13362,26485,35553,2241,41968,13001,1660,15312,44014,29596,38283,1614,22544,48351,21538,13071,4845,23130,5445,28613,46048,15410,36015,44909,10675,35764,38525,43546,2217,9421,13620,12867,5737,32554,2144,21317,36914,10554,2120,6385,10646,11654,12052,42613,29349,24452,26747,19949,23828,27244,5776,33499,6369,7520,46486,12535,9690,11549,11705,1848,27911,36244,28209,17278,16577,27453,21527,
32,27731,49231,12176,10522,44150,12137,35146,21749,14520,48270,36740,42776,19759,13362,26485,35553,2241,41968,13001,1660,15312,44014,29596,38283,1614,22544,48351,21538,13071,4845,23130,5445,28613,46048,15410,36015,44909,10675,35764,38525,44623,2976,33482,49425,1592,4468,10489,19473,6046,10346,16895,855,16360,19509,11654,20727,16685,18740,10487,1743,27478,14362,41012,26550,46358,1289,9892,29844,41087,3606,19083,12138,6624,18915,3770,20669,48443,37702,1550,23041,
33,27731,49231,12176,10522,44150,12137,35146,21749,14520,48270,36740,42776,19759,13362,26485,35553,2241,41968,13001,1660,15312,44014,29596,38283,1614,22544,48351,21538,13071,4845,23130,5445,28613,46048,15410,36015,44909,10675,35764,38525,32520,17564,2620,24255,17249,2875,10489,3461,24334,9184,37848,7614,3797,31588,19866,22329,33577,12556,29731,10123,6763,9148,12587,6693,15164,11618,27234,10213,13930,7018,11781,12138,21288,5390,17490,15130,12157,19313,9151,16900,
34,27731,49231,12176,10522,44150,12137,35146,21749,14520,48270,36740,42776,19759,13362,26485,35553,2241,41968,13001,1660,15312,44014,29596,38283,1614,22544,48351,21538,13071,4845,23130,5445,28613,46048,15410,36015,44909,10675,35764,38525,27163,2977,53277,11967,10014,25719,12707,2352,12910,9711,12819,28103,5953,12316,16311,36487,28382,15057,13163,6354,2544,12948,2783,12773,53225,17206,12684,13099,11026,5300,52516,47323,22334,5390,4955,39346,11205,14557,1325,4161,
35,27731,49231,12176,10522,44150,12137,35146,21749,14520,48270,36740,42776,19759,13362,26485,35553,2241,41968,13001,1660,15312,44014,29596,38283,1614,22544,48351,21538,13071,4845,23130,5445,28613,46048,15410,36015,44909,10675,35764,38525,21162,25285,28761,26112,13853,1058,22574,20662,24464,6680,46563,881,40420,14217,19793,13325,44933,24427,18614,9542,56823,15903,24334,4116,17302,23072,15158,7349,21685,1831,24316,14002,4850,1824,19635,44386,11339,23011,18548,2009,
36,27731,49231,12176,10522,44150,12137,35146,21749,14520,48270,36740,42776,19759,13362,26485,35553,2241,41968,13001,1660,15312,44014,29596,38283,1614,22544,48351,21538,13071,4845,23130,5445,28613,46048,15410,36015,44909,10675,35764,38525,12187,18306,13019,14288,2959,2909,36051,15547,7901,6418,29003,17938,14527,15844,31069,19440,19584,26840,27619,30680,44939,6645,9367,2075,25129,3280,3485,4585,43323,41556,13151,11273,8880,36591,14410,12524,13349,17790,3179,4904,
37,27731,49231,12176,10522,44150,12137,35146,21749,14520,48270,36740,42776,19759,13362,26485,35553,2241,41968,13001,1660,15312,44014,29596,38283,1614,22544,48351,21538,13071,4845,23130,5445,28613,46048,15410,36015,44909,10675,35764,38525,37381,7237,54512,12781,7636,34022,11090,23611,39606,10204,22053,13643,19098,33722,12947,30819,40204,23489,18898,12633,29437,6613,2352,11788,11254,21974,15205,5811,12078,20770,20970,31316,4615,38323,2456,10383,28164,16601,7261,19175,
38,27731,49231,12176,10522,44150,12137,35146,21749,14520,48270,36740,42776,19759,13362,26485,35553,2241,41968,13001,1660,15312,44014,29596,38283,1614,22544,48351,21538,13071,4845,23130,5445,28613,46048,15410,36015,44909,10675,35764,38525,10574,6648,16249,17960,5021,3166,16905,30703,6157,30772,14917,25903,23060,27952,26867,33707,21722,11172,52586,16096,22559,6302,2616,2357,28214,3261,40082,5876,18252,13323,14029,13573,5432,14458,10030,40454,15502,12261,17968,4142,
39,27731,49231,12176,10522,44150,12137,35146,21749,14520,48270,36740,42776,19759,13362,26485,35553,2241,41968,13001,1660,15312,44014,29596,38283,1614,22544,48351,21538,13071,4845,23130,5445,28613,46048,15410,36015,44909,10675,35764,38525,36879,4249,29886,35677,10832,30590,21346,3874,32677,19065,47968,8452,6604,12067,14063,10446,12717,43484,12346,7022,14846,14782,30385,1977,17951,4549,23524,8205,40808,12233,29827,13104,12167,3127,974,32328,21185,39168,10177,818,
40,27731,49231,12176,10522,44150,12137,35146,21749,14520,48270,36740,42776,19759,13362,26485,35553,2241,41968,13001,1660,15312,44014,29596,38283,1614,22544,48351,21538,13071,4845,23130,5445,28613,46048,15410,36015,44909,10675,35764,38525,12386,14735,39903,10968,12244,12244,22989,37479,25260,15944,18920,17462,6604,21043,15133,33520,12712,13528,12589,4539,23017,2296,10292,7613,10623,4722,3358,13300,43039,10734,15438,16874,3150,4565,3287,16962,18303,32570,4931,3948,
41,27731,49231,12176,10522,44150,12137,35146,21749,14520,48270,36740,42776,19759,13362,26485,35553,2241,41968,13001,1660,15312,44014,29596,38283,1614,22544,48351,21538,13071,4845,23130,5445,28613,46048,15410,36015,44909,10675,35764,38525,12820,2639,10627,29521,3782,8621,38416,6539,5171,3822,32887,38434,37860,12881,31905,44619,13109,18524,17821,5740,29914,39412,37933,6784,11678,19163,1773,7235,12091,21456,45513,12370,9037,21604,8997,47188,47030,12186,13467,16386,
42,27731,49231,12176,10522,44150,12137,35146,21749,14520,48270,36740,42776,19759,13362,26485,35553,2241,41968,13001,1660,15312,44014,29596,38283,1614,22544,48351,21538,13071,4845,23130,5445,28613,46048,15410,36015,44909,10675,35764,38525,42113,1129,47928,19231,29916,42982,11099,16888,6652,972,11214,18759,23491,16854,32338,11026,21530,14615,20488,28566,31606,28578,15576,21448,52588,11289,8896,2709,40507,2056,12461,58696,45784,38322,6237,20462,18952,12220,6176,2987,
43,27731,49231,12176,10522,44150,12137,35146,21749,14520,48270,36740,42776,19759,13362,26485,35553,2241,41968,13001,1660,15312,44014,29596,38283,1614,22544,48351,21538,13071,4845,23130,5445,28613,46048,15410,36015,44909,10675,35764,38525,10349,11432,23553,14412,30069,2960,28389,4322,12480,15075,35282,14473,13130,19889,14474,28332,10969,21978,22561,4377,24055,27693,29609,941,10930,24433,16857,10103,23160,12353,38366,24825,1043,37792,43082,28317,21892,12802,9452,8658,
44,27731,49231,12176,10522,44150,12137,35146,21749,14520,48270,36740,42776,19759,13362,26485,35553,2241,41968,13001,1660,15312,44014,29596,38283,1614,22544,48351,21538,13071,4845,23130,5445,28613,46048,15410,36015,44909,10675,35764,38525,27748,22349,30848,14563,2734,1064,12755,4322,2650,37760,35777,5756,23404,27025,15108,12282,26336,27762,25460,28866,17808,8680,17281,15177,26252,27422,4081,15800,10958,4437,15043,12483,618,16587,12477,47372,18448,31811,20932,28016,
45,27731,49231,12176,10522,44150,12137,35146,21749,14520,48270,36740,42776,19759,13362,26485,35553,2241,41968,13001,1660,15312,44014,29596,38283,1614,22544,48351,21538,13071,4845,23130,5445,28613,46048,15410,36015,44909,10675,35764,38525,14702,11387,14034,24477,34788,1026,17878,2516,10060,846,51305,4124,24237,29308,17740,11870,32138,47367,23657,1599,35775,8228,41700,37982,21165,12437,1697,11641,26018,6754,27070,30488,29406,15486,3651,11990,17054,12663,2070,2630,
46,27731,49231,12176,10522,44150,12137,35146,21749,14520,48270,36740,42776,19759,13362,26485,35553,2241,41968,13001,1660,15312,44014,29596,38283,1614,22544,48351,21538,13071,4845,23130,5445,28613,46048,15410,36015,44909,10675,35764,38525,22573,19601,10789,31667,18960,5900,14981,1440,4492,33218,32952,13203,5082,23221,11174,11870,27831,11949,16953,3766,35270,5630,1696,180,29970,10298,5394,18527,34967,17967,38619,31489,12870,14408,15555,12342,10937,26042,8083,980,
47,27731,49231,12176,10522,44150,12137,35146,21749,14520,48270,36740,42776,19759,13362,26485,35553,2241,41968,13001,1660,15312,44014,29596,38283,1614,22544,48351,21538,13071,4845,23130,5445,28613,46048,15410,36015,44909,10675,35764,38525,30293,5772,51985,29882,26546,14127,18458,32980,21122,3240,11641,6154,2500,17767,11676,11054,11718,30516,10566,8821,24116,26080,8840,48616,25556,2391,12623,14041,13872,1059,14948,10796,3658,3479,255,10343,29686,23825,1950,27811,
48,27731,49231,12176,10522,44150,12137,35146,21749,14520,48270,36740,42776,19759,13362,26485,35553,2241,41968,13001,1660,15312,44014,29596,38283,1614,22544,48351,21538,13071,4845,23130,5445,28613,46048,15410,36015,44909,10675,35764,38525,11708,1489,45109,30753,11889,44808,16705,3044,5093,10895,10348,3982,2580,23406,18822,19585,47977,14105,13226,16612,26531,7619,11993,23443,31763,27786,16840,1664,29933,11780,19442,11506,13144,18007,22511,24925,16068,35947,16012,25965,
49,27731,49231,12176,10522,44150,12137,35146,21749,14520,48270,36740,42776,19759,13362,26485,35553,2241,41968,13001,1660,15312,44014,29596,38283,1614,22544,48351,21538,13071,4845,23130,5445,28613,46048,15410,36015,44909,10675,35764,38525,11025,19550,13247,33064,26935,43785,27885,8149,2520,22680,10348,13397,18108,51075,50393,18254,19994,11285,34539,24239,17723,651,22233,42796,27336,3836,23679,8747,12019,16340,15510,20929,686,6936,17895,10583,51729,51445,19253,33485,
50,27731,49231,12176,10522,44150,12137,35146,21749,14520,48270,36740,42776,19759,13362,26485,35553,2241,41968,13001,1660,15312,44014,29596,38283,1614,22544,48351,21538,13071,4845,23130,5445,28613,46048,15410,36015,44909,10675,35764,38525,45024,1445,49148,39720,41467,5488,30797,26823,39858,23865,14187,20782,15819,30056,49891,17130,43650,26255,11768,18745,17791,51163,25736,25902,40625,1036,11061,3833,24444,14389,18325,11333,47121,20057,26660,26105,32484,40539,15020,25800,
51,27731,49231,12176,10522,44150,12137,35146,21749,14520,48270,36740,42776,19759,13362,26485,35553,2241,41968,13001,1660,15312,44014,29596,38283,1614,22544,48351,21538,13071,4845,23130,5445,28613,46048,15410,36015,44909,10675,35764,38525,15442,3388,18743,44483,28345,6967,15593,26025,41182,12775,13470,1714,12303,18035,24258,26927,33952,28627,37360,11503,12154,11665,2715,41769,16785,20215,5051,1600,19081,44523,11403,11333,15845,15640,10119,28243,42371,10537,1324,2863,
52,27731,49231,12176,10522,44150,12137,35146,21749,14520,48270,36740,42776,19759,13362,26485,35553,2241,41968,13001,1660,15312,44014,29596,38283,1614,22544,48351,21538,13071,4845,23130,5445,28613,46048,15410,36015,44909,10675,35764,38525,21984,17123,21389,52008,586,18700,23526,3699,6898,28255,23655,1893,39588,10915,10422,44370,32869,11176,31160,4982,45370,51619,2780,17056,18306,26521,2631,18429,28327,2411,14230,17867,10927,2285,9546,26919,11741,12300,3168,6573,
53,27731,49231,12176,10522,44150,12137,35146,21749,14520,48270,36740,42776,19759,13362,26485,35553,2241,41968,13001,1660,15312,44014,29596,38283,1614,22544,48351,21538,13071,4845,23130,5445,28613,46048,15410,36015,44909,10675,35764,38525,14892,34158,12230,52473,4519,13042,11792,44520,5548,20310,14249,10411,1056,23201,32961,14401,19046,23845,16474,14730,32595,21393,8195,17056,13444,19125,3153,7120,15217,3969,36560,27184,29749,2461,13334,15215,21787,16266,9962,21409,
54,27731,49231,12176,10522,44150,12137,35146,21749,14520,48270,36740,42776,19759,13362,26485,35553,2241,41968,13001,1660,15312,44014,29596,38283,1614,22544,48351,21538,13071,4845,23130,5445,28613,46048,15410,36015,44909,10675,35764,38525,29843,3024,11519,18008,9813,2015,11258,3693,12917,4148,38243,6447,20592,11913,16340,49929,10995,20313,29997,20863,18182,39547,11819,28302,14766,11433,1903,34963,12605,5129,11767,17042,43340,4638,38225,33866,12971,29514,2027,45364,
55,27731,49231,12176,10522,44150,12137,35146,21749,14520,48270,36740,42776,19759,13362,26485,35553,2241,41968,13001,1660,15312,44014,29596,38283,1614,22544,48351,21538,13071,4845,23130,5445,28613,46048,15410,36015,44909,10675,35764,38525,14241,10591,21174,15853,30576,12431,23889,5329,7975,7529,27894,14706,25540,12417,37107,34030,50939,53153,10792,19625,31556,29907,20578,30399,27719,13566,934,11875,18058,9106,35245,20641,14902,9877,3158,15536,28265,44428,247,650,
56,27731,49231,12176,10522,44150,12137,35146,21749,14520,48270,36740,42776,19759,13362,26485,35553,2241,41968,13001,1660,15312,44014,29596,38283,1614,22544,48351,21538,13071,4845,23130,5445,28613,46048,15410,36015,44909,10675,35764,38525,10375,17286,13867,15587,7592,6527,25042,1372,2645,9948,13892,3456,29124,15386,54900,11801,22728,38906,10792,12284,11865,10279,1919,13263,10908,13468,2429,36168,41768,36104,25787,25454,33451,3095,6875,33788,12106,48928,5344,27169,
57,27731,49231,12176,10522,44150,12137,35146,21749,14520,48270,36740,42776,19759,13362,26485,35553,2241,41968,13001,1660,15312,44014,29596,38283,1614,22544,48351,21538,13071,4845,23130,5445,28613,46048,15410,36015,44909,10675,35764,38525,39558,10021,22050,21231,8683,26536,10442,4587,29145,23003,10952,21270,35075,10574,11798,23686,14452,34333,15351,7210,44147,44953,1427,42815,22144,12511,20469,38730,10205,3594,15804,14657,20401,3316,6321,30840,13899,28284,40326,10596,
58,27731,49231,12176,10522,44150,12137,35146,21749,14520,48270,36740,42776,19759,13362,26485,35553,2241,41968,13001,1660,15312,44014,29596,38283,1614,22544,48351,21538,13071,4845,23130,5445,28613,46048,15410,36015,44909,10675,35764,38525,42282,26062,18496,10452,898,24435,13503,22371,2124,21481,10249,9411,28586,11854,27653,16829,14893,34063,12373,1213,13764,28620,1764,33413,18867,16604,38725,23536,34003,10646,38086,15247,30951,24127,5944,29224,35143,18198,15276,29607,
59,27731,49231,12176,10522,44150,12137,35146,21749,14520,48270,36740,42776,19759,13362,26485,35553,2241,41968,13001,1660,15312,44014,29596,38283,1614,22544,48351,21538,13071,4845,23130,5445,28613,46048,15410,36015,44909,10675,35764,38525,32565,20598,58836,10515,47030,41391,24632,11231,26389,15468,10249,17492,50822,25835,12480,26773,43576,11006,24064,1213,13697,49202,477,20169,15711,21670,2004,21565,10749,42481,21451,19508,15550,7904,397,25188,13364,45341,19539,14541,
60,27731,49231,12176,10522,44150,12137,35146,21749,14520,48270,36740,42776,19759,13362,26485,35553,2241,41968,13001,1660,15312,44014,29596,38283,1614,22544,48351,21538,13071,4845,23130,5445,28613,46048,15410,36015,44909,10675,35764,38525,47250,1660,10480,31153,11254,36093,14700,41437,15091,5760,30171,31925,13986,19492,11043,38039,20536,15252,15508,5654,11530,28668,7703,10545,19337,17330,14839,33904,11356,10887,12001,20947,16789,3177,25654,13862,18004,42182,10139,14289,
61,27731,49231,12176,10522,44150,12137,35146,21749,14520,48270,36740,42776,19759,13362,26485,35553,2241,41968,13001,1660,15312,44014,29596,38283,1614,22544,48351,21538,13071,4845,23130,5445,28613,46048,15410,36015,44909,10675,35764,38525,15642,9539,15818,15495,55105,4840,10835,3346,4303,28233,36377,21833,11967,22530,10838,19700,29280,18450,10337,1720,28789,17606,43512,13383,12164,9345,25584,4840,33995,10688,17587,35619,20550,8547,5966,23360,35904,19319,11920,563,
62,27731,49231,12176,10522,44150,12137,35146,21749,14520,48270,36740,42776,19759,13362,26485,35553,2241,41968,13001,1660,15312,44014,29596,38283,1614,22544,48351,21538,13071,4845,23130,5445,28613,46048,15410,36015,44909,10675,35764,38525,22151,697,28197,15793,22480,2988,14928,23696,45274,8556,40070,1883,15753,24596,12072,30886,48117,22228,17610,506,29430,25047,3851,32703,19573,2426,19181,554,41643,6277,38878,24323,40585,24846,3681,15812,44689,12547,5814,32562,
63,27731,49231,12176,10522,44150,12137,35146,21749,14520,48270,36740,42776,19759,13362,26485,35553,2241,41968,13001,1660,15312,44014,29596,38283,1614,22544,48351,21538,13071,4845,23130,5445,28613,46048,15410,36015,44909,10675,35764,38525,34450,10050,12735,18406,44140,20135,14928,13863,24562,14080,27441,8248,36938,42292,24628,32520,17452,32314,27162,52937,12071,18285,35805,12833,14368,34930,26553,16242,11198,13004,19771,20961,46599,5289,23337,27632,13144,18639,40758,24767,
64,27731,49231,12176,10522,44150,12137,35146,21749,14520,48270,36740,42776,19759,13362,26485,35553,2241,41968,13001,1660,15312,44014,29596,38283,1614,22544,48351,21538,13071,4845,23130,5445,28613,46048,15410,36015,44909,10675,35764,38525,42928,6348,15006,12768,25254,6561,20980,15290,20350,9228,37791,42963,31459,19484,11592,14466,14447,16979,16519,10333,14264,27796,2281,15770,14848,5928,31817,35418,42041,14707,12944,47183,18582,7009,10529,27779,32780,11570,10336,3434,
65,27731,49231,12176,10522,44150,12137,35146,21749,14520,48270,36740,42776,19759,13362,26485,35553,2241,41968,13001,1660,15312,44014,29596,38283,1614,22544,48351,21538,13071,4845,23130,5445,28613,46048,15410,36015,44909,10675,35764,38525,21602,11781,20099,39564,32527,3294,15663,22421,9529,16752,18180,19847,10318,19590,36933,12846,14217,20746,40759,18146,28724,12171,20019,17030,33291,2128,33614,277,14289,5675,16847,20403,16730,10222,5146,40185,53862,46292,51516,2230,
66,27731,49231,12176,10522,44150,12137,35146,21749,14520,48270,36740,42776,19759,13362,26485,35553,2241,41968,13001,1660,15312,44014,29596,38283,1614,22544,48351,21538,13071,4845,23130,5445,28613,46048,15410,36015,44909,10675,35764,38525,31712,2119,17306,17063,24204,43632,19015,1383,25432,1947,16200,5078,33690,13925,10131,11883,23240,30347,43909,43725,11525,11206,33243,36870,11508,42379,367,16827,23361,1716,13373,12772,10941,5039,17738,50569,47813,35123,25071,21847,
67,27731,49231,12176,10522,44150,12137,35146,21749,14520,48270,36740,42776,19759,13362,26485,35553,2241,41968,13001,1660,15312,44014,29596,38283,1614,22544,48351,21538,13071,4845,23130,5445,28613,46048,15410,36015,44909,10675,35764,38525,18552,2119,12529,37424,26353,2992,11744,7635,16247,1630,12312,3880,11204,37984,19302,40885,26878,33246,17396,16708,29868,14621,1095,25661,14215,15740,734,6901,26266,28649,22853,22070,12995,8311,5351,14483,18954,38649,12089,2833,
68,27731,49231,12176,10522,44150,12137,35146,21749,14520,48270,36740,42776,19759,13362,26485,35553,2241,41968,13001,1660,15312,44014,29596,38283,1614,22544,48351,21538,13071,4845,23130,5445,28613,46048,15410,36015,44909,10675,35764,38525,40995,6879,13301,43989,23585,30459,40058,13185,5689,7564,12984,3053,14349,13706,43967,12502,26586,30868,17503,34200,28862,20141,4997,17131,15569,11088,12518,41597,11935,22091,31858,19188,19098,19893,18162,29066,25878,19142,23383,6133,
69,27731,49231,12176,10522,44150,12137,35146,21749,14520,48270,36740,42776,19759,13362,26485,35553,2241,41968,13001,1660,15312,44014,29596,38283,1614,22544,48351,21538,13071,4845,23130,5445,28613,46048,15410,36015,44909,10675,35764,38525,17176,2037,13461,37726,43578,21391,31968,4375,45123,3169,28219,9833,35539,14521,16720,24867,39660,39152,14286,17176,26117,14518,3874,20150,23324,23612,5731,11600,11802,9681,27095,32206,25310,12082,8557,25778,24203,27400,30157,31985,
70,27731,49231,12176,10522,44150,12137,35146,21749,14520,48270,36740,42776,19759,13362,26485,35553,2241,41968,13001,1660,15312,44014,29596,38283,1614,22544,48351,21538,13071,4845,23130,5445,28613,46048,15410,36015,44909,10675,35764,38525,12093,30703,10841,14976,50374,6575,34094,21095,10232,19786,14288,11957,11083,32987,19861,29139,18635,50126,25303,43942,24303,11065,5159,39710,46378,35218,2545,16157,18323,5094,51600,33859,26278,5872,19919,39782,19177,51037,14996,39696,
71,27731,49231,12176,10522,44150,12137,35146,21749,14520,48270,36740,42776,19759,13362,26485,35553,2241,41968,13001,1660,15312,44014,29596,38283,1614,22544,48351,21538,13071,4845,23130,5445,28613,46048,15410,36015,44909,10675,35764,38525,27962,15425,11072,21786,10772,5791,26733,27750,17105,6855,15666,15726,11083,12776,10572,39197,16413,40922,28685,14203,11452,18974,7873,18240,38704,18427,24181,30862,26023,1231,15000,11649,40347,24315,6825,33768,22738,11431,12847,40455,
72,27731,49231,12176,10522,44150,12137,35146,21749,14520,48270,36740,42776,19759,13362,26485,35553,2241,41968,13001,1660,15312,44014,29596,38283,1614,22544,48351,21538,13071,4845,23130,5445,28613,46048,15410,36015,44909,10675,35764,38525,16204,17542,27964,21319,31405,10562,14043,6390,21250,10284,18886,1338,14785,12124,56775,14998,14818,15176,10295,39885,49018,32687,3007,20438,13171,2323,1746,41689,42518,1987,23725,14096,40347,29771,2271,25895,19458,12468,58909,11076,
73,27731,49231,12176,10522,44150,12137,35146,21749,14520,48270,36740,42776,19759,13362,26485,35553,2241,41968,13001,1660,15312,44014,29596,38283,1614,22544,48351,21538,13071,4845,23130,5445,28613,46048,15410,36015,44909,10675,35764,38525,12328,17267,36230,33531,11930,36288,32214,16225,37756,45428,12839,42575,18476,19358,14779,21479,38578,47332,14088,43710,12644,19670,961,16290,14829,22021,3317,17037,11828,593,27590,26529,12722,6982,32927,17156,25524,22036,18710,28765,
74,27731,49231,12176,10522,44150,12137,35146,21749,14520,48270,36740,42776,19759,13362,26485,35553,2241,41968,13001,1660,15312,44014,29596,38283,1614,22544,48351,21538,13071,4845,23130,5445,28613,46048,15410,36015,44909,10675,35764,38525,38313,32618,32280,13825,45655,44669,10392,459,2014,9299,21736,6176,26615,10810,34331,18034,33348,13358,31921,26385,18342,40082,7883,18852,13549,10767,10896,1399,15586,26989,27775,10089,40553,31380,15883,19988,27615,16688,26945,29690,
75,27731,49231,12176,10522,44150,12137,35146,21749,14520,48270,36740,42776,19759,13362,26485,35553,2241,41968,13001,1660,15312,44014,29596,38283,1614,22544,48351,21538,13071,4845,23130,5445,28613,46048,15410,36015,44909,10675,35764,38525,18342,3417,30663,37384,29562,7938,10392,26187,67,18090,12820,22335,22195,14704,23018,39346,15805,23113,32774,28388,23918,36409,3610,34965,11110,2830,2024,5750,50166,32676,23926,25081,21250,2106,1127,22210,18618,29322,17932,28128,
76,27731,49231,12176,10522,44150,12137,35146,21749,14520,48270,36740,42776,19759,13362,26485,35553,2241,41968,13001,1660,15312,44014,29596,38283,1614,22544,48351,21538,13071,4845,23130,5445,28613,46048,15410,36015,44909,10675,35764,38525,34889,5323,24233,17184,18042,29839,34108,4758,13212,6625,39084,28235,38644,25981,13766,16210,42528,14275,11936,22809,14669,49533,33897,13724,32765,10277,14905,7247,40962,6240,12134,40745,14112,795,1711,14766,24518,13226,11590,4399,
77,27731,49231,12176,10522,44150,12137,35146,21749,14520,48270,36740,42776,19759,13362,26485,35553,2241,41968,13001,1660,15312,44014,29596,38283,1614,22544,48351,21538,13071,4845,23130,5445,28613,46048,15410,36015,44909,10675,35764,38525,23720,18062,12465,20519,22583,21064,49124,12004,11845,13315,20886,24669,22607,28257,28906,11635,12610,43055,14189,12882,29122,23930,7295,34333,14691,15173,5073,19239,23548,15368,14102,21483,29223,13325,9992,11272,42321,29841,10733,3757,
78,27731,49231,12176,10522,44150,12137,35146,21749,14520,48270,36740,42776,19759,13362,26485,35553,2241,41968,13001,1660,15312,44014,29596,38283,1614,22544,48351,21538,13071,4845,23130,5445,28613,46048,15410,36015,44909,10675,35764,38525,27038,8879,12054,39389,18789,9903,11540,4842,19667,3377,40419,15534,13803,21171,20167,46445,23241,18105,13082,20294,20272,26875,34781,22338,14806,24345,18132,30434,13331,6746,23891,27790,35014,4391,32651,15951,32220,25477,43410,7442,
79,27731,49231,12176,10522,44150,12137,35146,21749,14520,48270,36740,42776,19759,13362,26485,35553,2241,41968,13001,1660,15312,44014,29596,38283,1614,22544,48351,21538,13071,4845,23130,5445,28613,46048,15410,36015,44909,10675,35764,38525,13299,8354,18527,21670,32445,29545,14393,7184,11437,13028,28721,24106,16135,18720,32467,51476,17470,16402,26141,19859,20035,10234,18484,16671,21370,903,8940,4748,42152,27324,18665,21388,18889,12266,12118,37449,17428,32030,15510,1137,
80,27731,49231,12176,10522,44150,12137,35146,21749,14520,48270,36740,42776,19759,13362,26485,35553,2241,41968,13001,1660,15312,44014,29596,38283,1614,22544,48351,21538,13071,4845,23130,5445,28613,46048,15410,36015,44909,10675,35764,38525,35595,7074,29649,25869,27093,21113,28564,46913,14025,15823,30699,3277,23056,10473,19061,18558,25018,29778,15364,39620,40068,10234,27462,28250,40766,23952,13097,19076,12955,8305,42735,23153,37172,16210,4943,12570,13046,17156,11711,41481,
81,27731,49231,12176,10522,44150,12137,35146,21749,14520,48270,36740,42776,19759,13362,26485,35553,2241,41968,13001,1660,15312,44014,29596,38283,1614,22544,48351,21538,13071,4845,23130,5445,28613,46048,15410,36015,44909,10675,35764,38525,26569,16254,44597,14134,11071,21258,26470,782,16216,10587,12716,7409,12950,12231,46547,24357,14926,33595,20459,22123,11299,10234,15841,40052,18894,9812,2146,11231,23205,27697,12356,18646,12836,3606,1918,12570,15335,15969,27991,21287,
82,27731,49231,12176,10522,44150,12137,35146,21749,14520,48270,36740,42776,19759,13362,26485,35553,2241,41968,13001,1660,15312,44014,29596,38283,1614,22544,48351,21538,13071,4845,23130,5445,28613,46048,15410,36015,44909,10675,35764,38525,24057,9845,17928,21990,13399,25871,19522,11489,18112,3467,39136,7004,24600,12231,24811,53716,15128,14365,30356,33305,10888,10234,19612,45139,11036,14194,22846,4756,19705,11476,21694,42850,13642,6617,43526,13129,20849,18069,38173,3303,
83,27731,49231,12176,10522,44150,12137,35146,21749,14520,48270,36740,42776,19759,13362,26485,35553,2241,41968,13001,1660,15312,44014,29596,38283,1614,22544,48351,21538,13071,4845,23130,5445,28613,46048,15410,36015,44909,10675,35764,38525,48775,22719,15860,17517,12804,5047,13255,29539,40796,3816,37717,20631,20898,29700,17241,53544,18054,11088,19980,11913,20332,37835,22807,10624,15047,15911,20584,10801,16144,23650,12494,30323,14022,19432,4675,12133,17646,25329,13421,751,
84,27731,49231,12176,10522,44150,12137,35146,21749,14520,48270,36740,42776,19759,13362,26485,35553,2241,41968,13001,1660,15312,44014,29596,38283,1614,22544,48351,21538,13071,4845,23130,5445,28613,46048,15410,36015,44909,10675,35764,38525,11743,25062,19478,47394,15705,8714,11590,21559,28465,13975,26718,1531,11268,24278,42015,17621,19087,34305,21307,30073,40021,25460,2938,21791,19824,5947,18533,32905,24767,18651,10832,30339,18494,10864,18556,13572,41953,33748,28169,34521,
85,27731,49231,12176,10522,44150,12137,35146,21749,14520,48270,36740,42776,19759,13362,26485,35553,2241,41968,13001,1660,15312,44014,29596,38283,1614,22544,48351,21538,13071,4845,23130,5445,28613,46048,15410,36015,44909,10675,35764,38525,33004,5197,17373,14087,17896,28109,28714,41644,14523,1114,27866,5180,18692,11943,11586,20986,28018,16506,12576,24098,12307,38641,3490,32862,11310,16637,1279,4802,42694,24406,28133,23308,28983,38044,20047,20975,20196,10230,19887,15247,
86,27731,49231,12176,10522,44150,12137,35146,21749,14520,48270,36740,42776,19759,13362,26485,35553,2241,41968,13001,1660,15312,44014,29596,38283,1614,22544,48351,21538,13071,4845,23130,5445,28613,46048,15410,36015,44909,10675,35764,38525,10859,13557,26783,10877,53810,12635,13896,2811,16660,16272,33315,27068,24853,14817,12400,45161,45117,10768,33325,43164,14895,36136,5890,12950,48648,19804,11620,7295,12027,16516,28924,25086,21695,558,38554,30622,29783,24274,35366,9827,
87,27731,49231,12176,10522,44150,12137,35146,21749,14520,48270,36740,42776,19759,13362,26485,35553,2241,41968,13001,1660,15312,44014,29596,38283,1614,22544,48351,21538,13071,4845,23130,5445,28613,46048,15410,36015,44909,10675,35764,38525,27082,5527,14871,16603,21886,10123,11259,3301,10788,19815,15760,2167,17992,14862,14450,22436,15253,32000,15899,27056,11855,28921,6210,10693,54257,13633,5676,2045,20152,26040,47971,17728,12696,21940,13688,17690,10123,15444,40055,2386,
88,27731,49231,12176,10522,44150,12137,35146,21749,14520,48270,36740,42776,19759,13362,26485,35553,2241,41968,13001,1660,15312,44014,29596,38283,1614,22544,48351,21538,13071,4845,23130,5445,28613,46048,15410,36015,44909,10675,35764,38525,28920,16301,16565,27397,11866,28863,39693,2467,14792,4902,45365,5226,43456,11463,21645,30909,21399,19199,12185,13634,23455,11030,18163,23532,11705,18101,15465,44501,32371,3222,45295,14801,11444,24590,1642,12172,10123,24428,24959,39251,
89,27731,49231,12176,10522,44150,12137,35146,21749,14520,48270,36740,42776,19759,13362,26485,35553,2241,41968,13001,1660,15312,44014,29596,38283,1614,22544,48351,21538,13071,4845,23130,5445,28613,46048,15410,36015,44909,10675,35764,38525,18171,7713,19245,14277,25329,12043,23656,29972,32681,38598,16739,16929,11336,11534,10286,14907,10877,17079,12185,25839,36175,34447,12316,20617,46888,24353,28108,21266,19756,14102,18128,46451,23095,9259,20102,12172,27921,10517,11215,22711,
90,27731,49231,12176,10522,44150,12137,35146,21749,14520,48270,36740,42776,19759,13362,26485,35553,2241,41968,13001,1660,15312,44014,29596,38283,1614,22544,48351,21538,13071,4845,23130,5445,28613,46048,15410,36015,44909,10675,35764,38525,31796,10554,18197,21535,47188,29287,32092,3853,29440,1332,40332,1746,16769,18522,37558,19608,24124,28188,26503,16953,12656,45921,16264,18596,16416,16836,5442,2064,19807,23777,20088,25062,40557,3041,17226,32456,43832,33829,50092,9458,
91,27731,49231,12176,10522,44150,12137,35146,21749,14520,48270,36740,42776,19759,13362,26485,35553,2241,41968,13001,1660,15312,44014,29596,38283,1614,22544,48351,21538,13071,4845,23130,5445,28613,46048,15410,36015,44909,10675,35764,38525,43828,6182,21114,39672,32308,5067,12141,9701,12016,8887,29522,28728,49896,10173,27318,13702,34754,20627,16155,28659,35791,36616,7287,15666,34012,5071,1759,1636,51645,107,27280,31368,15425,27490,27452,17118,42904,33806,15966,13617,
92,27731,49231,12176,10522,44150,12137,35146,21749,14520,48270,36740,42776,19759,13362,26485,35553,2241,41968,13001,1660,15312,44014,29596,38283,1614,22544,48351,21538,13071,4845,23130,5445,28613,46048,15410,36015,44909,10675,35764,38525,17098,2443,25459,28914,18117,16517,35085,31084,17844,6326,15723,1019,55526,46201,24750,12297,19460,14719,17541,34824,35458,37185,25933,13397,15312,9371,1579,1636,32203,44211,35835,26592,22454,33648,3005,17919,10189,39018,12681,10827,
93,27731,49231,12176,10522,44150,12137,35146,21749,14520,48270,36740,42776,19759,13362,26485,35553,2241,41968,13001,1660,15312,44014,29596,38283,1614,22544,48351,21538,13071,4845,23130,5445,28613,46048,15410,36015,44909,10675,35764,38525,29815,18397,33090,16939,33463,40959,51389,13552,26273,21763,21504,1090,15092,21621,11767,12753,13591,12208,31075,34997,18703,15104,6960,26187,21291,7934,8024,7117,16760,24758,25704,22129,12163,11709,43996,22094,30992,21452,46583,28798,
94,27731,49231,12176,10522,44150,12137,35146,21749,14520,48270,36740,42776,19759,13362,26485,35553,2241,41968,13001,1660,15312,44014,29596,38283,1614,22544,48351,21538,13071,4845,23130,5445,28613,46048,15410,36015,44909,10675,35764,38525,24720,1292,11073,21989,24598,37482,17513,6577,40352,11529,29453,37258,51945,10502,10605,11764,28581,14896,11338,13777,32213,18877,1837,39458,12891,765,13120,12004,17700,20081,20820,11825,37061,37519,16081,31092,52118,27260,20276,6175,
95,27731,49231,12176,10522,44150,12137,35146,21749,14520,48270,36740,42776,19759,13362,26485,35553,2241,41968,13001,1660,15312,44014,29596,38283,1614,22544,48351,21538,13071,4845,23130,5445,28613,46048,15410,36015,44909,10675,35764,38525,10584,674,11073,23787,29567,2604,20517,4196,50156,3550,13373,929,11319,35860,46064,45633,16631,24787,29440,17253,25320,30517,1950,24262,16051,44459,12247,7945,23047,5398,10260,19800,53863,13048,15378,27696,12075,12023,37920,23612,
96,27731,49231,12176,10522,44150,12137,35146,21749,14520,48270,36740,42776,19759,13362,26485,35553,2241,41968,13001,1660,15312,44014,29596,38283,1614,22544,48351,21538,13071,4845,23130,5445,28613,46048,15410,36015,44909,10675,35764,38525,55703,14962,33588,39556,41727,15268,39024,2610,24142,2369,45609,24139,19976,12286,32959,33123,33851,43951,33340,31995,14213,31709,6306,24847,13143,1433,7285,30353,16774,17653,50784,16963,39431,16898,11294,30549,10688,12211,13377,1124,
97,27731,49231,12176,10522,44150,12137,35146,21749,14520,48270,36740,42776,19759,13362,26485,35553,2241,41968,13001,1660,15312,44014,29596,38283,1614,22544,48351,21538,13071,4845,23130,5445,28613,46048,15410,36015,44909,10675,35764,38525,24803,3343,17395,10320,33617,11722,47252,27040,51860,4159,20344,2039,11728,14446,16335,10675,25479,27912,14454,11420,25448,14303,19900,16193,11906,31961,22496,19258,38779,4414,38536,17215,22791,26308,14738,37429,25484,28466,10185,2721,
98,27731,49231,12176,10522,44150,12137,35146,21749,14520,48270,36740,42776,19759,13362,26485,35553,2241,41968,13001,1660,15312,44014,29596,38283,1614,22544,48351,21538,13071,4845,23130,5445,28613,46048,15410,36015,44909,10675,35764,38525,30685,11924,15170,10320,14209,2720,11278,5002,21021,5443,12495,7407,55302,14446,31458,34502,22152,10226,37366,13371,28186,27877,17550,25546,25204,5519,19102,3684,28250,3062,11756,22880,12503,28729,843,21375,13155,13103,10185,14921,
99,27731,49231,12176,10522,44150,12137,35146,21749,14520,48270,36740,42776,19759,13362,26485,35553,2241,41968,13001,1660,15312,44014,29596,38283,1614,22544,48351,21538,13071,4845,23130,5445,28613,46048,15410,36015,44909,10675,35764,38525,39742,28724,39765,11933,30023,12439,34626,10827,14074,17449,15119,19298,19441,14446,23200,12244,29387,16076,30522,22273,37340,12459,34233,20686,27854,377,18765,13579,31331,21303,22910,31016,12503,11258,28229,13904,13667,29019,47635,5238,
100,27731,49231,12176,10522,44150,12137,35146,21749,14520,48270,36740,42776,19759,13362,26485,35553,2241,41968,13001,1660,15312,44014,29596,38283,1614,22544,48351,21538,13071,4845,23130,5445,28613,46048,15410,36015,44909,10675,35764,38525,50326,6683,50770,29673,18378,9004,50504,2630,48422,1047,12890,28753,32977,21631,25810,36920,12583,21193,17691,45457,34251,13240,17181,38184,12105,937,12420,1740,16923,1164,11143,25008,21579,25672,1629,17603,11017,19872,15567,23185,
