1,3143,43378,14629,28835,47289,43705,7014,13942,26961,11130,26623,36658,31115,36682,18987,41763,14311,32179,17663,26368,
2,3143,7014,9249,964,1958,2130,5905,3858,964,979,1122,2953,3789,2878,626,860,1919,2166,18216,9106,
3,626,860,644,1850,964,732,1011,3158,1958,673,1919,811,2130,1768,1958,2182,1400,593,7459,606,
4,593,593,673,218,593,644,964,962,602,1919,1011,437,593,218,644,1974,1747,673,13003,8522,
5,218,218,218,218,437,437,218,218,218,218,218,593,218,1947,593,593,218,218,1418,24991,
6,218,218,218,218,218,218,218,218,218,218,218,218,218,218,218,218,218,218,218,14251,
7,218,218,218,218,218,218,218,218,218,218,218,218,775,218,218,218,218,218,27936,218,
8,218,218,218,218,218,218,218,218,218,218,218,218,218,218,218,218,218,218,21389,31504,
9,218,218,218,218,218,218,218,218,218,218,218,218,218,218,218,218,218,218,218,218,
10,218,218,218,218,218,218,218,218,218,218,218,218,218,218,218,218,218,218,8432,32607,
11,218,218,218,218,218,218,218,218,218,218,218,218,218,218,218,218,218,218,218,48155,
12,218,218,218,218,218,218,218,218,218,218,218,218,218,218,218,218,218,218,32076,22465,
13,218,218,218,218,218,218,218,218,218,218,218,218,218,218,218,218,218,218,19687,12629,
14,218,218,218,218,218,218,218,218,218,218,218,218,218,218,218,218,218,218,32396,3117,
15,218,218,218,218,218,218,218,218,218,218,218,218,218,218,218,218,218,218,218,7534,
16,218,218,218,218,218,218,218,218,218,218,218,218,218,218,218,218,218,218,22411,10320,
17,218,218,218,218,218,218,218,218,218,218,218,218,218,218,218,218,218,218,15993,15937,
18,218,218,218,218,218,218,218,218,218,218,218,218,218,218,218,218,218,218,49934,29520,
19,218,218,218,218,218,218,218,218,218,218,218,218,218,218,218,218,218,218,218,218,
20,218,218,218,218,218,218,218,218,218,218,218,218,218,218,218,218,218,218,44562,34191,
21,218,218,218,218,218,218,218,218,218,218,218,218,218,218,218,218,218,218,218,218,
22,218,218,218,218,218,218,218,218,218,218,218,218,218,218,218,218,218,218,218,19980,
23,218,218,218,218,218,218,218,218,218,218,218,218,218,218,218,218,218,218,218,21574,
24,218,218,218,218,218,218,218,218,218,218,218,218,218,218,218,218,218,218,13013,32132,
25,218,218,218,218,218,218,218,218,218,218,218,218,218,218,218,218,218,218,18478,58264,
26,218,218,218,218,15350,218,218,218,218,218,218,218,218,218,218,218,218,218,8926,218,
27,218,218,218,218,218,218,218,218,218,218,218,218,218,218,218,218,218,218,33001,21028,
28,218,218,218,218,218,218,218,218,218,218,218,218,218,218,218,218,218,218,13438,6315,
29,218,218,218,218,218,218,218,218,218,218,218,218,218,218,218,218,218,218,218,17076,
30,218,218,218,218,218,218,218,218,218,218,218,218,218,218,218,218,218,218,218,31612,
31,218,218,218,218,218,218,218,218,218,218,218,218,218,218,218,218,218,218,38234,218,
32,218,218,218,218,218,218,218,218,218,218,218,218,218,218,218,218,218,218,2030,8255,
33,218,218,218,218,218,218,218,218,218,218,218,218,218,218,218,218,218,218,218,49441,
34,218,218,218,218,218,218,218,218,218,218,218,218,218,218,218,218,218,218,40601,10455,
35,218,218,218,218,218,218,218,218,218,218,218,218,218,218,218,218,218,218,15758,6233,
36,218,218,218,218,218,218,218,218,218,218,218,218,218,218,218,218,218,218,218,27408,
37,218,218,218,218,218,218,218,218,218,218,218,218,218,218,218,218,218,218,21742,11592,
38,218,218,218,218,218,218,218,218,218,218,218,218,218,218,218,218,218,218,47116,11187,
39,218,218,218,218,218,218,218,218,218,218,218,218,218,218,218,218,218,218,11855,13521,
40,218,218,218,218,218,218,218,218,218,218,218,218,218,218,218,218,218,218,218,218,
41,218,218,218,218,218,218,218,218,218,218,218,218,218,218,218,218,218,218,30283,22159,
42,218,218,218,218,218,218,218,218,218,218,218,218,218,218,218,218,218,218,2754,5353,
43,218,218,218,218,218,218,218,218,218,218,218,218,218,218,218,218,218,218,36466,38210,
44,218,218,218,218,218,218,218,218,218,218,218,218,218,218,218,218,218,218,26941,6043,
45,218,218,218,218,218,218,218,218,218,218,218,218,218,218,218,218,218,218,1814,16651,
46,218,218,218,218,218,218,218,218,218,218,218,218,218,218,218,218,218,218,46853,46046,
47,218,218,218,218,218,218,218,218,10222,218,218,218,218,218,218,218,218,218,19733,40150,
48,218,218,218,218,218,218,218,218,218,218,218,218,218,218,218,218,218,218,30433,55562,
49,218,218,218,218,218,218,218,218,218,218,218,218,218,218,218,218,218,218,39949,12416,
50,218,218,218,218,218,218,218,218,218,218,218,218,218,218,218,218,218,218,31301,27336,
51,218,218,218,218,218,218,218,218,218,218,218,218,218,218,218,218,218,218,23713,45633,
52,218,218,218,218,218,218,218,218,218,218,218,218,218,218,218,218,218,218,3513,218,
53,218,218,218,218,218,218,218,218,218,218,218,218,218,218,218,218,218,218,9934,38622,
54,218,218,218,218,218,218,218,218,218,218,218,218,218,218,218,218,218,218,218,934,
55,218,218,218,218,218,218,218,218,218,218,218,218,218,218,218,218,218,218,44432,13250,
56,218,218,9215,218,218,218,218,218,218,218,218,218,218,218,218,218,218,218,51686,10845,
57,218,218,218,218,218,218,218,218,218,218,218,218,218,218,218,218,218,218,311,32278,
58,218,218,218,218,218,218,218,218,218,218,218,218,218,218,218,218,218,218,51599,12306,
59,218,218,218,218,218,218,218,218,218,218,218,218,218,218,218,218,218,218,3791,10343,
60,218,218,218,218,218,218,218,218,218,218,218,218,218,218,218,218,218,218,1202,43455,
61,218,218,218,218,218,218,218,11661,218,218,218,218,218,218,218,218,218,218,17510,34696,
62,218,218,218,218,218,218,218,218,218,218,218,218,218,218,218,218,218,218,218,10605,
63,218,218,218,218,218,218,218,218,218,218,218,218,218,218,218,218,218,218,46003,8457,
64,218,218,2349,218,218,218,218,218,218,5674,218,218,218,218,218,218,218,218,9674,51181,
65,218,218,218,218,218,218,218,218,218,218,218,218,218,218,218,218,218,218,16163,29260,
66,218,218,218,218,218,218,218,218,218,218,218,218,218,218,218,218,218,218,218,34631,
67,218,218,218,218,218,218,218,218,218,218,218,218,218,218,218,218,218,218,31621,218,
68,218,218,218,218,218,218,218,218,218,218,218,218,218,218,218,218,218,218,18258,19787,
69,218,218,218,218,218,218,218,218,218,218,218,218,218,218,218,218,218,218,42528,15102,
70,218,218,218,218,218,218,218,218,218,218,218,218,218,218,218,218,218,218,11659,30356,
71,218,218,218,218,218,218,218,218,218,218,218,218,218,218,218,218,218,218,46083,24193,
72,218,218,218,218,218,218,218,218,218,218,218,218,218,218,218,218,218,218,218,218,
73,218,218,218,218,218,218,218,218,218,218,218,218,218,218,218,218,218,218,1586,218,
74,218,218,218,218,218,218,218,218,218,218,218,218,218,218,218,218,218,218,11974,218,
75,218,218,218,218,218,218,218,218,218,218,218,218,218,218,218,218,218,218,32353,218,
76,218,218,218,218,218,218,218,218,218,218,218,218,218,218,218,218,218,218,5679,38361,
77,218,218,218,218,218,218,218,218,218,218,218,218,218,218,218,218,218,218,35258,642,
78,218,218,218,218,218,218,218,218,218,218,218,218,218,218,218,218,218,218,218,218,
79,218,218,218,218,218,218,218,218,218,218,218,218,218,218,218,218,218,218,50250,44190,
80,218,218,218,218,218,218,218,218,218,218,218,218,218,218,218,218,218,218,27753,12653,
81,218,218,218,218,218,218,218,218,218,218,218,218,218,218,218,218,218,218,19238,218,
82,218,218,218,218,218,218,218,218,218,218,218,218,218,218,218,218,218,218,32133,18393,
83,218,218,218,218,218,218,218,218,218,218,218,218,218,218,218,218,218,218,36523,5553,
84,218,218,218,218,218,218,218,218,218,218,218,218,218,218,218,218,218,218,5778,19952,
85,218,218,218,218,218,218,218,218,218,218,218,218,218,218,218,218,218,218,26751,11215,
86,218,218,218,218,218,218,218,218,218,218,218,218,218,218,218,218,218,218,6031,18671,
87,218,218,218,218,218,218,218,218,218,218,218,218,218,218,218,218,218,218,23196,58971,
88,218,218,218,218,218,218,218,218,218,218,218,218,218,218,218,218,218,218,14565,25826,
89,218,218,218,218,218,218,218,218,218,928,218,218,218,218,218,218,218,218,18732,12687,
90,218,218,218,218,218,218,218,218,218,218,218,218,218,218,218,218,218,218,26530,45340,
91,218,218,218,218,218,218,218,218,218,218,218,218,218,218,218,218,218,218,39979,44223,
92,218,218,218,218,2478,218,218,218,218,218,218,218,218,218,2478,218,218,218,218,26737,
93,218,218,218,218,218,218,218,218,218,218,218,218,218,218,218,218,218,218,7756,21949,
94,218,218,218,218,218,218,218,218,218,218,218,218,218,218,218,218,218,218,218,13319,
95,218,218,218,218,218,218,218,218,218,218,218,218,218,218,218,218,218,218,17811,41138,
96,218,218,218,218,218,218,218,218,218,218,218,218,218,218,218,218,218,218,44854,218,
97,218,218,218,218,218,218,218,218,218,218,218,218,218,218,218,218,218,218,54212,30651,
98,218,218,218,218,218,1934,218,218,218,218,218,218,218,218,218,218,218,218,218,50487,
99,218,218,218,218,218,218,218,218,218,218,218,218,218,218,218,218,218,218,52770,42959,
100,218,218,218,218,218,218,218,218,218,218,218,218,218,218,218,218,218,218,19752,218,
101,218,218,218,218,218,218,218,218,218,218,218,218,218,218,218,218,218,218,2591,27037,
102,218,218,218,218,218,218,218,218,218,218,218,218,218,218,218,218,218,218,12534,6080,
103,218,218,218,218,218,218,218,218,218,218,218,218,218,218,218,218,218,218,18093,28727,
104,218,218,218,218,218,218,218,218,218,218,218,218,218,218,218,218,218,218,218,1185,
105,218,218,218,218,218,218,218,218,218,218,218,218,218,218,218,218,218,218,38593,41356,
106,218,218,218,218,218,16806,218,218,218,218,218,218,218,218,218,218,218,218,8446,36634,
107,218,218,218,218,218,218,218,218,218,218,218,218,218,218,218,218,218,218,30244,20266,
108,218,218,218,218,218,218,218,218,218,218,218,218,218,218,218,218,218,218,56912,9886,
109,218,218,218,218,218,218,218,218,218,218,218,218,218,218,218,218,218,218,13036,24707,
110,218,218,218,218,218,218,218,218,218,218,218,218,218,218,218,218,218,218,20619,40060,
111,218,218,218,218,218,218,218,218,218,218,218,218,218,218,20619,218,218,218,27764,51233,
112,218,218,2952,2952,218,218,218,218,218,218,218,218,218,218,218,218,218,218,2276,5619,
113,218,218,218,218,218,218,218,218,218,218,218,218,218,218,218,218,218,218,218,55116,
114,218,218,218,218,218,218,218,218,218,218,218,218,218,218,218,218,218,218,218,29973,
115,218,218,218,218,218,218,218,218,218,218,218,218,218,218,218,218,218,218,218,5690,
116,218,218,218,218,218,218,218,218,218,218,218,218,218,218,218,218,218,218,30675,10578,
117,218,218,218,218,218,218,218,218,218,218,218,218,218,218,218,218,218,218,218,218,
118,218,218,218,218,218,218,218,218,218,218,218,218,218,218,218,218,218,218,37864,27085,
119,218,218,218,218,218,218,218,218,218,218,218,218,218,218,218,218,218,218,30294,37597,
120,218,218,218,218,218,218,218,218,218,218,218,218,218,218,218,218,218,218,27455,11276,
121,218,218,218,218,218,218,218,218,218,218,218,218,218,218,218,218,218,218,2037,218,
122,218,218,218,218,218,218,218,218,218,218,218,218,218,218,218,218,218,218,218,218,
123,218,218,218,218,218,218,218,218,218,218,218,218,218,218,218,218,218,218,25524,1668,
124,218,218,218,1341,218,218,218,218,218,218,218,218,218,218,218,218,218,218,2022,23964,
125,218,218,218,218,218,218,218,218,218,218,218,218,218,218,218,218,218,218,13243,22518,
126,218,218,218,218,218,218,218,218,218,218,218,218,218,218,218,218,218,218,23019,12774,
127,218,218,218,218,218,218,218,218,218,218,218,218,218,218,218,218,218,218,218,11912,
128,218,218,218,218,218,218,218,218,218,218,218,218,218,218,218,218,218,218,218,29222,
129,218,218,218,218,218,218,218,218,218,218,218,218,218,218,218,218,218,218,218,39315,
130,218,218,218,218,218,218,218,218,218,218,218,218,218,218,218,218,218,218,44313,12544,
131,218,218,218,218,218,218,218,218,218,218,218,218,218,218,218,218,218,218,29869,19653,
132,218,218,218,218,218,218,218,218,218,218,218,218,218,218,218,218,218,218,34589,35957,
133,218,218,218,218,218,218,218,218,218,218,218,218,218,218,218,218,218,218,48058,28969,
134,218,218,218,218,218,218,218,218,218,218,218,218,218,218,218,218,218,218,9855,3158,
135,218,218,218,218,218,218,218,218,218,218,218,218,218,218,218,218,218,218,18712,19060,
136,218,218,218,218,218,218,218,218,218,218,218,218,218,218,218,218,218,218,24098,29685,
137,218,218,218,218,218,218,218,218,218,218,218,218,218,218,218,218,218,218,20333,7868,
138,218,218,218,218,218,218,218,218,218,218,218,218,218,218,218,218,218,218,218,16798,
139,218,218,218,218,218,218,218,218,218,218,218,218,218,218,218,218,218,218,18114,218,
140,218,218,218,218,218,218,218,218,218,218,218,218,218,218,218,218,218,218,39393,46621,
141,218,218,218,218,218,218,218,218,218,218,218,218,218,218,218,218,218,218,13461,13200,
142,218,218,218,218,218,218,218,218,218,218,218,218,218,218,218,218,218,218,25650,10005,
143,218,218,218,218,218,218,218,218,218,218,218,218,218,218,218,218,218,218,10231,218,
144,218,218,218,218,218,218,218,218,218,218,218,218,218,218,218,218,218,218,218,218,
145,218,218,218,218,218,218,218,218,218,218,218,218,218,218,218,218,218,218,28095,218,
146,218,218,218,218,218,218,218,218,218,218,218,218,218,218,218,218,218,218,20886,218,
147,218,218,218,218,218,218,218,218,218,218,218,218,218,218,218,218,218,218,17695,24663,
148,218,218,218,218,218,218,218,218,218,218,218,218,218,218,218,218,218,218,1493,2111,
149,218,218,218,218,218,218,218,218,218,218,218,218,218,218,218,218,218,218,5694,36461,
150,218,218,218,218,218,218,218,218,218,218,218,218,218,218,218,218,218,218,4448,36603,
151,218,218,218,218,218,218,218,218,218,218,218,218,218,218,218,218,218,218,33243,22483,
152,218,218,218,218,218,218,218,218,218,218,218,218,218,218,218,218,218,218,21456,3648,
153,218,218,218,218,218,218,218,218,218,218,218,218,218,218,218,218,218,218,11841,218,
154,218,218,218,218,218,218,218,218,218,218,218,218,218,218,218,218,218,218,218,218,
155,218,218,218,218,218,218,218,218,218,218,218,218,218,218,218,218,218,218,11691,218,
156,218,218,218,218,218,218,218,218,218,218,218,218,218,218,218,218,218,218,13483,17678,
157,218,218,218,218,218,218,218,218,218,218,218,218,218,218,218,218,218,218,53684,8903,
158,218,218,218,218,218,218,218,218,218,218,218,218,218,218,218,218,218,218,31341,33305,
159,218,218,218,218,7726,7726,218,218,218,218,218,218,218,218,218,218,218,218,14139,2376,
160,218,218,218,218,218,218,218,218,218,218,218,218,218,218,218,218,218,218,218,24172,
161,218,218,218,218,218,218,218,218,218,218,218,218,218,218,218,218,218,218,36018,218,
162,218,218,218,218,218,218,218,218,218,218,218,218,218,218,218,218,218,218,20891,1989,
163,218,218,218,218,218,218,218,218,218,218,218,218,218,218,218,218,218,218,19913,54323,
164,218,218,218,218,218,218,218,218,218,218,218,218,218,218,218,218,218,218,23161,218,
165,218,218,218,218,218,218,218,218,218,218,218,218,218,218,218,218,218,218,5779,10291,
166,218,218,218,218,218,218,218,218,218,218,218,218,218,218,218,218,218,218,19902,26106,
167,218,218,218,218,218,218,218,218,218,218,218,218,218,218,218,218,218,218,218,36090,
168,218,218,218,218,218,218,218,218,218,218,218,218,218,218,218,218,218,218,4091,21610,
169,218,218,218,218,218,218,218,218,218,218,218,218,218,218,218,218,218,218,12434,218,
170,218,218,218,218,218,218,218,218,218,218,218,218,218,218,218,218,218,218,21826,34076,
171,218,218,218,218,218,218,218,218,218,218,218,218,218,218,218,218,218,218,435,21285,
172,218,218,218,218,218,218,218,218,218,218,218,218,218,218,218,218,218,218,13266,1210,
173,218,218,218,218,218,218,218,218,218,218,218,218,218,218,218,218,218,218,218,218,
174,218,218,218,218,218,218,218,218,218,218,218,218,218,218,218,218,218,218,13634,50297,
175,218,218,218,218,218,218,218,218,218,218,218,218,218,218,218,218,218,218,13674,40750,
176,218,218,218,218,218,218,218,218,218,218,218,218,218,218,218,218,218,218,11176,218,
177,218,218,218,218,218,218,218,218,218,218,218,218,218,218,218,218,218,218,45494,36132,
178,218,218,218,218,218,218,218,218,218,218,218,218,218,218,218,218,218,218,218,36074,
179,218,218,218,218,218,218,218,218,218,218,218,218,218,218,218,218,218,218,43693,15834,
180,218,218,218,218,218,218,218,218,218,218,218,218,218,218,218,218,218,218,25205,57964,
181,218,218,218,218,218,218,218,218,218,218,218,218,218,218,218,218,218,218,13253,28323,
182,218,218,218,218,218,218,218,218,218,218,218,218,218,218,218,218,218,218,27606,1651,
183,218,218,218,218,218,218,218,218,218,218,218,218,218,218,218,218,218,218,14255,28853,
184,218,218,218,218,218,218,218,218,218,218,218,218,218,218,218,218,218,218,37534,12656,
185,218,218,218,218,218,218,218,218,218,218,218,218,218,218,3202,218,218,218,24945,218,
186,218,218,218,218,218,218,218,218,218,218,218,218,218,218,218,218,218,218,33904,172,
187,172,218,218,172,218,218,218,218,218,218,218,218,172,172,218,218,218,218,20689,17832,
188,172,172,172,218,172,218,218,172,218,172,172,172,4976,172,172,172,218,172,42462,22567,
189,172,172,172,172,172,172,172,172,172,172,172,172,172,172,172,172,218,172,172,5863,
190,172,172,172,172,172,172,172,172,172,172,172,172,172,172,172,172,172,172,172,172,
191,172,172,172,172,172,172,172,172,172,172,172,172,172,172,172,172,172,172,15552,172,
192,172,172,172,172,172,172,172,172,172,172,172,172,172,172,172,172,172,172,36543,48736,
193,172,172,172,2308,172,172,172,172,172,172,2308,172,172,172,172,172,172,172,10325,172,
194,172,172,172,172,172,172,172,172,172,172,172,172,172,172,172,172,172,172,11153,2484,
195,172,172,172,172,751,172,172,172,172,172,172,172,172,172,172,172,172,172,3567,14936,
196,172,172,172,172,172,172,172,172,172,172,172,172,172,172,172,172,172,172,172,7626,
197,172,172,172,172,172,172,172,172,172,172,172,172,172,172,172,172,172,172,20778,36472,
198,172,172,172,172,172,172,172,172,172,172,172,172,172,172,172,172,172,172,52023,172,
199,172,172,172,172,172,172,172,172,172,172,172,172,172,172,172,172,172,172,31952,172,
200,172,172,172,172,172,172,172,172,172,172,172,172,172,172,172,172,172,172,172,36541,
201,172,172,172,172,172,172,172,172,172,172,172,6486,172,172,172,172,172,172,172,172,
202,172,172,172,172,172,172,172,172,172,172,172,172,172,172,172,172,172,172,4194,17895,
203,172,172,172,172,172,172,172,172,172,172,172,172,172,172,172,172,172,172,172,34845,
204,172,172,172,172,172,172,172,172,172,172,172,172,172,172,172,172,172,172,6110,862,
205,172,172,172,172,172,172,172,172,172,172,172,172,172,172,172,172,172,172,172,172,
206,172,172,172,172,172,172,172,172,172,172,172,172,172,172,172,172,172,172,30811,1750,
207,172,172,172,172,172,172,172,172,172,172,172,172,172,172,172,172,172,172,6982,1515,
208,172,172,172,172,172,172,172,172,172,172,172,172,172,172,172,172,172,172,172,3370,
209,172,172,172,172,172,172,172,172,172,172,172,172,172,172,172,172,172,172,2218,44131,
210,172,172,172,172,172,172,172,172,172,172,172,172,172,172,172,172,172,172,22176,172,
211,172,172,172,172,172,172,172,172,172,172,172,172,172,172,172,172,172,172,172,25096,
212,172,172,172,172,172,172,172,172,172,172,172,172,172,172,172,172,172,172,22177,8344,
213,172,172,172,172,172,172,172,172,172,172,172,172,172,172,172,172,172,172,172,22154,
214,172,172,172,172,172,172,172,172,172,172,172,172,172,172,172,172,172,172,5284,172,
215,172,172,172,172,172,172,172,172,172,172,172,172,172,172,172,172,172,172,172,172,
216,172,172,172,172,172,172,172,172,172,172,172,172,172,172,172,172,172,172,172,31143,
217,172,172,172,172,172,172,172,172,172,172,172,172,172,172,172,172,172,172,39158,172,
218,172,172,172,172,172,172,172,172,172,172,172,172,172,172,172,172,172,172,1133,36717,
219,172,172,172,172,172,172,172,172,172,172,172,172,172,172,172,172,172,172,33954,3474,
220,172,172,172,172,172,172,172,172,172,172,172,172,172,172,172,172,172,172,172,43925,
221,172,172,172,172,172,172,172,172,172,172,172,172,172,172,172,172,172,172,9593,172,
222,172,172,172,172,172,172,172,172,172,172,172,172,172,172,172,172,172,172,172,22736,
223,172,172,172,172,172,172,172,172,172,172,172,172,172,172,172,172,172,172,54459,172,
224,172,172,172,172,172,172,172,172,172,172,172,172,172,172,172,172,172,172,55082,41393,
225,172,172,172,4043,172,172,172,172,172,172,172,172,172,172,172,172,172,172,172,3914,
226,172,172,172,172,172,172,172,172,172,172,172,172,172,172,172,172,172,172,42988,832,
227,172,172,172,172,172,172,172,172,172,172,172,172,172,172,172,172,172,172,10384,10371,
228,172,172,172,172,172,172,172,172,172,172,172,172,172,172,172,172,172,172,5439,26817,
229,172,172,172,172,172,172,172,172,172,172,172,172,172,172,172,172,172,172,48557,172,
230,172,172,172,172,172,10970,172,172,172,172,172,172,172,172,172,172,172,172,12029,11318,
231,172,172,172,172,172,172,172,172,172,172,172,172,172,172,172,172,172,172,281,17720,
232,172,172,172,172,172,172,172,172,172,172,172,172,172,172,172,172,172,172,15107,9405,
233,172,172,172,172,172,172,172,172,172,172,172,172,172,172,172,172,172,172,3511,172,
234,172,172,172,172,172,172,172,172,172,172,172,172,172,172,172,172,172,172,28758,43688,
235,172,172,172,172,172,172,12744,172,172,172,172,172,172,172,172,172,172,172,30598,23687,
236,172,172,172,172,172,172,172,172,172,172,172,172,172,172,172,172,172,172,40121,17187,
237,172,172,172,172,172,172,172,172,172,172,172,172,172,172,172,172,172,172,34680,12669,
238,172,172,172,172,172,172,172,1861,172,172,172,172,172,172,172,172,172,172,5903,1654,
239,172,172,172,172,172,172,172,172,172,172,172,172,172,172,172,172,172,172,29277,9376,
240,172,172,172,172,172,172,172,172,172,172,172,172,172,172,172,172,172,172,18547,18774,
241,172,172,172,172,172,172,172,172,172,172,172,172,172,172,172,172,172,172,34081,48698,
242,172,172,172,172,172,172,172,172,172,172,172,172,172,172,172,172,172,172,15628,11738,
243,172,172,172,172,172,172,172,172,172,172,172,172,172,172,172,172,172,172,2903,2644,
244,172,172,172,172,172,172,172,172,172,172,172,172,172,172,172,172,172,172,12918,172,
245,172,172,172,172,172,172,172,172,172,172,172,172,172,172,172,172,172,172,172,36269,
246,172,172,172,172,172,172,172,172,172,172,172,172,172,172,172,172,172,172,5802,42533,
247,172,172,172,172,172,172,172,172,172,172,172,172,172,172,172,172,172,172,49337,2424,
248,172,172,172,172,172,172,172,172,18479,172,172,172,172,172,172,172,964,172,19995,9595,
249,172,172,172,172,172,172,172,172,172,172,172,172,172,172,172,172,172,172,172,12301,
250,172,172,172,172,172,172,172,172,172,172,172,172,172,172,172,172,172,172,14111,7192,
251,172,172,172,172,172,172,172,172,172,172,172,172,172,172,172,172,172,172,16143,172,
252,172,172,172,172,172,172,172,172,172,172,172,172,172,172,172,172,172,172,33548,10989,
253,172,172,172,172,172,172,172,172,172,172,172,172,172,172,172,172,172,172,172,22527,
254,172,172,172,172,172,172,172,172,172,172,172,172,172,172,172,172,172,172,9606,18958,
255,172,172,172,172,172,172,172,172,172,172,172,172,172,172,172,172,172,172,50593,32794,
256,172,172,172,172,172,172,172,172,172,9957,172,172,172,172,172,172,172,172,22131,39673,
257,172,172,172,172,172,5379,172,172,172,5379,172,172,172,172,172,172,172,172,5177,18682,
258,172,172,172,172,172,172,172,172,172,172,172,172,172,172,172,172,172,172,15694,11080,
259,172,172,172,172,172,172,172,172,172,172,172,172,172,172,172,172,172,172,2326,13717,
260,172,172,172,172,172,172,172,172,172,172,172,172,172,172,172,172,172,172,20365,32308,
261,172,172,172,172,172,172,172,172,172,7404,172,172,172,172,172,172,172,172,30868,21914,
262,172,172,172,172,172,172,172,2910,172,172,172,172,172,172,172,172,172,172,42429,5360,
263,172,172,172,172,172,172,172,172,172,172,172,172,172,172,172,172,172,172,20309,37490,
264,172,172,172,172,172,172,172,172,172,172,172,172,172,172,172,172,172,172,7142,48959,
265,172,172,172,172,172,172,172,172,172,172,172,172,172,172,172,172,172,172,3125,172,
266,172,172,172,172,172,172,172,172,172,172,172,172,172,172,172,172,172,172,172,22602,
267,172,172,172,172,172,172,172,7900,172,172,172,172,172,172,172,172,172,172,12686,18273,
268,172,172,172,3976,172,172,172,172,172,172,172,172,172,172,172,172,172,172,31310,14860,
269,172,172,172,172,172,172,172,172,172,172,172,172,172,172,172,172,172,172,14065,2203,
270,172,172,172,172,172,172,172,172,172,172,172,172,172,172,172,172,172,172,5817,172,
271,172,172,172,172,172,172,172,172,172,172,172,172,172,172,172,172,172,172,14920,16452,
272,172,172,172,172,172,172,172,172,172,172,172,172,172,172,172,172,172,172,34692,7387,
273,172,172,172,172,172,172,172,172,172,172,172,172,172,172,172,172,172,172,35144,25550,
274,172,172,172,172,172,172,172,172,172,172,172,172,172,172,172,172,172,172,16385,43243,
275,172,172,172,172,172,172,172,172,172,172,172,172,172,172,172,172,172,172,172,31760,
276,172,172,172,172,172,172,172,172,172,172,172,172,172,172,172,172,172,172,18664,23869,
277,172,172,172,8333,172,172,172,172,172,172,172,172,172,172,172,172,172,172,28775,26298,
278,172,172,172,172,172,172,172,172,172,172,172,172,172,172,172,172,172,172,36374,51715,
279,172,172,172,172,172,172,172,172,172,172,172,172,172,172,172,15557,172,172,6548,14304,
280,172,172,172,172,172,172,172,172,172,172,172,172,172,172,172,172,172,172,21825,36208,
281,172,172,172,172,172,172,172,172,172,172,172,172,172,172,172,172,172,172,32638,29496,
282,172,172,172,172,172,172,172,172,172,172,172,172,172,172,172,172,172,172,172,6942,
283,172,172,172,172,172,172,172,172,172,172,172,172,172,172,172,172,172,172,172,50722,
284,172,172,172,172,172,172,172,172,172,172,172,172,172,172,172,172,172,172,13379,2026,
285,172,172,172,172,172,172,172,172,172,172,172,172,172,172,172,172,172,172,22130,50043,
286,172,172,172,172,172,172,172,172,172,172,172,172,172,172,172,172,172,172,172,4861,
287,172,172,172,172,172,172,172,172,172,172,172,172,172,172,172,172,172,172,172,172,
288,172,172,172,172,172,172,172,172,172,172,172,172,172,172,172,172,172,172,3273,53379,
289,172,172,172,172,5071,172,172,172,172,172,172,172,172,172,172,172,172,172,42489,37717,
290,172,172,172,172,172,172,172,172,172,172,172,172,172,172,172,172,172,172,17285,14454,
291,172,172,172,172,172,172,172,172,172,172,172,172,172,172,172,172,172,172,21745,22090,
292,172,172,172,172,172,172,172,172,172,172,172,172,172,172,172,172,172,172,26497,8133,
293,172,172,172,172,172,172,172,172,172,172,172,172,172,172,172,172,172,172,41470,40416,
294,172,172,172,172,172,172,172,172,172,172,172,172,172,172,172,172,172,172,47140,10692,
295,172,172,172,172,172,172,172,172,172,172,172,17556,172,172,172,172,172,172,6431,42083,
296,172,172,172,172,172,172,172,172,172,172,172,172,172,172,172,172,172,172,8937,42173,
297,172,172,172,172,172,172,172,172,172,172,172,172,172,172,172,172,172,172,172,3345,
298,172,172,172,172,172,172,172,172,172,172,172,172,172,172,172,172,172,172,44209,4608,
299,172,172,172,172,172,172,172,172,172,172,172,172,172,172,172,172,172,172,15979,2214,
300,172,172,172,172,172,172,172,172,172,172,172,172,172,172,172,172,172,172,22345,39833,
301,172,172,172,172,172,172,172,172,172,172,172,172,172,172,172,172,172,172,21152,8911,
302,172,172,172,172,172,172,172,172,172,172,172,172,172,172,172,172,172,172,47688,38053,
303,172,172,172,172,172,172,172,172,172,172,172,172,172,172,172,172,172,172,55528,41175,
304,172,172,17187,172,172,172,172,172,172,172,172,172,172,172,172,172,172,172,11410,172,
305,172,172,172,172,172,172,172,172,172,172,172,172,172,172,172,172,172,172,2952,9236,
306,172,172,172,172,172,172,172,172,172,172,172,172,172,172,172,172,172,172,43999,15373,
307,172,172,172,172,172,172,172,172,172,172,172,172,172,172,172,172,172,172,34952,11132,
308,172,172,172,172,172,172,172,172,172,172,172,172,172,172,172,172,172,172,47538,48794,
309,172,172,172,172,172,172,172,172,172,172,172,172,172,172,172,172,172,172,4529,9115,
310,172,172,172,172,172,172,172,172,172,172,172,172,172,172,172,172,172,172,6815,27722,
311,172,172,172,172,172,172,172,172,172,172,172,172,172,172,172,172,172,172,40531,21121,
312,172,172,172,172,172,172,172,172,172,172,172,172,172,172,172,172,172,172,37165,1933,
313,172,172,172,172,172,172,172,172,172,172,172,172,172,172,172,172,172,172,47296,13143,
314,172,172,172,172,172,172,172,172,172,172,172,172,172,172,172,172,172,172,37685,4810,
315,172,172,172,172,172,172,172,172,172,172,172,172,172,172,172,172,172,172,19486,172,
316,172,172,172,172,172,172,172,172,172,172,172,172,172,172,172,172,172,172,15487,23115,
317,172,172,172,172,172,172,172,172,172,172,172,172,172,172,172,172,172,172,35739,13597,
318,172,172,172,172,172,172,172,14911,172,172,172,172,172,172,172,172,172,172,172,3043,
319,172,172,172,172,172,172,172,172,172,172,172,172,172,172,172,172,172,172,172,35544,
320,172,172,172,172,172,172,172,172,172,172,172,172,172,172,172,172,172,172,27981,3447,
321,172,172,172,172,172,172,172,172,172,172,172,172,172,172,172,172,172,172,172,16964,
322,172,172,172,172,172,172,172,172,172,172,172,172,172,172,172,172,172,172,20481,27531,
323,172,172,172,172,172,172,172,172,172,172,172,172,172,172,172,172,172,172,19415,29015,
324,172,172,172,172,172,172,172,172,172,172,172,172,172,172,172,172,172,172,172,36765,
325,172,172,172,172,172,172,172,172,172,172,172,172,172,172,172,172,172,172,42499,28377,
326,172,172,172,172,172,172,172,172,172,172,172,172,172,172,172,172,172,172,29796,172,
327,172,172,172,172,172,172,172,172,172,172,172,172,172,172,172,172,172,172,48497,172,
328,172,172,172,172,172,172,172,172,172,172,172,172,172,172,172,172,172,172,6361,22070,
329,172,172,172,1204,172,172,172,172,172,172,172,172,172,172,172,172,172,172,32925,20579,
330,172,172,172,172,172,172,172,172,172,172,172,172,172,10366,172,172,172,172,28282,21174,
331,172,172,172,172,172,172,172,172,172,172,172,172,172,172,172,172,172,172,31275,172,
332,172,172,172,172,172,172,172,172,172,172,172,172,172,172,172,172,172,172,57426,31000,
333,172,172,172,172,172,172,172,172,172,172,172,172,172,172,172,172,172,172,11778,20088,
334,172,172,172,172,172,172,172,172,172,172,172,172,172,172,172,172,172,172,50411,28225,
335,172,172,172,172,172,172,172,172,172,172,172,172,172,172,172,172,172,172,46905,7055,
336,172,172,172,172,172,172,172,172,172,172,172,172,172,172,172,172,172,172,5430,31864,
337,172,172,172,172,172,172,172,172,172,172,172,172,172,172,172,172,172,172,40778,2988,
338,172,172,172,172,172,172,172,172,172,172,172,172,172,172,172,172,172,172,32087,172,
339,172,172,172,172,172,172,172,172,172,172,172,172,172,172,172,172,172,172,38734,7317,
340,172,172,172,172,172,172,6620,172,172,172,172,172,172,172,172,172,172,172,10235,30222,
341,172,172,172,172,172,172,172,172,172,172,172,172,172,172,172,172,172,172,4421,21074,
342,172,172,172,172,172,172,172,172,172,172,172,172,172,172,172,172,172,172,33052,2118,
343,172,172,172,172,172,172,172,172,172,172,172,172,172,172,172,172,172,172,24038,21002,
344,172,172,172,172,172,172,172,172,172,172,172,172,172,172,172,172,172,172,16981,27496,
345,172,172,172,172,172,172,172,172,172,172,172,172,172,172,172,172,172,172,172,7292,
346,172,172,172,172,172,172,172,172,172,172,172,172,172,172,172,172,172,172,45112,172,
347,172,172,172,172,172,172,172,172,172,172,172,172,172,172,172,172,172,172,17154,172,
348,172,172,172,172,172,172,172,172,172,172,172,172,172,172,172,172,172,172,3452,1495,
349,172,172,172,172,172,172,172,172,172,172,172,172,172,172,172,172,172,172,27518,8730,
350,172,172,172,172,172,172,172,172,172,172,172,172,172,172,172,172,172,172,172,1645,
351,172,172,172,172,172,172,172,172,172,172,172,172,172,172,172,172,172,172,172,6851,
352,172,172,172,172,172,172,172,172,172,172,172,172,172,172,172,172,172,172,172,5537,
353,172,172,172,172,172,172,172,172,172,172,172,172,172,172,172,172,172,172,56837,1067,
354,172,172,172,172,172,172,172,172,172,172,172,172,172,172,172,172,172,172,30589,7955,
355,172,172,172,172,172,172,172,172,172,172,172,172,172,172,172,172,172,172,19561,2469,
356,172,172,172,172,172,172,172,172,172,172,172,172,172,172,172,172,172,172,18940,3205,
357,172,172,172,172,172,172,172,172,172,172,172,172,172,172,172,172,172,172,6358,39020,
358,172,172,172,172,172,172,172,172,172,172,172,172,172,172,172,172,172,172,172,21574,
359,172,172,172,172,172,172,172,172,172,172,172,172,172,172,172,172,172,172,14523,19327,
360,172,172,172,172,172,172,172,172,172,172,172,172,897,172,172,172,172,172,29027,15843,
361,172,172,172,172,172,172,172,172,172,172,172,172,172,172,172,172,172,172,14436,19373,
362,172,172,172,172,172,172,172,172,172,172,172,172,172,172,172,172,172,172,172,172,
363,172,172,172,172,172,172,172,172,172,172,172,172,172,172,172,172,172,172,8750,15433,
364,172,172,172,172,172,172,172,172,172,172,172,172,172,172,172,172,172,172,172,11321,
365,172,172,172,172,172,172,172,172,172,172,172,172,172,172,172,172,172,172,172,172,
366,172,172,172,172,172,172,3177,172,172,172,172,172,172,172,172,172,172,172,172,18571,
367,172,172,172,172,172,172,172,172,172,172,172,172,172,172,172,172,172,172,13850,331,
368,172,172,172,172,172,172,172,172,172,172,172,172,172,172,172,172,172,172,5006,172,
369,172,172,172,172,172,172,172,172,172,172,172,172,172,172,172,172,172,172,42395,366,
370,172,172,172,172,172,172,172,172,172,172,172,172,172,172,172,172,172,172,26076,35703,
371,172,172,172,172,172,172,172,172,172,172,172,172,172,172,172,172,172,172,36135,2547,
372,172,172,172,172,172,172,172,172,172,172,172,172,172,172,172,172,172,172,172,6431,
373,172,172,172,172,172,172,172,172,172,172,172,172,172,172,172,172,172,172,2122,22114,
374,172,172,172,172,172,172,172,172,172,172,172,172,172,172,172,172,172,172,8559,11300,
375,172,172,172,172,172,172,172,172,172,172,172,172,172,172,172,172,172,172,33363,7831,
376,172,172,172,172,172,172,172,172,172,172,172,172,172,172,172,172,172,172,4877,34599,
377,172,172,172,172,172,172,172,172,172,172,172,172,172,172,172,172,172,172,37093,2958,
378,172,172,172,172,172,172,172,172,172,172,172,172,172,172,172,172,172,172,14612,8986,
379,172,172,172,172,172,172,172,172,172,172,172,172,172,172,172,172,172,172,7226,172,
380,172,172,172,172,172,172,172,172,172,172,172,172,172,172,172,172,172,172,172,9439,
381,172,172,172,172,172,172,172,172,172,172,172,172,172,172,172,172,172,172,38120,12675,
382,172,172,172,172,172,172,172,172,172,172,172,172,172,172,172,172,172,172,25561,7933,
383,172,172,172,172,172,172,172,172,172,172,172,172,172,172,172,172,172,172,25952,172,
384,172,172,172,172,172,172,172,172,172,172,172,172,172,172,172,172,172,172,51579,29795,
385,172,172,172,172,172,172,172,172,172,172,172,172,172,172,172,172,172,172,28036,172,
386,172,172,172,172,172,172,172,172,172,172,172,172,172,172,172,172,172,172,10602,7501,
387,172,172,172,172,172,172,172,172,172,172,172,172,172,172,172,172,172,172,28431,172,
388,172,172,172,172,172,172,172,172,172,172,172,2557,172,172,172,172,172,172,26571,4862,
389,172,172,172,172,172,172,172,172,172,172,172,172,172,172,172,172,172,172,42664,9862,
390,172,172,172,172,172,172,172,172,172,172,172,172,172,172,172,172,172,172,172,21054,
391,172,172,172,172,172,172,172,172,172,172,172,172,172,172,172,172,172,172,172,48864,
392,172,172,172,172,172,172,172,172,172,172,172,172,172,172,172,172,172,172,19789,172,
393,172,172,172,172,172,172,172,172,172,172,172,172,172,172,172,172,172,172,13752,10321,
394,172,172,172,172,172,172,172,172,172,172,172,172,172,172,172,172,172,172,12923,11630,
395,172,172,172,172,172,172,172,172,172,172,172,172,172,172,172,172,172,172,172,172,
396,172,172,172,172,172,172,172,172,172,172,172,172,172,172,172,172,172,172,172,172,
397,172,172,172,172,172,172,172,172,172,172,172,172,172,172,172,172,172,172,31556,20513,
398,172,172,172,172,172,172,172,172,172,172,172,172,172,172,172,172,172,172,29260,38227,
399,172,172,172,172,172,172,172,172,172,172,172,172,172,172,172,172,172,172,1371,37477,
400,172,172,172,172,172,172,172,172,172,172,172,172,172,172,172,172,172,172,8506,6259,
401,172,172,172,172,172,172,172,172,172,172,172,172,1630,172,172,172,172,172,35089,4911,
402,172,172,172,172,172,172,172,172,172,172,172,172,172,172,172,172,172,172,45967,172,
403,172,172,172,172,172,172,172,172,172,172,172,172,172,172,172,172,172,172,28165,37129,
404,172,172,172,172,172,172,172,172,172,172,172,172,172,172,172,172,172,172,4439,45299,
405,172,172,172,172,172,172,172,172,172,172,172,172,172,172,172,172,172,172,15958,4144,
406,172,172,172,172,172,172,172,172,172,172,172,172,172,172,172,172,172,172,24066,172,
407,172,172,172,172,172,172,172,172,172,172,172,172,172,172,172,172,172,172,36013,612,
408,172,172,172,172,172,172,172,172,172,172,172,172,172,172,172,172,172,172,19068,19157,
409,172,172,172,172,172,172,172,172,172,172,172,172,172,172,172,172,172,172,37155,172,
410,172,172,172,172,172,172,172,172,172,172,172,172,172,172,172,172,172,172,25391,172,
411,172,172,172,172,172,172,172,172,172,172,172,172,172,172,172,172,172,172,34362,172,
412,172,172,172,172,172,172,172,172,172,172,172,172,172,172,172,172,172,172,172,2028,
413,172,172,172,172,172,172,172,172,172,172,172,172,172,172,172,172,172,172,58759,15138,
414,172,172,172,172,172,172,172,172,172,172,172,172,172,172,172,172,172,172,36294,172,
415,172,172,172,172,172,172,172,172,172,172,172,172,172,172,172,172,172,172,53963,3022,
416,172,172,172,172,172,172,172,172,172,172,172,172,172,172,172,172,172,172,172,47151,
417,172,172,172,172,172,172,172,172,172,172,172,172,172,172,172,172,172,172,172,6465,
418,172,172,172,172,172,172,172,172,172,172,172,172,172,172,172,172,172,172,172,172,
419,172,172,172,172,172,172,172,172,172,172,172,172,172,172,172,172,172,172,16862,9682,
420,172,172,172,172,172,172,172,172,172,172,172,172,172,172,172,172,172,172,172,46779,
421,172,172,172,172,172,172,172,172,172,172,172,172,172,172,172,172,172,172,4870,7247,
422,172,172,172,172,172,172,172,172,172,172,172,172,172,172,172,172,172,172,38164,35533,
423,172,172,172,172,172,172,172,172,172,172,172,172,172,172,172,172,172,172,44882,25823,
424,172,172,172,172,172,172,172,172,172,172,172,172,172,172,172,172,172,172,48158,6120,
425,172,172,172,172,172,172,172,172,172,172,172,172,172,172,172,172,172,172,31243,172,
426,172,172,172,172,172,172,172,172,172,172,172,172,172,172,172,172,172,172,40307,26436,
427,172,172,172,172,172,172,172,172,172,172,172,172,172,172,172,172,172,172,9435,535,
428,172,172,172,172,172,172,172,172,172,172,172,172,172,172,172,172,172,172,172,23753,
429,172,172,172,172,172,172,172,172,172,172,172,172,172,172,172,172,172,172,23200,2025,
430,172,172,172,172,172,172,172,172,172,172,172,172,172,172,172,172,172,172,42252,33594,
431,172,172,172,172,172,172,172,172,172,172,172,172,172,172,172,172,172,172,7344,2900,
432,172,172,172,172,172,172,172,172,172,172,172,172,172,172,172,172,172,172,16856,24605,
433,172,172,172,172,172,172,172,172,172,172,172,172,172,172,172,172,172,172,8834,172,
434,172,172,172,172,172,172,172,172,172,172,172,172,172,172,172,172,172,172,5742,4565,
435,172,172,172,172,172,172,172,172,172,172,172,172,172,172,172,172,172,172,172,7898,
436,172,172,172,172,172,172,172,172,172,172,172,172,172,172,172,172,172,172,172,32967,
437,172,172,172,172,172,172,172,172,172,172,172,172,172,172,172,172,172,172,29262,172,
438,172,172,172,172,172,172,172,172,172,172,172,172,172,172,172,172,172,172,3766,19263,
439,172,172,390,172,172,172,172,172,172,172,172,172,390,172,390,172,172,172,14192,172,
440,172,172,172,172,172,172,172,172,172,172,172,172,172,172,172,172,172,172,35263,12040,
441,172,172,172,172,172,172,172,172,172,172,172,172,172,172,172,172,172,172,172,23796,
442,172,172,172,172,172,172,172,172,172,172,172,172,172,172,172,172,172,172,13344,45990,
443,172,172,172,172,172,172,172,172,172,172,172,172,172,172,172,172,172,172,8841,1950,
444,172,172,172,172,172,172,172,172,172,172,172,172,172,172,172,172,172,172,7372,21506,
445,172,172,172,172,172,172,172,172,172,172,172,172,172,172,172,172,172,172,172,14394,
446,172,172,172,172,172,172,172,172,172,172,172,172,172,172,172,172,172,172,14680,11862,
447,172,172,172,172,172,172,172,172,172,172,172,172,172,172,172,172,172,172,172,172,
448,172,172,172,172,172,172,172,172,172,172,172,172,172,172,172,172,172,172,25545,34006,
449,172,172,172,172,172,172,172,172,172,172,172,172,172,172,172,172,172,172,9077,29575,
450,172,172,172,172,172,172,172,172,172,172,172,172,172,172,172,172,172,172,23845,48408,
451,172,172,172,172,172,172,172,172,172,172,172,172,172,172,172,172,172,172,59515,29166,
452,172,172,172,172,172,172,172,172,172,172,172,172,172,172,11824,172,172,172,172,22328,
453,172,172,172,172,172,172,172,172,172,172,172,172,172,172,172,172,172,172,14577,172,
454,172,172,172,172,172,172,172,172,172,172,172,172,172,172,172,172,172,7218,172,43599,
455,172,172,172,172,172,172,172,172,172,172,172,172,172,172,172,172,172,172,30039,2412,
456,172,172,172,172,172,172,172,172,172,172,172,172,172,172,172,172,172,172,37038,3992,
457,172,172,4806,172,172,172,172,172,4806,172,172,172,172,172,172,172,172,172,172,46889,
458,172,172,172,172,172,172,172,172,172,172,172,172,172,172,172,172,172,172,172,37110,
459,172,172,172,172,172,172,172,172,172,172,172,172,172,172,172,172,172,172,15392,38883,
460,172,172,172,172,172,172,172,172,172,172,172,172,172,172,172,172,172,172,172,17128,
461,172,172,172,172,172,172,172,172,172,172,172,172,172,172,172,172,172,172,172,1823,
462,172,172,172,172,172,172,172,172,172,172,172,172,172,172,172,172,172,172,34243,20841,
463,172,172,172,172,172,172,172,172,172,172,172,172,172,10173,172,172,172,172,51095,17342,
464,172,172,172,172,172,172,172,172,172,172,172,172,172,172,172,172,172,172,24488,52578,
465,172,172,172,172,172,172,172,172,172,172,172,172,172,172,172,172,172,172,172,21125,
466,172,172,172,172,172,172,172,172,172,172,172,172,172,172,172,172,172,172,32124,10698,
467,172,172,172,172,172,172,172,172,172,172,172,172,172,172,172,172,172,172,9038,12544,
468,172,172,172,172,172,172,172,172,172,172,172,172,172,172,172,172,172,172,5028,2171,
469,172,172,172,172,172,172,172,172,172,172,172,172,172,172,172,172,172,172,172,172,
470,172,172,172,172,172,172,172,172,172,172,172,172,172,172,172,172,172,172,54983,13875,
471,172,172,172,172,172,172,172,172,172,172,172,172,172,172,172,172,172,172,16093,57833,
472,172,172,172,172,172,172,172,172,172,172,172,172,172,172,172,172,172,172,18828,13199,
473,172,172,172,172,172,172,3175,172,172,172,172,172,172,172,172,172,172,172,5311,31464,
474,172,172,172,172,172,172,172,172,172,172,8071,172,172,172,172,172,172,172,46338,32249,
475,172,172,172,172,172,172,172,172,172,172,172,172,172,172,172,172,172,172,24940,4916,
476,172,172,172,172,172,172,172,172,172,172,172,172,172,172,172,172,172,172,38985,21025,
477,172,172,172,172,172,172,172,172,172,172,172,172,172,172,172,172,172,172,12466,3254,
478,172,172,172,172,172,172,172,172,172,172,172,172,172,172,172,172,172,172,38574,7344,
479,172,172,172,172,172,172,172,172,172,172,172,172,172,172,172,172,172,172,34271,1624,
480,172,172,172,172,172,172,172,172,172,172,172,172,172,172,172,172,172,172,44510,20015,
481,172,172,172,172,172,172,172,172,172,172,172,172,172,172,172,172,172,172,35952,24486,
482,172,172,172,172,172,172,172,172,172,172,172,172,172,172,172,172,172,172,36012,23316,
483,172,172,172,172,172,172,172,172,172,172,172,172,172,172,172,172,172,172,172,37049,
484,172,172,172,172,172,172,172,172,172,172,172,172,172,172,172,172,172,172,12328,15700,
485,172,172,172,172,172,172,172,172,172,172,172,172,172,172,172,172,172,172,14621,30071,
486,172,172,172,172,172,172,172,172,172,172,172,172,172,172,172,172,172,172,172,3226,
487,172,172,172,172,172,172,172,172,172,172,172,172,172,172,172,172,172,172,22697,53742,
488,172,172,172,172,172,172,172,172,172,172,172,172,172,172,172,172,172,172,2767,10958,
489,172,172,172,172,172,172,172,172,879,172,172,172,172,172,172,172,172,172,14382,35089,
490,172,172,172,172,172,172,172,172,172,172,172,172,172,172,172,172,172,172,8399,21625,
491,172,172,172,172,172,172,172,172,172,172,172,172,172,172,172,172,172,172,3903,35359,
492,172,172,172,172,172,172,172,172,172,172,172,172,172,172,172,172,172,172,8185,172,
493,172,172,172,172,172,172,172,172,172,172,172,172,172,172,172,172,172,172,172,12206,
494,172,172,172,172,172,172,172,172,172,172,172,172,172,172,172,172,172,172,20478,172,
495,172,172,172,172,172,172,172,172,172,172,172,172,172,172,172,172,172,172,56450,172,
496,172,172,172,172,172,172,172,172,172,172,172,172,172,172,172,172,172,172,20794,172,
497,172,172,172,172,172,172,172,172,172,172,172,7464,172,172,172,172,172,172,17642,36329,
498,172,172,172,172,172,172,172,172,172,172,172,172,605,172,172,172,172,172,172,172,
499,172,172,172,172,172,172,172,172,172,172,172,172,172,172,172,172,172,172,46343,6778,
500,172,172,172,172,172,172,172,172,172,172,172,172,172,172,172,172,172,172,41461,6476,
501,172,172,172,172,172,172,172,172,172,172,172,172,172,172,172,172,172,172,14772,597,
502,172,172,172,172,172,172,172,172,172,172,172,172,172,172,172,172,172,172,172,12694,
503,172,172,172,172,172,172,172,172,172,172,172,172,172,172,172,172,172,172,172,31027,
504,172,172,172,172,172,172,172,172,172,172,172,172,172,172,172,172,172,172,13362,24742,
505,172,172,172,172,172,172,172,172,172,172,172,172,172,172,172,172,172,172,2748,18803,
506,172,172,172,172,172,172,172,172,172,172,172,172,172,172,172,172,172,172,24167,172,
507,172,172,172,172,172,172,172,172,172,172,172,172,172,172,172,172,172,172,48551,44879,
508,172,172,172,172,172,172,172,1326,172,172,172,172,172,172,172,172,172,172,15051,172,
509,172,172,172,172,172,172,172,172,172,172,172,172,172,172,172,172,172,172,35332,51695,
510,172,172,172,172,172,172,172,172,172,172,172,172,172,15430,172,172,172,172,172,13282,
511,172,172,172,172,172,172,172,172,172,172,172,172,172,172,172,172,172,172,172,375,
512,172,172,172,172,172,172,172,172,172,172,172,172,172,172,172,172,172,172,8958,18476,
513,172,172,172,172,172,172,172,172,172,172,172,172,172,172,172,172,172,172,27881,172,
514,172,172,172,172,172,172,172,172,172,172,172,172,172,172,172,172,172,172,20538,17364,
515,172,172,172,172,172,172,172,172,172,172,172,172,172,172,172,172,172,172,41817,21112,
516,172,172,172,172,172,172,172,172,172,172,172,172,172,172,172,172,172,172,16543,34656,
517,172,172,172,172,172,172,172,172,172,172,172,172,172,172,172,172,172,172,172,26714,
518,172,172,172,172,172,172,172,172,172,172,172,172,172,172,172,172,172,172,31066,18479,
519,172,172,172,172,172,172,172,172,172,172,172,172,172,172,172,32402,172,172,28911,172,
520,172,172,172,172,172,172,172,172,172,172,172,172,172,172,172,172,172,172,40314,6462,
521,172,172,172,172,172,172,172,172,172,172,172,172,172,172,172,172,172,172,52121,14405,
522,172,172,172,172,172,172,172,172,172,172,172,172,172,172,172,172,172,172,10992,10362,
523,172,172,172,172,172,172,172,172,172,172,172,172,172,172,172,172,172,172,6365,15075,
524,172,172,172,172,172,172,172,172,172,172,172,172,172,172,172,172,172,172,538,4308,
525,172,172,172,172,172,172,172,172,172,172,172,172,172,172,172,172,172,172,18851,27654,
526,172,172,172,172,172,172,172,172,172,172,172,172,172,172,172,172,172,172,2856,6772,
527,172,172,172,172,172,172,172,172,172,172,172,172,172,172,172,172,172,172,41249,172,
528,172,172,172,172,172,172,172,172,172,172,172,172,172,172,172,172,172,172,172,20147,
529,172,172,172,172,172,172,172,172,172,172,172,172,172,172,172,172,172,172,49060,37936,
530,172,172,172,172,172,172,172,172,172,172,172,172,172,172,172,172,172,172,7587,172,
531,172,172,172,172,172,172,172,172,172,172,172,172,172,172,172,172,172,172,22110,3282,
532,172,172,172,172,172,172,172,172,172,172,172,172,172,172,172,172,172,172,33117,10471,
533,172,172,172,172,172,172,172,172,172,172,172,172,172,172,172,172,172,172,5846,1092,
534,172,172,172,172,172,172,172,172,172,172,172,172,172,172,172,172,172,172,1456,56535,
535,172,172,172,172,172,172,172,172,172,172,172,172,172,172,172,172,172,172,26686,172,
536,172,172,172,172,172,172,172,172,172,172,172,172,172,172,172,172,172,172,7127,172,
537,172,172,172,172,172,172,172,172,172,172,172,172,172,172,172,172,172,172,172,172,
538,172,172,172,172,172,172,172,172,172,172,172,172,172,172,172,172,172,172,46418,3077,
539,172,172,172,172,172,172,172,172,172,172,172,172,172,172,172,172,10198,172,172,1911,
540,172,172,172,172,172,172,172,172,172,172,172,172,172,172,172,172,172,172,22115,14803,
541,172,172,2688,172,172,172,172,172,172,172,172,172,172,172,172,172,172,2688,10659,10877,
542,172,172,172,172,172,172,172,172,172,172,172,172,172,172,172,172,172,172,7784,54793,
543,172,172,172,172,172,172,172,172,172,172,172,172,172,172,172,172,172,172,36607,172,
544,172,172,172,172,172,172,172,172,172,172,172,172,172,172,172,172,172,172,172,21770,
545,172,172,172,172,172,172,172,172,172,172,172,172,172,172,172,172,172,172,27091,41716,
546,172,172,172,172,172,172,172,172,172,172,172,172,172,172,172,172,172,172,18579,30929,
547,172,172,172,172,172,172,172,172,172,172,172,172,172,172,172,172,172,172,46880,20149,
548,172,172,172,172,172,172,172,172,172,172,172,172,172,172,172,172,172,172,55840,13141,
549,172,172,172,172,172,172,172,172,172,172,172,172,172,172,172,172,172,172,10921,2267,
550,172,172,172,172,172,172,172,172,172,172,172,172,172,172,172,172,172,172,11860,809,
551,172,172,172,172,172,172,172,172,172,172,172,172,172,172,172,172,172,172,2325,777,
552,172,172,172,172,172,172,172,172,172,172,172,172,172,172,172,172,172,172,172,172,
553,172,172,172,172,172,172,172,172,172,172,172,172,172,172,172,172,172,172,12749,24434,
554,172,172,172,172,172,172,172,172,172,172,172,172,172,172,172,172,172,172,11465,4360,
555,172,172,172,172,172,172,172,172,172,172,172,172,172,172,172,172,172,172,3578,24575,
556,172,172,172,172,172,172,172,172,172,172,172,172,172,172,172,172,172,172,27993,33350,
557,172,172,172,172,172,172,172,172,172,172,172,172,172,172,172,172,172,172,7383,6631,
558,172,172,172,172,172,172,172,172,172,172,172,172,172,172,172,172,172,172,47990,44395,
559,172,172,172,172,172,172,172,9306,172,172,172,172,172,172,172,172,172,172,33795,14715,
560,172,172,172,172,172,172,172,172,172,172,172,172,172,172,172,172,172,172,9627,42198,
561,172,172,172,172,172,172,172,172,172,172,172,172,172,172,172,172,172,172,27400,21653,
562,172,172,172,172,172,172,172,172,172,172,172,172,172,172,172,172,172,172,29300,14706,
563,172,172,172,172,172,172,172,172,172,172,172,172,172,455,172,172,172,172,6580,49228,
564,172,172,172,172,172,172,172,172,172,172,172,172,172,172,172,172,172,172,172,20743,
565,172,172,172,172,172,172,172,172,172,172,172,172,172,172,172,172,172,172,37374,23473,
566,172,172,172,172,172,172,172,172,172,172,172,172,172,172,172,172,172,172,25550,915,
567,172,172,172,172,172,172,172,172,172,172,172,172,172,172,172,172,172,172,172,10810,
568,172,172,172,172,172,172,172,172,172,172,172,172,172,172,172,172,172,172,10787,7143,
569,172,172,172,172,172,172,172,172,172,172,172,172,172,172,172,172,172,172,18506,5502,
570,172,172,172,172,172,172,172,172,172,172,172,172,172,172,172,172,172,172,1676,2475,
571,172,172,172,172,172,172,172,172,172,172,172,172,172,172,172,172,172,172,47071,24435,
572,172,172,172,172,172,172,172,172,172,172,172,172,172,172,172,172,172,172,172,172,
573,172,172,172,172,172,172,172,172,172,172,172,172,172,172,172,172,172,172,172,33265,
574,172,172,172,172,172,172,172,172,172,172,172,172,172,172,172,172,172,172,31804,23356,
575,172,172,172,172,172,172,172,172,172,172,172,172,172,172,172,172,172,172,49162,32344,
576,172,172,172,172,172,172,172,172,172,172,172,172,172,172,172,172,172,172,9237,18959,
577,172,172,172,172,172,172,172,172,172,172,172,172,172,172,172,172,172,172,1147,5216,
578,172,172,172,172,172,172,172,172,172,172,172,172,172,172,172,172,172,172,29796,172,
579,172,172,172,172,172,172,172,172,172,172,172,172,172,172,172,172,172,172,33629,45070,
580,172,172,172,172,172,172,172,172,172,172,172,172,172,172,172,172,172,172,7627,45920,
581,172,172,172,172,172,172,172,172,172,172,172,172,172,172,172,172,172,172,11792,172,
582,172,172,172,172,172,172,172,172,172,172,172,172,172,172,172,172,172,172,24109,40821,
583,172,172,172,172,172,172,172,172,172,172,172,172,172,172,172,172,172,172,24553,29438,
584,172,172,172,11540,172,172,172,172,172,172,172,172,172,172,172,172,172,172,34241,20078,
585,172,172,172,172,172,172,172,172,172,172,172,172,172,172,172,172,172,172,27487,11659,
586,172,172,172,172,172,172,172,172,172,172,172,172,172,172,172,172,172,172,10730,30841,
587,172,172,172,172,172,172,172,172,172,172,172,172,172,172,172,172,172,172,56523,32104,
588,172,172,172,172,172,172,172,172,172,172,172,172,172,11196,172,172,172,172,17717,54781,
589,172,172,172,172,172,172,172,172,172,172,172,172,172,172,172,172,172,172,20127,20046,
590,172,172,172,172,172,172,172,172,172,172,172,172,172,172,172,172,172,172,16410,36292,
591,172,172,172,172,172,172,172,172,172,172,172,172,172,172,172,172,172,172,6508,27090,
592,172,172,172,172,172,172,172,172,172,172,172,172,172,172,172,172,172,172,29536,172,
593,172,172,172,172,172,172,172,172,172,172,172,8118,172,172,172,172,172,172,48514,18565,
594,172,172,172,172,172,172,172,172,172,172,172,2852,172,172,172,172,172,172,27494,18725,
595,172,172,172,172,172,172,172,172,172,172,172,172,172,172,172,172,172,172,25451,58384,
596,172,172,172,172,172,172,172,172,172,172,172,172,172,172,172,172,172,172,172,41327,
597,172,172,172,172,172,172,172,172,172,172,172,172,172,172,172,172,172,172,38140,172,
598,172,172,172,172,172,172,172,172,172,172,172,172,172,172,172,172,172,172,34495,58630,
599,172,172,172,172,172,172,13047,172,172,172,172,172,172,172,172,172,172,172,35309,22005,
600,172,172,172,172,172,172,172,172,172,172,172,172,172,172,172,172,172,172,15797,14359,
601,172,172,172,172,172,172,172,172,172,172,172,172,172,172,172,172,172,172,34646,1495,
602,172,172,172,172,172,172,172,172,172,172,172,172,172,172,172,172,172,172,172,26874,
603,172,172,172,172,172,172,172,172,172,172,172,3702,172,172,172,172,172,172,14154,172,
604,172,172,172,172,172,172,172,172,172,172,172,172,172,172,172,172,172,172,13654,172,
605,172,172,172,172,172,172,172,172,172,172,172,172,172,172,172,172,172,172,172,35363,
606,172,172,172,172,172,172,172,172,172,172,172,172,172,172,172,172,172,172,172,33904,
607,172,172,172,172,172,172,172,172,172,172,172,172,172,172,172,172,172,172,172,37630,
608,172,172,172,172,172,172,172,172,172,172,172,172,172,172,172,172,172,172,22831,17403,
609,172,172,172,172,172,172,172,172,172,172,172,172,172,172,172,172,172,172,17454,4349,
610,172,172,172,172,172,172,172,172,172,172,172,172,172,172,172,172,172,172,30929,115,
611,115,172,115,172,172,172,172,172,172,172,172,172,172,172,172,172,172,172,34132,1513,
612,115,115,115,172,172,172,172,172,172,172,172,172,172,115,115,115,115,172,17719,28978,
613,115,115,115,115,115,172,115,115,115,115,115,115,115,465,172,115,115,115,32466,12672,
614,115,115,115,115,115,115,115,115,115,115,115,115,115,115,115,115,115,115,115,115,
615,115,115,115,115,115,115,115,115,115,115,115,115,115,115,115,115,115,115,115,115,
616,115,115,115,115,115,115,115,115,115,115,115,115,115,115,115,115,115,115,6058,22900,
617,115,115,115,115,115,115,115,115,115,6963,115,115,115,115,115,115,115,115,41643,49618,
618,115,115,115,115,115,115,115,115,115,115,115,115,115,115,115,115,115,115,115,47167,
619,115,115,115,115,115,115,115,115,115,115,115,115,115,115,115,115,115,115,28772,38537,
620,115,115,115,115,115,115,115,115,115,115,115,115,115,115,115,115,115,115,27754,115,
621,115,115,115,115,115,115,115,115,115,115,115,115,115,115,115,115,115,115,32024,38839,
622,115,115,115,115,115,115,115,115,115,115,115,115,115,115,115,115,115,115,10711,29058,
623,115,115,115,115,115,115,115,115,115,115,115,115,115,115,115,115,115,115,115,115,
624,115,115,115,115,115,115,115,115,115,115,115,115,115,115,115,115,115,115,21009,37467,
625,115,115,115,115,115,115,115,115,115,115,115,115,115,115,115,4412,115,115,56323,115,
626,115,115,115,115,115,115,115,115,115,115,115,115,115,115,115,115,115,115,3409,37850,
627,115,115,115,115,115,115,115,115,115,115,115,115,115,115,115,115,115,115,39294,115,
628,115,115,115,115,115,115,115,115,115,115,115,115,115,115,115,115,115,115,115,115,
629,115,115,115,115,115,115,115,115,115,115,115,115,115,115,115,115,115,115,47419,14411,
630,115,115,115,115,115,115,115,115,115,115,115,115,115,115,115,115,115,115,115,30634,
631,115,115,115,115,115,115,115,115,115,115,115,115,115,115,115,115,115,115,40831,38275,
632,115,115,115,115,115,115,115,115,115,115,115,115,115,115,115,115,115,115,115,115,
633,115,115,115,115,115,115,115,115,115,115,115,115,115,115,115,115,115,115,39971,43996,
634,115,115,115,115,115,115,115,115,115,115,115,115,115,115,115,115,115,115,17319,49940,
635,115,115,115,115,115,115,115,115,115,115,115,115,115,115,115,115,115,115,115,17622,
636,115,115,115,115,115,115,115,115,115,115,115,115,115,115,115,115,115,115,115,22388,
637,115,115,115,115,115,115,115,115,115,115,115,115,115,115,115,115,115,115,115,33189,
638,115,115,115,115,115,115,115,115,115,115,115,115,115,115,115,115,115,115,115,24194,
639,115,115,115,115,115,115,115,115,115,115,115,115,115,115,115,115,115,115,14836,51670,
640,115,115,115,115,115,115,115,115,115,115,4062,115,115,115,115,115,115,115,115,115,
641,115,115,115,115,115,115,115,115,115,115,115,115,115,115,115,115,115,115,115,7183,
642,115,115,115,115,115,115,115,115,115,115,115,115,115,115,115,115,115,115,115,115,
643,115,115,115,115,115,115,115,115,115,115,115,115,115,115,115,115,115,115,15835,48105,
644,115,115,115,115,115,115,115,115,115,115,115,115,115,115,115,115,115,115,56644,48863,
645,115,115,115,115,115,115,115,115,115,115,115,115,115,115,115,115,115,115,47090,11223,
646,115,115,115,115,115,115,115,115,115,115,115,115,115,115,115,115,115,115,16718,41164,
647,115,115,115,115,115,115,115,115,115,115,115,115,115,115,115,115,115,115,115,21819,
648,115,115,115,115,115,115,115,115,115,115,115,115,115,115,115,115,115,115,43728,50938,
649,115,115,115,115,115,115,115,115,115,115,115,4375,115,115,115,115,115,115,115,115,
650,115,115,115,115,115,115,115,115,115,115,115,115,115,115,115,115,115,115,115,12179,
651,115,115,115,115,115,115,115,115,115,115,115,115,115,115,115,115,115,115,115,3045,
652,115,115,115,115,115,115,115,115,115,115,115,115,115,115,115,115,115,115,53126,48936,
653,115,115,115,115,115,115,12709,115,115,115,115,115,115,115,12709,115,115,115,33719,31766,
654,115,115,115,115,115,115,115,115,115,115,115,115,115,115,115,115,115,115,51534,115,
655,115,115,115,115,115,115,115,115,115,115,115,115,115,115,115,115,115,115,115,115,
656,115,115,115,115,115,115,115,115,115,115,115,115,115,115,115,115,115,115,20341,32785,
657,115,115,115,115,115,115,115,115,115,115,115,115,115,115,115,115,115,115,38655,44583,
658,115,115,115,115,115,115,115,115,115,115,115,115,115,115,115,115,115,115,34464,115,
659,115,115,115,115,115,115,115,115,115,115,115,115,115,115,115,115,115,115,8097,115,
660,115,115,115,115,115,115,115,115,115,115,115,115,115,115,115,115,115,115,115,25993,
661,115,115,115,115,115,115,115,115,115,115,115,115,115,115,115,115,115,115,51351,115,
662,115,115,115,115,115,115,115,115,115,115,115,115,115,115,115,115,115,115,115,30907,
663,115,115,115,115,115,115,115,115,115,115,115,115,115,115,115,115,115,115,115,115,
664,115,115,115,115,115,115,115,115,115,115,115,115,115,115,115,115,115,115,13195,115,
665,115,115,115,115,115,115,115,115,115,115,115,115,115,115,115,115,115,115,16021,23988,
666,115,115,115,115,115,115,115,115,115,115,115,115,115,115,115,115,115,115,52655,115,
667,115,115,115,115,115,115,115,115,115,115,115,115,115,115,115,115,115,115,29456,115,
668,115,115,115,115,115,115,115,115,115,115,115,115,115,115,115,115,115,115,40380,33835,
669,115,115,115,115,115,115,115,115,115,115,115,115,115,115,115,115,115,115,115,36489,
670,115,115,115,115,115,115,115,115,115,115,115,115,115,115,115,115,115,115,115,25443,
671,115,115,115,115,115,115,115,115,115,115,115,115,115,115,115,115,115,115,115,42394,
672,115,115,115,115,115,115,115,115,115,115,115,115,115,115,115,115,115,115,115,46036,
673,115,115,115,115,115,115,115,115,115,115,115,115,115,115,115,115,115,115,50510,115,
674,115,115,115,115,115,115,115,115,115,115,115,115,115,115,115,115,115,115,28332,37912,
675,115,115,115,115,115,115,115,115,115,115,115,115,115,115,115,115,115,115,27190,40707,
676,115,115,115,115,115,115,115,115,115,115,115,115,115,115,115,115,115,115,15693,18129,
677,115,115,115,115,115,115,115,115,115,115,115,115,115,115,115,115,115,115,115,32988,
678,115,115,115,115,115,115,115,115,115,115,115,115,115,115,115,115,115,115,6121,4597,
679,115,115,115,115,115,115,115,115,115,115,115,115,115,115,115,115,115,115,49940,32857,
680,115,115,115,115,115,115,115,115,115,115,115,115,115,115,115,115,115,115,14499,115,
681,115,115,115,115,115,115,115,5964,115,115,115,115,115,115,115,115,115,115,40024,3059,
682,115,115,115,115,115,115,115,115,115,115,115,115,115,115,115,115,115,115,19128,26511,
683,115,115,115,115,115,115,115,115,6951,115,115,115,115,115,115,115,115,115,46477,30548,
684,115,115,115,5098,115,115,115,115,115,115,115,115,115,115,115,115,115,115,47584,39439,
685,115,115,115,115,115,115,115,115,115,115,115,115,115,115,115,115,115,115,35519,115,
686,115,115,115,115,115,115,115,115,115,115,115,115,115,115,115,115,115,115,14831,115,
687,115,115,115,115,115,115,115,115,115,115,115,115,115,115,115,115,115,115,22387,10779,
688,115,115,115,115,115,115,115,115,115,115,115,115,115,115,115,115,115,115,45725,460,
689,115,115,115,115,115,115,115,115,115,115,115,115,115,11842,115,115,115,115,7141,115,
690,115,115,115,115,115,115,115,115,115,115,115,115,115,115,115,115,115,115,56969,1034,
691,115,115,115,115,115,115,115,115,115,115,115,115,115,115,115,115,115,115,45738,115,
692,115,115,115,115,115,115,115,115,115,115,115,115,115,115,115,115,115,115,48240,115,
693,115,115,115,115,115,115,115,115,115,115,115,115,115,115,115,115,115,115,28757,115,
694,115,115,115,115,115,115,115,115,115,115,115,115,115,115,13577,115,115,115,53669,19648,
695,115,115,115,115,115,115,115,115,115,115,115,115,115,115,115,115,115,115,115,37816,
696,115,115,115,115,115,115,115,115,115,115,115,115,115,115,115,115,115,115,39051,46984,
697,115,115,115,115,115,115,115,115,115,115,115,115,115,115,115,115,115,115,53663,115,
698,115,115,115,115,115,115,115,115,115,115,115,115,115,115,115,115,115,115,51487,115,
699,115,115,115,115,115,115,115,115,115,115,115,115,115,115,115,115,115,2305,15221,56734,
700,115,115,115,115,115,115,115,115,115,115,115,115,115,115,115,115,115,115,115,23834,
701,115,115,115,115,115,115,115,115,115,115,115,115,115,115,115,115,115,115,115,2069,
702,115,115,115,115,115,115,115,115,115,115,115,115,115,115,115,115,115,115,115,34768,
703,115,115,115,115,115,115,115,115,115,115,115,115,115,115,115,115,115,115,40092,115,
704,115,115,115,115,115,115,115,115,115,115,115,115,115,115,115,115,115,115,115,33467,
705,115,115,115,115,115,115,115,115,115,115,115,115,115,115,115,115,115,115,36091,115,
706,115,115,115,115,115,115,115,115,115,115,115,115,115,115,115,115,115,115,115,115,
707,115,115,115,115,115,115,115,115,115,115,115,115,115,115,115,115,115,115,40889,20725,
708,115,115,115,115,115,115,115,115,115,115,115,115,115,115,115,115,115,115,23631,115,
709,115,115,115,115,115,115,115,115,115,115,115,115,115,115,115,115,115,115,2733,3535,
710,115,115,115,579,115,115,115,115,115,115,115,115,115,115,115,115,115,115,115,7134,
711,115,115,115,115,115,115,115,115,115,115,115,115,115,115,115,115,115,115,39666,39634,
712,115,115,115,115,115,115,115,115,115,115,115,115,115,115,115,115,115,115,115,49674,
713,115,115,115,115,115,115,115,115,115,115,115,115,115,115,115,115,115,115,5477,115,
714,115,115,115,115,115,115,115,115,115,115,115,115,115,115,115,115,115,115,53217,36820,
715,115,115,115,115,115,115,115,115,115,115,115,115,115,115,115,115,115,115,115,33591,
716,115,115,115,115,115,115,115,115,115,115,115,115,115,115,115,115,115,115,115,34499,
717,115,115,115,115,115,115,115,115,115,115,115,115,115,115,115,115,115,115,115,39862,
718,115,115,115,115,115,115,115,115,115,115,115,115,115,115,115,115,115,115,32675,48163,
719,115,115,115,115,115,115,115,115,115,115,115,115,115,115,115,115,115,115,4581,17071,
720,115,115,115,115,115,115,115,115,115,115,115,115,115,115,115,115,115,115,39944,18316,
721,115,115,115,115,115,115,115,115,115,115,115,115,115,115,115,115,115,115,38389,115,
722,115,115,115,115,115,115,115,115,115,115,115,115,115,115,115,115,115,115,45593,115,
723,115,115,115,115,115,115,115,115,115,115,115,115,115,115,115,115,115,115,11435,32450,
724,115,115,115,115,115,115,115,115,115,115,115,115,115,115,115,115,115,115,115,50561,
725,115,115,115,115,115,115,115,115,115,115,115,115,115,115,115,115,115,115,30567,115,
726,115,115,115,115,115,115,115,115,115,115,115,115,115,115,115,115,115,115,115,36574,
727,115,115,115,115,115,115,115,115,115,115,115,115,115,115,115,115,115,115,14920,43808,
728,115,115,115,115,115,115,115,115,115,115,115,115,115,115,115,115,115,115,115,16261,
729,115,115,115,115,115,115,115,115,115,115,115,115,115,115,115,115,115,115,11182,8618,
730,115,115,115,115,115,115,115,115,115,115,115,115,115,115,115,115,115,115,29705,115,
731,115,115,115,115,115,115,115,115,115,115,115,115,115,115,115,115,115,115,27318,115,
732,115,115,115,115,115,115,115,115,115,115,115,115,115,115,115,115,115,115,46419,115,
733,115,115,115,115,115,115,115,115,115,115,115,115,115,115,115,115,115,115,115,37787,
734,115,115,115,115,115,115,115,115,115,115,115,115,115,115,115,115,115,115,41533,26577,
735,115,115,115,115,115,115,115,115,115,115,115,115,115,115,115,115,115,115,115,21902,
736,115,115,115,115,115,115,115,115,115,115,115,115,115,115,115,115,115,115,115,115,
737,115,115,115,115,115,115,115,115,115,115,115,115,115,115,115,115,115,115,39675,115,
738,115,115,115,115,115,115,115,115,115,115,115,115,115,115,115,115,115,115,48313,20555,
739,115,115,115,115,115,115,115,115,115,115,115,115,8402,115,115,115,115,115,18961,223,
740,115,115,115,115,115,115,115,115,115,115,115,115,115,115,115,115,115,115,26482,115,
741,115,115,115,115,115,115,115,115,115,115,115,115,115,115,115,115,115,115,39110,38692,
742,115,115,115,115,115,115,115,115,115,115,115,115,115,115,115,115,115,115,4317,20386,
743,115,115,115,115,115,115,115,115,115,115,115,115,115,115,115,115,115,115,25374,10686,
744,115,115,115,115,115,115,115,115,115,115,115,115,115,115,115,115,115,115,13896,17372,
745,115,115,115,115,115,115,115,115,115,115,115,115,115,115,115,115,115,115,15274,33796,
746,115,115,115,115,115,115,115,115,115,115,115,115,115,115,115,115,115,115,115,28884,
747,115,115,115,115,115,115,115,115,115,115,115,115,115,115,115,115,115,115,54585,12743,
748,115,115,115,115,115,115,115,115,115,115,115,115,115,115,115,115,115,115,43329,47290,
749,115,115,115,115,115,115,115,115,115,115,115,115,115,115,115,115,115,115,115,41035,
750,115,115,115,115,115,115,115,115,115,115,115,115,115,115,115,115,115,115,50145,26944,
751,115,115,115,115,115,115,115,115,115,115,115,115,115,115,115,115,115,115,115,47478,
752,115,115,115,115,115,115,115,115,115,115,115,115,115,115,115,115,115,115,115,115,
753,115,115,115,115,115,115,115,115,115,115,115,115,115,115,115,115,115,115,46859,1861,
754,115,115,115,115,115,115,115,115,115,115,115,115,115,115,115,115,115,115,38564,33228,
755,115,115,115,115,115,115,115,115,115,115,115,115,115,115,115,115,115,115,45351,43529,
756,115,115,115,115,11416,115,115,115,115,115,115,115,115,115,115,115,115,115,24682,41443,
757,115,115,115,115,115,115,115,115,115,115,115,115,115,115,115,115,115,115,115,38613,
758,115,115,115,115,115,115,115,115,115,115,115,115,115,115,115,115,115,115,32124,115,
759,115,115,115,115,115,115,115,115,115,115,115,115,115,115,115,115,115,115,115,35547,
760,115,115,115,115,115,115,115,115,115,115,115,115,115,115,115,115,115,115,115,115,
761,115,115,115,115,115,115,115,115,115,115,115,115,115,115,115,115,115,115,115,115,
762,115,115,115,115,115,115,115,115,115,115,115,115,115,115,115,115,115,115,23570,25763,
763,115,115,115,115,115,115,115,115,115,115,115,115,115,115,115,115,1698,115,52413,48796,
764,115,115,115,115,115,115,115,115,115,115,115,115,115,115,115,115,115,115,40185,11657,
765,115,115,115,115,115,115,115,115,115,115,115,115,115,115,115,115,115,115,115,14890,
766,115,115,115,115,115,115,115,115,115,115,115,115,115,115,115,115,115,115,53781,115,
767,115,115,115,115,115,115,115,115,115,115,115,115,115,115,115,115,115,115,2715,115,
768,115,115,115,115,115,115,115,115,115,115,115,115,115,115,115,115,115,115,11417,40070,
769,115,115,115,115,115,115,115,115,115,115,115,115,3395,115,3395,115,115,115,115,42318,
770,115,115,115,115,115,115,115,115,115,115,115,115,115,115,115,115,115,115,2150,52958,
771,115,115,115,115,115,115,115,115,115,115,115,115,115,115,115,115,115,115,1068,17292,
772,115,115,115,115,115,115,115,115,115,115,115,115,115,115,115,115,115,115,904,3059,
773,115,115,115,115,115,115,115,115,115,115,115,115,115,115,115,115,115,115,36672,115,
774,115,115,115,115,115,115,115,115,115,115,115,115,115,115,115,115,115,115,19095,115,
775,115,115,115,115,115,115,115,115,115,115,115,115,115,115,115,115,115,115,44182,57690,
776,115,115,115,115,115,115,115,115,115,115,115,115,115,115,115,115,115,115,115,15389,
777,115,115,115,115,115,115,115,115,115,115,115,115,115,115,115,115,115,115,46091,115,
778,115,115,115,115,115,115,115,115,115,115,115,115,115,115,115,115,115,115,19084,43163,
779,115,115,115,115,115,115,115,115,115,115,115,115,115,115,115,115,115,115,115,29800,
780,115,115,115,115,115,115,115,115,115,115,115,115,115,115,115,115,115,115,115,45557,
781,115,115,115,115,115,115,115,115,115,115,115,115,115,115,11665,115,115,115,1247,115,
782,115,115,115,115,115,115,115,115,115,115,115,115,115,115,115,115,115,115,39820,115,
783,115,115,115,115,115,115,115,115,115,115,115,115,115,115,115,115,115,115,55757,39579,
784,115,115,115,115,115,115,115,115,6380,115,115,115,115,115,115,115,115,115,54972,25093,
785,115,115,115,6380,115,115,115,115,115,115,115,115,115,115,115,115,115,115,11973,35509,
786,115,115,115,115,115,115,115,115,115,115,115,115,115,115,115,115,115,115,37801,29492,
787,115,115,115,115,115,115,115,115,115,115,115,115,115,115,9039,115,115,115,115,37529,
788,115,115,115,115,115,115,115,115,115,115,115,115,115,115,115,115,115,115,115,115,
789,115,115,115,115,115,115,115,115,115,115,115,115,115,115,115,115,115,115,25305,115,
790,115,115,115,115,115,115,115,115,115,115,115,115,115,115,115,115,115,115,11798,115,
791,115,115,115,115,115,115,115,115,115,115,115,115,115,115,115,115,115,115,115,115,
792,115,115,115,115,115,115,115,115,115,115,115,115,115,115,115,115,115,115,115,115,
793,115,115,115,115,115,115,115,115,115,115,115,115,115,115,115,115,115,115,115,36720,
794,115,115,3843,115,115,115,115,115,115,115,115,115,115,115,115,115,115,115,47354,29111,
795,115,115,115,115,115,115,115,115,115,115,115,115,115,115,115,115,115,115,115,115,
796,115,115,115,115,115,115,115,115,115,115,115,115,115,115,115,115,115,115,31318,21445,
797,115,115,115,115,115,115,115,115,115,115,115,115,115,115,115,115,115,115,33361,5601,
798,115,115,115,115,115,115,115,115,115,115,115,115,115,115,115,115,115,115,115,115,
799,115,115,115,115,115,115,115,115,115,115,115,115,115,115,115,115,115,115,115,11336,
800,115,115,115,115,115,115,115,115,115,115,115,115,115,115,115,115,115,115,115,35399,
801,115,115,115,115,115,115,115,115,115,115,115,115,115,115,115,115,115,115,11760,29255,
802,115,115,115,115,115,115,115,115,115,115,115,115,115,115,115,115,115,115,46724,49108,
803,115,115,115,115,115,115,115,15475,115,115,115,115,115,115,115,115,115,115,42501,15541,
804,115,115,115,115,115,115,115,115,115,115,115,115,115,115,115,115,115,115,18428,34386,
805,115,115,115,115,115,115,115,115,115,115,115,115,115,115,115,115,115,115,115,32454,
806,115,115,115,115,115,115,115,115,115,115,115,115,115,115,115,115,115,115,56972,47685,
807,115,115,115,115,115,115,115,115,115,115,115,115,115,115,115,115,115,115,31847,41617,
808,115,115,115,115,115,115,115,115,115,115,115,115,115,115,115,115,115,115,35532,115,
809,115,115,115,115,115,115,115,115,115,115,115,115,115,115,115,115,115,115,12176,115,
810,115,115,115,115,115,115,115,115,115,115,115,115,115,115,115,115,115,115,8978,115,
811,115,115,115,115,115,115,115,115,115,115,115,115,115,115,115,115,115,115,115,20135,
812,115,115,115,115,115,115,115,115,115,115,115,115,115,115,115,115,115,115,40262,47716,
813,115,115,115,115,115,115,115,115,115,115,115,115,115,115,115,115,115,115,47820,5017,
814,115,115,115,115,115,115,115,115,115,19941,115,115,115,115,115,115,115,115,115,48657,
815,115,115,115,115,115,115,115,115,115,115,115,115,115,115,115,115,115,115,10520,115,
816,115,115,115,115,115,115,115,115,115,115,115,115,115,115,115,115,115,115,49397,115,
817,115,115,115,115,115,115,115,115,115,115,115,115,115,115,115,115,115,115,33127,16123,
818,115,115,115,115,115,115,115,115,115,115,115,115,115,115,115,115,115,115,115,115,
819,115,115,115,115,115,115,115,115,115,115,115,115,115,115,115,115,115,115,33705,50028,
820,115,115,115,115,115,115,115,115,115,115,115,115,115,115,115,115,115,115,18062,115,
821,115,115,115,115,115,115,115,115,115,115,115,115,115,115,115,115,115,115,44017,56283,
822,115,115,115,115,115,115,115,115,115,115,115,115,115,115,115,115,115,115,7912,115,
823,115,115,115,115,115,115,115,115,115,115,115,115,115,115,115,115,115,115,22475,57042,
824,115,115,115,115,115,115,115,115,115,115,115,115,115,115,115,115,115,115,115,52282,
825,115,115,115,115,115,115,115,115,115,115,115,115,115,115,115,115,115,115,115,17849,
826,115,115,115,115,115,115,115,115,115,115,115,115,115,115,115,115,115,115,115,43246,
827,115,115,115,115,115,115,115,115,115,115,4187,115,115,115,115,115,115,115,45628,31233,
828,115,115,115,115,115,115,115,115,115,115,115,115,115,115,115,115,115,115,115,115,
829,115,115,115,115,115,115,115,115,115,115,115,115,115,115,115,115,115,115,41811,50033,
830,115,115,115,115,115,115,115,115,115,115,115,115,115,115,115,115,115,115,17337,45833,
831,115,115,115,115,115,115,115,115,115,115,115,115,115,115,115,115,115,115,115,17933,
832,115,115,115,115,115,115,115,115,115,115,115,115,115,115,115,115,115,115,30497,52744,
833,115,115,115,115,115,115,115,115,115,115,115,115,115,115,115,115,115,115,115,19058,
834,115,115,115,115,115,115,115,115,115,115,115,115,115,115,115,115,115,115,10391,50215,
835,115,115,115,115,115,115,115,115,115,115,115,115,115,115,115,115,115,115,115,40718,
836,115,115,115,115,115,115,115,115,115,115,115,115,115,115,115,115,115,115,115,115,
837,115,115,115,115,115,115,115,115,115,115,115,115,115,115,115,115,115,115,39311,115,
838,115,115,115,13387,115,115,115,115,115,115,115,115,115,115,115,115,115,115,41733,16577,
839,115,115,115,115,115,115,115,115,115,115,115,115,115,115,115,115,115,115,115,20816,
840,115,115,115,115,115,115,115,115,115,115,115,115,115,115,115,115,115,115,22558,34604,
841,115,115,115,115,115,115,115,115,115,115,115,115,115,115,115,115,115,115,20552,42727,
842,115,115,115,115,115,115,115,115,115,115,115,115,115,115,115,115,115,115,115,4312,
843,115,115,115,115,115,115,115,115,115,115,115,115,115,115,115,115,115,115,115,16162,
844,115,115,115,115,115,115,115,115,115,115,115,115,115,115,115,115,115,115,39047,1765,
845,115,115,115,115,115,115,115,115,115,115,115,115,115,115,115,115,115,115,41336,115,
846,115,115,115,115,115,115,115,115,115,115,115,115,115,115,115,115,115,115,115,564,
847,115,115,115,115,115,115,115,115,115,115,115,115,115,115,115,115,115,115,42747,36553,
848,115,115,115,115,115,115,115,115,115,115,4381,115,115,115,115,115,115,115,38652,34898,
849,115,115,115,115,115,115,115,115,115,115,115,115,115,115,115,115,115,115,5042,20110,
850,115,115,115,115,115,115,115,115,115,115,115,115,115,115,115,115,115,115,16642,55147,
851,115,115,115,115,115,115,115,115,115,115,115,115,115,115,115,115,115,115,38052,115,
852,115,115,115,115,115,115,115,115,115,115,115,115,115,115,115,115,115,115,39424,54725,
853,115,115,115,115,115,115,115,115,115,115,115,115,115,115,115,115,115,115,115,2957,
854,115,115,115,115,115,115,115,115,115,115,115,115,115,115,115,115,115,115,50948,12613,
855,115,115,115,115,115,115,115,115,115,115,115,115,115,115,115,115,115,115,115,23280,
856,115,115,115,115,115,115,115,115,115,115,115,115,115,115,115,115,115,115,24078,115,
857,115,115,115,115,115,115,115,115,115,115,115,115,115,115,115,115,115,115,115,115,
858,115,115,115,115,115,115,115,115,115,115,115,115,115,115,115,115,115,115,46612,56936,
859,115,115,115,115,115,115,115,115,115,115,115,115,115,115,115,115,115,115,115,14001,
860,115,115,115,115,115,115,115,115,115,115,115,115,115,115,115,115,115,115,32677,115,
861,115,115,115,115,115,115,115,115,115,115,115,115,115,115,115,115,115,115,31761,31199,
862,115,115,115,115,115,115,115,115,115,115,115,115,115,115,115,115,115,115,37071,40523,
863,115,115,115,115,115,115,115,115,115,115,115,115,115,115,115,115,115,115,115,36110,
864,115,115,115,115,115,115,115,115,115,115,115,115,115,115,115,115,115,115,33175,22020,
865,115,115,115,115,115,115,115,115,115,115,115,115,115,115,115,115,115,115,47167,115,
866,115,115,115,115,115,115,115,115,115,115,115,115,115,115,115,115,115,115,15609,29024,
867,115,115,115,115,115,115,115,115,115,115,115,115,115,115,115,115,115,115,115,28155,
868,115,115,115,115,115,115,115,115,115,115,115,115,115,115,115,115,115,115,32287,27495,
869,115,115,115,115,115,115,115,115,115,115,115,115,115,115,115,115,115,115,42870,115,
870,115,115,115,115,115,115,115,115,115,115,115,115,115,115,115,115,115,115,17650,40420,
871,115,115,115,115,115,115,115,115,115,115,115,115,115,115,115,115,115,115,25702,30138,
872,115,115,115,115,115,115,115,115,115,115,115,115,115,115,115,115,115,115,115,18602,
873,115,115,115,115,115,115,115,115,115,115,115,115,115,115,115,115,115,115,29588,115,
874,115,115,115,115,115,115,115,115,115,115,115,115,115,115,115,115,115,115,1507,52398,
875,115,115,115,115,115,115,115,115,115,115,115,115,115,23409,115,115,115,26146,13112,922,
876,115,115,115,115,115,115,115,115,115,115,115,115,115,115,115,115,115,115,13534,59041,
877,115,115,115,115,115,115,115,115,115,115,115,115,115,115,115,115,115,115,115,115,
878,115,115,115,115,115,115,115,115,115,115,115,115,115,115,115,115,115,115,58210,41771,
879,115,115,10786,115,115,115,115,115,115,115,115,115,115,115,115,115,115,115,32305,13302,
880,115,115,115,115,115,115,115,115,115,115,115,115,115,115,115,115,115,115,115,13631,
881,115,115,115,115,115,115,115,115,115,115,115,115,115,115,115,115,115,115,28010,39428,
882,115,115,115,115,115,115,115,115,115,115,115,115,115,115,115,115,115,115,115,115,
883,115,115,115,115,115,115,115,115,115,115,115,115,115,115,115,115,115,115,23752,35071,
884,115,115,115,115,115,115,115,115,115,115,115,115,115,115,115,115,115,115,44702,115,
885,115,115,115,115,115,115,115,115,115,115,115,115,115,115,115,115,115,115,18089,115,
886,115,115,115,115,115,115,115,115,115,115,115,115,115,115,115,115,115,115,32348,115,
887,115,115,115,115,115,115,115,115,115,115,115,115,115,115,115,115,115,115,31879,12102,
888,115,115,115,115,115,115,115,115,115,115,115,115,115,115,115,115,115,115,49723,31181,
889,115,115,115,115,115,115,115,115,115,115,115,115,115,115,115,115,115,115,115,115,
890,115,115,115,115,115,115,115,115,115,115,115,115,115,115,115,115,115,115,115,115,
891,115,115,115,115,115,115,115,115,115,115,115,115,115,115,115,115,115,115,45348,50090,
892,115,115,115,115,115,115,115,115,115,115,115,115,115,115,115,115,115,115,34341,34056,
893,115,115,115,115,115,115,115,115,115,115,115,115,115,115,115,115,115,115,9677,52748,
894,115,115,115,115,115,115,115,115,115,115,115,115,115,115,12266,115,115,115,26874,115,
895,115,115,115,115,115,115,115,115,115,115,115,115,115,115,115,115,115,115,35919,38283,
896,115,115,115,115,115,115,115,115,115,115,115,115,115,115,115,115,115,115,10623,45226,
897,115,115,115,115,115,115,115,115,115,115,115,115,115,115,115,115,115,115,45668,16301,
898,115,115,22152,115,115,115,115,115,22152,115,115,115,115,22152,115,115,115,115,24268,115,
899,115,115,115,115,115,115,115,115,115,115,115,115,115,115,115,115,115,115,115,11892,
900,115,115,115,115,115,115,115,115,115,115,115,115,115,115,115,115,115,115,20592,14541,
901,115,115,115,115,115,115,115,115,115,115,115,115,115,115,115,115,115,115,115,44650,
902,115,115,115,115,115,115,115,115,115,115,115,115,115,115,115,115,115,115,115,34435,
903,115,115,115,115,115,115,115,115,115,115,115,115,115,115,115,115,115,115,115,115,
904,115,115,115,115,115,115,115,115,115,115,115,115,115,115,115,115,115,115,40858,115,
905,115,115,115,115,115,115,115,115,115,115,115,115,115,115,115,115,115,115,10440,115,
906,115,115,115,115,115,115,115,115,115,115,115,115,115,115,115,115,115,115,24219,57188,
907,115,115,115,115,115,115,115,115,115,115,115,115,115,115,115,115,115,115,47486,115,
908,115,115,115,115,115,115,115,115,115,115,115,115,115,115,115,115,115,115,22099,115,
909,115,115,115,115,115,115,115,115,115,115,115,115,115,115,115,115,115,115,40831,20260,
910,115,115,115,115,115,115,115,115,115,115,115,115,115,115,115,115,115,115,39636,31390,
911,115,115,115,115,115,115,115,115,115,115,115,115,115,115,115,115,115,115,16145,1469,
912,115,115,115,115,115,115,115,115,115,115,115,115,115,115,115,115,115,115,36136,20970,
913,115,115,115,115,115,115,115,115,115,115,115,115,115,115,115,115,115,115,20041,16378,
914,115,115,115,115,115,115,115,115,115,115,115,115,115,115,115,115,115,115,115,41204,
915,115,115,115,115,115,115,115,115,115,115,115,115,115,115,115,115,115,115,36296,4982,
916,115,115,115,115,115,115,115,115,115,115,115,115,115,115,115,115,115,115,15382,21203,
917,115,115,115,115,115,115,115,115,115,115,115,115,115,115,115,115,115,115,59390,115,
918,115,115,115,115,115,115,115,115,115,115,115,115,115,16732,115,115,115,115,23619,115,
919,115,115,115,115,115,115,115,115,115,115,115,115,115,115,115,115,115,115,115,46083,
920,115,115,115,115,115,115,115,115,115,115,115,115,115,115,115,115,115,115,45728,6846,
921,115,115,115,115,115,115,115,115,115,115,115,115,115,115,115,115,115,115,8338,115,
922,115,115,115,115,115,115,115,115,115,115,115,115,115,115,115,115,115,115,23445,26175,
923,115,115,115,115,115,115,115,115,115,115,115,115,115,115,115,115,115,115,115,115,
924,115,115,115,115,115,115,115,115,115,115,115,115,115,115,115,115,115,115,28379,25324,
925,115,115,115,115,115,115,115,115,115,115,115,115,115,115,115,115,115,115,115,30827,
926,115,115,115,115,115,115,115,115,115,115,115,115,115,115,115,115,115,115,20471,22413,
927,115,115,115,115,115,115,115,115,115,115,115,115,115,115,115,115,115,115,38178,115,
928,115,115,115,115,115,115,115,115,115,115,115,115,115,115,115,115,115,115,10188,115,
929,115,115,115,115,115,115,115,115,115,115,115,115,115,115,115,115,115,115,47350,8438,
930,115,115,115,115,115,115,115,115,115,115,115,115,115,115,115,115,115,115,21531,115,
931,115,115,115,115,115,115,115,115,115,115,115,115,115,115,115,115,115,115,27267,115,
932,115,115,115,115,115,115,115,115,115,115,115,115,115,115,115,115,115,115,115,24421,
933,115,115,115,115,115,115,115,115,115,115,115,115,115,115,115,115,115,115,25685,984,
934,115,115,115,115,115,115,115,115,115,115,115,115,115,115,115,115,115,115,26276,115,
935,115,115,115,115,115,115,115,115,115,115,115,115,115,115,115,115,115,115,22732,115,
936,115,115,115,115,115,115,115,115,115,115,115,115,115,115,115,115,115,115,51072,48793,
937,115,115,115,115,115,115,115,115,115,115,115,115,115,115,115,115,115,115,30934,115,
938,115,115,115,115,115,115,115,115,115,115,115,115,115,115,115,115,115,115,115,15737,
939,115,115,115,115,115,115,115,115,115,115,115,115,115,115,115,115,115,115,115,115,
940,115,115,115,115,115,115,115,115,115,115,115,115,115,115,115,115,115,115,11860,18507,
941,115,115,115,115,115,115,115,115,115,115,115,115,115,115,115,115,115,115,611,115,
942,115,115,115,115,115,115,115,115,115,115,115,115,115,115,115,115,115,115,44781,39379,
943,115,115,115,115,115,115,115,115,115,115,115,115,115,115,115,2881,115,115,115,46169,
944,115,115,115,115,115,115,115,115,115,115,115,115,115,115,115,115,115,115,115,14443,
945,115,115,115,115,115,115,115,115,115,115,115,115,115,115,115,115,115,115,115,27486,
946,115,115,115,115,115,115,115,115,115,115,115,115,115,115,115,115,115,115,57419,115,
947,115,115,115,115,115,115,115,115,115,115,115,115,115,115,115,115,115,115,1188,115,
948,115,115,115,115,115,115,115,115,115,115,115,115,115,115,115,115,115,115,115,48369,
949,115,115,115,115,115,115,115,115,115,115,115,115,115,115,115,115,115,115,115,115,
950,115,115,115,115,115,115,115,115,115,115,115,115,115,115,115,115,115,115,115,47886,
951,115,115,115,115,115,115,115,115,115,115,115,115,115,115,115,115,115,115,115,40837,
952,115,115,115,115,115,115,115,115,1740,115,115,115,115,115,115,115,115,115,115,115,
953,115,115,115,115,115,115,115,115,115,115,115,115,115,115,115,115,115,115,16009,18248,
954,115,115,115,115,115,115,115,115,115,115,115,115,115,115,115,115,115,115,115,46197,
955,115,115,115,115,115,115,115,115,115,115,6815,115,115,115,115,115,115,115,30486,115,
956,115,115,115,115,115,115,115,115,115,115,115,115,115,115,115,115,115,115,736,115,
957,115,115,115,115,115,115,115,115,115,115,115,115,115,115,115,115,115,115,115,115,
958,115,115,115,115,115,115,115,115,115,115,115,115,115,115,115,115,115,115,115,48905,
959,115,115,115,115,115,115,115,115,115,115,115,115,115,115,115,115,115,115,35692,29270,
960,115,115,115,115,115,115,115,115,115,115,115,115,115,115,115,115,115,115,25778,55748,
961,115,115,115,115,115,115,115,115,115,115,115,115,115,115,115,115,115,115,115,41672,
962,115,115,115,115,115,115,115,115,115,115,115,115,115,115,115,115,115,115,115,51244,
963,115,115,115,115,115,115,115,115,115,115,115,115,115,115,115,115,115,115,115,29404,
964,115,115,115,115,115,115,115,115,115,115,115,115,115,115,115,115,115,115,115,36548,
965,115,115,115,115,115,115,115,115,115,115,115,115,115,115,115,115,115,115,115,50700,
966,115,115,115,115,115,115,115,115,115,115,115,115,115,115,115,115,115,115,15677,37037,
967,115,115,115,115,115,115,115,115,115,115,115,115,115,115,115,115,115,115,39686,20189,
968,115,115,115,115,115,115,115,115,115,115,115,115,115,115,115,115,115,115,2080,44061,
969,115,115,115,115,115,115,115,115,115,115,115,115,115,115,115,115,115,115,22151,33683,
970,115,115,115,115,115,115,115,115,115,115,115,115,115,115,115,115,115,115,31050,115,
971,115,115,115,115,115,115,115,115,115,115,115,115,115,115,115,115,115,115,115,22644,
972,115,115,115,115,115,115,115,115,115,115,115,115,115,115,115,115,115,115,27141,55090,
973,115,115,115,115,115,115,115,115,115,115,115,115,115,115,115,115,115,115,44942,33808,
974,115,115,115,115,115,115,115,115,115,115,115,7529,115,115,115,115,115,115,58046,115,
975,115,115,115,115,115,115,15445,115,115,115,115,115,6218,115,115,115,115,115,53367,115,
976,115,115,115,115,115,115,115,115,115,115,115,115,115,115,115,115,115,115,32312,115,
977,115,115,115,115,115,115,115,115,115,115,115,115,115,115,115,115,115,115,115,115,
978,115,115,115,115,115,115,115,115,115,115,115,115,115,115,115,115,115,115,115,42700,
979,115,115,115,115,115,115,115,115,115,115,115,115,115,115,115,115,115,115,29834,43153,
980,115,115,115,115,115,115,115,115,115,115,115,115,115,115,115,115,115,115,18426,115,
981,115,115,115,115,115,115,115,115,115,115,115,115,115,115,115,115,115,115,27759,115,
982,115,115,115,115,115,115,115,115,115,115,115,115,115,115,115,115,115,115,115,32010,
983,115,115,115,115,115,115,115,115,115,115,115,115,115,115,115,115,115,115,3926,4012,
984,115,115,115,115,115,115,115,115,115,115,115,115,115,115,115,115,115,115,115,115,
985,115,115,115,115,115,115,115,115,115,115,115,115,115,115,115,115,115,115,115,115,
986,115,115,115,115,115,115,115,115,115,115,115,115,115,115,115,115,115,115,31692,41484,
987,115,115,115,115,115,115,115,115,115,115,115,115,115,115,115,115,115,115,115,20170,
988,115,115,115,115,115,115,115,115,115,115,115,115,115,115,115,115,115,115,115,115,
989,115,115,115,115,115,115,115,115,115,115,115,115,115,115,115,115,115,115,115,115,
990,115,115,115,115,115,115,115,115,115,115,115,115,115,115,115,115,115,115,115,21010,
991,115,115,115,115,115,115,115,115,115,115,115,115,115,115,115,115,115,115,115,31064,
992,115,115,115,115,115,115,115,115,115,115,115,115,115,115,115,115,115,115,13332,115,
993,115,115,115,115,115,115,115,115,115,115,115,115,115,115,115,115,115,115,115,115,
994,115,115,115,115,115,115,115,115,115,115,115,115,115,115,115,115,115,115,5666,115,
995,115,115,115,115,115,115,115,115,115,115,115,115,115,115,115,115,115,115,47180,38518,
996,115,115,115,115,115,115,115,115,115,115,115,115,115,115,115,115,115,115,48996,23830,
997,115,115,115,115,115,115,115,115,115,115,115,115,115,115,115,115,115,115,4582,115,
998,115,115,115,115,115,115,115,115,115,115,115,115,115,115,115,115,115,115,32251,7826,
999,115,115,115,115,115,115,115,115,115,115,115,115,115,115,115,115,115,115,115,115,
1000,115,115,115,115,115,115,115,115,115,115,115,115,115,115,115,115,115,115,115,48316,
