1,13811,48986,39908,24514,8005,7811,11525,37495,33191,6587,36471,35890,35295,39656,952,15591,34656,10082,13840,26913,
2,952,6587,577,6658,167,547,3177,4655,167,1705,18271,4392,42179,12163,513,16386,21503,167,11542,1018,
3,167,167,167,167,281,167,167,167,167,167,167,33336,167,41748,34659,54258,2226,35687,26275,36259,
4,167,167,167,167,167,167,167,167,167,167,167,25487,34147,167,41526,167,167,28578,27072,167,
5,167,167,167,167,167,167,167,167,167,167,167,46288,22661,55430,167,167,167,167,51736,167,
6,167,167,167,167,167,167,167,167,167,167,167,56918,52256,45909,167,13123,167,167,167,35932,
7,167,167,167,167,167,167,167,167,167,167,48921,56754,167,167,19274,12285,13484,23369,167,167,
8,167,167,167,167,167,167,167,167,167,167,17553,59881,29891,167,167,22124,22028,167,27112,167,
9,167,167,167,167,167,167,167,167,167,167,10492,167,13374,40585,167,167,26723,167,57516,33768,
10,167,167,167,167,167,167,167,167,167,167,167,57658,167,167,167,167,167,38165,36108,167,
11,167,167,167,167,167,167,167,167,167,167,50282,167,53614,12820,167,34985,167,167,167,27225,
12,167,167,167,167,167,167,167,167,167,167,167,167,167,55578,167,53950,167,167,167,167,
13,167,167,167,167,167,167,167,167,167,167,167,167,42354,167,40954,47633,41473,15766,33456,57472,
14,167,167,167,167,167,167,167,167,167,167,21465,167,167,167,167,167,167,167,167,167,
15,167,167,167,167,167,167,167,167,167,167,167,35201,167,25243,167,22665,167,52148,32335,167,
16,167,167,167,167,167,167,167,167,167,167,10303,15111,21294,13935,32850,167,58979,167,9646,167,
17,167,167,167,167,1069,167,167,167,167,167,28979,167,38125,51713,56818,167,36264,40083,17307,167,
18,167,167,167,167,167,167,167,167,167,167,11390,167,13432,14262,31138,20062,167,52834,50679,167,
19,167,167,167,167,167,167,167,167,167,167,167,167,52474,24748,28464,37486,10953,167,20855,167,
20,167,167,167,167,167,167,167,167,167,167,23211,49617,167,37266,167,167,167,29498,21073,167,
21,167,167,167,167,167,167,167,167,167,167,167,167,167,167,55228,46955,35961,167,59005,167,
22,167,167,167,167,167,167,167,167,167,167,167,55204,167,167,167,31117,167,35007,34817,41184,
23,167,167,167,167,167,167,167,167,167,167,27853,167,26753,35491,167,167,53885,167,167,167,
24,167,167,167,167,167,167,167,167,167,167,21788,167,167,18765,12468,16177,13493,47557,167,167,
25,167,167,167,167,167,167,167,167,167,167,167,167,17123,56854,12052,42227,48029,52992,167,23754,
26,167,167,167,167,167,167,167,167,167,167,167,49694,49815,167,167,13296,167,35462,167,41662,
27,167,167,167,167,167,167,167,167,167,167,62335,40833,167,167,167,36945,167,44744,32897,167,
28,167,167,167,167,167,167,167,167,167,167,49690,39088,38910,54564,19431,167,167,42795,15288,10206,
29,167,167,167,167,167,167,167,167,167,167,56891,167,16942,46303,49992,34497,31521,167,45497,167,
30,167,167,167,167,167,167,167,167,167,167,24397,167,167,18879,13457,167,25060,167,167,167,
31,167,167,167,167,167,167,167,167,167,167,167,21055,52502,46125,17805,37309,167,167,167,167,
32,167,167,167,167,167,167,167,167,167,167,167,14850,12677,167,167,167,167,167,167,167,
33,167,167,167,167,167,167,167,167,167,167,167,18343,17935,167,167,167,167,167,167,53386,
34,167,167,167,167,167,167,167,167,167,167,167,167,167,50855,41389,36122,37506,53382,27103,13009,
35,167,167,167,167,167,167,167,167,167,167,36782,167,167,17720,42146,167,167,50483,167,12331,
36,167,167,167,167,167,167,167,167,6920,167,167,167,167,18183,50022,167,36041,25635,29053,42359,
37,167,167,167,167,167,167,167,167,167,167,167,39054,55504,55290,167,167,57206,40412,167,57287,
38,167,167,167,167,167,167,167,167,167,167,58249,49198,12113,167,167,51467,167,167,167,167,
39,167,167,167,167,167,167,167,167,167,167,167,167,167,35095,167,47893,167,36251,167,167,
40,167,167,167,167,167,6531,167,167,167,167,46120,20601,22502,60158,167,25448,32728,167,167,167,
41,167,167,167,167,167,167,167,167,167,167,36651,167,52090,167,167,167,12981,31209,42032,47872,
42,167,167,167,167,167,167,167,167,167,167,167,167,32872,53771,31549,39648,167,167,30626,27860,
43,167,167,167,167,167,167,167,167,167,167,167,52945,167,167,41432,167,167,27607,167,167,
44,167,167,167,167,167,167,167,167,167,167,44701,53248,167,36922,167,14075,167,57038,167,167,
45,167,167,167,167,167,167,167,167,167,167,167,167,167,167,10625,46220,167,167,167,22919,
46,167,167,167,167,167,167,167,167,167,167,25027,52988,35698,35726,54947,167,34619,167,19034,28250,
47,167,167,167,167,167,167,167,167,167,167,167,167,167,43381,167,35648,167,58199,35729,57985,
48,167,167,167,167,167,167,167,167,167,167,167,17716,17851,167,44035,167,39100,167,167,167,
49,167,167,167,167,167,167,167,167,167,167,167,167,49805,36505,167,51696,27307,49429,56783,167,
50,167,167,167,167,167,167,167,167,167,167,51582,44696,167,167,167,167,167,167,167,167,
51,167,167,167,167,167,167,167,167,167,167,49783,167,167,30942,167,167,167,167,167,23477,
52,167,167,167,167,167,167,167,167,167,167,43068,167,167,167,53456,55363,27889,167,45820,167,
53,167,167,167,167,167,167,167,167,167,167,167,167,52727,167,167,39327,27934,47405,167,167,
54,167,167,167,167,167,167,167,167,167,167,167,49536,33263,167,167,167,167,47166,41913,36751,
55,167,167,167,167,167,167,167,167,167,167,47463,167,27267,43453,44227,167,32725,51333,167,167,
56,167,167,167,167,167,167,167,167,167,167,167,28946,33053,167,167,167,20550,17746,167,167,
57,167,167,167,167,167,167,167,167,167,167,167,167,20046,51904,167,167,33469,167,167,49653,
58,167,167,167,167,167,167,167,167,167,167,167,167,14045,44959,52758,167,45002,47208,167,12238,
59,167,167,167,167,167,167,167,167,167,167,23565,56177,167,25345,167,38419,167,34251,167,167,
60,167,167,167,167,167,167,167,167,167,167,167,33538,167,39263,42754,21338,167,41482,49855,167,
61,167,167,167,167,167,167,167,167,167,167,167,167,167,167,167,167,20695,167,167,19702,
62,167,167,167,167,167,167,167,167,167,167,42880,45298,167,22622,167,167,39559,167,17541,22647,
63,167,167,167,167,167,167,167,167,167,167,26919,167,167,167,24474,167,29915,37693,37968,167,
64,167,167,167,167,167,167,167,167,167,167,38568,47941,52388,39017,167,167,167,167,45951,167,
65,167,167,167,167,167,167,167,167,167,167,167,167,167,167,44764,33562,167,167,167,167,
66,167,167,167,167,167,167,167,167,167,167,167,43744,40075,167,34947,167,17912,167,167,167,
67,167,167,167,167,167,167,167,167,167,167,167,36687,167,167,35783,49469,49195,56337,31496,167,
68,167,167,167,167,167,167,167,167,167,167,50974,167,23698,53172,1382,167,39912,41696,38378,43999,
69,167,167,167,167,167,167,167,167,167,167,10332,14059,167,167,167,167,25045,167,42824,167,
70,167,167,167,167,167,167,167,167,167,167,167,40420,33452,167,167,15075,13334,167,167,29735,
71,167,167,167,167,167,167,167,167,167,167,167,167,34925,167,15346,167,167,49497,56874,30093,
72,167,167,167,167,167,167,167,167,167,167,20315,167,167,167,36229,167,167,45932,45328,23806,
73,167,167,167,167,167,167,167,167,167,167,25598,38396,26945,167,37497,47975,167,167,48095,55820,
74,167,167,167,167,167,11219,167,167,167,167,15567,167,167,167,167,47790,25022,17640,45628,167,
75,167,167,167,167,167,167,167,167,167,167,29780,39771,42374,26639,167,24488,33873,24447,167,50997,
76,167,167,167,167,167,167,167,167,167,167,24013,59060,42348,167,40555,30531,52793,167,167,167,
77,167,167,167,167,167,167,167,167,167,167,167,167,167,38672,167,49014,35450,167,167,167,
78,167,167,167,167,167,167,167,167,167,167,167,19450,167,167,167,167,167,34632,167,167,
79,167,167,167,167,167,167,167,167,167,167,12783,38007,39626,23010,42471,167,167,14756,167,167,
80,167,167,167,167,167,167,167,18304,18304,167,167,167,167,36256,167,167,167,167,32300,46776,
81,167,167,167,167,167,167,167,167,167,167,40809,167,167,167,167,52856,17740,58785,51858,167,
82,167,167,167,167,167,167,167,167,167,167,10489,51085,46221,167,39859,167,57380,15737,167,24758,
83,167,167,167,167,167,167,167,167,167,167,167,49085,44551,43811,20238,52458,167,167,167,57400,
84,167,167,167,167,167,167,167,167,167,167,29162,41184,20108,10720,167,167,36884,167,32080,49152,
85,167,167,167,167,167,167,167,167,167,167,34745,167,167,167,167,167,167,22200,51844,29572,
86,167,167,167,167,167,10896,167,167,167,167,167,57648,10116,167,43761,40645,167,167,167,167,
87,167,167,167,167,30276,167,167,167,167,167,46833,167,48617,167,39120,16654,46684,167,50831,167,
88,167,167,167,167,167,167,167,167,167,167,21441,44601,167,167,167,167,167,28413,23444,43101,
89,167,167,167,167,167,167,167,167,167,167,167,45951,167,167,167,167,45628,27301,167,38731,
90,167,167,167,167,167,167,167,167,167,167,167,55644,167,57896,26870,30440,167,167,167,167,
91,167,167,167,167,167,167,167,167,167,167,167,40346,167,167,167,167,167,33124,37285,46117,
92,167,167,167,167,167,167,167,167,167,167,35396,167,41826,18730,55357,167,167,167,34723,167,
93,167,167,167,167,167,167,167,167,167,167,167,167,167,167,12309,22337,13406,23115,34851,167,
94,167,167,167,167,167,167,167,167,167,167,40934,167,30162,167,50082,56849,29368,59988,167,45320,
95,167,167,8877,167,167,167,167,167,1275,167,15605,40616,167,167,50323,7710,167,167,13286,42919,
96,167,167,167,167,167,167,167,167,167,167,47637,58077,12694,53721,46725,21706,36592,25106,167,167,
97,167,167,167,167,167,167,167,167,167,167,21162,167,167,33523,42950,42507,10167,40340,167,18484,
98,167,167,167,167,167,167,167,167,167,167,58255,34205,167,58178,167,167,167,167,167,167,
99,167,167,167,167,167,167,167,167,167,167,167,44159,167,54215,167,13554,8562,12808,167,30598,
100,167,167,167,167,167,167,167,167,167,167,167,167,167,46621,167,55627,19826,167,167,167,
101,167,167,167,167,167,167,167,167,167,167,167,167,57260,167,167,24745,44602,36439,6206,167,
102,167,167,167,167,167,167,167,167,167,167,167,167,30535,167,167,51998,21546,167,167,47778,
103,167,167,167,7477,167,167,167,167,167,167,29481,167,167,34861,167,167,21464,167,167,167,
104,167,167,167,167,167,167,167,167,167,167,167,167,12093,167,52665,11586,167,55286,167,20370,
105,167,167,167,167,167,167,167,167,167,167,167,167,167,167,167,167,10147,32475,167,10452,
106,167,167,167,167,167,167,167,167,167,167,53219,167,167,56257,167,29321,34940,12150,56684,26735,
107,167,167,167,167,167,167,167,167,167,167,10398,52372,13780,167,167,167,167,167,40429,37594,
108,167,167,167,167,167,167,167,167,167,167,167,57714,167,167,42813,58963,26716,48565,44348,17281,
109,167,167,167,167,167,167,167,167,167,167,167,167,48389,167,25154,167,167,167,167,50411,
110,167,167,167,167,167,167,167,167,167,167,167,31302,25150,53975,167,27629,52723,54882,11693,167,
111,167,167,15656,167,167,167,167,167,167,167,30816,167,167,167,33628,50925,167,54132,48691,167,
112,167,167,167,167,167,167,167,167,167,167,25892,13833,50263,39245,167,56195,167,57408,167,167,
113,167,167,167,167,167,167,167,167,167,167,38915,12515,16268,20987,167,167,15739,167,48503,28066,
114,167,167,167,167,167,2662,167,167,167,167,167,167,20787,16505,50144,167,167,13454,167,32965,
115,167,167,167,167,167,167,167,167,167,167,167,40703,52548,52725,28785,36127,167,47077,167,53998,
116,167,167,167,167,167,167,167,167,167,167,50478,26330,24854,45279,167,167,167,167,20414,167,
117,167,167,167,167,167,167,167,167,167,167,35024,55225,11109,167,33370,32216,167,167,167,167,
118,167,167,167,167,167,167,167,167,167,167,167,167,167,167,167,31610,54562,45166,6617,167,
119,167,167,167,167,167,167,167,167,167,167,167,31805,38646,37348,49504,167,167,31466,167,19279,
120,167,167,167,167,167,167,167,167,167,167,167,57474,167,26338,167,58730,167,167,167,167,
121,167,167,167,167,167,167,167,167,167,167,167,167,167,18604,49202,167,57511,50922,167,30701,
122,167,167,6817,167,167,167,167,167,6817,167,167,28159,167,28531,167,57424,30532,26079,167,167,
123,167,167,167,167,167,167,167,167,167,167,52717,30144,167,56141,167,43205,58595,51671,29247,37487,
124,167,167,167,167,167,167,167,167,167,167,43249,51056,167,167,167,34197,167,167,45639,11834,
125,167,167,167,167,167,167,167,167,167,167,167,167,20433,48173,33064,167,167,167,167,52779,
126,167,167,167,167,167,167,167,167,167,167,32317,167,167,167,49899,37086,54385,167,29034,56647,
127,167,167,167,167,167,167,167,167,167,167,16629,167,40435,167,167,21950,44423,167,167,167,
128,167,167,167,167,167,167,167,167,167,167,38058,37122,167,167,167,46005,167,48688,41681,22568,
129,167,167,167,167,167,167,167,167,167,167,167,11248,167,167,167,167,39823,167,167,40214,
130,167,167,167,167,167,167,167,167,167,167,10089,167,49497,167,167,167,167,45933,167,167,
131,167,167,167,167,167,167,167,167,167,167,414,167,36993,167,167,42064,9636,43339,167,167,
132,167,167,167,167,167,167,167,167,167,167,167,52094,167,33215,45608,51375,59382,35231,167,167,
133,167,167,167,167,167,167,167,167,167,167,167,29300,41210,36698,30155,26469,13972,48632,15343,167,
134,167,167,167,167,167,167,167,167,167,167,167,38148,40498,167,52565,167,167,167,46328,167,
135,167,167,167,167,167,167,167,167,167,167,53154,33140,167,167,27228,167,44390,22059,167,19311,
136,167,167,167,167,167,167,167,167,167,167,14055,52825,45068,10816,51856,30514,34412,167,32212,19323,
137,167,167,167,167,167,167,167,167,167,167,26020,167,10216,53381,23103,167,167,24611,167,42048,
138,167,167,167,167,167,167,167,167,167,167,41106,15508,167,167,12372,167,32043,22106,29919,167,
139,167,167,167,167,167,167,167,167,167,167,16102,17620,47341,34544,167,167,167,167,50273,41143,
140,167,167,167,167,167,167,167,167,167,167,167,167,39533,167,11351,167,167,53574,167,51228,
141,167,167,167,167,167,167,167,167,167,167,36667,167,167,53701,27531,44789,167,29771,167,36489,
142,167,167,167,167,167,167,167,167,167,167,27177,167,167,167,167,167,167,43609,167,167,
143,167,167,167,167,167,167,167,167,167,167,57672,167,167,167,167,30749,167,167,167,58000,
144,167,167,167,167,167,167,167,167,167,167,167,167,15786,18152,167,167,11826,54549,53951,167,
145,167,167,167,167,167,167,167,167,167,167,167,167,167,47830,167,167,167,58290,15956,167,
146,167,167,167,167,167,167,167,22803,167,13458,29778,31520,167,167,40162,40750,24088,34789,50687,56391,
147,167,167,167,167,167,167,167,167,167,167,49829,167,47550,167,27644,44694,167,167,167,28691,
148,167,167,167,167,167,167,167,167,167,167,31112,167,33394,167,167,44387,167,39683,22091,25324,
149,167,167,167,167,167,167,167,167,167,167,167,10719,167,32609,28554,56118,167,167,167,48569,
150,167,167,167,167,167,167,167,167,167,167,28248,167,41358,22773,167,167,167,45032,167,55328,
151,167,167,167,167,167,10678,167,167,167,167,23831,59658,167,167,28242,26172,167,14818,167,44377,
152,167,167,167,167,167,167,167,167,167,167,26494,33829,40908,167,15842,21878,167,25200,34353,30452,
153,167,167,167,167,167,167,167,167,167,167,167,167,18953,10072,167,167,167,167,167,167,
154,167,167,167,167,167,167,167,167,167,167,167,18612,167,167,21206,167,15782,167,167,167,
155,167,167,167,167,167,167,167,167,167,167,167,167,52659,167,167,167,167,24020,167,167,
156,167,167,167,167,167,167,167,167,167,167,43936,30292,167,167,33218,54357,22678,39152,167,167,
157,167,167,167,167,167,167,167,167,167,167,167,24354,167,47930,39530,55649,52617,29435,167,45132,
158,167,167,167,167,167,167,167,167,167,167,167,167,41215,167,53020,167,167,167,167,10356,
159,167,167,167,167,167,167,167,17456,167,167,40548,167,167,167,167,167,167,167,167,167,
160,167,167,167,167,167,167,167,167,167,167,167,167,167,167,32727,50429,167,21147,167,54111,
161,167,167,167,167,167,167,167,167,167,167,55928,167,167,167,167,167,47788,54106,167,167,
162,167,167,167,167,7088,167,167,167,167,167,167,43820,167,167,167,33160,167,167,167,11626,
163,167,167,167,167,167,167,167,167,167,167,167,26246,44724,167,28107,167,10761,38052,167,26273,
164,167,167,167,167,167,167,167,167,167,167,44960,167,50157,41074,167,167,167,32152,49193,167,
165,167,167,167,167,167,167,167,167,167,167,167,40928,52709,167,44782,22409,42714,35844,40962,167,
166,167,167,167,167,167,167,167,167,167,167,167,52224,167,167,49200,167,52844,167,167,568,
167,167,167,167,167,167,167,167,167,167,167,22059,23463,167,167,50131,10192,25260,167,56480,11164,
168,167,167,167,167,5046,167,167,167,167,167,167,41174,167,47358,44789,167,167,167,167,167,
169,167,167,167,167,167,167,167,167,167,167,40623,20072,19191,167,167,40490,167,7115,167,167,
170,167,167,167,167,167,167,167,167,167,167,167,10823,167,167,167,167,167,167,167,37264,
171,167,167,167,167,167,167,167,167,167,167,167,167,30511,167,167,167,17716,167,45378,45115,
172,167,167,167,167,167,167,167,167,167,167,167,167,167,50062,167,28864,167,57528,58418,47475,
173,167,167,167,167,167,167,21027,167,167,167,167,34106,25954,167,44363,54038,49187,15498,23442,22798,
174,167,167,167,167,167,167,167,167,167,167,37757,167,167,167,167,167,167,51818,21811,167,
175,167,167,167,167,167,167,167,167,167,167,167,48562,167,167,167,167,24038,25366,167,19715,
176,167,167,167,167,167,167,167,167,167,167,167,167,43721,43019,13798,41890,167,39613,167,167,
177,167,167,167,167,167,167,167,167,167,167,60520,26406,167,167,29149,21675,55614,167,167,167,
178,167,167,167,167,167,167,167,167,167,167,167,167,10230,167,10888,167,57562,57614,167,167,
179,167,167,167,167,167,167,167,167,167,167,40756,11206,27380,167,167,167,167,167,167,167,
180,167,167,167,167,167,167,167,167,167,167,167,167,51334,167,25401,45429,20552,167,167,19332,
181,167,167,167,167,167,167,167,167,167,167,167,167,167,167,167,167,167,167,34272,24088,
182,167,167,167,167,167,167,167,167,167,167,167,167,61389,167,167,167,167,167,49395,167,
183,167,167,167,167,167,167,167,167,167,167,32152,53318,167,41164,53328,40396,36078,44676,51517,167,
184,167,167,167,167,167,167,167,167,167,167,12120,14188,52343,26995,27887,167,39518,53896,167,45066,
185,167,167,167,167,167,167,167,167,167,167,34671,167,167,42962,167,167,167,15012,167,42105,
186,167,167,167,167,167,167,167,167,167,167,167,167,167,38137,167,12447,48529,16492,57476,167,
187,167,167,167,167,167,167,167,167,167,167,167,25601,24764,23002,167,167,30217,30657,167,167,
188,167,167,167,167,167,167,167,167,167,167,40650,39474,12923,22964,167,33116,167,167,167,167,
189,167,167,167,167,167,167,167,167,167,167,34570,167,45609,41429,14828,167,39802,15421,20566,49953,
190,167,167,167,167,167,167,167,167,167,167,167,167,167,52115,41465,167,34855,167,26661,51695,
191,167,167,167,167,167,167,167,167,167,167,34896,10425,167,26352,35967,167,29240,167,167,16864,
192,167,167,167,167,167,167,167,167,167,167,167,47975,167,167,167,38879,31485,46141,54219,167,
193,167,167,167,10872,167,167,167,167,167,167,10020,167,167,167,167,41106,20296,167,11226,29042,
194,167,167,167,167,167,167,167,167,167,167,167,167,167,10499,22587,22450,14807,167,167,167,
195,167,167,167,167,167,167,167,167,167,167,167,51208,167,167,167,53615,35166,167,25731,167,
196,167,167,167,167,167,167,167,167,167,167,56227,26291,37365,167,24910,41571,43550,24008,167,167,
197,167,167,167,167,167,167,167,167,167,167,45887,167,167,167,43426,53478,24742,32193,16223,167,
198,167,167,167,167,167,167,167,167,167,167,167,167,47410,167,167,167,41587,167,167,42781,
199,167,167,167,167,167,167,167,167,167,167,3686,167,167,52919,167,1088,167,35984,45537,27901,
200,167,167,167,167,167,167,167,167,167,167,167,167,167,167,43363,167,46118,167,42434,167,
201,167,167,167,167,167,167,167,167,167,167,20151,167,167,167,167,28431,20044,17944,167,26416,
202,167,167,167,167,167,167,167,167,167,167,46789,46059,167,54622,18193,22603,167,37721,167,167,
203,167,167,167,167,167,167,167,167,167,167,29764,39368,46521,44650,167,167,49283,167,167,11531,
204,167,167,167,167,167,167,167,167,167,167,32692,167,53569,167,44383,167,39752,167,13493,167,
205,167,167,167,167,167,167,167,167,167,167,17103,167,167,33047,53574,167,43156,167,55333,167,
206,167,167,167,167,167,167,167,167,167,167,167,167,29095,167,29255,167,28590,13636,167,11817,
207,167,167,167,167,167,167,167,167,167,167,44589,43709,167,167,38468,167,167,10437,13520,167,
208,167,167,167,167,167,167,167,167,167,167,41324,167,167,167,167,167,21539,32657,167,23424,
209,167,167,167,167,167,167,167,167,167,167,49282,167,167,167,167,167,167,167,167,167,
210,167,167,167,167,167,167,167,167,167,167,167,53851,167,167,58318,22131,167,167,50389,167,
211,167,167,167,167,167,167,167,167,167,167,25445,25221,167,167,167,23579,49870,52131,56910,167,
212,167,167,167,167,167,167,167,167,167,167,167,9995,167,167,49564,37896,40066,51953,44682,27209,
213,167,167,167,167,167,167,167,167,167,167,40021,37457,167,167,167,167,26975,167,20001,167,
214,167,167,167,167,167,167,167,167,167,167,20274,43989,39466,56880,167,51502,167,167,167,45371,
215,167,167,167,167,167,167,167,167,167,167,44790,167,21872,26892,167,10598,167,167,43042,42391,
216,167,167,167,167,167,167,167,167,167,167,167,59052,167,47986,167,13874,167,167,28526,167,
217,167,167,167,167,167,167,167,167,167,167,167,167,49515,40423,167,34685,52062,167,167,42632,
218,167,167,167,167,167,167,167,167,167,167,167,22271,26413,167,12767,167,50193,20959,167,53354,
219,167,167,167,167,167,167,167,167,167,167,20427,167,11002,23543,57446,35459,167,27030,167,47383,
220,167,167,167,6406,167,167,167,167,167,167,35989,167,167,51535,167,167,167,167,167,167,
221,167,167,167,167,167,167,167,167,167,167,42300,167,27313,167,42657,167,167,167,167,43010,
222,167,167,167,167,167,167,167,167,167,167,167,167,52122,167,167,12281,47558,167,33749,167,
223,167,167,167,167,167,167,167,167,167,167,167,17901,26375,38339,167,167,167,167,47463,10309,
224,167,167,167,167,167,167,167,167,167,167,53973,167,18700,167,49445,167,167,34793,167,50287,
225,167,167,167,167,167,167,167,167,167,167,30365,167,167,23827,50189,167,46389,167,27723,167,
226,167,167,167,167,167,167,167,167,167,167,13672,16956,167,11717,167,38236,167,10906,167,167,
227,167,167,167,167,167,167,167,167,167,167,30851,48476,13167,54866,32922,34273,18568,167,167,167,
228,167,167,167,167,167,167,167,167,167,167,23647,45503,17754,50274,167,30865,44004,49853,13832,5169,
229,167,167,167,167,167,167,167,167,167,167,167,167,15862,167,36070,167,167,21259,55120,28114,
230,167,167,167,167,167,167,167,167,167,167,167,38113,21557,16031,25615,167,44362,26097,41053,26599,
231,167,167,167,167,167,167,10412,167,167,167,19616,36127,32639,167,13747,57186,2033,167,167,167,
232,167,167,167,167,167,167,167,167,167,167,167,25468,18231,50759,167,29932,53596,44647,24968,28603,
233,167,167,167,167,167,167,167,167,167,167,167,167,18278,12686,167,46313,27367,11228,52510,167,
234,167,167,167,167,167,167,167,167,167,167,29369,167,42286,167,167,26625,38850,167,167,38402,
235,167,167,167,167,167,167,167,167,167,167,167,167,41383,53840,167,33893,20237,167,22276,44124,
236,167,167,167,167,167,167,167,167,167,167,167,52767,41875,34060,167,29459,31393,167,54743,14890,
237,167,167,167,167,167,167,167,167,167,167,42280,15939,33167,27934,25825,167,167,38836,167,167,
238,167,167,167,167,167,167,167,167,167,167,28601,38695,18443,167,50160,167,43682,24492,41033,167,
239,167,167,167,167,167,167,167,167,167,167,167,167,19221,167,48599,15760,167,167,59090,167,
240,167,167,167,167,167,167,167,167,167,167,167,167,167,167,167,44200,37119,167,38041,35656,
241,167,167,167,167,167,167,167,167,167,167,167,167,167,167,25705,26445,53241,35678,48021,27104,
242,167,167,167,167,167,5159,167,167,167,167,15029,167,167,45815,11269,167,29508,54602,167,167,
243,167,167,167,167,167,167,167,167,167,167,38387,12242,21455,31915,39007,17630,167,34415,167,167,
244,167,167,167,167,167,11961,167,167,167,167,167,29893,58382,167,167,17251,53707,167,167,43832,
245,167,167,167,167,167,167,167,167,167,167,25752,55862,36943,167,21289,167,14614,26483,51969,37465,
246,167,167,167,167,167,167,167,167,167,167,36248,53240,55252,37203,167,32268,167,167,11147,167,
247,167,167,167,167,167,167,167,167,167,167,30042,167,167,26457,53624,50505,23928,167,167,20889,
248,167,167,167,167,167,167,167,167,167,167,167,25597,167,167,34894,167,167,14432,167,167,
249,167,167,167,167,167,167,167,167,167,167,167,167,16662,44255,167,167,167,34113,167,51184,
250,167,167,167,167,167,167,167,167,167,167,52641,31303,25907,167,22471,167,44853,39975,167,52930,
251,167,167,15178,167,167,167,167,167,167,167,167,49779,167,45098,51248,43308,39738,10911,29353,60201,
252,167,167,167,167,167,167,167,167,167,167,167,31881,167,167,167,42508,167,167,167,167,
253,167,167,12655,167,167,167,167,167,167,167,25596,167,29059,167,55959,42608,167,47288,32225,167,
254,167,167,167,167,167,167,167,167,167,167,44328,167,22381,167,19617,11160,34883,167,20293,167,
255,167,167,167,167,167,167,167,167,167,167,167,21923,167,167,167,16746,33183,167,30126,167,
256,167,167,167,167,167,167,167,167,167,167,167,33703,40030,59331,167,167,26852,41641,167,167,
257,167,167,167,167,167,167,167,167,167,167,6924,49185,38730,167,167,17007,167,167,167,167,
258,167,167,167,167,167,167,167,167,167,167,167,55912,167,167,167,58866,167,167,167,167,
259,167,167,167,18877,167,167,167,167,167,167,20986,167,167,53485,167,167,50091,10256,12001,33793,
260,167,167,167,167,167,167,167,167,167,167,31817,18364,167,167,56471,167,167,26202,58946,42355,
261,167,167,167,12089,167,167,167,167,167,167,32194,23812,31791,167,167,167,33108,52651,167,167,
262,167,167,167,167,167,167,167,167,167,167,26353,167,167,14541,167,167,167,167,167,15720,
263,167,167,167,167,167,167,167,167,167,167,167,44653,2285,167,167,167,167,167,167,10611,
264,167,167,167,167,167,167,167,167,167,167,167,167,42253,167,56877,167,42485,13623,167,15282,
265,167,167,167,167,167,167,167,167,167,167,167,167,30269,22779,48537,47516,167,167,167,39013,
266,167,167,167,167,167,167,167,167,167,167,167,36397,167,167,167,24063,41761,167,46975,10655,
267,167,167,167,167,167,167,167,167,167,167,40340,49847,17285,167,167,167,33008,46023,11920,167,
268,167,167,167,167,167,167,167,167,167,167,167,30475,36636,167,167,41928,167,167,25433,18141,
269,167,167,167,167,167,167,167,167,167,167,167,46948,167,13849,16513,49040,167,167,22333,10592,
270,167,167,167,167,167,167,167,167,167,167,12558,56424,47825,167,44067,167,13756,51753,10353,167,
271,167,167,167,167,167,167,167,167,167,167,167,46167,32672,167,19945,167,21716,167,167,167,
272,167,167,167,167,167,167,167,167,167,167,37520,48505,17389,41288,167,167,54504,167,167,167,
273,167,167,167,167,167,167,167,167,167,167,15250,23214,16773,167,49902,167,167,167,25356,26269,
274,167,167,167,167,167,167,167,1873,167,167,23955,167,50438,167,167,19587,48906,167,36305,32286,
275,167,167,167,167,167,167,167,167,167,167,34936,21691,167,13808,44021,16981,32213,55585,10526,167,
276,167,167,167,167,167,167,167,167,167,167,167,26010,167,167,167,56117,167,14096,42472,17257,
277,167,167,167,167,167,167,167,167,167,167,35316,167,17393,13875,41266,167,41205,167,167,167,
278,167,167,167,167,167,167,167,167,167,167,36043,167,29099,167,167,167,21240,52542,167,167,
279,167,167,167,2639,167,167,167,167,167,167,43315,38562,50000,15551,48853,19867,167,167,38486,167,
280,167,167,167,167,167,167,167,167,167,167,25274,167,16026,167,13051,52216,56121,167,167,49683,
281,167,167,167,167,167,167,167,167,167,167,13533,36328,167,167,23940,167,167,167,167,167,
282,167,167,167,167,167,167,167,167,167,167,167,38082,28618,167,167,54023,167,167,167,167,
283,167,167,167,167,167,167,167,167,167,167,167,46554,167,167,39104,20429,167,167,42946,39363,
284,167,167,167,167,167,167,167,167,167,167,40962,59858,167,49856,19006,46343,167,167,44587,34739,
285,167,167,167,167,167,167,167,167,167,167,29225,167,167,25173,42035,12511,167,167,167,167,
286,167,167,167,167,167,167,167,167,167,167,167,167,15122,167,167,51002,54834,16072,47596,28442,
287,167,167,167,167,167,167,167,167,167,167,167,167,55921,14807,16755,167,16885,167,167,34761,
288,167,167,167,167,167,167,167,167,167,167,56595,22960,167,22461,15361,36359,167,167,51741,167,
289,167,167,167,167,167,167,167,167,167,167,167,167,167,167,167,167,167,26723,167,51384,
290,167,167,167,167,167,167,167,167,167,167,167,13537,10302,167,167,43576,10844,167,167,25267,
291,167,167,167,167,167,167,167,167,167,167,167,167,36028,44250,167,30522,48698,22596,25380,167,
292,167,167,167,167,167,6402,167,167,167,167,35015,167,167,167,167,167,167,167,50940,167,
293,167,167,167,167,167,167,167,167,167,167,24022,167,58794,167,167,23672,12267,23377,167,167,
294,167,167,167,167,167,167,167,167,167,167,167,167,167,167,167,167,167,44325,39830,167,
295,167,167,167,167,167,167,167,167,167,167,167,52046,53956,167,38046,167,167,41404,43930,167,
296,167,167,167,167,167,167,167,167,167,167,167,21510,167,167,167,37137,167,167,167,12884,
297,167,167,167,167,167,167,167,167,167,167,167,44876,45889,46142,167,167,37677,167,167,55862,
298,167,167,167,167,167,167,167,167,167,167,167,48608,167,22437,167,15361,167,167,24845,57339,
299,167,167,167,167,167,167,167,167,167,167,167,167,43259,15713,167,29615,167,23976,23377,167,
300,167,167,167,167,167,167,167,167,13150,167,167,167,30529,52710,50133,27311,167,22510,56920,167,
301,167,167,167,167,167,167,167,167,167,167,28840,167,23897,24670,167,36917,52853,40518,167,32933,
302,167,167,167,167,167,167,167,167,167,167,167,55037,167,43814,41446,46271,167,167,45516,31338,
303,167,167,167,167,167,167,167,167,167,167,11984,43484,167,44735,11276,167,52201,28589,167,34650,
304,167,167,167,167,167,167,167,167,167,167,167,167,14494,167,27125,50758,14747,34753,167,41072,
305,167,167,167,167,167,167,167,167,167,167,37211,167,167,167,167,55072,57498,24292,167,167,
306,167,167,167,167,167,167,167,167,167,167,167,54843,167,38692,38842,21977,167,167,167,51200,
307,167,167,167,167,167,167,167,167,167,167,39937,41208,45567,14644,167,50171,167,11022,167,167,
308,167,167,167,167,167,167,167,167,167,167,24063,167,14501,15660,167,167,56948,167,167,167,
309,167,167,167,167,167,167,167,167,167,167,167,167,167,167,44651,21862,28630,32819,19240,167,
310,167,167,167,167,167,167,167,167,167,167,167,31622,167,167,35091,167,167,22968,167,19519,
311,167,167,167,167,167,167,167,167,167,167,37804,167,167,17128,56620,41997,47383,167,46574,167,
312,167,167,167,167,167,167,167,167,167,167,36441,167,167,167,34314,54954,37297,36757,167,167,
313,167,167,167,167,167,167,167,167,167,167,167,16413,34537,48725,167,49882,167,167,167,54274,
314,167,167,167,167,167,167,16569,167,167,167,18769,41930,32217,167,50865,167,20112,12399,42536,167,
315,167,167,167,167,167,167,167,167,167,167,33123,13776,54476,47557,35688,167,167,45371,167,167,
316,167,167,167,167,167,167,167,167,167,167,57775,167,167,167,167,167,12116,167,167,48123,
317,167,167,167,167,167,167,167,167,167,167,27309,6825,45442,167,167,27110,167,24559,18286,56594,
318,167,167,167,167,167,167,167,167,167,167,167,22112,167,167,31958,167,40440,167,17103,167,
319,167,167,167,167,167,167,167,167,167,167,49028,22551,44790,167,54975,167,167,23252,167,13305,
320,167,167,167,167,167,167,167,167,167,167,41309,33852,167,23561,167,32835,34818,54343,167,42158,
321,167,167,167,167,167,167,167,167,167,167,167,56595,167,50240,167,44131,27288,167,24629,25515,
322,167,167,167,167,167,167,167,167,167,167,167,167,46462,44137,167,167,44415,167,28889,167,
323,167,167,167,167,167,167,167,167,167,167,167,167,36002,167,38506,27624,47437,49780,49315,58112,
324,167,167,167,167,167,167,167,167,12574,167,167,46380,167,49893,167,167,22519,167,167,167,
325,167,167,167,167,167,167,167,167,167,167,167,167,41002,167,167,167,167,43109,167,167,
326,167,167,167,167,167,167,167,167,167,167,167,167,167,39866,25643,167,39840,46311,167,167,
327,167,167,167,167,167,167,167,167,167,167,53960,167,42422,167,28211,53735,32667,48522,47007,39907,
328,167,167,167,167,167,167,167,167,167,167,167,27848,45967,33322,12579,16918,167,37942,167,11252,
329,167,167,167,167,167,167,167,167,167,167,20292,167,49317,21492,167,167,167,167,50717,53206,
330,167,167,167,167,167,167,167,167,167,167,167,167,11185,167,167,32673,167,167,34328,42306,
331,167,167,167,167,167,167,167,167,167,167,15338,167,45546,52575,167,46246,167,31727,34542,32829,
332,167,167,167,167,167,167,167,15318,167,167,167,167,167,167,21696,51787,29858,167,167,167,
333,167,167,167,167,167,167,167,167,167,167,44268,167,167,31463,33103,21361,167,167,36590,167,
334,167,167,167,167,167,167,167,167,167,167,39117,167,29794,39831,167,27284,167,40293,167,167,
335,167,167,167,167,167,167,167,167,167,167,47026,18147,47690,167,167,36205,167,22369,21532,167,
336,167,167,167,167,167,167,167,167,167,167,167,29301,167,167,54678,167,167,167,52509,167,
337,167,167,167,167,26315,15935,167,167,167,167,35531,167,167,167,167,167,32177,21683,167,39830,
338,167,167,167,167,167,167,167,167,167,167,32101,52318,167,167,45861,10522,167,39184,167,167,
339,167,167,167,167,167,167,167,167,167,14394,56365,167,54328,37064,50959,39845,167,167,58132,4762,
340,167,167,167,167,167,167,167,167,167,167,19359,167,35659,28914,28378,32545,53829,54203,167,167,
341,167,167,167,167,167,167,167,167,167,167,167,167,46572,26932,167,167,167,167,167,39502,
342,167,167,167,167,167,167,167,167,167,167,50601,51340,46988,167,167,40226,167,27569,167,45435,
343,167,167,167,167,167,167,167,167,167,167,24006,52465,39649,51868,43292,167,55230,167,167,167,
344,167,167,167,167,167,167,167,167,167,167,44210,57142,167,167,11720,167,167,167,37564,167,
345,167,167,167,167,167,167,167,167,167,167,50806,167,167,15468,167,167,29884,167,167,167,
346,167,167,167,167,167,167,167,167,167,167,167,167,167,17047,13692,167,167,167,167,52517,
347,167,167,167,167,167,167,167,167,167,167,167,167,18023,37250,167,167,167,167,167,50395,
348,167,167,167,167,167,167,167,167,167,167,56653,167,167,11177,20954,167,167,20684,167,55976,
349,167,167,167,167,167,167,167,3501,167,167,167,14760,35488,167,16276,40602,30203,167,54582,167,
350,167,167,167,167,167,167,167,167,167,167,167,42935,167,167,25859,52276,37178,37864,20097,30396,
351,167,167,167,167,167,167,167,167,167,167,167,167,42565,15083,167,167,167,167,14956,167,
352,167,167,167,167,167,167,167,167,167,167,167,167,167,167,167,52113,27296,10564,167,167,
353,167,167,167,167,167,167,167,167,167,167,167,15339,167,167,167,26383,28682,19879,30901,24040,
354,167,167,167,167,167,167,167,167,167,167,167,59586,35497,167,22561,167,167,167,167,167,
355,167,167,167,167,167,167,167,167,167,167,167,38406,167,39936,23396,167,13760,19492,34214,167,
356,167,167,167,167,167,167,167,167,167,167,12338,167,167,167,167,167,34238,167,34112,16713,
357,167,167,167,167,167,167,167,167,167,167,167,167,33106,40673,167,48494,167,31027,21397,38504,
358,167,167,167,167,167,167,167,167,167,167,167,55111,167,167,167,167,52134,20113,167,20387,
359,167,167,167,167,167,167,167,167,167,167,167,167,167,167,42961,60243,167,13518,167,167,
360,167,167,167,167,167,167,167,167,167,167,42970,56169,32443,167,39748,49730,13451,35324,167,167,
361,167,167,21383,167,167,167,167,167,167,167,167,167,167,167,167,23127,30306,167,167,167,
362,167,167,167,167,167,167,167,167,167,167,41884,25355,167,28948,167,167,167,56042,167,167,
363,167,167,167,167,167,167,167,167,167,167,167,30306,55270,43110,53769,40761,167,27770,167,60474,
364,167,167,167,167,167,167,167,167,167,167,167,167,167,18747,167,6146,16017,48875,29935,167,
365,167,167,167,167,167,167,167,167,167,167,31682,42966,46947,30560,38619,167,22948,43060,10713,2711,
366,167,167,167,167,167,167,167,167,167,167,167,167,167,167,167,167,167,167,167,16398,
367,167,167,167,167,167,167,167,167,167,167,54193,167,167,167,167,167,167,25906,167,167,
368,167,167,167,167,167,167,167,167,167,167,44921,40605,167,167,13395,167,167,167,167,31331,
369,167,167,167,167,167,167,167,167,167,167,167,167,167,16125,40925,167,52044,46598,15454,167,
370,167,167,167,167,167,167,167,167,167,167,31232,44300,167,167,167,38344,167,41481,167,167,
371,167,167,167,167,167,167,167,167,167,167,167,17915,167,167,167,167,58742,35101,167,37208,
372,167,167,167,167,167,167,167,167,167,167,167,167,49791,34924,167,167,37283,40633,167,167,
373,167,167,167,167,167,167,167,167,167,167,167,48979,167,167,167,39540,50667,49640,167,167,
374,167,167,167,167,167,167,167,167,167,167,167,167,28137,22972,16043,35558,57342,167,58802,167,
375,167,167,167,167,167,167,167,167,167,167,167,167,11242,22819,15407,167,167,53867,167,10223,
376,167,167,167,167,167,167,167,167,167,167,167,167,167,26233,53553,47612,167,167,55341,52256,
377,167,167,167,167,167,167,167,167,167,167,16743,167,19975,167,167,167,56857,53590,56644,51240,
378,167,167,167,167,167,167,167,167,167,167,167,31034,23125,167,167,51440,44468,167,55378,167,
379,167,167,167,167,167,167,167,167,167,167,42129,39859,48120,20241,167,167,24816,43765,27454,29132,
380,167,167,167,167,167,167,167,167,167,167,40732,18322,167,30984,167,167,26274,12845,52358,22513,
381,167,167,167,167,167,167,167,167,167,167,24039,167,167,167,167,28510,29859,43423,167,34743,
382,167,167,167,167,167,167,167,167,167,167,167,167,33117,167,58098,42871,16951,13335,167,13291,
383,167,167,167,167,167,167,167,167,167,167,14351,51168,167,167,45152,45624,21053,167,167,42227,
384,167,167,167,167,167,167,167,167,167,167,60109,167,21400,49383,167,31223,42606,167,29574,31513,
385,167,167,167,167,167,167,167,167,167,167,24663,167,32627,167,45145,46428,46112,167,48735,167,
386,167,167,167,167,167,167,167,167,167,167,167,48103,167,30014,167,167,167,167,167,167,
387,167,167,167,167,167,167,167,167,167,167,31949,54701,12514,167,41445,20013,37806,48533,167,167,
388,167,167,167,167,167,167,167,167,167,167,167,32696,28322,167,23807,167,33688,55080,167,29548,
389,167,167,167,167,167,167,167,167,167,167,167,26882,38674,52920,27105,35617,167,30791,167,49287,
390,167,167,11944,167,167,167,167,167,167,167,49734,167,46526,167,167,43565,14443,167,47283,167,
391,167,167,167,167,167,167,167,167,167,167,23903,167,45850,53480,167,167,47282,44765,40897,167,
392,167,167,167,167,167,167,167,167,167,167,20649,167,22970,42935,167,167,46714,167,26969,33032,
393,167,167,167,167,167,167,167,167,167,167,29813,167,43989,17165,167,167,167,47331,30194,167,
394,167,167,167,167,167,167,167,167,167,167,167,19598,167,167,37156,23913,167,167,34395,167,
395,167,167,167,167,167,167,167,167,167,167,31409,167,167,52743,167,167,52949,167,167,23412,
396,167,167,167,167,167,167,167,167,167,167,58132,22331,21601,33533,56479,167,167,48354,167,29695,
397,167,167,167,167,167,167,167,167,167,167,167,39123,167,10977,167,15812,25255,167,167,167,
398,167,167,167,167,167,167,167,167,167,167,167,167,32307,167,167,167,167,28435,45763,48570,
399,167,167,1264,167,167,167,167,167,167,167,167,167,167,41364,167,167,33136,20446,49580,167,
400,167,167,167,167,167,167,167,167,167,167,167,167,41376,56359,167,167,167,167,167,10487,
401,167,167,167,167,167,167,167,167,167,167,41458,44803,167,167,19169,167,47506,37905,167,49482,
402,167,167,167,167,167,167,167,167,167,167,167,167,167,55071,167,21177,21818,167,167,40641,
403,167,167,12325,167,167,167,167,167,167,167,42374,167,167,48324,167,40448,18048,167,29431,167,
404,167,167,167,167,167,167,167,167,167,167,49089,54654,167,40951,39744,167,167,46590,167,38046,
405,167,167,167,167,167,167,167,167,167,167,167,167,41825,54346,47811,167,167,40763,31393,167,
406,167,167,167,167,167,167,167,167,167,167,49831,167,51420,167,57883,47121,167,21268,45513,49999,
407,167,167,167,167,167,167,167,167,167,167,48287,24745,21043,10446,23121,52859,51642,20601,167,33230,
408,167,167,167,167,167,167,167,167,167,167,12860,167,57979,45211,167,10381,167,167,167,167,
409,167,167,167,167,167,167,167,167,167,167,10679,14832,26647,15077,167,27742,36814,49754,32107,40603,
410,167,167,167,167,167,167,167,167,167,167,44178,28402,26270,167,48350,167,41102,167,167,20247,
411,167,167,167,167,167,167,167,167,167,167,46010,22670,13766,167,167,33888,20824,167,167,37787,
412,167,167,167,167,167,167,167,167,167,167,167,52317,19778,55492,36171,167,56713,53866,28429,33170,
413,167,167,167,167,167,167,167,167,167,167,50089,26957,29931,167,167,33130,167,167,42605,167,
414,167,167,167,167,167,167,167,167,167,167,167,29394,12189,51078,14483,167,167,45481,14020,167,
415,167,167,167,167,167,167,167,167,167,167,31387,45936,47820,10631,167,15231,167,11302,42683,50356,
416,167,167,167,167,167,167,167,167,167,167,20147,16995,167,167,42691,167,55295,31288,167,11611,
417,167,167,167,167,167,167,167,167,167,167,167,36242,167,37135,167,167,23183,37382,167,25657,
418,167,167,167,167,167,167,167,167,167,167,167,167,167,34862,167,53457,38377,167,167,20288,
419,167,167,167,167,167,167,167,167,167,167,167,25765,167,10437,53202,167,167,167,50748,52096,
420,167,167,167,167,167,167,167,167,167,167,167,15795,29347,22694,30016,167,54130,16409,167,167,
421,167,167,167,167,167,167,167,167,167,167,167,167,53802,167,13300,167,167,167,167,39188,
422,167,167,10025,10025,167,167,167,167,12977,167,167,167,24072,51269,32361,167,1753,167,13721,167,
423,167,167,167,167,167,167,167,167,167,167,167,167,58219,167,167,167,167,30795,15053,167,
424,167,167,167,167,167,167,167,167,167,167,19181,35527,167,53749,167,167,167,51863,47907,48253,
425,167,167,167,167,167,167,167,167,167,167,167,28786,167,167,13128,167,167,46480,55297,167,
426,167,167,167,167,167,167,167,167,167,167,167,167,43887,167,21970,167,167,167,37943,37181,
427,167,167,167,167,167,167,167,167,167,167,167,167,167,44572,167,167,167,22752,52320,167,
428,167,167,167,167,11343,167,167,167,167,167,167,48728,39064,27489,29389,167,36908,167,44162,167,
429,167,167,167,167,167,167,167,167,167,167,19967,167,167,167,41359,31218,167,167,52045,29389,
430,167,167,167,167,167,167,167,167,167,167,167,47331,167,167,167,167,11820,43688,53267,36288,
431,167,167,167,167,19520,167,167,167,167,167,57463,29878,167,167,13778,167,167,23967,46634,52859,
432,167,167,167,167,167,167,167,167,167,167,167,26226,12896,167,167,51879,167,58038,167,167,
433,167,167,167,167,167,167,167,167,167,167,32654,37300,167,167,167,167,167,167,167,36411,
434,167,167,167,167,167,167,167,167,167,167,167,167,25367,167,35047,39966,167,40354,55587,22305,
435,167,167,167,167,167,167,167,167,167,167,167,30182,20108,167,167,167,167,58686,13031,47647,
436,167,167,167,167,167,167,167,167,167,167,54797,167,30002,41176,167,27291,47418,167,167,18203,
437,167,167,167,167,167,167,167,167,167,167,167,167,167,167,45877,41083,167,167,167,41439,
438,167,167,167,167,167,167,167,167,11371,167,25086,167,56039,167,25769,167,53816,29022,53596,167,
439,167,167,167,167,167,167,167,167,167,167,167,31218,23126,57206,32370,167,55581,39633,167,35282,
440,167,167,6754,167,167,167,167,167,167,167,56853,36934,5562,45589,19491,167,167,53095,167,167,
441,167,167,167,167,167,167,167,167,167,167,167,167,167,167,45477,167,28330,167,19408,167,
442,167,167,167,167,167,167,167,167,167,167,53209,167,167,167,167,167,167,167,35268,167,
443,167,167,167,167,167,167,167,167,167,167,12145,167,167,167,167,36708,167,167,167,167,
444,167,167,167,167,167,167,167,167,167,167,52975,37964,54760,30412,167,58022,167,167,167,56864,
445,167,167,167,167,167,167,167,167,167,167,167,167,49819,18616,167,34256,167,167,167,48381,
446,167,167,167,167,167,167,167,167,167,167,37656,47670,167,167,167,167,167,31821,41529,20020,
447,167,167,167,167,167,167,167,167,167,167,167,167,167,167,12278,167,14495,167,37477,18790,
448,167,167,167,167,167,167,167,167,167,167,49835,50456,16688,167,167,24403,35545,51056,27239,167,
449,167,167,167,167,167,167,167,167,167,167,167,47642,167,10292,58458,167,32816,22300,18326,167,
450,167,167,167,167,167,167,167,167,167,167,167,36909,14859,19220,167,167,167,167,167,41084,
451,167,167,167,167,167,167,167,167,167,167,167,59899,167,16293,28108,167,47343,167,167,48667,
452,167,167,167,167,167,167,167,167,167,167,14427,18772,20719,167,167,19712,54357,167,167,167,
453,167,167,167,167,167,167,167,167,167,167,167,16719,167,50583,17809,167,37538,41814,167,32552,
454,167,167,167,167,167,167,167,167,167,167,167,167,167,40664,167,55916,167,167,167,167,
455,167,167,167,167,167,167,167,167,167,167,167,14637,40982,16810,167,167,167,167,167,167,
456,167,167,167,167,167,167,167,167,167,167,56092,18497,167,167,167,17665,38006,29152,167,45573,
457,167,167,167,167,167,167,167,167,167,167,167,167,167,167,39474,167,41309,53274,167,32681,
458,167,167,167,167,167,167,167,167,167,167,50491,167,167,167,167,45760,167,27673,167,167,
459,167,167,167,167,167,167,167,167,167,167,167,35844,47225,167,41950,42484,167,54562,30720,19803,
460,167,167,21180,167,167,167,167,167,167,167,167,167,50019,50190,46806,18006,167,36331,36438,167,
461,167,167,167,167,167,167,167,167,167,167,167,167,19552,49972,167,167,167,167,167,167,
462,167,167,167,167,167,167,167,167,167,167,167,18395,14811,167,47072,50753,14250,167,20546,167,
463,167,167,167,167,167,167,167,167,167,167,167,44401,167,167,22102,167,167,167,51826,50831,
464,167,167,167,167,167,167,167,167,167,167,167,167,55492,167,167,167,167,39387,167,27905,
465,167,167,167,167,167,167,167,167,167,167,46345,59287,167,167,46159,167,167,51247,167,52555,
466,167,167,167,167,167,167,167,167,167,167,12791,35817,167,167,167,37875,47068,167,167,167,
467,167,167,167,167,167,167,167,167,167,167,167,27305,167,167,33846,17022,60136,167,167,17091,
468,167,167,167,167,167,167,167,167,167,167,47994,167,167,23830,22471,167,167,10731,37230,29114,
469,167,167,167,167,167,167,167,167,167,167,167,167,167,38273,167,40966,40273,167,167,167,
470,167,167,167,167,167,167,167,167,167,167,44939,26921,167,33785,51411,27103,47866,20845,11272,14847,
471,167,167,167,167,167,167,167,167,167,167,167,167,167,33983,47653,167,44330,167,53146,167,
472,167,167,167,167,167,167,167,167,167,167,167,167,30392,167,167,167,47705,47641,167,167,
473,167,167,167,167,167,167,21443,167,167,167,167,41318,28729,167,167,167,167,52096,167,54597,
474,167,167,167,167,167,167,167,9316,167,167,54389,48864,54308,167,167,167,33664,167,43983,50987,
475,167,167,167,167,167,167,167,167,167,167,167,56928,25536,167,40975,42470,57742,167,167,167,
476,167,167,167,167,167,167,167,167,167,167,167,46303,45499,49189,16999,167,167,167,41346,167,
477,167,167,167,167,167,167,167,167,167,167,33758,167,167,52816,51052,11650,53833,13857,15644,16660,
478,167,167,167,167,167,167,167,167,167,252,167,47784,20948,167,57048,42014,167,30960,33111,167,
479,167,167,167,167,167,167,167,167,167,167,167,167,167,44084,37375,167,46934,39481,19743,14679,
480,167,167,167,167,167,167,167,167,167,167,167,52663,167,23844,14783,45882,167,11954,167,44791,
481,167,167,167,167,167,167,167,167,167,167,47260,167,167,167,40492,15747,167,14402,45189,24002,
482,167,167,167,167,167,167,167,167,167,167,10575,17354,50809,167,167,167,21835,25475,43437,40159,
483,167,167,167,167,167,167,167,167,167,167,14184,34850,47956,53707,36398,167,34453,26088,167,167,
484,167,167,167,167,167,167,167,167,167,167,32098,167,34770,167,167,167,167,44873,54274,47166,
485,167,167,167,167,167,167,167,167,167,167,167,167,167,167,167,54941,45572,53277,167,167,
486,167,167,167,167,167,167,167,167,167,167,28429,38998,19614,167,167,24288,22894,23089,167,167,
487,167,167,167,167,167,167,167,167,167,167,167,167,167,44132,34608,167,45312,15241,58113,57678,
488,167,167,167,167,167,167,11660,167,167,11660,55166,167,167,167,16684,167,167,45618,167,167,
489,167,167,167,167,167,167,167,167,167,167,167,30886,53231,11069,45203,55133,167,167,28951,32359,
490,167,167,167,167,25221,167,167,167,167,167,167,38837,26826,167,43596,167,167,40970,37048,167,
491,167,167,167,167,167,167,167,167,167,167,32481,50746,167,47877,22621,167,167,51986,37535,34906,
492,167,167,167,167,167,167,167,167,167,167,167,43364,42662,15822,38714,56958,167,12328,40500,42505,
493,167,167,167,167,167,167,167,167,167,167,167,167,53513,167,167,167,167,167,167,21755,
494,167,167,167,167,167,167,167,167,167,167,167,41856,29994,167,15231,52075,33914,44318,14831,17844,
495,167,167,167,167,167,167,167,167,167,167,45778,167,167,167,18372,167,20744,48384,45024,167,
496,167,167,167,167,167,11852,167,11818,167,167,42453,23165,54623,167,11100,43224,42421,167,167,38917,
497,167,167,167,167,167,167,167,167,167,167,24480,41731,167,167,167,32709,43896,22368,167,167,
498,167,167,167,167,167,167,167,167,167,167,21361,44245,2133,167,167,167,167,33198,167,167,
499,167,167,167,167,167,167,167,167,167,167,43044,55148,12097,24543,23194,167,47478,167,167,41541,
500,167,167,167,167,167,167,167,167,167,167,167,15059,42522,14676,39411,167,167,40947,167,26811,
501,167,167,167,167,167,167,167,167,167,167,47314,167,167,40328,50682,167,167,35029,167,167,
502,167,167,167,21668,167,167,167,167,167,167,167,167,47956,17203,36438,167,167,29488,167,167,
503,167,167,167,167,167,167,167,167,167,167,167,56267,167,15832,52198,167,17879,41261,167,167,
504,167,167,167,167,167,167,167,167,167,167,22798,33230,57492,167,167,167,167,54258,167,21742,
505,167,167,167,167,167,167,167,167,167,167,27352,18840,33803,167,167,40360,167,167,167,47635,
506,167,167,167,167,167,167,167,167,167,167,167,167,36708,39209,167,167,56763,167,167,28482,
507,167,167,167,167,167,167,167,167,167,167,27437,25413,167,47346,21175,16744,19129,167,167,167,
508,167,167,167,167,167,167,167,167,167,167,41830,167,167,167,167,45341,167,10820,167,39272,
509,167,167,167,167,167,167,167,167,167,167,167,38408,21043,167,39029,167,167,167,17475,167,
510,167,167,167,167,167,167,167,167,167,167,58305,167,57922,33695,16218,167,167,20026,167,31699,
511,167,167,167,167,167,167,167,167,167,167,167,167,54306,167,167,167,167,167,35329,55279,
512,167,167,167,167,167,167,167,167,167,167,33221,40591,54437,46559,45284,56859,46776,167,167,57671,
513,167,167,167,167,167,167,167,167,167,167,167,167,167,11839,49694,167,39658,167,167,20050,
514,167,167,167,167,167,167,167,167,167,167,53881,42237,167,167,167,167,167,36020,44976,167,
515,167,167,167,167,167,167,167,167,167,167,57583,167,167,2357,167,167,60043,167,167,38308,
516,167,167,167,167,167,167,167,167,167,167,46153,26806,28397,45980,40293,167,31561,30312,167,167,
517,167,167,167,167,167,167,167,167,167,167,167,38156,14553,167,167,33766,25481,44067,167,167,
518,167,167,167,167,167,167,167,167,167,167,167,167,167,16858,167,167,167,167,17441,167,
519,167,167,167,167,4192,167,167,167,167,167,33743,32029,41231,167,167,17365,29755,27750,167,10221,
520,167,167,167,167,167,167,167,167,167,167,46125,53609,167,32714,167,40796,29525,167,167,167,
521,167,167,167,167,167,167,167,167,167,167,167,167,26659,44479,167,167,167,167,167,167,
522,167,167,167,167,167,167,167,167,167,167,12521,167,167,26086,31692,10926,167,167,35350,44417,
523,167,167,167,167,167,167,167,167,167,167,19567,35705,167,20743,26611,14391,39180,167,50354,58702,
524,167,167,167,167,167,167,167,167,167,167,167,12960,55573,167,167,43957,41418,167,167,167,
525,167,167,167,167,167,167,167,167,167,167,167,37647,34144,10593,167,49893,33591,33325,167,49159,
526,167,167,167,167,167,167,167,167,167,167,167,167,167,167,36607,167,167,17899,46551,167,
527,167,167,167,167,167,167,167,167,167,167,19991,46203,167,167,13560,167,38252,26904,50799,167,
528,167,167,167,167,167,167,167,167,167,167,33318,167,167,167,17391,48988,167,40756,57783,167,
529,167,167,167,167,167,167,167,167,167,167,167,49346,48925,167,52794,32461,17726,167,20483,167,
530,167,167,167,167,167,167,167,167,167,167,167,14000,27240,31475,167,40161,11904,15063,167,48652,
531,167,167,167,167,167,167,167,167,167,167,167,43979,14612,167,167,167,31996,167,32834,18436,
532,167,167,167,167,167,167,167,167,167,167,19870,167,24051,167,34348,36955,167,167,38997,39413,
533,167,167,167,167,167,167,167,167,167,167,23566,45639,37638,167,167,167,30746,167,167,11767,
534,167,167,167,167,167,167,167,167,1627,167,167,167,167,54890,26948,36576,167,58565,37010,167,
535,167,167,167,167,167,167,167,167,167,167,167,167,167,12906,24139,22944,167,11070,11905,33038,
536,167,167,167,167,167,167,167,167,167,167,20568,167,37146,50717,167,167,21122,40558,167,58194,
537,167,167,167,167,167,167,167,167,167,167,59523,30634,167,35277,167,167,47121,58732,167,50274,
538,167,167,167,167,167,167,167,167,167,167,11689,60058,167,34317,167,167,17100,167,167,167,
539,167,167,167,167,167,167,167,167,167,167,167,167,38602,167,28117,167,48642,167,167,17651,
540,167,167,167,167,167,167,167,167,167,167,18179,167,42553,167,14335,29818,167,167,167,53069,
541,167,167,167,167,167,167,167,167,167,167,24090,167,167,167,40858,167,33221,1112,167,32316,
542,167,167,167,167,167,167,167,167,167,167,167,167,53384,33718,167,11677,58654,167,167,47961,
543,167,167,167,167,167,167,167,167,167,167,167,19128,12088,167,167,167,13447,167,167,29911,
544,167,167,167,167,167,167,167,167,167,167,167,167,167,24195,34993,167,49463,167,54632,13179,
545,167,167,167,167,167,167,167,167,167,167,47172,33093,167,22604,167,167,167,44908,167,40534,
546,167,167,167,3856,167,167,167,167,167,167,45047,167,47951,167,167,34978,51912,33537,167,33324,
547,167,167,9390,9390,167,167,167,167,167,167,167,40220,167,453,32351,31243,42375,167,22146,29684,
548,167,167,167,167,167,167,167,167,167,167,25700,54766,51254,47525,167,55693,167,167,167,22430,
549,167,167,167,167,167,167,167,167,167,167,19129,51665,167,38514,167,167,167,167,167,167,
550,167,167,167,167,167,167,167,167,167,167,57747,55851,167,48852,167,167,167,167,167,167,
551,167,167,167,167,167,167,167,167,167,167,167,167,51266,167,39076,20142,167,167,167,37067,
552,167,167,167,167,167,167,167,167,167,167,31004,167,167,167,167,39911,36470,56972,48234,167,
553,167,167,167,167,167,167,167,167,167,167,45521,167,167,167,57791,167,53546,167,23222,167,
554,167,167,167,167,167,167,167,167,167,167,33081,19916,24561,167,21340,38035,167,49128,47310,16983,
555,167,167,167,167,167,167,167,167,167,167,32133,22347,167,167,167,16651,35685,167,167,167,
556,167,167,167,167,167,167,167,167,167,167,35619,167,49476,167,167,23391,39354,167,167,167,
557,167,167,167,167,167,167,167,167,167,167,14596,12512,1490,167,167,167,167,42696,21941,28744,
558,167,167,167,167,167,167,167,167,167,167,167,36793,167,32291,54393,43970,23676,167,25132,167,
559,167,167,167,167,167,167,167,167,167,167,167,167,167,10852,167,34961,30464,167,167,167,
560,167,167,167,167,167,167,167,167,167,167,43732,54811,167,167,167,44116,167,167,167,29328,
561,167,167,167,167,167,167,167,167,167,167,49574,59038,167,167,167,24430,167,46156,167,167,
562,167,167,167,167,167,167,167,167,167,167,167,43963,167,45748,46100,167,52887,51162,167,28340,
563,167,167,167,167,167,167,167,167,167,167,167,48496,167,167,167,167,167,41816,55737,167,
564,167,167,167,167,167,167,167,167,167,167,167,47403,49586,167,167,11226,34400,45187,167,167,
565,167,167,167,167,167,167,167,167,167,167,12080,167,38395,167,167,56740,28073,167,167,20288,
566,167,167,167,167,167,167,167,167,167,167,167,47071,3468,167,41118,167,15931,167,167,167,
567,167,167,167,167,167,167,167,167,167,167,167,167,49634,167,167,30059,18782,18352,19331,28940,
568,167,167,167,167,167,167,167,167,167,167,28774,47281,24971,167,23383,167,26470,167,167,167,
569,167,167,167,167,167,167,167,167,167,167,24450,22529,28321,35776,167,41219,28428,167,27820,167,
570,167,167,167,167,167,167,167,167,167,167,167,167,167,31931,36380,167,167,167,167,46123,
571,167,167,167,167,167,167,167,167,167,167,167,39161,57068,167,167,167,44303,50235,16444,167,
572,167,167,167,167,167,167,167,167,167,167,167,167,43909,167,167,42299,167,20359,17483,167,
573,167,167,167,167,167,167,167,167,167,3493,167,15291,167,30647,25091,167,22875,44858,54202,167,
574,167,167,167,167,167,167,167,167,167,167,14235,167,167,15604,37504,167,167,167,167,167,
575,167,167,167,167,167,167,167,167,167,167,167,167,37155,50082,25305,167,167,167,57306,167,
576,167,167,167,167,167,167,167,167,167,167,27040,167,47003,13537,167,167,167,167,167,33897,
577,167,167,167,167,167,167,167,167,167,167,167,167,13111,167,42665,50091,167,167,53706,167,
578,167,167,167,167,167,167,167,167,167,167,43264,16376,167,52052,167,55323,34786,167,167,167,
579,167,167,167,167,167,167,167,167,167,167,167,20672,43457,167,167,167,167,167,167,14148,
580,167,167,167,167,167,167,167,167,167,167,167,167,167,167,32904,167,167,167,167,48485,
581,167,167,167,167,167,167,167,167,167,167,25079,167,33258,56148,35294,167,167,36305,56839,167,
582,167,167,167,167,167,167,167,167,167,167,167,48824,167,55000,167,167,167,167,36047,38872,
583,167,167,167,167,167,167,167,167,167,167,167,52425,167,167,167,167,17845,167,28362,40059,
584,167,167,167,167,167,167,167,167,167,167,39605,57927,167,167,167,52838,167,167,167,49322,
585,167,167,167,167,167,167,167,167,167,7148,50028,10665,167,5757,53399,32254,50483,167,167,52463,
586,167,167,167,167,167,167,167,167,167,167,167,26101,167,52170,28380,11186,167,167,167,33315,
587,167,167,167,167,167,167,167,167,167,167,52789,167,167,16150,167,25100,167,167,167,37798,
588,167,167,167,167,167,167,167,167,167,167,37048,46172,167,14889,48358,167,15290,54005,21420,167,
589,167,167,167,167,167,167,167,167,167,167,167,27974,29992,15653,44316,26335,167,42261,48602,48661,
590,167,167,167,167,167,167,167,167,167,167,167,167,167,167,167,23180,13403,37867,167,167,
591,167,167,16320,167,167,167,167,167,167,167,167,55155,167,10365,167,167,167,16751,41772,167,
592,167,167,167,167,167,167,167,167,14435,167,167,24295,13013,19156,167,167,45509,30143,167,167,
593,167,167,167,167,167,167,167,167,167,167,167,167,167,53360,39585,167,13262,13893,43982,167,
594,167,167,167,167,167,167,167,167,167,167,167,20661,167,51046,167,12413,22530,167,21365,38005,
595,167,167,167,167,167,167,167,167,167,167,167,167,14078,167,167,167,54617,167,167,167,
596,167,167,167,167,167,167,167,167,167,167,167,25060,167,167,167,167,167,167,167,167,
597,167,167,167,167,167,167,167,167,167,167,167,167,167,56130,167,41880,167,167,167,167,
598,167,167,167,167,167,167,167,167,167,167,167,13753,167,167,167,167,167,167,18509,42795,
599,167,167,167,167,167,167,167,167,167,167,167,16022,51217,167,39862,167,167,167,37842,54398,
600,167,167,167,167,167,167,167,167,167,167,26278,167,4577,167,167,59518,167,167,167,21340,
601,167,167,167,167,167,167,167,167,167,167,167,34826,54300,167,167,28049,49418,50171,47550,167,
602,167,167,167,167,167,167,167,167,167,167,167,50230,17339,167,46015,167,31661,44142,167,167,
603,167,167,167,167,167,167,167,167,167,167,28400,22660,167,167,167,167,44606,46991,51882,17184,
604,167,167,167,167,167,167,167,167,167,167,167,36721,56824,27981,27802,167,167,41944,167,18101,
605,167,167,167,167,167,167,167,167,167,167,167,167,167,167,167,167,52244,167,167,167,
606,167,167,167,167,167,167,167,167,167,167,167,167,167,167,167,54656,167,50047,167,33467,
607,167,167,167,167,167,167,167,167,167,167,30562,167,16254,56783,55626,167,36806,167,167,167,
608,167,167,167,167,167,167,13823,167,167,167,28026,50164,167,23113,167,48782,167,167,49371,167,
609,167,167,167,167,167,167,167,167,167,167,55538,167,55587,46023,48831,26715,34201,167,42213,53916,
610,167,167,167,167,167,167,167,167,167,167,24064,167,167,167,12641,31001,19290,167,167,53534,
611,167,167,167,167,167,167,167,167,167,167,167,29409,13863,37191,167,167,57677,167,44061,51599,
612,167,167,167,167,167,167,167,167,167,167,167,12580,34796,167,55444,167,167,167,167,47789,
613,167,167,167,167,167,167,167,167,167,167,167,167,167,27740,28402,167,22858,55765,14496,19605,
614,167,167,167,167,167,167,167,167,167,167,42456,11639,26109,54082,13154,41502,42712,167,167,167,
615,167,167,167,167,167,167,167,167,167,167,41756,167,167,57648,33318,12837,36511,167,53910,167,
616,167,167,10434,167,167,167,167,167,167,167,167,55239,167,167,167,167,167,40089,16150,167,
617,167,167,167,167,167,167,167,167,167,167,41403,167,30004,167,26429,56384,167,18865,38822,167,
618,167,167,167,167,167,167,167,167,167,167,167,45373,167,167,45058,55389,52641,44817,167,167,
619,167,167,167,167,167,167,18044,167,167,167,167,167,60211,167,33685,33294,167,167,167,167,
620,167,167,167,167,167,167,167,167,167,167,167,21208,39968,51393,167,167,11914,59529,167,167,
621,167,167,167,167,167,167,167,167,167,167,167,167,167,56536,21358,40622,167,22998,42223,41568,
622,167,167,167,167,167,167,167,167,167,167,13666,39165,52988,57543,28513,167,11324,167,167,17936,
623,167,167,167,167,167,167,167,167,167,167,167,167,167,167,167,23159,167,42445,42032,52915,
624,167,167,167,167,167,167,167,167,167,167,167,21896,167,167,44708,167,53635,22114,167,167,
625,167,167,7355,167,167,167,167,167,7355,167,22921,167,167,167,167,167,59663,56598,167,49389,
626,167,167,167,167,167,167,167,167,167,167,167,35581,167,167,167,46247,167,52349,167,27851,
627,167,167,167,167,167,167,167,167,167,167,15505,167,167,26422,167,167,167,23641,167,45447,
628,167,167,167,167,167,167,167,167,167,167,45593,167,38586,167,167,35727,167,38556,167,43432,
629,167,167,167,167,167,167,167,167,167,167,37010,167,46150,33201,55881,16954,167,53919,167,57306,
630,167,167,167,167,167,26613,167,167,167,167,53629,167,167,17556,167,51535,167,167,167,167,
631,167,167,167,167,167,167,167,167,167,167,167,167,41662,31392,167,32067,167,47213,51233,28167,
632,167,167,167,167,167,167,167,167,167,167,44610,13968,22456,167,167,45523,167,167,54729,167,
633,167,167,167,167,167,167,167,167,167,167,46344,35228,167,47160,23070,167,30664,49285,167,51618,
634,167,167,167,167,167,167,167,167,167,167,167,167,167,32375,4223,167,167,48631,167,35936,
635,167,167,167,167,167,167,167,167,167,167,26875,167,27149,28782,19629,167,45418,167,167,167,
636,167,167,167,167,167,167,167,167,167,167,167,167,167,50680,167,49824,29022,167,38789,167,
637,167,167,167,167,167,167,167,167,167,167,167,35383,167,167,27460,167,167,42942,167,59073,
638,167,167,167,167,167,167,167,167,167,167,45080,167,167,11683,27644,167,47347,167,167,38445,
639,167,167,167,167,167,167,167,167,167,167,33926,34017,27832,36833,167,32589,41165,167,167,167,
640,167,167,167,167,167,167,167,167,167,167,167,22760,36182,44395,167,167,41754,167,167,31449,
641,167,167,167,167,167,167,167,167,167,167,42067,167,167,43257,39798,167,167,167,167,167,
642,167,167,167,167,167,167,167,167,167,167,167,167,167,167,32566,38927,42823,33201,167,167,
643,167,167,167,167,167,167,167,167,167,167,167,167,35388,167,48392,33534,34142,46544,167,167,
644,167,167,167,167,167,167,167,167,167,167,14711,167,58031,33758,36020,167,42968,167,20192,167,
645,167,167,167,167,167,167,167,167,167,167,167,39816,59524,167,44299,48036,167,167,167,42405,
646,167,167,167,167,167,167,167,167,167,13366,42554,167,12133,167,167,38773,13486,167,53858,167,
647,167,167,167,167,167,167,167,167,167,167,47188,32317,15037,12374,21584,25368,27310,57981,53375,167,
648,167,167,167,167,167,167,167,167,167,167,49904,167,53820,42752,167,51785,167,167,36319,167,
649,167,167,167,167,167,167,167,167,167,167,167,167,27795,167,167,24279,167,48589,167,52479,
650,167,167,167,167,167,167,167,167,167,167,167,12709,167,13264,167,167,167,167,24982,23640,
651,167,167,167,167,167,167,167,167,167,167,167,167,167,44623,12610,167,41001,42616,45833,167,
652,167,167,167,167,167,167,167,167,167,167,167,167,44924,23073,167,38921,167,39272,47063,167,
653,167,167,167,167,167,167,167,167,167,167,167,167,32260,167,167,167,167,35020,167,167,
654,167,167,167,167,167,167,167,167,167,167,44707,43750,14625,20246,167,53429,10914,167,167,41694,
655,167,167,167,167,167,167,167,167,167,167,40314,11478,167,56225,59883,28344,55474,167,167,167,
656,167,167,167,167,167,167,167,167,167,167,167,25674,167,167,29766,24097,167,167,38659,167,
657,167,167,167,167,167,167,167,167,167,167,167,43788,167,52186,58879,31831,167,167,32378,167,
658,167,167,167,167,167,167,167,167,167,167,49766,57008,43809,167,10451,37669,11390,37366,167,14914,
659,167,167,167,167,167,167,167,167,167,167,29418,38980,167,167,167,167,50750,18471,167,167,
660,167,167,167,167,167,167,167,167,167,167,167,23112,167,60816,167,34806,167,167,167,167,
661,167,167,167,167,167,167,167,167,2077,167,25985,20449,40601,21821,167,30931,56526,167,35154,167,
662,167,167,167,167,167,167,167,24429,167,167,52216,53709,16524,40474,167,167,44845,167,36760,167,
663,167,167,167,13661,167,167,167,167,167,17540,24425,53566,167,45250,167,167,167,167,39210,167,
664,167,167,167,167,167,167,167,167,167,167,55558,22529,167,13861,18955,167,44509,10722,167,167,
665,167,167,167,167,167,167,167,167,167,167,47882,167,40640,36440,52592,43108,167,167,26678,167,
666,167,167,167,11205,167,167,167,167,167,167,167,167,167,167,167,167,167,167,167,167,
667,167,167,167,167,167,167,167,167,167,167,167,40084,167,20143,18072,36105,167,167,167,167,
668,167,167,167,167,167,167,167,167,167,167,29807,167,167,43401,167,24354,54031,55706,167,167,
669,167,167,167,167,167,167,167,167,167,167,167,60862,167,33630,52493,45890,167,167,49748,167,
670,167,167,167,167,167,3721,167,167,167,167,45862,46763,34204,167,167,39960,167,167,167,46343,
671,167,167,167,167,167,167,167,167,167,167,48571,167,43677,167,49876,16714,167,56829,40278,28660,
672,167,167,167,167,167,167,18558,167,167,167,16079,10896,20663,167,49332,167,167,20094,36328,167,
673,167,167,167,167,167,167,167,167,167,167,167,559,26933,15096,49003,167,167,167,25679,30174,
674,167,167,167,167,167,167,167,167,167,167,167,29856,36798,167,16536,167,15878,11700,167,167,
675,167,167,167,167,167,167,167,167,167,167,19527,167,167,48882,167,51064,54657,167,39675,167,
676,167,167,7060,167,167,167,167,167,167,167,16706,32542,167,21302,1095,167,47981,47516,167,167,
677,167,167,167,167,167,167,167,167,167,167,18565,27222,167,44292,42619,25308,167,12209,167,167,
678,167,167,167,167,167,167,167,167,167,167,167,167,167,14961,52387,167,167,167,22307,167,
679,167,167,167,167,167,167,167,167,167,167,167,167,19111,47645,58034,167,19973,43072,167,33003,
680,167,167,167,167,167,167,167,167,167,167,24806,36024,167,36854,35867,167,167,40516,167,37557,
681,167,167,167,167,167,167,167,167,167,167,32544,167,43730,2347,167,167,50357,42269,48986,25331,
682,167,167,167,167,167,167,167,167,167,167,42756,21471,167,56745,167,27534,167,167,167,167,
683,167,167,167,167,167,167,167,167,167,167,167,167,33036,167,23636,167,167,167,48399,44206,
684,167,167,167,167,167,167,167,167,167,167,167,50520,41760,167,45564,15287,47631,51044,43551,17417,
685,167,167,167,167,167,167,167,167,167,167,167,32580,37823,39728,26241,53535,167,167,167,167,
686,167,167,167,11985,167,167,167,167,167,167,25297,167,52281,167,167,167,33558,167,30782,17798,
687,167,167,167,167,167,167,167,167,167,167,10457,15495,55433,52856,167,55378,167,51989,56283,167,
688,167,167,167,167,167,167,167,167,167,167,167,167,42070,15665,52249,49949,167,59600,18585,167,
689,167,167,167,167,167,167,167,167,167,167,167,54011,33763,39841,167,167,167,167,167,167,
690,167,167,167,167,167,167,167,167,167,167,22956,33116,167,167,167,24210,16469,167,167,167,
691,167,167,167,167,167,167,167,167,167,167,167,25351,23850,167,167,32714,167,167,53581,37078,
692,167,167,167,167,167,167,167,167,167,167,167,167,167,167,167,167,167,167,45329,17911,
693,167,167,167,167,167,167,167,167,167,167,167,167,39685,167,47463,167,167,18261,44089,167,
694,167,167,167,167,167,167,167,167,167,167,22779,25726,167,167,23506,21843,26218,167,57640,13063,
695,167,167,167,167,167,167,167,167,167,167,27410,167,167,167,167,35280,167,29387,167,167,
696,167,167,167,167,167,167,167,167,167,167,167,17369,55578,13102,167,167,167,167,167,33670,
697,167,167,167,167,167,167,167,167,167,167,167,167,167,167,16092,167,19615,49039,49637,50062,
698,167,167,167,167,167,167,167,167,167,167,17725,30743,37832,167,36888,46770,167,167,167,47808,
699,167,167,167,17234,167,167,167,167,167,167,31030,167,51229,167,167,167,14658,167,47959,37501,
700,167,167,167,167,167,167,167,167,167,167,167,167,16274,167,41537,167,53646,167,167,167,
701,167,167,167,167,167,167,167,167,167,167,167,167,167,30974,167,46094,31513,29397,22314,167,
702,167,167,167,167,167,167,167,167,167,167,35485,167,58823,29014,26915,23541,53831,167,167,167,
703,167,167,167,167,167,167,167,167,167,167,167,22458,29402,16277,167,38130,167,45012,10814,167,
704,167,167,167,167,167,167,167,167,167,167,167,40310,13634,38216,167,23533,167,167,36380,167,
705,167,167,167,167,167,167,167,167,167,167,43698,46131,167,167,31470,167,167,167,18114,26048,
706,167,167,167,167,167,167,167,167,167,167,47556,167,45020,167,47219,10221,167,54899,167,167,
707,167,167,167,167,167,167,167,167,167,167,33238,48378,50502,167,167,167,167,167,56908,167,
708,167,167,167,167,167,167,167,167,167,167,56535,53843,167,167,50078,167,167,42973,167,167,
709,167,167,167,167,167,167,167,167,167,167,33844,41369,46309,167,167,167,167,167,28964,40395,
710,167,167,167,167,167,167,167,167,167,167,167,53016,167,32831,45383,167,37865,20537,46575,48830,
711,167,167,167,167,167,167,167,167,167,167,167,167,48886,38067,167,167,167,167,167,26844,
712,167,167,167,14550,167,167,167,167,167,167,167,34732,167,167,167,167,43184,35601,23221,46304,
713,167,167,167,167,167,167,167,167,167,167,167,167,23212,12282,50380,23878,41894,34951,167,167,
714,167,167,167,167,167,167,167,167,167,167,57175,167,44782,167,167,167,167,167,167,45798,
715,167,167,167,167,167,167,167,167,167,167,29501,167,26144,167,167,167,167,167,45883,20481,
716,167,167,167,167,167,167,167,167,167,167,59687,167,36653,167,167,167,23177,167,167,55109,
717,167,167,167,167,167,167,167,167,167,167,42134,167,49754,167,31917,12738,16673,167,37213,55119,
718,167,167,167,167,167,167,167,167,167,167,28526,11317,167,167,12433,167,37319,55262,167,16438,
719,167,167,167,167,167,167,167,167,167,167,167,52436,28158,167,38479,167,39934,36249,167,167,
720,167,167,167,167,167,167,167,167,167,28515,167,27046,44832,43312,44678,167,167,27943,167,167,
721,167,167,167,167,167,167,167,167,167,167,167,167,167,167,167,35069,167,167,45295,46042,
722,167,167,167,167,167,167,167,167,167,167,24617,167,167,22748,51194,14237,167,47245,167,53068,
723,167,167,167,167,167,167,167,167,167,167,167,31622,41594,57872,48095,13198,54482,52591,167,14278,
724,167,167,167,167,167,167,167,167,167,167,46611,167,167,167,167,167,167,23099,167,25536,
725,167,167,167,167,167,167,167,167,167,167,167,20346,44849,167,24603,47526,43340,167,167,54363,
726,167,167,167,167,167,167,167,167,167,167,48833,26889,58840,53757,37156,167,167,167,167,167,
727,167,167,167,167,167,167,167,167,167,167,41416,57371,167,52562,167,35771,167,20798,23963,42325,
728,167,167,167,167,167,167,167,167,167,167,167,37708,167,167,167,36194,167,167,167,167,
729,167,167,167,167,167,167,167,167,167,167,50988,167,167,56528,167,167,167,17092,167,167,
730,167,167,167,167,167,167,167,167,167,167,167,167,24734,44137,45595,37433,167,167,11401,167,
731,167,167,167,167,167,167,167,167,167,167,167,46370,47559,46361,167,39517,34662,167,167,167,
732,167,167,167,21771,167,167,167,167,3673,167,167,50738,42535,167,167,14662,167,167,35182,167,
733,167,167,167,167,167,167,167,167,167,167,167,27200,27433,48788,167,167,167,58082,167,167,
734,167,167,167,167,167,167,167,167,167,167,167,167,55709,16012,167,167,167,167,37716,167,
735,167,167,167,167,167,167,167,167,167,167,167,57994,167,167,167,23789,19371,167,167,167,
736,167,167,167,167,167,167,167,167,167,167,15088,51879,20269,37146,33250,167,167,42819,167,27706,
737,167,167,167,167,167,167,167,167,167,17607,167,10338,167,20492,36265,11460,167,167,26563,33791,
738,167,167,167,167,167,167,167,167,167,167,167,46623,167,167,43413,167,167,167,40414,45417,
739,167,167,167,167,167,167,167,167,167,167,33506,167,40984,167,39134,167,42059,167,27660,41074,
740,167,167,167,167,167,167,167,167,167,167,167,13588,19720,45929,167,167,14961,167,167,167,
741,167,167,167,167,167,167,167,167,167,167,52305,167,167,167,167,22704,57398,167,13437,167,
742,167,167,167,167,167,167,167,167,167,167,167,167,12028,167,30799,26833,44849,42306,167,167,
743,167,167,167,167,167,167,167,167,167,167,167,57058,41454,167,167,21892,19827,55641,167,24915,
744,167,167,167,167,167,167,167,167,167,167,167,39031,18139,39776,167,16941,167,56807,167,28566,
745,167,167,167,167,167,17425,167,167,167,167,167,167,11186,167,35892,167,167,167,44068,167,
746,167,167,167,167,167,167,167,167,167,167,13949,167,167,167,167,18027,167,167,37956,28503,
747,167,167,167,167,167,167,167,167,167,167,27205,33131,40029,167,167,30806,18649,17140,167,31587,
748,167,167,167,167,167,167,167,167,167,167,167,19335,19658,48769,48888,55911,51945,52457,46226,167,
749,167,167,167,167,167,167,167,167,167,167,167,167,21211,44696,167,167,167,167,167,21227,
750,167,167,167,167,167,167,167,167,167,167,49615,167,27458,167,167,43016,167,167,40939,167,
751,167,167,167,167,167,167,167,167,167,167,38415,53008,4660,22408,167,53982,167,167,167,25205,
752,167,167,167,16617,167,167,167,167,167,167,167,167,30303,167,49289,167,20555,167,37334,167,
753,167,167,167,167,167,167,167,167,167,167,167,167,167,167,167,45513,167,20946,167,167,
754,167,167,167,167,167,167,167,167,167,167,167,39227,167,54988,167,167,15339,54849,167,13069,
755,167,167,167,167,167,167,167,167,167,167,30861,38464,30208,167,42420,14520,27434,167,167,167,
756,167,167,167,167,167,167,167,167,167,167,167,51127,167,16348,35274,14749,23727,167,167,12470,
757,167,167,167,167,167,167,167,167,167,167,167,31691,167,45126,56240,167,29215,32308,22225,43188,
758,167,167,167,167,167,167,167,167,167,167,58420,33995,167,16384,57299,49355,167,167,19175,167,
759,167,167,167,167,167,167,167,167,167,167,167,39844,11983,55419,41433,26239,51247,167,167,167,
760,167,167,167,167,167,167,167,167,167,167,167,55523,44101,167,167,167,21467,21915,167,39888,
761,167,167,167,167,167,167,167,167,167,167,167,42046,52882,167,167,167,53384,15933,167,167,
762,167,167,167,167,167,167,167,167,14269,167,50127,167,48362,48715,167,10487,39570,167,167,46323,
763,167,167,167,167,167,167,167,167,167,167,52922,167,12881,167,167,167,167,167,167,167,
764,167,167,167,167,167,167,167,167,167,167,167,167,167,167,167,41447,30886,52312,167,167,
765,167,167,167,7137,167,167,167,167,167,167,167,167,167,167,38285,167,11441,43676,8125,20728,
766,167,167,167,167,167,167,167,167,167,167,167,56401,167,40038,27440,167,167,167,167,167,
767,167,167,167,167,167,167,167,167,167,167,38354,167,167,19717,167,167,48163,167,167,41102,
768,167,167,167,167,167,167,167,167,167,167,47905,11459,167,48655,22538,31024,27152,167,42520,25975,
769,167,167,167,167,167,167,167,167,167,167,43904,167,167,167,39641,167,167,39797,167,11325,
770,167,167,167,167,167,167,167,167,167,167,167,11304,19066,167,167,30407,50200,10904,167,167,
771,167,167,167,167,167,167,167,167,167,167,167,11670,16537,27359,167,167,25484,43332,167,167,
772,167,167,167,167,167,167,167,167,167,167,167,167,40507,167,167,47717,167,167,27500,167,
773,167,167,167,167,167,167,167,167,167,167,167,57884,167,167,167,167,22403,167,56872,23411,
774,167,167,167,167,167,167,167,167,167,167,167,27085,16753,22532,167,15641,167,30516,167,167,
775,167,167,167,167,167,167,167,167,167,167,28310,48557,35772,12724,167,25128,167,36841,15995,28114,
776,167,167,167,167,167,167,167,167,167,167,43225,167,35518,167,28511,23753,53849,50739,167,167,
777,167,167,167,167,167,167,167,167,167,167,167,59176,24357,25616,12569,18126,56128,28521,37728,23082,
778,167,167,167,167,167,167,167,167,167,167,167,44618,27177,50475,167,167,167,167,167,39707,
779,167,167,167,167,167,167,167,167,167,167,38004,167,30984,167,167,43189,167,167,59288,41917,
780,167,167,167,167,167,167,167,167,167,167,45369,167,167,167,50421,48815,39872,167,167,21368,
781,167,167,167,167,167,167,167,20370,167,167,40864,167,167,167,58565,14901,55960,167,11793,167,
782,167,167,167,167,167,167,167,167,167,167,167,167,47311,27326,167,167,46189,167,48976,22314,
783,167,167,167,167,167,167,167,167,167,167,39399,57129,167,57864,22072,57971,36822,167,33982,34181,
784,167,167,167,167,167,167,167,167,167,167,167,11901,33394,167,167,40623,32939,167,167,33358,
785,167,167,167,167,167,167,167,167,167,167,14583,167,167,49477,22209,167,45921,167,167,55468,
786,167,167,167,167,167,167,167,167,167,167,167,39291,55693,28546,31083,167,167,38212,167,37751,
787,167,167,167,167,167,167,167,167,167,167,14196,48362,167,33197,37255,167,46282,29519,53600,37022,
788,167,167,167,167,167,167,167,167,167,167,52324,24303,53736,54827,167,167,58456,167,55770,167,
789,167,167,167,167,167,167,167,167,167,167,34603,167,167,35180,167,167,167,167,167,167,
790,167,167,167,167,167,167,167,167,167,167,167,30347,52424,13794,27884,167,167,167,167,32132,
791,167,167,167,167,167,167,167,167,167,167,167,31151,167,23405,167,44416,167,23205,167,167,
792,167,167,167,167,167,167,167,167,167,167,39520,167,54395,45830,21600,167,167,167,167,30533,
793,167,167,167,167,167,167,167,167,167,167,167,48665,167,58906,167,21383,167,167,49739,167,
794,167,167,167,167,167,167,167,167,167,167,38445,19722,14427,42061,54994,167,167,167,15497,167,
795,167,167,167,167,167,167,167,167,167,167,44109,36503,167,16019,38777,20340,167,22030,167,167,
796,167,167,167,167,167,167,167,167,167,167,30210,167,44615,47791,15687,167,17639,23682,25175,167,
797,167,167,167,167,167,167,167,167,167,167,167,29263,30977,167,29090,167,167,51978,167,18820,
798,167,167,167,167,167,167,167,167,167,167,167,59931,167,18501,167,167,22076,167,167,35137,
799,167,167,167,167,167,167,167,167,167,167,54253,15006,55500,31807,16553,167,167,36825,167,167,
800,167,167,167,167,167,167,167,167,167,167,167,167,167,48096,167,167,167,50544,167,167,
801,167,167,167,167,167,167,167,167,167,167,167,49712,50786,41258,167,167,167,53959,167,47000,
802,167,167,167,167,17322,167,167,167,167,167,49525,167,167,39322,49220,13835,13301,47083,43543,167,
803,167,167,167,167,167,167,167,167,167,167,167,45469,167,40977,167,32300,23581,42122,53693,167,
804,167,167,167,167,167,167,167,167,167,167,167,167,167,34344,167,39552,54240,45871,54522,20005,
805,167,167,167,167,167,167,167,167,167,167,21869,167,20540,167,38479,32857,48718,167,167,167,
806,167,167,167,167,167,167,167,167,167,167,167,167,30579,167,167,57785,167,167,17565,167,
807,167,167,167,167,167,167,167,167,167,167,32417,167,167,167,50003,40649,167,23863,42446,167,
808,167,167,167,167,167,167,167,167,167,167,45234,22897,51310,19396,37034,167,167,11253,167,167,
809,167,167,167,167,167,167,167,167,167,167,39936,167,22486,167,27747,167,167,167,23495,44254,
810,167,167,167,167,167,167,167,167,167,167,167,167,167,167,167,42599,167,21717,167,36878,
811,167,167,167,167,167,167,167,167,167,167,45998,50269,167,167,167,167,167,167,51714,38387,
812,167,167,167,167,167,167,167,167,167,167,40844,167,42094,16829,55609,167,33466,48800,36191,167,
813,167,167,167,167,167,167,167,167,167,167,20741,167,18946,167,167,167,27134,42116,167,167,
814,167,167,167,167,167,167,167,167,167,167,55385,49398,17457,167,34068,167,167,167,44302,167,
815,167,167,167,167,167,167,167,167,167,167,43550,27816,38792,58749,30624,43614,167,50560,24983,167,
816,167,167,167,167,167,167,167,167,167,167,22282,167,32198,167,53310,167,167,167,36925,50285,
817,167,167,167,167,167,167,167,167,167,167,167,167,167,167,14176,22088,167,167,167,45731,
818,167,167,167,167,167,167,167,167,167,167,167,48939,40855,20956,793,56103,167,21148,167,11214,
819,167,167,167,167,167,167,167,167,167,167,167,57387,26273,52079,40811,56668,57380,23614,12163,167,
820,167,167,167,167,167,167,167,167,167,167,167,167,46965,29835,167,167,34865,29720,31623,40380,
821,167,167,167,167,167,167,167,167,167,167,54858,167,23376,167,167,167,44336,167,167,167,
822,167,167,12205,167,167,167,167,167,167,167,167,167,167,167,15484,37770,42536,167,167,167,
823,167,167,167,167,167,167,167,167,167,167,55989,167,167,40652,58062,167,167,54015,58082,44660,
824,167,167,167,167,167,167,167,167,167,167,167,167,167,12126,167,47707,167,23927,167,53882,
825,167,167,167,167,167,167,167,167,167,167,167,167,167,167,46900,167,167,38145,45660,33662,
826,167,167,167,167,167,167,167,167,167,167,55453,14550,167,167,167,167,34305,24995,167,44629,
827,167,167,167,167,167,167,167,167,167,10986,167,23820,44522,167,45881,167,40808,167,38879,167,
828,167,167,167,167,167,167,167,167,167,167,167,45704,167,38765,167,167,35137,167,167,167,
829,167,167,167,167,167,167,167,167,167,167,59414,26301,167,167,167,34428,50270,40579,53252,28230,
830,167,167,167,167,167,167,167,167,15494,167,38598,167,167,167,54229,47012,42483,167,40971,18195,
831,167,167,167,167,167,167,11321,167,167,167,26573,167,37830,167,167,36248,167,167,167,34786,
832,167,167,167,167,167,167,167,167,167,167,47722,50974,60504,41123,167,167,58012,43616,167,53080,
833,167,167,167,167,167,167,167,167,167,167,167,167,167,48968,55575,3496,167,167,167,167,
834,167,167,167,167,167,167,167,167,167,167,167,54062,22454,167,167,167,167,48947,167,167,
835,167,167,167,167,167,167,167,167,167,167,38774,167,167,38596,167,167,13988,167,167,51849,
836,167,167,167,167,167,167,167,167,167,167,167,45095,29900,167,167,167,167,35232,167,167,
837,167,167,167,167,167,167,167,167,167,167,11824,167,167,167,167,24388,47262,56826,36155,39193,
838,167,167,167,167,167,167,167,167,167,167,167,167,167,13986,38563,51814,58552,167,167,51627,
839,167,167,167,167,167,167,167,167,167,167,167,167,29365,10177,19304,167,167,15094,167,43523,
840,167,167,167,167,167,167,167,167,167,167,167,42397,44042,167,52199,44851,44201,28698,167,167,
841,167,167,167,167,167,167,167,167,167,167,167,167,37450,167,18728,167,54141,167,167,38326,
842,167,167,167,167,167,167,167,167,167,167,45919,167,25582,167,167,167,16111,167,15424,167,
843,167,167,167,167,167,167,167,167,167,167,19829,18924,167,51044,167,167,167,167,56058,167,
844,167,167,167,167,167,167,167,167,167,167,167,49149,167,33077,167,42000,167,40878,11742,24106,
845,167,167,167,167,167,167,167,167,167,167,46222,44001,167,167,54681,18912,167,167,18015,167,
846,167,167,167,167,167,167,167,167,167,167,42562,859,48975,167,167,49260,167,167,167,32874,
847,167,167,167,167,167,18006,167,167,18006,167,17364,21132,40535,51240,41922,167,167,167,167,31960,
848,167,167,167,167,167,167,167,167,167,167,167,167,167,14173,167,17068,167,167,167,167,
849,167,167,167,167,167,167,167,167,167,167,13506,23606,36495,14179,167,167,35880,167,167,32515,
850,167,167,167,167,167,167,167,167,167,167,167,56888,167,167,167,28595,167,53478,47552,167,
851,167,167,167,167,167,167,167,167,167,167,32858,167,167,167,167,167,167,12968,48578,167,
852,167,167,167,167,167,167,167,167,167,167,167,49159,28754,32541,44099,167,167,32807,41695,167,
853,167,167,167,167,167,167,167,167,167,167,167,59384,167,42055,52316,167,43480,55397,167,36762,
854,167,167,167,167,167,167,167,167,167,167,167,167,28912,167,46242,43496,167,167,167,167,
855,167,167,167,167,167,167,167,167,167,167,51018,167,23577,167,16426,167,167,167,55786,167,
856,167,167,167,167,167,167,167,167,167,167,167,167,44015,56757,167,167,48412,30926,38347,167,
857,167,167,167,167,167,167,167,167,167,167,167,167,56949,30611,48563,37188,167,21492,35564,41737,
858,167,167,167,167,167,167,167,167,167,167,44304,50423,27550,53885,167,167,167,167,167,42897,
859,167,167,167,167,167,167,167,167,167,167,167,167,30409,167,28359,167,167,21598,167,167,
860,167,167,167,167,167,167,167,167,167,167,13378,167,167,2232,167,50901,20563,29899,56192,167,
861,167,167,167,167,167,167,167,167,167,167,167,167,167,167,167,167,54856,167,167,167,
862,167,167,167,167,167,167,167,167,167,167,167,167,47582,167,55639,167,167,10020,167,167,
863,167,167,167,167,167,167,167,167,167,167,167,42958,167,27038,40726,37957,167,41619,50219,167,
864,167,167,167,167,167,167,167,167,167,167,56055,167,167,12266,45477,167,167,17109,25306,15270,
865,167,167,167,167,167,167,167,167,167,167,167,167,14784,167,22018,11135,167,167,24896,36040,
866,167,167,167,167,167,167,167,167,167,167,167,16478,34298,33285,167,167,167,167,167,19830,
867,167,167,167,167,167,167,167,167,167,167,167,167,12379,50150,39573,167,37557,167,167,167,
868,167,167,167,167,167,167,167,167,167,167,54449,21658,59267,21937,167,21110,24812,167,30701,167,
869,167,167,167,167,167,167,167,167,167,167,167,40855,31730,42699,167,60639,167,167,20791,19165,
870,167,167,167,167,167,167,167,167,167,167,167,167,13071,49931,31009,167,51814,167,167,167,
871,167,167,167,167,167,167,167,167,167,167,167,44427,167,167,167,55512,167,50189,167,167,
872,167,167,167,167,167,167,167,167,167,167,34940,167,56623,28779,57267,167,167,167,28246,167,
873,167,167,167,167,167,167,167,167,167,167,167,45145,57913,167,18135,13106,30265,59177,167,55333,
874,167,167,167,167,167,167,167,167,167,167,12981,167,167,55394,167,167,40004,167,21765,21959,
875,167,167,167,167,167,167,167,167,167,167,18999,167,38914,46422,167,27205,51769,47957,167,17375,
876,167,167,167,167,167,167,167,167,167,167,26297,12560,55144,167,55799,53050,18346,167,167,16816,
877,167,167,167,167,167,167,167,167,167,167,21085,167,167,28766,167,167,167,52955,24588,51205,
878,167,167,167,167,167,167,167,167,167,167,13654,167,167,26901,167,167,21061,167,41638,48162,
879,167,167,167,167,167,167,167,167,1077,167,167,167,50976,167,14226,167,24608,27452,167,167,
880,167,167,167,167,167,167,167,167,167,167,47755,167,167,167,167,167,167,29357,167,167,
881,167,167,167,167,167,167,167,167,167,167,13547,167,42519,167,47508,39820,12109,167,167,20161,
882,167,167,167,167,167,167,167,167,167,167,167,49911,167,50983,167,167,167,167,167,167,
883,167,167,167,167,167,167,167,167,167,167,167,19253,167,167,167,22811,23587,167,53361,167,
884,167,167,167,167,167,167,167,167,167,167,20482,21408,48001,28229,25560,167,27751,16662,15081,167,
885,167,167,167,167,167,167,167,167,167,167,167,33450,45327,167,25012,167,22737,167,167,167,
886,167,167,167,167,167,167,167,167,167,167,167,48607,167,17246,38668,44056,53590,39474,167,40607,
887,167,167,167,167,167,167,167,167,167,167,167,167,167,57684,50877,47175,167,25259,48481,167,
888,167,167,167,167,167,167,167,167,167,167,167,2210,28185,16373,10223,15560,28850,167,17444,15650,
889,167,167,167,167,167,167,167,167,167,167,167,47939,167,167,167,35747,13702,167,167,167,
890,167,167,167,167,167,167,167,167,167,167,53157,29708,32483,167,167,12061,167,23539,30668,40304,
891,167,167,167,167,167,167,167,167,167,167,38471,167,167,26702,167,21058,45612,167,167,20544,
892,167,167,167,167,167,167,167,167,167,167,167,167,167,167,10428,167,167,29721,59325,167,
893,167,167,167,167,167,167,167,167,167,167,43250,167,28136,23887,12140,167,52743,167,167,13127,
894,167,167,167,167,167,167,167,167,167,167,33193,167,167,167,167,167,167,167,167,167,
895,167,167,167,167,167,167,167,167,167,167,167,167,34714,167,31124,17551,46125,167,167,15342,
896,167,167,167,167,167,167,167,167,167,167,18214,167,167,44399,23134,47098,167,55553,19742,43618,
897,167,167,167,167,167,167,167,167,167,167,48999,19700,45615,57290,17063,54784,51077,167,41696,34782,
898,167,167,167,167,167,167,167,167,167,167,51304,27247,11872,167,58704,167,45575,167,13848,167,
899,167,167,167,167,167,167,167,167,167,167,55439,167,55046,52290,167,41716,1692,57632,10820,167,
900,167,167,19911,167,167,167,167,167,14952,167,42433,16439,167,34656,167,167,28550,167,167,25313,
901,167,167,167,167,167,167,167,167,167,167,167,32444,167,40547,167,167,52311,167,167,167,
902,167,167,167,167,167,167,167,167,167,167,167,13914,11715,39882,27798,167,167,22922,167,167,
903,167,167,167,167,167,167,167,167,167,167,14741,55177,25839,44050,23568,36292,32098,33177,167,12790,
904,167,167,167,167,167,167,167,167,167,167,167,26943,167,51329,58484,28540,30713,167,167,167,
905,167,167,167,167,167,167,167,167,167,167,36056,167,167,167,13736,167,28784,167,39067,49826,
906,167,167,167,167,167,167,167,167,167,167,167,167,33807,167,21392,167,167,167,167,12047,
907,167,167,167,167,167,167,167,167,167,167,167,167,29085,167,48886,57886,167,45792,39395,167,
908,167,167,167,167,167,167,167,167,10167,167,15085,167,31919,57659,11980,46406,167,49849,167,167,
909,167,167,167,167,167,167,167,167,167,167,49490,30651,167,11734,11187,167,35904,167,167,50062,
910,167,167,167,167,167,167,167,167,167,167,35054,167,167,41006,40685,25156,167,49723,167,167,
911,167,167,167,167,167,167,167,167,167,167,13765,167,33660,49754,167,167,52866,167,167,167,
912,167,167,167,167,167,167,167,167,167,167,167,167,35385,167,167,167,167,10315,167,52279,
913,167,167,167,167,167,167,167,167,167,167,167,167,16851,32495,53548,29354,167,167,12937,20571,
914,167,167,167,167,167,167,167,167,167,167,167,22694,167,167,167,167,13450,167,167,167,
915,167,167,167,167,167,167,167,167,167,167,167,20203,167,167,36944,58302,167,47314,20997,15206,
916,167,167,167,167,167,167,167,167,167,167,167,167,30587,167,167,167,16235,167,167,25992,
917,167,167,167,167,167,167,167,167,167,167,56240,167,167,167,167,167,34946,17573,36076,167,
918,167,167,167,167,167,167,167,167,167,167,33649,167,39987,25045,36081,57652,167,14112,33408,19699,
919,167,167,167,167,167,167,167,167,167,167,52120,167,167,46576,167,167,49783,167,167,167,
920,167,167,167,167,167,167,167,167,167,167,167,167,38095,49095,30745,39266,49876,57259,167,23735,
921,167,167,167,167,167,167,167,167,167,167,167,50594,167,167,41630,31249,25237,14795,167,167,
922,167,167,167,167,167,167,167,167,167,167,167,167,35729,35748,167,167,167,26305,52685,10710,
923,167,167,167,167,167,167,167,167,167,167,44051,11603,167,167,32615,24043,167,167,167,167,
924,167,167,167,167,167,167,167,167,167,167,167,167,46761,38705,167,46486,35624,41923,46880,167,
925,167,167,167,167,167,167,167,167,167,167,26608,167,52386,31105,13944,39708,20034,49323,28176,167,
926,167,167,167,167,167,167,167,167,167,167,167,29973,55898,167,167,167,42162,167,167,167,
927,167,167,167,167,167,167,167,167,167,167,167,53128,49816,167,39177,167,28927,41260,32648,24542,
928,167,167,167,167,167,167,167,167,167,167,14903,167,167,167,14076,167,29481,57118,43268,167,
929,167,167,167,167,167,167,167,167,167,167,22574,46842,167,45598,167,26202,167,18803,167,167,
930,167,167,167,167,167,167,167,167,167,167,167,24794,39358,23941,167,35401,29716,167,27466,25219,
931,167,167,167,167,167,167,167,167,167,167,167,34845,167,11946,32623,46835,167,44526,167,35949,
932,167,167,167,167,167,167,167,167,167,167,21917,167,17952,167,55995,33473,13982,57434,167,167,
933,167,167,167,167,167,167,167,167,167,167,10168,167,44705,167,16797,167,54903,33470,167,167,
934,167,167,167,167,167,167,167,167,167,167,167,167,167,167,36287,167,54294,30102,167,167,
935,167,167,167,167,167,167,167,167,167,167,44984,167,167,167,22427,167,167,24523,167,167,
936,167,167,167,167,167,167,167,167,167,167,44579,167,25925,167,54798,37306,33978,19972,167,38106,
937,167,167,167,167,167,167,167,167,167,167,42438,10200,33589,167,167,167,167,167,167,51360,
938,167,167,167,167,167,167,167,167,167,167,42409,167,48317,53029,26671,167,30460,167,22878,167,
939,167,167,167,167,167,167,167,167,167,167,27875,41041,17202,54664,167,167,12518,167,167,38068,
940,167,167,167,167,167,167,167,167,167,167,167,167,55840,48771,16146,167,167,167,45645,167,
941,167,167,167,167,167,167,167,167,167,167,167,167,45720,167,167,167,57251,167,167,167,
942,167,167,167,167,167,167,167,167,167,167,167,48972,52882,24720,167,38598,167,48630,167,167,
943,167,167,167,167,167,167,167,167,167,167,33135,167,44771,167,167,43031,167,47626,44957,167,
944,167,167,167,167,167,167,167,167,167,167,167,33281,37851,167,167,167,167,167,41409,39813,
945,167,167,167,167,167,167,167,167,167,167,43447,167,167,167,167,167,10204,28750,11530,167,
946,167,167,167,167,167,167,167,167,167,167,167,167,51615,167,167,167,167,35235,18291,167,
947,167,167,167,167,167,167,167,167,167,167,167,167,49055,31504,48739,167,167,167,167,29531,
948,167,167,167,167,167,167,167,167,167,167,56484,50059,167,44668,167,29703,56729,167,167,13730,
949,167,167,167,167,167,167,167,167,167,167,167,42402,167,167,167,167,167,167,167,167,
950,167,167,167,167,167,167,167,167,167,167,54041,31237,167,167,167,167,45689,44146,167,167,
951,167,167,167,167,167,167,167,167,167,167,19192,167,167,167,21607,33533,167,57694,167,167,
952,167,167,167,167,167,167,167,167,167,167,51496,51773,167,167,167,16289,57450,11631,167,167,
953,167,167,167,167,167,167,167,167,167,167,167,167,42588,19772,14218,22046,167,167,52451,48277,
954,167,167,13534,167,167,167,167,167,167,167,167,37073,167,42922,56696,11382,30259,43786,167,21096,
955,167,167,167,167,167,167,167,167,167,167,167,167,167,167,167,167,50709,56831,167,54168,
956,167,167,167,167,167,167,167,167,167,167,167,167,167,48326,28158,48198,167,167,24969,167,
957,167,167,167,167,167,167,167,167,167,167,10225,167,167,167,56187,167,167,37007,45655,33849,
958,167,167,167,167,167,167,167,167,167,167,12789,54153,167,14349,167,167,38645,167,167,53027,
959,167,167,167,167,167,167,167,167,167,167,50264,50010,25915,167,167,167,167,167,167,32099,
960,167,167,167,167,167,167,167,167,167,167,25445,43078,46083,167,51760,48300,55461,33510,167,167,
961,167,167,167,167,167,167,167,167,167,167,167,167,167,46460,52029,15569,167,20259,18028,167,
962,167,167,167,167,167,167,167,167,167,167,167,167,23823,30071,167,50927,36090,167,15322,23429,
963,167,167,167,167,167,167,167,167,167,167,167,167,167,49453,167,23413,167,23445,167,167,
964,167,167,167,167,167,167,167,167,167,167,35549,27956,167,167,167,167,13916,34138,167,167,
965,167,167,167,167,167,167,167,167,167,167,167,167,55120,167,167,10212,36844,167,24771,167,
966,167,167,167,167,167,167,167,167,167,167,167,11374,26398,56572,167,167,41512,167,23553,53496,
967,167,167,167,167,167,167,167,167,167,167,28818,167,167,167,10426,167,167,167,167,167,
968,167,167,167,167,167,167,167,167,167,167,12139,46680,167,167,167,167,167,23275,43339,167,
969,167,167,167,167,167,167,167,167,167,167,167,44758,14292,167,167,14499,57958,167,167,56220,
970,167,167,167,167,167,167,167,167,167,167,49925,167,31517,167,167,167,167,167,52507,167,
971,167,167,167,167,167,167,167,167,167,167,37970,167,167,167,33787,167,167,14963,30818,17827,
972,167,167,167,167,167,167,167,167,167,167,55047,24297,167,11961,167,26557,167,167,167,167,
973,167,167,167,167,167,167,167,167,167,167,29560,167,26915,59369,34616,55141,33163,33429,167,42390,
974,167,167,167,167,167,167,167,167,167,167,167,33277,167,167,51574,30599,38762,167,12309,24348,
975,167,167,167,167,167,167,167,167,167,167,167,40281,167,39235,51504,46425,167,167,42184,45776,
976,167,167,167,167,167,167,167,167,167,1499,167,29536,167,167,167,167,56274,167,57725,167,
977,167,167,167,167,167,167,167,167,167,167,167,167,53986,167,42618,167,40067,167,167,167,
978,167,167,167,167,13046,167,167,167,167,167,37221,167,167,32021,11788,167,167,20577,18908,167,
979,167,167,167,167,167,167,167,167,167,167,59125,167,167,167,167,33782,38286,34566,167,167,
980,167,167,167,167,167,167,167,167,167,167,167,26894,55908,57228,167,26564,167,36897,167,167,
981,167,167,167,167,167,167,167,167,167,167,52313,46685,49859,41861,167,167,55655,46592,167,167,
982,167,167,167,167,167,167,167,167,167,167,30463,26132,49405,25012,45346,167,19503,47777,167,32244,
983,167,167,167,167,167,167,167,167,167,167,167,50194,21956,167,167,23223,49296,167,33813,44774,
984,167,167,167,167,167,167,167,167,167,167,34823,167,167,22449,49245,167,167,16529,167,167,
985,167,167,167,167,167,167,167,167,167,167,41766,167,54830,14031,42101,51116,57632,167,167,48394,
986,167,167,167,167,167,167,167,167,167,16616,11474,167,57754,167,39424,6494,27289,55033,167,34896,
987,167,167,167,167,167,167,167,167,167,167,167,27321,167,37937,167,167,53696,167,55915,167,
988,167,167,167,167,167,167,10632,167,167,167,33607,167,167,13079,167,167,15279,167,167,56053,
989,167,167,167,167,167,167,167,167,167,167,53431,167,35874,167,18172,55291,38376,167,52564,167,
990,167,167,167,167,167,167,167,167,167,167,22633,50827,167,167,167,41147,167,17771,36963,27858,
991,167,167,167,167,167,167,167,167,167,167,167,33277,25599,167,33894,167,167,167,167,167,
992,167,167,167,167,167,167,167,167,167,167,167,40566,167,43952,167,167,167,167,36159,58766,
993,167,167,167,167,167,167,167,167,167,167,167,55680,167,50455,167,167,167,28290,12424,52881,
994,167,167,167,167,25576,167,167,167,167,167,49832,167,167,167,167,167,35352,167,167,29779,
995,167,167,167,167,167,167,167,167,167,167,167,25053,167,167,42206,167,167,167,167,167,
996,167,167,167,167,167,167,167,167,167,167,167,41630,167,167,49209,167,167,167,14510,52549,
997,167,167,167,167,167,167,167,167,167,167,167,26374,28106,56966,167,167,23246,15866,28507,167,
998,167,167,167,167,167,167,167,167,167,167,167,167,167,53611,41347,33879,15742,167,167,167,
999,167,167,167,167,167,167,167,167,167,167,167,167,28856,167,50863,16647,33355,167,20680,167,
1000,167,167,167,167,167,167,167,167,167,167,35138,167,33398,29546,19251,167,52014,167,54883,43436,
