1,34986,2688,33639,47965,4412,45136,8564,4046,35982,43650,13689,28895,23012,34561,10172,1764,12770,12753,45420,6892,747,9762,36494,27995,46049,23500,40830,41132,9300,7728,34246,44320,37232,23778,45125,41276,19873,1031,44863,1805,43388,15735,38852,24740,202,806,30908,32694,28526,9228,42386,43584,45785,23620,6322,43770,47287,7008,4691,23619,5988,6148,45466,47713,36732,8478,26479,29401,27980,18229,9920,9067,29534,21194,33490,22832,46346,19775,48889,46325,
2,34986,2688,33639,47965,4412,45136,8564,4046,35982,43650,13689,28895,23012,34561,10172,1764,12770,12753,45420,6892,747,9762,36494,27995,46049,23500,40830,41132,9300,7728,34246,44320,37232,23778,45125,41276,19873,1031,44863,1805,43388,15735,38852,24740,202,806,30908,32694,28526,9228,42386,43584,45785,23620,6322,43770,47287,7008,4691,23619,5988,6148,45466,47713,36732,8478,26479,29401,27980,18229,9920,9067,40373,8227,40882,42112,3012,9499,1889,9954,
3,34986,2688,33639,47965,4412,45136,8564,4046,35982,43650,13689,28895,23012,34561,10172,1764,12770,12753,45420,6892,747,9762,36494,27995,46049,23500,40830,41132,9300,7728,34246,44320,37232,23778,45125,41276,19873,1031,44863,1805,43388,15735,38852,24740,202,806,30908,32694,28526,9228,42386,43584,45785,23620,6322,43770,47287,7008,4691,23619,5988,6148,45466,47713,36732,8478,26479,29401,27980,18229,9920,9067,3856,32532,3911,2283,15436,9275,1889,25714,
4,34986,2688,33639,47965,4412,45136,8564,4046,35982,43650,13689,28895,23012,34561,10172,1764,12770,12753,45420,6892,747,9762,36494,27995,46049,23500,40830,41132,9300,7728,34246,44320,37232,23778,45125,41276,19873,1031,44863,1805,43388,15735,38852,24740,202,806,30908,32694,28526,9228,42386,43584,45785,23620,6322,43770,47287,7008,4691,23619,5988,6148,45466,47713,36732,8478,26479,29401,27980,18229,9920,9067,4861,4706,10805,34466,20259,35385,23129,3922,
5,34986,2688,33639,47965,4412,45136,8564,4046,35982,43650,13689,28895,23012,34561,10172,1764,12770,12753,45420,6892,747,9762,36494,27995,46049,23500,40830,41132,9300,7728,34246,44320,37232,23778,45125,41276,19873,1031,44863,1805,43388,15735,38852,24740,202,806,30908,32694,28526,9228,42386,43584,45785,23620,6322,43770,47287,7008,4691,23619,5988,6148,45466,47713,36732,8478,26479,29401,27980,18229,9920,9067,44379,38778,701,6291,828,5780,20366,728,
6,34986,2688,33639,47965,4412,45136,8564,4046,35982,43650,13689,28895,23012,34561,10172,1764,12770,12753,45420,6892,747,9762,36494,27995,46049,23500,40830,41132,9300,7728,34246,44320,37232,23778,45125,41276,19873,1031,44863,1805,43388,15735,38852,24740,202,806,30908,32694,28526,9228,42386,43584,45785,23620,6322,43770,47287,7008,4691,23619,5988,6148,45466,47713,36732,8478,26479,29401,27980,18229,9920,9067,128,4240,3335,13220,12802,37234,22725,728,
7,34986,2688,33639,47965,4412,45136,8564,4046,35982,43650,13689,28895,23012,34561,10172,1764,12770,12753,45420,6892,747,9762,36494,27995,46049,23500,40830,41132,9300,7728,34246,44320,37232,23778,45125,41276,19873,1031,44863,1805,43388,15735,38852,24740,202,806,30908,32694,28526,9228,42386,43584,45785,23620,6322,43770,47287,7008,4691,23619,5988,6148,45466,47713,36732,8478,26479,29401,27980,18229,9920,9067,26478,5134,21078,44567,44474,41303,17207,13009,
8,34986,2688,33639,47965,4412,45136,8564,4046,35982,43650,13689,28895,23012,34561,10172,1764,12770,12753,45420,6892,747,9762,36494,27995,46049,23500,40830,41132,9300,7728,34246,44320,37232,23778,45125,41276,19873,1031,44863,1805,43388,15735,38852,24740,202,806,30908,32694,28526,9228,42386,43584,45785,23620,6322,43770,47287,7008,4691,23619,5988,6148,45466,47713,36732,8478,26479,29401,27980,18229,9920,9067,6756,10897,1332,34778,4627,6589,19533,13257,
9,34986,2688,33639,47965,4412,45136,8564,4046,35982,43650,13689,28895,23012,34561,10172,1764,12770,12753,45420,6892,747,9762,36494,27995,46049,23500,40830,41132,9300,7728,34246,44320,37232,23778,45125,41276,19873,1031,44863,1805,43388,15735,38852,24740,202,806,30908,32694,28526,9228,42386,43584,45785,23620,6322,43770,47287,7008,4691,23619,5988,6148,45466,47713,36732,8478,26479,29401,27980,18229,9920,9067,4421,28338,16480,1311,3627,24390,34889,18584,
10,34986,2688,33639,47965,4412,45136,8564,4046,35982,43650,13689,28895,23012,34561,10172,1764,12770,12753,45420,6892,747,9762,36494,27995,46049,23500,40830,41132,9300,7728,34246,44320,37232,23778,45125,41276,19873,1031,44863,1805,43388,15735,38852,24740,202,806,30908,32694,28526,9228,42386,43584,45785,23620,6322,43770,47287,7008,4691,23619,5988,6148,45466,47713,36732,8478,26479,29401,27980,18229,9920,9067,46035,37488,3877,1311,10338,20519,6714,6728,
11,34986,2688,33639,47965,4412,45136,8564,4046,35982,43650,13689,28895,23012,34561,10172,1764,12770,12753,45420,6892,747,9762,36494,27995,46049,23500,40830,41132,9300,7728,34246,44320,37232,23778,45125,41276,19873,1031,44863,1805,43388,15735,38852,24740,202,806,30908,32694,28526,9228,42386,43584,45785,23620,6322,43770,47287,7008,4691,23619,5988,6148,45466,47713,36732,8478,26479,29401,27980,18229,9920,9067,12704,8975,33475,44263,7851,9294,11337,9686,
12,34986,2688,33639,47965,4412,45136,8564,4046,35982,43650,13689,28895,23012,34561,10172,1764,12770,12753,45420,6892,747,9762,36494,27995,46049,23500,40830,41132,9300,7728,34246,44320,37232,23778,45125,41276,19873,1031,44863,1805,43388,15735,38852,24740,202,806,30908,32694,28526,9228,42386,43584,45785,23620,6322,43770,47287,7008,4691,23619,5988,6148,45466,47713,36732,8478,26479,29401,27980,18229,9920,9067,26717,18146,10376,31180,5581,2270,5306,11454,
13,34986,2688,33639,47965,4412,45136,8564,4046,35982,43650,13689,28895,23012,34561,10172,1764,12770,12753,45420,6892,747,9762,36494,27995,46049,23500,40830,41132,9300,7728,34246,44320,37232,23778,45125,41276,19873,1031,44863,1805,43388,15735,38852,24740,202,806,30908,32694,28526,9228,42386,43584,45785,23620,6322,43770,47287,7008,4691,23619,5988,6148,45466,47713,36732,8478,26479,29401,27980,18229,9920,9067,16284,4789,27478,8182,40172,8399,9256,9703,
14,34986,2688,33639,47965,4412,45136,8564,4046,35982,43650,13689,28895,23012,34561,10172,1764,12770,12753,45420,6892,747,9762,36494,27995,46049,23500,40830,41132,9300,7728,34246,44320,37232,23778,45125,41276,19873,1031,44863,1805,43388,15735,38852,24740,202,806,30908,32694,28526,9228,42386,43584,45785,23620,6322,43770,47287,7008,4691,23619,5988,6148,45466,47713,36732,8478,26479,29401,27980,18229,9920,9067,12079,5263,370,29021,40345,3185,18110,6146,
15,34986,2688,33639,47965,4412,45136,8564,4046,35982,43650,13689,28895,23012,34561,10172,1764,12770,12753,45420,6892,747,9762,36494,27995,46049,23500,40830,41132,9300,7728,34246,44320,37232,23778,45125,41276,19873,1031,44863,1805,43388,15735,38852,24740,202,806,30908,32694,28526,9228,42386,43584,45785,23620,6322,43770,47287,7008,4691,23619,5988,6148,45466,47713,36732,8478,26479,29401,27980,18229,9920,9067,11516,30929,270,2094,21643,2046,22452,35430,
16,34986,2688,33639,47965,4412,45136,8564,4046,35982,43650,13689,28895,23012,34561,10172,1764,12770,12753,45420,6892,747,9762,36494,27995,46049,23500,40830,41132,9300,7728,34246,44320,37232,23778,45125,41276,19873,1031,44863,1805,43388,15735,38852,24740,202,806,30908,32694,28526,9228,42386,43584,45785,23620,6322,43770,47287,7008,4691,23619,5988,6148,45466,47713,36732,8478,26479,29401,27980,18229,9920,9067,12303,982,31655,4750,41141,14953,10907,23247,
17,34986,2688,33639,47965,4412,45136,8564,4046,35982,43650,13689,28895,23012,34561,10172,1764,12770,12753,45420,6892,747,9762,36494,27995,46049,23500,40830,41132,9300,7728,34246,44320,37232,23778,45125,41276,19873,1031,44863,1805,43388,15735,38852,24740,202,806,30908,32694,28526,9228,42386,43584,45785,23620,6322,43770,47287,7008,4691,23619,5988,6148,45466,47713,36732,8478,26479,29401,27980,18229,9920,9067,12491,24468,1983,6650,8420,12219,20633,10184,
18,34986,2688,33639,47965,4412,45136,8564,4046,35982,43650,13689,28895,23012,34561,10172,1764,12770,12753,45420,6892,747,9762,36494,27995,46049,23500,40830,41132,9300,7728,34246,44320,37232,23778,45125,41276,19873,1031,44863,1805,43388,15735,38852,24740,202,806,30908,32694,28526,9228,42386,43584,45785,23620,6322,43770,47287,7008,4691,23619,5988,6148,45466,47713,36732,8478,26479,29401,27980,18229,9920,9067,928,30043,17978,21131,50718,1401,22953,25992,
19,34986,2688,33639,47965,4412,45136,8564,4046,35982,43650,13689,28895,23012,34561,10172,1764,12770,12753,45420,6892,747,9762,36494,27995,46049,23500,40830,41132,9300,7728,34246,44320,37232,23778,45125,41276,19873,1031,44863,1805,43388,15735,38852,24740,202,806,30908,32694,28526,9228,42386,43584,45785,23620,6322,43770,47287,7008,4691,23619,5988,6148,45466,47713,36732,8478,26479,29401,27980,18229,9920,9067,11732,20856,3628,28410,34288,1580,5945,24982,
20,34986,2688,33639,47965,4412,45136,8564,4046,35982,43650,13689,28895,23012,34561,10172,1764,12770,12753,45420,6892,747,9762,36494,27995,46049,23500,40830,41132,9300,7728,34246,44320,37232,23778,45125,41276,19873,1031,44863,1805,43388,15735,38852,24740,202,806,30908,32694,28526,9228,42386,43584,45785,23620,6322,43770,47287,7008,4691,23619,5988,6148,45466,47713,36732,8478,26479,29401,27980,18229,9920,9067,12590,1541,26221,6336,15023,1174,36658,9813,
21,34986,2688,33639,47965,4412,45136,8564,4046,35982,43650,13689,28895,23012,34561,10172,1764,12770,12753,45420,6892,747,9762,36494,27995,46049,23500,40830,41132,9300,7728,34246,44320,37232,23778,45125,41276,19873,1031,44863,1805,43388,15735,38852,24740,202,806,30908,32694,28526,9228,42386,43584,45785,23620,6322,43770,47287,7008,4691,23619,5988,6148,45466,47713,36732,8478,26479,29401,27980,18229,9920,9067,40850,4518,2435,36829,12927,9588,7551,13065,
22,34986,2688,33639,47965,4412,45136,8564,4046,35982,43650,13689,28895,23012,34561,10172,1764,12770,12753,45420,6892,747,9762,36494,27995,46049,23500,40830,41132,9300,7728,34246,44320,37232,23778,45125,41276,19873,1031,44863,1805,43388,15735,38852,24740,202,806,30908,32694,28526,9228,42386,43584,45785,23620,6322,43770,47287,7008,4691,23619,5988,6148,45466,47713,36732,8478,26479,29401,27980,18229,9920,9067,42981,26619,427,19987,18042,5444,20414,6046,
23,34986,2688,33639,47965,4412,45136,8564,4046,35982,43650,13689,28895,23012,34561,10172,1764,12770,12753,45420,6892,747,9762,36494,27995,46049,23500,40830,41132,9300,7728,34246,44320,37232,23778,45125,41276,19873,1031,44863,1805,43388,15735,38852,24740,202,806,30908,32694,28526,9228,42386,43584,45785,23620,6322,43770,47287,7008,4691,23619,5988,6148,45466,47713,36732,8478,26479,29401,27980,18229,9920,9067,10446,20000,46283,8529,14086,13915,9212,60003,
24,34986,2688,33639,47965,4412,45136,8564,4046,35982,43650,13689,28895,23012,34561,10172,1764,12770,12753,45420,6892,747,9762,36494,27995,46049,23500,40830,41132,9300,7728,34246,44320,37232,23778,45125,41276,19873,1031,44863,1805,43388,15735,38852,24740,202,806,30908,32694,28526,9228,42386,43584,45785,23620,6322,43770,47287,7008,4691,23619,5988,6148,45466,47713,36732,8478,26479,29401,27980,18229,9920,9067,9590,4436,309,4203,30571,11726,533,30332,
25,34986,2688,33639,47965,4412,45136,8564,4046,35982,43650,13689,28895,23012,34561,10172,1764,12770,12753,45420,6892,747,9762,36494,27995,46049,23500,40830,41132,9300,7728,34246,44320,37232,23778,45125,41276,19873,1031,44863,1805,43388,15735,38852,24740,202,806,30908,32694,28526,9228,42386,43584,45785,23620,6322,43770,47287,7008,4691,23619,5988,6148,45466,47713,36732,8478,26479,29401,27980,18229,9920,9067,356,9646,40167,2314,18421,8956,13446,13232,
26,34986,2688,33639,47965,4412,45136,8564,4046,35982,43650,13689,28895,23012,34561,10172,1764,12770,12753,45420,6892,747,9762,36494,27995,46049,23500,40830,41132,9300,7728,34246,44320,37232,23778,45125,41276,19873,1031,44863,1805,43388,15735,38852,24740,202,806,30908,32694,28526,9228,42386,43584,45785,23620,6322,43770,47287,7008,4691,23619,5988,6148,45466,47713,36732,8478,26479,29401,27980,18229,9920,9067,356,5986,14488,1805,28195,1944,9582,36281,
27,34986,2688,33639,47965,4412,45136,8564,4046,35982,43650,13689,28895,23012,34561,10172,1764,12770,12753,45420,6892,747,9762,36494,27995,46049,23500,40830,41132,9300,7728,34246,44320,37232,23778,45125,41276,19873,1031,44863,1805,43388,15735,38852,24740,202,806,30908,32694,28526,9228,42386,43584,45785,23620,6322,43770,47287,7008,4691,23619,5988,6148,45466,47713,36732,8478,26479,29401,27980,18229,9920,9067,5192,7830,15525,1257,23309,17110,35799,31317,
28,34986,2688,33639,47965,4412,45136,8564,4046,35982,43650,13689,28895,23012,34561,10172,1764,12770,12753,45420,6892,747,9762,36494,27995,46049,23500,40830,41132,9300,7728,34246,44320,37232,23778,45125,41276,19873,1031,44863,1805,43388,15735,38852,24740,202,806,30908,32694,28526,9228,42386,43584,45785,23620,6322,43770,47287,7008,4691,23619,5988,6148,45466,47713,36732,8478,26479,29401,27980,18229,9920,9067,841,926,22223,20594,39707,7534,9586,40437,
29,34986,2688,33639,47965,4412,45136,8564,4046,35982,43650,13689,28895,23012,34561,10172,1764,12770,12753,45420,6892,747,9762,36494,27995,46049,23500,40830,41132,9300,7728,34246,44320,37232,23778,45125,41276,19873,1031,44863,1805,43388,15735,38852,24740,202,806,30908,32694,28526,9228,42386,43584,45785,23620,6322,43770,47287,7008,4691,23619,5988,6148,45466,47713,36732,8478,26479,29401,27980,18229,9920,9067,30525,926,3959,28896,12631,2014,21122,40877,
30,34986,2688,33639,47965,4412,45136,8564,4046,35982,43650,13689,28895,23012,34561,10172,1764,12770,12753,45420,6892,747,9762,36494,27995,46049,23500,40830,41132,9300,7728,34246,44320,37232,23778,45125,41276,19873,1031,44863,1805,43388,15735,38852,24740,202,806,30908,32694,28526,9228,42386,43584,45785,23620,6322,43770,47287,7008,4691,23619,5988,6148,45466,47713,36732,8478,26479,29401,27980,18229,9920,9067,41860,27432,11951,16137,10597,25526,16744,28881,
31,34986,2688,33639,47965,4412,45136,8564,4046,35982,43650,13689,28895,23012,34561,10172,1764,12770,12753,45420,6892,747,9762,36494,27995,46049,23500,40830,41132,9300,7728,34246,44320,37232,23778,45125,41276,19873,1031,44863,1805,43388,15735,38852,24740,202,806,30908,32694,28526,9228,42386,43584,45785,23620,6322,43770,47287,7008,4691,23619,5988,6148,45466,47713,36732,8478,26479,29401,27980,18229,9920,9067,44679,28706,4102,5567,44948,3035,13029,34308,
32,34986,2688,33639,47965,4412,45136,8564,4046,35982,43650,13689,28895,23012,34561,10172,1764,12770,12753,45420,6892,747,9762,36494,27995,46049,23500,40830,41132,9300,7728,34246,44320,37232,23778,45125,41276,19873,1031,44863,1805,43388,15735,38852,24740,202,806,30908,32694,28526,9228,42386,43584,45785,23620,6322,43770,47287,7008,4691,23619,5988,6148,45466,47713,36732,8478,26479,29401,27980,18229,9920,9067,13348,11208,35118,19285,43581,24574,10972,27167,
33,34986,2688,33639,47965,4412,45136,8564,4046,35982,43650,13689,28895,23012,34561,10172,1764,12770,12753,45420,6892,747,9762,36494,27995,46049,23500,40830,41132,9300,7728,34246,44320,37232,23778,45125,41276,19873,1031,44863,1805,43388,15735,38852,24740,202,806,30908,32694,28526,9228,42386,43584,45785,23620,6322,43770,47287,7008,4691,23619,5988,6148,45466,47713,36732,8478,26479,29401,27980,18229,9920,9067,33748,2550,19099,7259,23468,18871,4615,39707,
34,34986,2688,33639,47965,4412,45136,8564,4046,35982,43650,13689,28895,23012,34561,10172,1764,12770,12753,45420,6892,747,9762,36494,27995,46049,23500,40830,41132,9300,7728,34246,44320,37232,23778,45125,41276,19873,1031,44863,1805,43388,15735,38852,24740,202,806,30908,32694,28526,9228,42386,43584,45785,23620,6322,43770,47287,7008,4691,23619,5988,6148,45466,47713,36732,8478,26479,29401,27980,18229,9920,9067,41093,26643,7005,3910,27176,18473,17323,18123,
35,34986,2688,33639,47965,4412,45136,8564,4046,35982,43650,13689,28895,23012,34561,10172,1764,12770,12753,45420,6892,747,9762,36494,27995,46049,23500,40830,41132,9300,7728,34246,44320,37232,23778,45125,41276,19873,1031,44863,1805,43388,15735,38852,24740,202,806,30908,32694,28526,9228,42386,43584,45785,23620,6322,43770,47287,7008,4691,23619,5988,6148,45466,47713,36732,8478,26479,29401,27980,18229,9920,9067,19787,12845,3908,1664,19343,20025,35604,12633,
36,34986,2688,33639,47965,4412,45136,8564,4046,35982,43650,13689,28895,23012,34561,10172,1764,12770,12753,45420,6892,747,9762,36494,27995,46049,23500,40830,41132,9300,7728,34246,44320,37232,23778,45125,41276,19873,1031,44863,1805,43388,15735,38852,24740,202,806,30908,32694,28526,9228,42386,43584,45785,23620,6322,43770,47287,7008,4691,23619,5988,6148,45466,47713,36732,8478,26479,29401,27980,18229,9920,9067,22351,7324,18953,37404,12693,36675,2289,26257,
37,34986,2688,33639,47965,4412,45136,8564,4046,35982,43650,13689,28895,23012,34561,10172,1764,12770,12753,45420,6892,747,9762,36494,27995,46049,23500,40830,41132,9300,7728,34246,44320,37232,23778,45125,41276,19873,1031,44863,1805,43388,15735,38852,24740,202,806,30908,32694,28526,9228,42386,43584,45785,23620,6322,43770,47287,7008,4691,23619,5988,6148,45466,47713,36732,8478,26479,29401,27980,18229,9920,9067,21713,3170,46737,30216,55845,39866,28172,13318,
38,34986,2688,33639,47965,4412,45136,8564,4046,35982,43650,13689,28895,23012,34561,10172,1764,12770,12753,45420,6892,747,9762,36494,27995,46049,23500,40830,41132,9300,7728,34246,44320,37232,23778,45125,41276,19873,1031,44863,1805,43388,15735,38852,24740,202,806,30908,32694,28526,9228,42386,43584,45785,23620,6322,43770,47287,7008,4691,23619,5988,6148,45466,47713,36732,8478,26479,29401,27980,18229,9920,9067,15822,12068,134,27117,18032,10850,501,25874,
39,34986,2688,33639,47965,4412,45136,8564,4046,35982,43650,13689,28895,23012,34561,10172,1764,12770,12753,45420,6892,747,9762,36494,27995,46049,23500,40830,41132,9300,7728,34246,44320,37232,23778,45125,41276,19873,1031,44863,1805,43388,15735,38852,24740,202,806,30908,32694,28526,9228,42386,43584,45785,23620,6322,43770,47287,7008,4691,23619,5988,6148,45466,47713,36732,8478,26479,29401,27980,18229,9920,9067,15822,7068,21659,2559,15294,2496,1447,15144,
40,34986,2688,33639,47965,4412,45136,8564,4046,35982,43650,13689,28895,23012,34561,10172,1764,12770,12753,45420,6892,747,9762,36494,27995,46049,23500,40830,41132,9300,7728,34246,44320,37232,23778,45125,41276,19873,1031,44863,1805,43388,15735,38852,24740,202,806,30908,32694,28526,9228,42386,43584,45785,23620,6322,43770,47287,7008,4691,23619,5988,6148,45466,47713,36732,8478,26479,29401,27980,18229,9920,9067,19418,11899,39001,1220,30709,11269,1447,38507,
41,34986,2688,33639,47965,4412,45136,8564,4046,35982,43650,13689,28895,23012,34561,10172,1764,12770,12753,45420,6892,747,9762,36494,27995,46049,23500,40830,41132,9300,7728,34246,44320,37232,23778,45125,41276,19873,1031,44863,1805,43388,15735,38852,24740,202,806,30908,32694,28526,9228,42386,43584,45785,23620,6322,43770,47287,7008,4691,23619,5988,6148,45466,47713,36732,8478,26479,29401,27980,18229,9920,9067,49891,1462,4664,21420,28189,15965,4189,22421,
42,34986,2688,33639,47965,4412,45136,8564,4046,35982,43650,13689,28895,23012,34561,10172,1764,12770,12753,45420,6892,747,9762,36494,27995,46049,23500,40830,41132,9300,7728,34246,44320,37232,23778,45125,41276,19873,1031,44863,1805,43388,15735,38852,24740,202,806,30908,32694,28526,9228,42386,43584,45785,23620,6322,43770,47287,7008,4691,23619,5988,6148,45466,47713,36732,8478,26479,29401,27980,18229,9920,9067,29014,2433,13027,11449,10429,258,15099,21167,
43,34986,2688,33639,47965,4412,45136,8564,4046,35982,43650,13689,28895,23012,34561,10172,1764,12770,12753,45420,6892,747,9762,36494,27995,46049,23500,40830,41132,9300,7728,34246,44320,37232,23778,45125,41276,19873,1031,44863,1805,43388,15735,38852,24740,202,806,30908,32694,28526,9228,42386,43584,45785,23620,6322,43770,47287,7008,4691,23619,5988,6148,45466,47713,36732,8478,26479,29401,27980,18229,9920,9067,15577,1796,30270,12853,12435,11564,41140,34399,
44,34986,2688,33639,47965,4412,45136,8564,4046,35982,43650,13689,28895,23012,34561,10172,1764,12770,12753,45420,6892,747,9762,36494,27995,46049,23500,40830,41132,9300,7728,34246,44320,37232,23778,45125,41276,19873,1031,44863,1805,43388,15735,38852,24740,202,806,30908,32694,28526,9228,42386,43584,45785,23620,6322,43770,47287,7008,4691,23619,5988,6148,45466,47713,36732,8478,26479,29401,27980,18229,9920,9067,21188,25964,10914,10398,13969,26049,11663,10240,
45,34986,2688,33639,47965,4412,45136,8564,4046,35982,43650,13689,28895,23012,34561,10172,1764,12770,12753,45420,6892,747,9762,36494,27995,46049,23500,40830,41132,9300,7728,34246,44320,37232,23778,45125,41276,19873,1031,44863,1805,43388,15735,38852,24740,202,806,30908,32694,28526,9228,42386,43584,45785,23620,6322,43770,47287,7008,4691,23619,5988,6148,45466,47713,36732,8478,26479,29401,27980,18229,9920,9067,28543,23218,10475,21998,25160,50878,37794,49104,
46,34986,2688,33639,47965,4412,45136,8564,4046,35982,43650,13689,28895,23012,34561,10172,1764,12770,12753,45420,6892,747,9762,36494,27995,46049,23500,40830,41132,9300,7728,34246,44320,37232,23778,45125,41276,19873,1031,44863,1805,43388,15735,38852,24740,202,806,30908,32694,28526,9228,42386,43584,45785,23620,6322,43770,47287,7008,4691,23619,5988,6148,45466,47713,36732,8478,26479,29401,27980,18229,9920,9067,11477,8830,702,12460,10989,53896,28946,42626,
47,34986,2688,33639,47965,4412,45136,8564,4046,35982,43650,13689,28895,23012,34561,10172,1764,12770,12753,45420,6892,747,9762,36494,27995,46049,23500,40830,41132,9300,7728,34246,44320,37232,23778,45125,41276,19873,1031,44863,1805,43388,15735,38852,24740,202,806,30908,32694,28526,9228,42386,43584,45785,23620,6322,43770,47287,7008,4691,23619,5988,6148,45466,47713,36732,8478,26479,29401,27980,18229,9920,9067,29144,3346,1106,5518,27792,10749,16897,11876,
48,34986,2688,33639,47965,4412,45136,8564,4046,35982,43650,13689,28895,23012,34561,10172,1764,12770,12753,45420,6892,747,9762,36494,27995,46049,23500,40830,41132,9300,7728,34246,44320,37232,23778,45125,41276,19873,1031,44863,1805,43388,15735,38852,24740,202,806,30908,32694,28526,9228,42386,43584,45785,23620,6322,43770,47287,7008,4691,23619,5988,6148,45466,47713,36732,8478,26479,29401,27980,18229,9920,9067,20730,1248,18975,32759,10823,49023,1636,38883,
49,34986,2688,33639,47965,4412,45136,8564,4046,35982,43650,13689,28895,23012,34561,10172,1764,12770,12753,45420,6892,747,9762,36494,27995,46049,23500,40830,41132,9300,7728,34246,44320,37232,23778,45125,41276,19873,1031,44863,1805,43388,15735,38852,24740,202,806,30908,32694,28526,9228,42386,43584,45785,23620,6322,43770,47287,7008,4691,23619,5988,6148,45466,47713,36732,8478,26479,29401,27980,18229,9920,9067,28374,11337,12643,985,41530,11786,9738,27953,
50,34986,2688,33639,47965,4412,45136,8564,4046,35982,43650,13689,28895,23012,34561,10172,1764,12770,12753,45420,6892,747,9762,36494,27995,46049,23500,40830,41132,9300,7728,34246,44320,37232,23778,45125,41276,19873,1031,44863,1805,43388,15735,38852,24740,202,806,30908,32694,28526,9228,42386,43584,45785,23620,6322,43770,47287,7008,4691,23619,5988,6148,45466,47713,36732,8478,26479,29401,27980,18229,9920,9067,11525,5272,31033,5223,21869,14415,13155,12400,
51,34986,2688,33639,47965,4412,45136,8564,4046,35982,43650,13689,28895,23012,34561,10172,1764,12770,12753,45420,6892,747,9762,36494,27995,46049,23500,40830,41132,9300,7728,34246,44320,37232,23778,45125,41276,19873,1031,44863,1805,43388,15735,38852,24740,202,806,30908,32694,28526,9228,42386,43584,45785,23620,6322,43770,47287,7008,4691,23619,5988,6148,45466,47713,36732,8478,26479,29401,27980,18229,9920,9067,36017,2868,8018,6634,20832,14627,2925,14137,
52,34986,2688,33639,47965,4412,45136,8564,4046,35982,43650,13689,28895,23012,34561,10172,1764,12770,12753,45420,6892,747,9762,36494,27995,46049,23500,40830,41132,9300,7728,34246,44320,37232,23778,45125,41276,19873,1031,44863,1805,43388,15735,38852,24740,202,806,30908,32694,28526,9228,42386,43584,45785,23620,6322,43770,47287,7008,4691,23619,5988,6148,45466,47713,36732,8478,26479,29401,27980,18229,9920,9067,20900,19505,32382,26765,34362,12526,2925,12426,
53,34986,2688,33639,47965,4412,45136,8564,4046,35982,43650,13689,28895,23012,34561,10172,1764,12770,12753,45420,6892,747,9762,36494,27995,46049,23500,40830,41132,9300,7728,34246,44320,37232,23778,45125,41276,19873,1031,44863,1805,43388,15735,38852,24740,202,806,30908,32694,28526,9228,42386,43584,45785,23620,6322,43770,47287,7008,4691,23619,5988,6148,45466,47713,36732,8478,26479,29401,27980,18229,9920,9067,19472,2454,8307,1474,10790,13837,2471,50961,
54,34986,2688,33639,47965,4412,45136,8564,4046,35982,43650,13689,28895,23012,34561,10172,1764,12770,12753,45420,6892,747,9762,36494,27995,46049,23500,40830,41132,9300,7728,34246,44320,37232,23778,45125,41276,19873,1031,44863,1805,43388,15735,38852,24740,202,806,30908,32694,28526,9228,42386,43584,45785,23620,6322,43770,47287,7008,4691,23619,5988,6148,45466,47713,36732,8478,26479,29401,27980,18229,9920,9067,20970,44817,19665,9986,12157,18154,20249,16309,
55,34986,2688,33639,47965,4412,45136,8564,4046,35982,43650,13689,28895,23012,34561,10172,1764,12770,12753,45420,6892,747,9762,36494,27995,46049,23500,40830,41132,9300,7728,34246,44320,37232,23778,45125,41276,19873,1031,44863,1805,43388,15735,38852,24740,202,806,30908,32694,28526,9228,42386,43584,45785,23620,6322,43770,47287,7008,4691,23619,5988,6148,45466,47713,36732,8478,26479,29401,27980,18229,9920,9067,13742,13790,1256,9499,42236,13579,18862,39639,
56,34986,2688,33639,47965,4412,45136,8564,4046,35982,43650,13689,28895,23012,34561,10172,1764,12770,12753,45420,6892,747,9762,36494,27995,46049,23500,40830,41132,9300,7728,34246,44320,37232,23778,45125,41276,19873,1031,44863,1805,43388,15735,38852,24740,202,806,30908,32694,28526,9228,42386,43584,45785,23620,6322,43770,47287,7008,4691,23619,5988,6148,45466,47713,36732,8478,26479,29401,27980,18229,9920,9067,20268,43198,11090,14830,27631,14396,5838,27142,
57,34986,2688,33639,47965,4412,45136,8564,4046,35982,43650,13689,28895,23012,34561,10172,1764,12770,12753,45420,6892,747,9762,36494,27995,46049,23500,40830,41132,9300,7728,34246,44320,37232,23778,45125,41276,19873,1031,44863,1805,43388,15735,38852,24740,202,806,30908,32694,28526,9228,42386,43584,45785,23620,6322,43770,47287,7008,4691,23619,5988,6148,45466,47713,36732,8478,26479,29401,27980,18229,9920,9067,34429,144,3335,14362,26835,14556,2842,39192,
58,34986,2688,33639,47965,4412,45136,8564,4046,35982,43650,13689,28895,23012,34561,10172,1764,12770,12753,45420,6892,747,9762,36494,27995,46049,23500,40830,41132,9300,7728,34246,44320,37232,23778,45125,41276,19873,1031,44863,1805,43388,15735,38852,24740,202,806,30908,32694,28526,9228,42386,43584,45785,23620,6322,43770,47287,7008,4691,23619,5988,6148,45466,47713,36732,8478,26479,29401,27980,18229,9920,9067,18598,7734,2381,1726,16963,12651,14186,28782,
59,34986,2688,33639,47965,4412,45136,8564,4046,35982,43650,13689,28895,23012,34561,10172,1764,12770,12753,45420,6892,747,9762,36494,27995,46049,23500,40830,41132,9300,7728,34246,44320,37232,23778,45125,41276,19873,1031,44863,1805,43388,15735,38852,24740,202,806,30908,32694,28526,9228,42386,43584,45785,23620,6322,43770,47287,7008,4691,23619,5988,6148,45466,47713,36732,8478,26479,29401,27980,18229,9920,9067,11568,9495,6178,23542,35759,17696,5239,18721,
60,34986,2688,33639,47965,4412,45136,8564,4046,35982,43650,13689,28895,23012,34561,10172,1764,12770,12753,45420,6892,747,9762,36494,27995,46049,23500,40830,41132,9300,7728,34246,44320,37232,23778,45125,41276,19873,1031,44863,1805,43388,15735,38852,24740,202,806,30908,32694,28526,9228,42386,43584,45785,23620,6322,43770,47287,7008,4691,23619,5988,6148,45466,47713,36732,8478,26479,29401,27980,18229,9920,9067,15334,4097,14176,12941,24649,19328,27144,12972,
61,34986,2688,33639,47965,4412,45136,8564,4046,35982,43650,13689,28895,23012,34561,10172,1764,12770,12753,45420,6892,747,9762,36494,27995,46049,23500,40830,41132,9300,7728,34246,44320,37232,23778,45125,41276,19873,1031,44863,1805,43388,15735,38852,24740,202,806,30908,32694,28526,9228,42386,43584,45785,23620,6322,43770,47287,7008,4691,23619,5988,6148,45466,47713,36732,8478,26479,29401,27980,18229,9920,9067,33476,4729,9374,4784,46555,18273,1045,29010,
62,34986,2688,33639,47965,4412,45136,8564,4046,35982,43650,13689,28895,23012,34561,10172,1764,12770,12753,45420,6892,747,9762,36494,27995,46049,23500,40830,41132,9300,7728,34246,44320,37232,23778,45125,41276,19873,1031,44863,1805,43388,15735,38852,24740,202,806,30908,32694,28526,9228,42386,43584,45785,23620,6322,43770,47287,7008,4691,23619,5988,6148,45466,47713,36732,8478,26479,29401,27980,18229,9920,9067,16160,12158,31589,34929,16820,36545,3592,44260,
63,34986,2688,33639,47965,4412,45136,8564,4046,35982,43650,13689,28895,23012,34561,10172,1764,12770,12753,45420,6892,747,9762,36494,27995,46049,23500,40830,41132,9300,7728,34246,44320,37232,23778,45125,41276,19873,1031,44863,1805,43388,15735,38852,24740,202,806,30908,32694,28526,9228,42386,43584,45785,23620,6322,43770,47287,7008,4691,23619,5988,6148,45466,47713,36732,8478,26479,29401,27980,18229,9920,9067,43677,29980,6009,30816,11068,27845,1420,26136,
64,34986,2688,33639,47965,4412,45136,8564,4046,35982,43650,13689,28895,23012,34561,10172,1764,12770,12753,45420,6892,747,9762,36494,27995,46049,23500,40830,41132,9300,7728,34246,44320,37232,23778,45125,41276,19873,1031,44863,1805,43388,15735,38852,24740,202,806,30908,32694,28526,9228,42386,43584,45785,23620,6322,43770,47287,7008,4691,23619,5988,6148,45466,47713,36732,8478,26479,29401,27980,18229,9920,9067,14274,11866,2521,3606,10608,21235,2614,21198,
65,34986,2688,33639,47965,4412,45136,8564,4046,35982,43650,13689,28895,23012,34561,10172,1764,12770,12753,45420,6892,747,9762,36494,27995,46049,23500,40830,41132,9300,7728,34246,44320,37232,23778,45125,41276,19873,1031,44863,1805,43388,15735,38852,24740,202,806,30908,32694,28526,9228,42386,43584,45785,23620,6322,43770,47287,7008,4691,23619,5988,6148,45466,47713,36732,8478,26479,29401,27980,18229,9920,9067,16795,28137,44513,4302,29215,53071,15930,31472,
66,34986,2688,33639,47965,4412,45136,8564,4046,35982,43650,13689,28895,23012,34561,10172,1764,12770,12753,45420,6892,747,9762,36494,27995,46049,23500,40830,41132,9300,7728,34246,44320,37232,23778,45125,41276,19873,1031,44863,1805,43388,15735,38852,24740,202,806,30908,32694,28526,9228,42386,43584,45785,23620,6322,43770,47287,7008,4691,23619,5988,6148,45466,47713,36732,8478,26479,29401,27980,18229,9920,9067,25313,18970,13620,17230,23354,10853,30732,15229,
67,34986,2688,33639,47965,4412,45136,8564,4046,35982,43650,13689,28895,23012,34561,10172,1764,12770,12753,45420,6892,747,9762,36494,27995,46049,23500,40830,41132,9300,7728,34246,44320,37232,23778,45125,41276,19873,1031,44863,1805,43388,15735,38852,24740,202,806,30908,32694,28526,9228,42386,43584,45785,23620,6322,43770,47287,7008,4691,23619,5988,6148,45466,47713,36732,8478,26479,29401,27980,18229,9920,9067,35784,18592,3138,17991,11008,53238,10920,17732,
68,34986,2688,33639,47965,4412,45136,8564,4046,35982,43650,13689,28895,23012,34561,10172,1764,12770,12753,45420,6892,747,9762,36494,27995,46049,23500,40830,41132,9300,7728,34246,44320,37232,23778,45125,41276,19873,1031,44863,1805,43388,15735,38852,24740,202,806,30908,32694,28526,9228,42386,43584,45785,23620,6322,43770,47287,7008,4691,23619,5988,6148,45466,47713,36732,8478,26479,29401,27980,18229,9920,9067,49836,797,14415,1859,18827,43445,16933,20876,
69,34986,2688,33639,47965,4412,45136,8564,4046,35982,43650,13689,28895,23012,34561,10172,1764,12770,12753,45420,6892,747,9762,36494,27995,46049,23500,40830,41132,9300,7728,34246,44320,37232,23778,45125,41276,19873,1031,44863,1805,43388,15735,38852,24740,202,806,30908,32694,28526,9228,42386,43584,45785,23620,6322,43770,47287,7008,4691,23619,5988,6148,45466,47713,36732,8478,26479,29401,27980,18229,9920,9067,34896,6151,8539,23572,45112,25802,12745,22711,
70,34986,2688,33639,47965,4412,45136,8564,4046,35982,43650,13689,28895,23012,34561,10172,1764,12770,12753,45420,6892,747,9762,36494,27995,46049,23500,40830,41132,9300,7728,34246,44320,37232,23778,45125,41276,19873,1031,44863,1805,43388,15735,38852,24740,202,806,30908,32694,28526,9228,42386,43584,45785,23620,6322,43770,47287,7008,4691,23619,5988,6148,45466,47713,36732,8478,26479,29401,27980,18229,9920,9067,15905,37703,39412,1424,13604,10428,3556,11526,
71,34986,2688,33639,47965,4412,45136,8564,4046,35982,43650,13689,28895,23012,34561,10172,1764,12770,12753,45420,6892,747,9762,36494,27995,46049,23500,40830,41132,9300,7728,34246,44320,37232,23778,45125,41276,19873,1031,44863,1805,43388,15735,38852,24740,202,806,30908,32694,28526,9228,42386,43584,45785,23620,6322,43770,47287,7008,4691,23619,5988,6148,45466,47713,36732,8478,26479,29401,27980,18229,9920,9067,47482,1705,1229,6976,16568,10428,42728,35668,
72,34986,2688,33639,47965,4412,45136,8564,4046,35982,43650,13689,28895,23012,34561,10172,1764,12770,12753,45420,6892,747,9762,36494,27995,46049,23500,40830,41132,9300,7728,34246,44320,37232,23778,45125,41276,19873,1031,44863,1805,43388,15735,38852,24740,202,806,30908,32694,28526,9228,42386,43584,45785,23620,6322,43770,47287,7008,4691,23619,5988,6148,45466,47713,36732,8478,26479,29401,27980,18229,9920,9067,54448,824,15763,22434,42245,28083,1326,23324,
73,34986,2688,33639,47965,4412,45136,8564,4046,35982,43650,13689,28895,23012,34561,10172,1764,12770,12753,45420,6892,747,9762,36494,27995,46049,23500,40830,41132,9300,7728,34246,44320,37232,23778,45125,41276,19873,1031,44863,1805,43388,15735,38852,24740,202,806,30908,32694,28526,9228,42386,43584,45785,23620,6322,43770,47287,7008,4691,23619,5988,6148,45466,47713,36732,8478,26479,29401,27980,18229,9920,9067,12927,842,38951,21770,19025,31279,11039,33465,
74,34986,2688,33639,47965,4412,45136,8564,4046,35982,43650,13689,28895,23012,34561,10172,1764,12770,12753,45420,6892,747,9762,36494,27995,46049,23500,40830,41132,9300,7728,34246,44320,37232,23778,45125,41276,19873,1031,44863,1805,43388,15735,38852,24740,202,806,30908,32694,28526,9228,42386,43584,45785,23620,6322,43770,47287,7008,4691,23619,5988,6148,45466,47713,36732,8478,26479,29401,27980,18229,9920,9067,52720,21006,5673,13443,10933,37222,12086,32855,
75,34986,2688,33639,47965,4412,45136,8564,4046,35982,43650,13689,28895,23012,34561,10172,1764,12770,12753,45420,6892,747,9762,36494,27995,46049,23500,40830,41132,9300,7728,34246,44320,37232,23778,45125,41276,19873,1031,44863,1805,43388,15735,38852,24740,202,806,30908,32694,28526,9228,42386,43584,45785,23620,6322,43770,47287,7008,4691,23619,5988,6148,45466,47713,36732,8478,26479,29401,27980,18229,9920,9067,20553,3155,28590,24386,10856,12348,18202,35651,
76,34986,2688,33639,47965,4412,45136,8564,4046,35982,43650,13689,28895,23012,34561,10172,1764,12770,12753,45420,6892,747,9762,36494,27995,46049,23500,40830,41132,9300,7728,34246,44320,37232,23778,45125,41276,19873,1031,44863,1805,43388,15735,38852,24740,202,806,30908,32694,28526,9228,42386,43584,45785,23620,6322,43770,47287,7008,4691,23619,5988,6148,45466,47713,36732,8478,26479,29401,27980,18229,9920,9067,40915,31108,25269,22801,14314,36071,3454,19239,
77,34986,2688,33639,47965,4412,45136,8564,4046,35982,43650,13689,28895,23012,34561,10172,1764,12770,12753,45420,6892,747,9762,36494,27995,46049,23500,40830,41132,9300,7728,34246,44320,37232,23778,45125,41276,19873,1031,44863,1805,43388,15735,38852,24740,202,806,30908,32694,28526,9228,42386,43584,45785,23620,6322,43770,47287,7008,4691,23619,5988,6148,45466,47713,36732,8478,26479,29401,27980,18229,9920,9067,16017,47063,15830,1019,55696,16474,7101,11801,
78,34986,2688,33639,47965,4412,45136,8564,4046,35982,43650,13689,28895,23012,34561,10172,1764,12770,12753,45420,6892,747,9762,36494,27995,46049,23500,40830,41132,9300,7728,34246,44320,37232,23778,45125,41276,19873,1031,44863,1805,43388,15735,38852,24740,202,806,30908,32694,28526,9228,42386,43584,45785,23620,6322,43770,47287,7008,4691,23619,5988,6148,45466,47713,36732,8478,26479,29401,27980,18229,9920,9067,38737,3216,22519,7603,10959,22487,1278,19656,
79,34986,2688,33639,47965,4412,45136,8564,4046,35982,43650,13689,28895,23012,34561,10172,1764,12770,12753,45420,6892,747,9762,36494,27995,46049,23500,40830,41132,9300,7728,34246,44320,37232,23778,45125,41276,19873,1031,44863,1805,43388,15735,38852,24740,202,806,30908,32694,28526,9228,42386,43584,45785,23620,6322,43770,47287,7008,4691,23619,5988,6148,45466,47713,36732,8478,26479,29401,27980,18229,9920,9067,15304,10164,15545,36680,10959,37166,18032,17298,
80,34986,2688,33639,47965,4412,45136,8564,4046,35982,43650,13689,28895,23012,34561,10172,1764,12770,12753,45420,6892,747,9762,36494,27995,46049,23500,40830,41132,9300,7728,34246,44320,37232,23778,45125,41276,19873,1031,44863,1805,43388,15735,38852,24740,202,806,30908,32694,28526,9228,42386,43584,45785,23620,6322,43770,47287,7008,4691,23619,5988,6148,45466,47713,36732,8478,26479,29401,27980,18229,9920,9067,12814,4603,40190,10252,29981,29296,33420,18446,
81,34986,2688,33639,47965,4412,45136,8564,4046,35982,43650,13689,28895,23012,34561,10172,1764,12770,12753,45420,6892,747,9762,36494,27995,46049,23500,40830,41132,9300,7728,34246,44320,37232,23778,45125,41276,19873,1031,44863,1805,43388,15735,38852,24740,202,806,30908,32694,28526,9228,42386,43584,45785,23620,6322,43770,47287,7008,4691,23619,5988,6148,45466,47713,36732,8478,26479,29401,27980,18229,9920,9067,15523,7034,10599,9556,10459,31556,18457,12284,
82,34986,2688,33639,47965,4412,45136,8564,4046,35982,43650,13689,28895,23012,34561,10172,1764,12770,12753,45420,6892,747,9762,36494,27995,46049,23500,40830,41132,9300,7728,34246,44320,37232,23778,45125,41276,19873,1031,44863,1805,43388,15735,38852,24740,202,806,30908,32694,28526,9228,42386,43584,45785,23620,6322,43770,47287,7008,4691,23619,5988,6148,45466,47713,36732,8478,26479,29401,27980,18229,9920,9067,30343,31357,29113,1010,54193,50833,1032,43894,
83,34986,2688,33639,47965,4412,45136,8564,4046,35982,43650,13689,28895,23012,34561,10172,1764,12770,12753,45420,6892,747,9762,36494,27995,46049,23500,40830,41132,9300,7728,34246,44320,37232,23778,45125,41276,19873,1031,44863,1805,43388,15735,38852,24740,202,806,30908,32694,28526,9228,42386,43584,45785,23620,6322,43770,47287,7008,4691,23619,5988,6148,45466,47713,36732,8478,26479,29401,27980,18229,9920,9067,30452,26041,4916,11467,32854,18398,1032,29286,
84,34986,2688,33639,47965,4412,45136,8564,4046,35982,43650,13689,28895,23012,34561,10172,1764,12770,12753,45420,6892,747,9762,36494,27995,46049,23500,40830,41132,9300,7728,34246,44320,37232,23778,45125,41276,19873,1031,44863,1805,43388,15735,38852,24740,202,806,30908,32694,28526,9228,42386,43584,45785,23620,6322,43770,47287,7008,4691,23619,5988,6148,45466,47713,36732,8478,26479,29401,27980,18229,9920,9067,31131,5297,995,16222,13468,12280,13117,20720,
85,34986,2688,33639,47965,4412,45136,8564,4046,35982,43650,13689,28895,23012,34561,10172,1764,12770,12753,45420,6892,747,9762,36494,27995,46049,23500,40830,41132,9300,7728,34246,44320,37232,23778,45125,41276,19873,1031,44863,1805,43388,15735,38852,24740,202,806,30908,32694,28526,9228,42386,43584,45785,23620,6322,43770,47287,7008,4691,23619,5988,6148,45466,47713,36732,8478,26479,29401,27980,18229,9920,9067,42705,17978,20813,8786,28588,10769,11967,16081,
86,34986,2688,33639,47965,4412,45136,8564,4046,35982,43650,13689,28895,23012,34561,10172,1764,12770,12753,45420,6892,747,9762,36494,27995,46049,23500,40830,41132,9300,7728,34246,44320,37232,23778,45125,41276,19873,1031,44863,1805,43388,15735,38852,24740,202,806,30908,32694,28526,9228,42386,43584,45785,23620,6322,43770,47287,7008,4691,23619,5988,6148,45466,47713,36732,8478,26479,29401,27980,18229,9920,9067,27811,11401,30831,3836,15710,11682,9714,19653,
87,34986,2688,33639,47965,4412,45136,8564,4046,35982,43650,13689,28895,23012,34561,10172,1764,12770,12753,45420,6892,747,9762,36494,27995,46049,23500,40830,41132,9300,7728,34246,44320,37232,23778,45125,41276,19873,1031,44863,1805,43388,15735,38852,24740,202,806,30908,32694,28526,9228,42386,43584,45785,23620,6322,43770,47287,7008,4691,23619,5988,6148,45466,47713,36732,8478,26479,29401,27980,18229,9920,9067,37071,5821,29288,40392,38424,35380,2801,57032,
88,34986,2688,33639,47965,4412,45136,8564,4046,35982,43650,13689,28895,23012,34561,10172,1764,12770,12753,45420,6892,747,9762,36494,27995,46049,23500,40830,41132,9300,7728,34246,44320,37232,23778,45125,41276,19873,1031,44863,1805,43388,15735,38852,24740,202,806,30908,32694,28526,9228,42386,43584,45785,23620,6322,43770,47287,7008,4691,23619,5988,6148,45466,47713,36732,8478,26479,29401,27980,18229,9920,9067,30731,6412,1189,9240,14843,42788,2475,10969,
89,34986,2688,33639,47965,4412,45136,8564,4046,35982,43650,13689,28895,23012,34561,10172,1764,12770,12753,45420,6892,747,9762,36494,27995,46049,23500,40830,41132,9300,7728,34246,44320,37232,23778,45125,41276,19873,1031,44863,1805,43388,15735,38852,24740,202,806,30908,32694,28526,9228,42386,43584,45785,23620,6322,43770,47287,7008,4691,23619,5988,6148,45466,47713,36732,8478,26479,29401,27980,18229,9920,9067,16892,6989,23078,6800,14105,13011,4639,11291,
90,34986,2688,33639,47965,4412,45136,8564,4046,35982,43650,13689,28895,23012,34561,10172,1764,12770,12753,45420,6892,747,9762,36494,27995,46049,23500,40830,41132,9300,7728,34246,44320,37232,23778,45125,41276,19873,1031,44863,1805,43388,15735,38852,24740,202,806,30908,32694,28526,9228,42386,43584,45785,23620,6322,43770,47287,7008,4691,23619,5988,6148,45466,47713,36732,8478,26479,29401,27980,18229,9920,9067,25357,2938,13368,3290,25484,50611,24790,14663,
91,34986,2688,33639,47965,4412,45136,8564,4046,35982,43650,13689,28895,23012,34561,10172,1764,12770,12753,45420,6892,747,9762,36494,27995,46049,23500,40830,41132,9300,7728,34246,44320,37232,23778,45125,41276,19873,1031,44863,1805,43388,15735,38852,24740,202,806,30908,32694,28526,9228,42386,43584,45785,23620,6322,43770,47287,7008,4691,23619,5988,6148,45466,47713,36732,8478,26479,29401,27980,18229,9920,9067,13766,4939,8079,1670,26153,17410,29577,12045,
92,34986,2688,33639,47965,4412,45136,8564,4046,35982,43650,13689,28895,23012,34561,10172,1764,12770,12753,45420,6892,747,9762,36494,27995,46049,23500,40830,41132,9300,7728,34246,44320,37232,23778,45125,41276,19873,1031,44863,1805,43388,15735,38852,24740,202,806,30908,32694,28526,9228,42386,43584,45785,23620,6322,43770,47287,7008,4691,23619,5988,6148,45466,47713,36732,8478,26479,29401,27980,18229,9920,9067,33112,7804,14476,4830,12973,17546,24873,38978,
93,34986,2688,33639,47965,4412,45136,8564,4046,35982,43650,13689,28895,23012,34561,10172,1764,12770,12753,45420,6892,747,9762,36494,27995,46049,23500,40830,41132,9300,7728,34246,44320,37232,23778,45125,41276,19873,1031,44863,1805,43388,15735,38852,24740,202,806,30908,32694,28526,9228,42386,43584,45785,23620,6322,43770,47287,7008,4691,23619,5988,6148,45466,47713,36732,8478,26479,29401,27980,18229,9920,9067,12566,7636,25105,22449,10162,13674,1780,21278,
94,34986,2688,33639,47965,4412,45136,8564,4046,35982,43650,13689,28895,23012,34561,10172,1764,12770,12753,45420,6892,747,9762,36494,27995,46049,23500,40830,41132,9300,7728,34246,44320,37232,23778,45125,41276,19873,1031,44863,1805,43388,15735,38852,24740,202,806,30908,32694,28526,9228,42386,43584,45785,23620,6322,43770,47287,7008,4691,23619,5988,6148,45466,47713,36732,8478,26479,29401,27980,18229,9920,9067,11416,14243,5484,18144,43834,20085,3061,39379,
95,34986,2688,33639,47965,4412,45136,8564,4046,35982,43650,13689,28895,23012,34561,10172,1764,12770,12753,45420,6892,747,9762,36494,27995,46049,23500,40830,41132,9300,7728,34246,44320,37232,23778,45125,41276,19873,1031,44863,1805,43388,15735,38852,24740,202,806,30908,32694,28526,9228,42386,43584,45785,23620,6322,43770,47287,7008,4691,23619,5988,6148,45466,47713,36732,8478,26479,29401,27980,18229,9920,9067,12243,4481,7364,11499,11432,19275,2109,38449,
96,34986,2688,33639,47965,4412,45136,8564,4046,35982,43650,13689,28895,23012,34561,10172,1764,12770,12753,45420,6892,747,9762,36494,27995,46049,23500,40830,41132,9300,7728,34246,44320,37232,23778,45125,41276,19873,1031,44863,1805,43388,15735,38852,24740,202,806,30908,32694,28526,9228,42386,43584,45785,23620,6322,43770,47287,7008,4691,23619,5988,6148,45466,47713,36732,8478,26479,29401,27980,18229,9920,9067,29360,3101,17774,6026,16467,47151,909,30292,
97,34986,2688,33639,47965,4412,45136,8564,4046,35982,43650,13689,28895,23012,34561,10172,1764,12770,12753,45420,6892,747,9762,36494,27995,46049,23500,40830,41132,9300,7728,34246,44320,37232,23778,45125,41276,19873,1031,44863,1805,43388,15735,38852,24740,202,806,30908,32694,28526,9228,42386,43584,45785,23620,6322,43770,47287,7008,4691,23619,5988,6148,45466,47713,36732,8478,26479,29401,27980,18229,9920,9067,45570,25638,8449,5392,11972,29000,10147,46104,
98,34986,2688,33639,47965,4412,45136,8564,4046,35982,43650,13689,28895,23012,34561,10172,1764,12770,12753,45420,6892,747,9762,36494,27995,46049,23500,40830,41132,9300,7728,34246,44320,37232,23778,45125,41276,19873,1031,44863,1805,43388,15735,38852,24740,202,806,30908,32694,28526,9228,42386,43584,45785,23620,6322,43770,47287,7008,4691,23619,5988,6148,45466,47713,36732,8478,26479,29401,27980,18229,9920,9067,48273,8022,7908,8871,40411,38622,18613,23478,
99,34986,2688,33639,47965,4412,45136,8564,4046,35982,43650,13689,28895,23012,34561,10172,1764,12770,12753,45420,6892,747,9762,36494,27995,46049,23500,40830,41132,9300,7728,34246,44320,37232,23778,45125,41276,19873,1031,44863,1805,43388,15735,38852,24740,202,806,30908,32694,28526,9228,42386,43584,45785,23620,6322,43770,47287,7008,4691,23619,5988,6148,45466,47713,36732,8478,26479,29401,27980,18229,9920,9067,27183,23841,4602,4758,31374,15930,26521,41831,
100,34986,2688,33639,47965,4412,45136,8564,4046,35982,43650,13689,28895,23012,34561,10172,1764,12770,12753,45420,6892,747,9762,36494,27995,46049,23500,40830,41132,9300,7728,34246,44320,37232,23778,45125,41276,19873,1031,44863,1805,43388,15735,38852,24740,202,806,30908,32694,28526,9228,42386,43584,45785,23620,6322,43770,47287,7008,4691,23619,5988,6148,45466,47713,36732,8478,26479,29401,27980,18229,9920,9067,13375,23363,13481,205,41296,14192,11046,11237,
