1,2038,2177,41432,47102,7352,5028,26595,47614,9252,18470,31962,33669,20255,45738,23848,5574,47381,29406,9846,38606,
2,2038,2177,2893,1260,1790,6952,1570,1313,3289,1543,26798,25179,428,17143,4327,42439,10093,2388,10942,602,
3,428,602,626,1266,1096,562,1418,1313,676,1925,1890,2231,16204,39736,3681,11207,32105,20461,5351,9976,
4,428,562,626,626,417,1096,583,428,2330,1096,10949,5102,46809,40381,1084,24066,26411,22596,31532,676,
5,417,417,417,428,1089,417,417,417,428,1096,34517,9895,10558,32728,16395,18762,26512,17811,16038,47465,
6,417,417,417,417,417,417,417,193,428,417,417,15035,6573,49145,5410,18506,33126,13335,19671,14341,
7,193,417,193,2010,417,417,417,193,417,417,13187,3195,4541,6409,193,43618,20064,1553,16167,12042,
8,193,193,417,193,417,193,193,193,193,193,4476,2638,2437,11007,7795,25572,764,44037,21062,59434,
9,193,193,193,193,417,193,193,193,1241,147,17056,58449,13749,9633,27450,34754,583,31897,193,10885,
10,147,193,193,193,193,193,193,193,1241,193,43465,24051,49195,147,17525,3979,21645,8620,36462,1016,
11,147,147,193,193,193,147,3492,193,147,193,59517,147,12789,9764,46744,31940,23847,11084,147,24921,
12,147,147,147,147,193,193,193,147,147,193,147,32045,16264,53258,36129,193,1694,3089,40248,44532,
13,147,147,193,147,19978,147,147,147,147,147,16362,147,147,7783,40903,1392,147,35146,147,49079,
14,147,147,147,147,147,147,147,147,147,147,29487,43989,39275,39602,14601,9721,43143,11894,3620,46557,
15,147,147,147,147,147,147,147,147,1150,147,147,42335,147,36557,21145,41797,54830,147,5086,29050,
16,147,147,147,147,147,147,147,147,147,147,61216,3408,19198,24024,147,15639,6618,15586,39612,6184,
17,147,147,147,147,147,147,147,147,147,147,14031,18876,33214,147,17540,147,147,45977,30490,49795,
18,147,147,147,147,147,147,147,147,147,147,939,18591,54962,29229,42972,28227,5261,46183,56588,147,
19,147,147,147,147,147,147,147,147,147,571,26330,26471,39492,9267,11303,767,147,147,1899,147,
20,147,147,147,147,147,147,147,147,147,147,48746,22931,147,147,12578,11805,147,56937,47271,147,
21,147,147,147,147,147,147,147,147,147,147,147,10934,33330,9205,12637,25866,147,38561,147,5766,
22,147,147,147,147,147,147,147,147,147,147,117,15373,43614,2967,40136,27565,2352,38563,43479,11428,
23,117,147,117,147,117,117,147,117,117,147,28145,46678,43323,48420,8837,49816,25599,147,46321,147,
24,117,117,147,2032,117,117,147,147,117,147,47253,117,117,117,26140,117,117,41574,27983,117,
25,117,117,117,117,117,117,117,117,147,117,56778,16442,37769,7917,26538,117,117,117,117,36111,
26,117,117,117,147,117,117,117,117,117,117,117,117,117,43247,117,54265,117,21557,60004,35271,
27,117,117,117,117,117,117,117,117,117,117,21710,22273,117,49580,11435,49834,48644,117,12210,42499,
28,117,117,117,117,117,117,117,117,117,117,117,57037,117,117,7504,117,61198,30556,24503,54585,
29,117,117,117,117,117,117,117,117,117,117,117,39240,45843,117,117,47675,117,47535,52696,117,
30,117,117,117,117,117,117,117,117,117,117,10001,32815,117,59512,46967,44396,15229,46561,4519,5421,
31,117,117,117,117,117,117,117,117,117,117,16203,2351,42243,54879,41928,18820,117,12560,40929,33962,
32,117,117,117,117,117,117,117,117,117,117,18167,22875,117,42291,42636,117,52250,24382,42221,117,
33,117,117,117,117,117,117,117,117,117,117,53572,117,19185,48798,48707,28205,26490,117,53076,117,
34,117,117,117,117,117,117,117,117,117,117,48487,117,44013,30119,21199,117,4974,117,117,3836,
35,117,117,117,117,117,117,117,117,117,117,117,5722,117,23306,117,40349,117,27975,55533,56495,
36,117,117,117,117,117,117,117,117,117,117,117,26181,20683,17867,30617,57578,117,56561,117,20927,
37,117,117,117,117,117,117,117,117,117,117,117,117,117,7483,117,32633,117,117,59163,48442,
38,117,117,117,117,117,117,117,117,117,117,24519,18817,117,8532,117,44207,117,29827,117,53023,
39,117,117,117,117,117,117,117,117,117,117,46558,117,117,117,117,36553,44866,57260,35097,36202,
40,117,117,117,117,117,117,117,117,117,117,22416,37603,117,46757,43285,117,44272,44784,21661,46649,
41,117,117,117,117,117,117,117,117,117,117,12738,41271,117,117,36536,45493,10345,32593,117,45295,
42,117,117,117,117,117,17060,117,117,117,117,117,17067,117,48057,117,117,29721,47815,45139,117,
43,117,117,117,117,117,117,117,117,117,117,117,42959,15029,117,43854,117,677,117,35430,34938,
44,117,117,117,117,117,117,117,117,117,117,6709,117,117,21257,117,11521,15005,117,117,117,
45,117,117,117,117,117,117,117,117,117,117,117,16046,18967,117,117,117,23875,50251,117,117,
46,117,117,117,117,117,117,117,117,117,117,51930,39249,47710,56331,117,29892,40839,117,45499,117,
47,117,117,117,117,13203,117,117,117,117,117,41616,20737,117,11585,24483,40793,52893,117,41649,6460,
48,117,117,117,117,117,117,117,117,117,117,37648,117,56188,117,117,44712,117,117,48534,25060,
49,117,117,117,117,117,117,117,117,117,117,117,44984,23328,117,505,48540,1498,117,43966,117,
50,117,117,117,117,117,117,117,117,117,117,52499,117,23536,53044,4305,117,34003,42802,117,18777,
51,117,117,117,117,117,117,117,117,117,117,29734,40628,25145,30574,47465,117,52133,117,52552,21265,
52,117,117,117,117,117,38502,117,117,117,117,22227,45379,24204,4373,24150,117,21250,117,117,19320,
53,117,117,117,117,117,117,117,117,117,117,117,117,13581,41102,18964,117,15095,27724,117,57757,
54,117,117,117,117,117,117,117,117,117,117,117,117,117,3625,17729,21381,49244,32671,14217,117,
55,117,117,117,117,117,117,117,117,117,117,117,42863,117,47331,56635,117,15493,117,9355,117,
56,117,117,117,117,117,117,117,117,117,117,117,1162,117,117,36027,117,55381,117,44875,44979,
57,117,117,117,117,117,117,117,117,117,117,40391,117,117,35917,46570,23750,48608,117,59788,12263,
58,117,117,117,117,117,117,117,117,117,117,3844,52893,117,48246,28805,37107,30732,48450,117,35481,
59,117,117,117,117,25717,117,117,117,117,117,42424,7388,29136,117,10387,40665,117,3529,21023,12076,
60,117,117,117,117,117,117,117,117,117,117,42040,44550,17742,117,32904,45372,26144,117,9843,117,
61,117,117,117,117,117,117,117,117,117,117,54732,117,449,4202,43023,117,49138,50442,117,45934,
62,117,117,117,117,117,117,117,117,117,13473,117,2024,57117,117,33229,44654,117,117,54237,44042,
63,117,117,117,117,117,117,117,117,117,117,47208,41573,117,11425,117,52181,43227,117,27407,11735,
64,117,117,117,117,117,117,117,117,117,117,117,55780,46320,42407,45208,32691,34364,14104,19999,37529,
65,117,117,117,117,117,117,117,117,117,117,51093,29272,117,13733,117,2444,8929,42950,59838,117,
66,117,117,117,117,117,117,117,117,117,117,10133,42819,117,3582,117,33568,117,117,39076,18564,
67,117,117,117,117,117,117,117,117,117,31477,4653,29430,42934,117,37734,117,49421,41003,117,36516,
68,117,117,117,117,117,117,117,117,117,117,117,117,117,117,117,47101,40506,117,55677,21342,
69,117,117,117,117,117,117,117,117,117,117,28667,6430,117,117,21925,237,57089,16295,46282,117,
70,117,117,117,117,117,13447,117,117,117,117,51049,15094,42368,57324,48436,42563,117,27930,39820,117,
71,117,117,117,117,117,117,117,117,117,117,32233,53104,30777,45122,117,4409,45269,17861,813,29020,
72,117,117,117,13247,117,117,117,117,117,117,117,1046,51006,49184,117,49797,36278,117,42813,117,
73,117,117,117,117,117,117,117,117,27043,117,38182,59008,42990,117,117,117,40708,46932,20810,43938,
74,117,117,117,117,117,117,117,117,117,117,13772,37198,117,12579,26895,39879,29883,41519,117,31610,
75,117,117,117,117,117,117,117,117,117,117,56721,117,38562,28274,532,15644,26909,50726,39639,117,
76,117,117,117,117,117,117,117,117,13781,117,117,6692,6716,38349,6337,32309,26900,40529,117,117,
77,117,117,117,117,117,117,117,117,117,117,117,20820,117,117,46714,32475,14988,5195,56887,28288,
78,117,117,117,21646,117,117,117,117,117,117,26403,117,14297,34475,117,117,117,117,30842,117,
79,117,117,117,117,117,117,10376,117,117,17844,117,26078,41922,36189,117,14969,117,56248,117,45532,
80,117,117,117,117,117,117,117,117,117,117,35127,117,23857,117,3260,117,117,5499,3213,20644,
81,117,117,117,117,117,117,117,117,117,117,49592,117,48112,117,117,117,117,117,49339,45100,
82,117,117,117,117,117,117,117,117,117,117,117,56800,117,117,27325,40931,117,117,117,117,
83,117,117,117,117,117,117,117,117,117,117,37095,39543,55456,117,49052,117,12705,117,117,117,
84,117,117,117,117,117,117,117,117,117,117,117,37104,117,117,16298,117,4898,117,117,18855,
85,117,117,117,117,117,117,117,117,117,117,30846,30337,117,15096,59626,33562,16624,42048,15342,49918,
86,117,117,117,117,117,117,117,117,117,117,54767,50309,60160,15655,117,68,21078,38580,27735,117,
87,68,117,117,117,117,117,117,117,68,117,3578,46181,23273,43238,10487,117,40787,21635,117,6301,
88,68,68,117,117,117,117,117,6583,117,68,68,24290,68,68,12748,46660,37388,117,48740,117,
89,68,68,68,68,68,68,117,68,68,68,28500,32693,35997,30805,21050,117,42796,68,68,15030,
90,68,68,68,68,68,68,68,68,68,68,68,16817,68,281,24264,15223,23797,34956,47261,68,
91,68,68,68,68,68,68,68,68,68,68,52846,37940,31463,36280,15841,3103,6886,68,856,21979,
92,68,68,68,68,13506,68,68,68,68,68,49227,68,68,68,12792,2051,12566,68,8311,29914,
93,68,68,68,68,68,68,68,68,68,68,53677,18135,23846,28493,16404,45834,21014,21322,8034,35025,
94,68,68,68,68,68,68,68,68,68,68,24415,12885,68,23784,37467,19205,17835,34331,68,20055,
95,68,68,68,68,68,68,68,68,68,68,68,7136,45684,47855,45048,21810,30667,6150,68,40221,
96,68,68,68,68,68,68,68,68,68,68,5182,15868,68,14689,24746,30337,68,1260,68,5514,
97,68,68,68,68,68,68,68,68,68,68,40886,68,68,35258,8897,33303,68,36861,43193,35390,
98,68,68,68,68,68,68,68,68,68,68,68,48072,14985,56205,16525,68,50480,44887,13840,2371,
99,68,68,68,68,68,68,68,68,68,68,37016,22471,17561,27799,24776,32632,55191,23782,16550,48329,
100,68,68,68,68,68,68,68,68,68,68,30607,68,15509,14147,7749,13736,68,4176,11272,11136,
101,68,68,68,68,68,68,68,68,68,68,48194,68,25361,23197,68,36502,68,3110,68,68,
102,68,68,68,68,68,68,68,68,68,68,18455,7284,18494,9885,6490,31732,2443,33939,34365,33623,
103,68,68,68,68,68,68,68,68,68,68,8573,1308,45198,68,57518,20983,29992,21260,68,42128,
104,68,68,68,68,68,68,68,68,68,68,41317,41847,7759,11224,3035,2506,41329,68,68,68,
105,68,68,68,68,14905,15501,68,68,68,68,3634,68,30593,68,21706,68,16409,11565,68,23985,
106,68,68,68,68,68,68,68,68,68,68,18518,52543,8928,25528,10906,68,40433,68,8724,38166,
107,68,68,68,740,68,11862,68,13434,68,68,18240,68,68,68,68,20811,10126,57391,68,14719,
108,68,68,5199,68,68,68,68,68,68,68,68,29276,68,49434,15750,68,19859,15118,4404,18458,
109,68,68,68,68,68,68,68,68,68,68,68,38750,42244,16186,43972,43186,19484,48233,68,68,
110,68,68,68,68,68,68,68,68,68,15431,68,377,68,68,26234,3811,17827,28492,16086,14330,
111,68,68,68,68,68,68,68,68,68,68,18271,68,25058,68,16036,37540,25049,68,68,68,
112,68,68,68,68,68,10590,68,68,10590,4411,5316,23445,68,14089,6985,68,68,42679,36581,52644,
113,68,68,68,68,68,68,68,68,68,68,41710,15311,4763,68,12233,33977,68,48154,3315,48444,
114,68,68,68,68,68,68,68,68,68,68,5334,9342,8094,38946,17667,11905,5254,68,35071,59394,
115,68,68,68,68,68,68,68,68,68,68,29279,12856,21102,46381,53686,16998,14015,6349,3677,68,
116,68,68,68,19477,68,68,68,68,68,68,17891,24914,46105,54650,57124,8113,3021,18379,13505,2094,
117,68,68,68,68,68,68,68,68,68,2094,38649,68,21908,19302,68,51072,8119,15203,13055,22812,
118,68,68,68,68,68,68,68,68,68,68,68,68,23174,10899,11318,34309,68,20547,68,38592,
119,68,68,68,68,68,68,68,68,68,68,68,35431,1649,12829,44703,22435,4059,8758,68,24747,
120,68,68,68,68,68,68,68,68,68,68,47045,55117,40135,12869,45410,34357,41522,51350,7372,68,
121,68,68,68,68,68,68,68,68,68,68,160,28166,68,68,4163,68,68,41752,68,37854,
122,68,68,68,68,68,68,68,68,68,160,68,28119,50410,8282,6996,42460,68,55899,68,11229,
123,68,68,17623,68,68,68,68,68,68,68,49994,55311,55282,68,50572,14301,5784,31592,39539,68,
124,68,68,68,68,68,68,68,68,68,68,7087,26361,21678,14953,5438,59243,68,9926,68,9812,
125,68,68,68,68,68,68,68,68,68,68,29351,68,56191,28966,8736,37277,68,68,54813,2155,
126,68,68,68,68,68,68,68,68,68,68,2384,55961,12408,11739,22253,6555,22060,44779,68,68,
127,68,68,68,68,68,68,68,68,68,68,11546,36440,68,68,52285,8642,737,68,22322,34457,
128,68,68,68,68,68,68,68,68,68,68,30769,29625,10649,35196,39910,68,48077,14717,32431,38272,
129,68,68,68,68,68,68,68,68,68,68,499,68,68,42372,31521,4521,1435,56259,57605,3216,
130,68,68,68,68,68,68,68,68,68,68,45924,56585,54703,24362,47053,15746,61922,68,19562,3474,
131,68,68,68,68,68,68,68,68,68,68,68,47895,7737,57827,1560,68,3021,46145,68,30831,
132,68,68,68,68,68,68,68,68,68,68,68,68,26115,18110,27097,16819,8399,68,2380,28663,
133,68,68,68,68,68,68,68,68,68,68,23643,9481,14259,41138,58685,68,16740,19202,68,35475,
134,68,68,68,68,68,68,68,68,68,68,16290,38137,48114,7443,68,68,210,17852,68,49256,
135,68,68,68,68,68,68,68,8333,68,68,68,36358,53800,57655,41203,68,37060,40478,30877,68,
136,68,68,68,68,68,68,68,68,68,68,22278,1456,68,68,25337,50314,31089,34780,68,29570,
137,68,68,68,68,68,68,68,68,68,68,68,41293,23645,9821,30140,68,58170,46220,20709,68,
138,68,68,68,68,68,68,68,68,68,68,59577,55252,38948,68,68,27704,68,16888,48080,21116,
139,68,68,68,68,68,68,68,68,68,68,13346,50536,4969,17002,7093,23059,57095,54478,68,5969,
140,68,68,68,68,68,68,68,68,68,68,1363,68,13183,68,1486,49252,13850,68,19009,68,
141,68,68,68,68,68,68,68,68,68,68,39097,68,41314,46066,68,43359,68,56638,54542,68,
142,68,68,68,68,68,68,68,68,17149,68,68,28584,54639,68,9962,31350,44819,10244,26511,42070,
143,68,68,68,68,68,68,68,68,68,68,68,15421,5937,39259,68,4437,45168,40931,18624,17982,
144,68,68,68,68,7368,68,68,68,68,68,38696,16089,4858,21794,47854,68,68,3069,19760,24177,
145,68,68,68,68,68,68,68,68,68,68,625,43235,6173,14130,68,50898,29462,68,35126,8705,
146,68,68,68,68,68,68,68,68,68,68,53698,40366,68,20858,68,2538,54952,68,48204,37180,
147,68,68,68,68,68,14719,68,68,12739,68,57049,4516,20836,32745,48690,26089,43248,6456,68,15282,
148,68,68,68,6209,68,68,68,68,68,68,68,31779,68,21336,58829,19673,44291,35867,68,40702,
149,68,68,68,68,68,68,68,68,68,68,68,34734,68,68,68,24091,68,18843,11652,46471,
150,68,68,68,68,68,68,68,68,68,68,14001,56609,68,5718,10554,3320,22292,68,6953,27188,
151,68,68,68,68,68,68,68,68,68,68,68,57131,15477,68,28760,20505,33308,23295,17216,30831,
152,68,68,68,68,68,68,68,68,68,68,68,68,7235,68,68,3364,68,68,2770,41979,
153,68,68,68,68,68,68,68,68,68,68,46353,36278,11543,14955,68,68,68,31888,68,4174,
154,68,68,68,68,68,68,68,68,68,68,68,68,41556,5523,68,68,464,28055,68,53948,
155,68,68,68,68,68,68,68,68,68,3486,68,13720,11079,46698,22765,68,43085,68,49176,68,
156,68,68,68,68,68,68,68,68,68,68,68,16794,68,68,30161,47747,68,21258,14035,68,
157,68,68,68,68,68,68,68,68,68,68,4174,18912,68,68,45015,41289,23433,2372,17043,51012,
158,68,68,68,68,68,68,68,68,68,68,5120,68,45244,19238,12277,54511,55148,68,68,1164,
159,68,68,68,68,68,68,68,68,68,68,42477,47470,68,21428,68,54613,55578,9385,45908,68,
160,68,68,21365,68,68,68,68,68,68,68,68,1644,59627,68,35930,3448,23926,1925,26060,68,
161,68,68,68,68,68,68,19757,68,68,68,14338,27448,4844,4793,52426,34111,53405,68,57255,68,
162,68,68,68,68,68,68,68,68,68,68,51175,39684,22691,26324,9573,4185,12143,18420,68,3439,
163,68,68,68,68,68,68,68,68,68,68,22383,13674,7319,35587,37108,31961,68,3588,68,12131,
164,68,68,68,68,68,68,68,68,68,68,44660,9254,45669,12818,7022,20428,68,1196,7573,1747,
165,68,68,68,68,68,68,68,68,68,68,68,53245,26140,15221,52671,68,68,32957,50231,40845,
166,68,68,25302,68,68,68,68,10887,68,68,21463,42929,68,68,20990,55438,68,40842,24321,17057,
167,68,68,68,68,68,68,68,68,68,68,25473,17436,23972,21787,68,10698,46326,2337,23030,14093,
168,68,68,68,68,68,68,68,68,68,68,934,27880,44678,15343,10250,34889,13029,17634,10432,17486,
169,68,68,68,68,68,68,68,68,68,68,26837,27535,56630,14911,13523,68,68,39464,20228,23461,
170,68,68,68,68,68,68,68,68,68,68,43080,4159,68,56042,68,68,40937,68,27443,2002,
171,68,68,68,68,68,68,68,68,68,68,40248,36140,68,56958,56622,7604,33154,2663,39168,8544,
172,68,68,68,68,68,68,68,68,68,68,27695,19311,20525,24701,42685,10516,42789,38300,68,32221,
173,68,68,68,68,68,68,68,68,68,10084,32446,68,31194,29789,11894,24430,31187,3576,30829,68,
174,68,68,68,68,68,68,68,68,68,68,19744,68,68,9790,49128,68,41212,55379,55514,26426,
175,68,68,68,68,68,68,68,68,68,68,7495,7940,68,22012,46974,27822,725,2518,41008,8772,
176,68,68,68,68,11299,68,68,23291,68,68,68,1898,23939,68,24191,43929,18462,58279,6049,12814,
177,68,68,68,68,68,68,68,68,68,68,45749,746,68,24091,1959,4099,48167,27406,60143,23568,
178,68,68,68,68,68,68,68,68,68,68,68,3023,54704,68,68,12439,19440,68,16270,37153,
179,68,68,68,68,68,68,68,68,68,68,68,68,28917,68,56515,695,68,59311,11298,10141,
180,68,68,68,68,68,68,68,68,68,68,68,17006,68,25757,24804,30034,11805,48421,68,68,
181,68,68,68,68,68,68,68,68,68,68,10471,25281,34168,4618,4663,68,7910,27020,68,45445,
182,68,68,68,68,68,68,68,68,68,68,20614,21570,25699,29989,30235,68,24620,17844,68,68,
183,68,68,68,68,68,68,68,68,68,68,58186,18688,34435,49785,1914,16327,25910,3817,68,3548,
184,68,68,68,68,68,68,68,68,68,68,4154,68,45315,22819,22510,68,12994,22842,14045,14352,
185,68,68,68,68,68,68,68,68,68,68,68,36375,10462,42396,29953,18316,10570,68,68,15298,
186,68,68,68,68,68,68,68,68,68,68,52504,6018,580,13070,44679,8468,4420,49738,2264,53687,
187,68,68,16450,68,68,68,68,68,68,68,32586,54171,25338,3910,47415,7448,11876,43003,68,68,
188,68,68,68,22801,12362,68,68,68,68,68,3159,52945,18840,20440,47825,44264,68,68,24142,5574,
189,68,68,68,68,68,68,68,68,68,68,16331,49524,1619,28618,13548,10543,68,68,5717,21772,
190,68,68,68,68,68,68,68,68,68,68,47826,16734,68,42640,14817,68,68,21266,68,22273,
191,68,68,68,68,68,68,68,68,68,68,68,1863,12243,68,12952,34137,25752,26390,35213,34708,
192,68,68,68,68,68,68,68,68,68,68,49315,68,178,31446,68,68,68,32177,52052,41957,
193,68,68,68,68,68,68,68,68,68,31242,25749,1248,68,56333,46027,53774,50338,68,31101,21565,
194,68,68,68,68,68,68,68,68,68,68,53284,47034,36140,25574,68,32026,4041,742,13504,30759,
195,68,68,68,68,68,68,68,68,68,68,55292,68,51520,68,22196,68,14173,68,17573,68,
196,68,68,68,68,68,4182,68,68,68,68,47768,68,44473,68,68,40982,32571,30456,68,68,
197,68,68,68,68,68,68,68,68,68,68,10993,17545,13429,19429,29233,41168,68,45593,14379,56472,
198,68,68,68,68,68,68,68,68,68,68,13106,29582,12905,68,45454,5714,34095,26334,18694,19128,
199,68,68,68,68,68,68,68,68,68,68,36877,21449,68,6481,68,43801,36360,16118,22785,26558,
200,68,68,68,68,68,68,68,68,68,68,43802,68,68,54491,12145,29783,13442,54475,18593,16053,
201,68,68,68,68,68,68,68,68,68,68,12866,68,1734,22719,46282,68,12573,68,33519,14890,
202,68,68,68,68,68,68,68,68,68,68,36760,29081,18834,42201,2644,37306,68,13744,11401,1406,
203,68,68,68,68,68,68,68,68,68,68,25189,23935,46700,68,68,68,30506,68,2716,68,
204,68,68,68,68,68,68,68,68,68,68,20540,58781,68,68,3886,10522,2665,29050,37410,48962,
205,68,68,68,68,68,7737,68,68,68,68,21136,31946,15441,43217,11672,1133,50322,55140,68,68,
206,68,68,68,68,68,68,68,68,68,68,12183,68,16221,17706,68,6086,40943,68,12243,14329,
207,68,68,68,68,68,68,68,68,68,68,15899,17090,9457,38170,40015,1112,68,68,8484,68,
208,68,68,68,68,68,68,68,68,68,68,68,20153,47725,49861,7144,68,41769,32506,68,68,
209,68,68,68,68,2849,68,68,68,68,68,68,68,10076,68,46157,2538,6048,7522,68,39896,
210,68,68,68,68,68,68,68,68,68,68,68,5275,41178,15555,34555,18656,42829,68,49846,6661,
211,68,68,68,68,68,68,68,68,68,68,9310,40212,3407,29039,68,36458,17993,2466,32559,68,
212,68,68,3534,68,68,68,68,6903,68,68,36731,34950,58401,49366,68,9014,36792,68,48261,52500,
213,68,68,68,68,12452,68,68,1958,68,68,22819,27615,14957,16180,68,49347,47757,43730,25442,44621,
214,68,68,68,68,68,68,68,68,68,68,9484,21608,4611,35139,68,48123,24946,20751,10342,45111,
215,68,68,68,68,68,68,68,68,68,68,28541,31124,5007,44421,68,68,33654,2029,9356,60308,
216,68,68,68,68,68,68,68,68,68,68,48696,41096,37863,38310,1822,68,68,9084,54812,12252,
217,68,68,68,68,68,68,68,68,68,68,68,68,19778,18161,9175,68,68,68,28318,11195,
218,68,68,68,68,68,68,68,68,68,68,12747,23058,68,29742,12763,33147,57135,1995,25414,28860,
219,68,68,68,68,68,68,68,68,68,68,43172,4872,11745,5108,14045,68,39626,68,4745,68,
220,68,68,68,68,68,68,68,68,68,68,31316,8401,68,40107,43677,42425,57449,68,68,51554,
221,68,68,68,68,68,68,68,68,68,68,8345,17415,68,47549,36972,31839,68,48758,2756,22776,
222,68,68,68,68,68,68,68,68,68,68,41844,36517,20859,5882,55358,55987,2118,26430,27494,32326,
223,68,68,68,68,68,68,68,68,424,14511,11892,42590,3532,38111,68,11255,7336,16127,68,18578,
224,68,68,68,68,68,68,68,68,68,68,41043,5740,40931,68,38550,12495,68,19766,1673,43950,
225,68,68,68,26149,68,68,68,68,68,68,38591,28485,55506,68,41586,48253,12739,21954,47916,5130,
226,68,68,68,68,68,68,68,68,68,68,68,2501,30809,40228,27885,21120,5369,14957,12755,8403,
227,68,68,68,68,68,68,68,68,68,68,68,12239,41611,68,6754,45847,68,38736,21650,19539,
228,68,68,68,68,68,68,68,68,68,68,4420,44552,6283,58012,43172,2111,38192,352,68,54420,
229,68,68,68,68,68,68,68,68,352,68,17645,49633,29523,13775,27548,68,42954,48273,54291,19318,
230,68,68,68,68,68,68,68,68,68,68,33931,68,4932,31348,8518,34813,68,28815,17164,13767,
231,68,68,68,68,68,68,68,68,68,68,13807,51133,38996,68,2878,37991,48592,13793,19160,68,
232,68,68,68,68,68,68,68,19855,68,68,13786,68,68,16338,33447,37205,41206,49327,68,47664,
233,68,68,14743,68,68,68,68,68,68,68,25764,22426,4562,41871,33655,24040,36431,37954,29670,68,
234,68,68,68,17351,68,68,7620,68,68,68,68,22084,24488,10621,53405,68,68,32898,68,23869,
235,68,68,68,68,68,68,68,68,68,68,39905,68,68,68,68,49575,68,19990,2531,2792,
236,68,68,68,68,68,68,68,68,68,68,43255,43001,68,18662,51961,57764,25400,15501,4060,6306,
237,68,68,68,68,68,68,68,68,68,68,2823,4223,9624,16827,56023,27486,35703,68,13540,68,
238,68,68,68,68,68,68,68,68,68,68,50190,68,45609,37303,16782,68,11978,30372,68,20845,
239,68,68,68,68,68,68,68,68,68,68,34295,8961,16252,394,40622,28416,1264,46535,8950,38413,
240,68,68,68,68,68,68,68,68,68,68,10298,42401,31721,21155,10921,9896,68,3156,68,47386,
241,68,68,68,68,68,68,68,68,68,68,10271,37310,42672,31794,23710,34148,26095,7892,12946,68,
242,68,68,68,68,68,68,2053,68,68,68,43994,18200,42357,49218,68,49241,1221,68,68,17042,
243,68,68,68,68,68,68,68,68,68,68,16557,45697,10520,45974,49660,68,4507,43241,68,68,
244,68,68,68,68,68,68,68,68,68,68,42052,68,34801,8564,51914,68,6542,11666,23367,19243,
245,68,68,68,68,68,68,68,68,68,68,68,68,28955,68,30899,68,68,5976,32036,51011,
246,68,68,68,68,68,68,68,68,68,68,30924,27977,19927,22655,33739,59192,1619,51524,53464,59085,
247,68,68,68,68,68,68,68,68,10761,10761,9834,1386,68,5375,54465,50463,9378,32366,47538,46089,
248,68,68,68,68,68,15393,68,68,68,68,12678,26528,49584,68,45474,33383,40311,11585,21313,68,
249,68,68,68,68,68,68,68,68,68,68,68,56077,40051,68,26778,12889,46165,24228,68,68,
250,68,68,68,68,68,68,68,68,68,68,20137,68,9091,36380,47662,68,38296,68,20652,16399,
251,68,68,68,68,68,68,68,68,68,68,68,68,48020,68,46386,68,16687,36705,19321,296,
252,68,68,68,68,68,68,296,68,68,68,1487,17749,49363,49140,24160,10353,153,2996,30605,68,
253,68,68,68,68,68,68,68,68,68,68,14282,13643,46091,27595,68,17501,36319,68,3928,47936,
254,68,68,68,68,68,68,68,68,68,68,37527,8349,68,36779,38301,33731,36070,68,68,13662,
255,68,68,68,68,68,68,68,68,68,9334,34648,68,3018,27745,3729,3754,24982,24567,21933,6751,
256,68,68,68,68,19982,68,68,68,68,68,18811,7457,13755,10488,4034,30957,28365,29123,10843,68,
257,68,68,68,68,68,68,15249,31449,68,68,57854,22069,52723,8402,41184,49676,6370,4220,33657,5322,
258,68,68,68,68,68,68,68,10711,68,68,54075,68,68,35941,27521,68,40810,68,40640,36358,
259,68,68,68,68,68,68,68,68,68,68,18026,25063,57846,68,68,45850,46525,45802,7772,68,
260,68,68,68,68,68,68,68,68,68,68,68,68,68,44041,41527,5146,28559,22605,10194,68,
261,68,68,68,68,68,68,68,68,68,68,68,30172,20281,23352,13720,35285,46899,68,43856,68,
262,68,68,68,68,68,68,68,68,68,5018,68,41755,41186,68,17898,23474,35467,5192,20257,55416,
263,68,68,68,68,68,68,68,68,68,68,68,9037,37225,25948,11910,26860,68,37623,36526,27315,
264,68,68,68,68,68,68,68,68,68,68,14490,45291,68,3278,47956,31662,68,53581,68,18981,
265,68,68,68,68,68,68,68,68,68,68,13210,37255,68,3595,68,68,18139,68,48933,15529,
266,68,68,68,68,68,68,68,68,68,68,43507,68,22863,28161,24734,35708,59172,18927,24736,53886,
267,68,68,68,68,68,68,68,68,68,68,8919,68,3218,68,6497,68,40749,53102,33747,17074,
268,68,68,68,68,68,68,68,68,68,68,4718,50233,68,36813,68,21605,8563,50363,36747,41437,
269,68,68,68,68,68,68,68,68,68,68,43166,34176,44729,68,54448,68,13051,38651,3648,47392,
270,68,68,68,68,68,68,68,68,68,68,21499,23065,68,68,68,24400,45814,21493,1328,56322,
271,68,68,68,68,68,68,68,68,68,68,23091,16794,22785,27701,46679,19596,16278,3524,37472,11016,
272,68,68,68,68,68,68,68,68,68,3153,23121,42346,40508,3278,10786,68,17894,17833,30071,40833,
273,68,68,68,68,68,68,68,68,68,68,5577,15604,13305,46952,36373,15705,30078,68,20678,25822,
274,68,68,68,68,68,68,68,68,68,68,25559,68,47879,68,15230,2918,68,3434,68,46928,
275,68,68,68,68,24174,68,68,68,68,68,44497,4212,68,16764,68,6838,68,68,68,68,
276,68,68,68,68,68,68,68,68,68,68,37862,16147,40391,68,68,33845,10676,44946,68,25491,
277,68,68,68,68,68,68,68,68,68,68,39981,5027,754,7102,30324,45692,32821,68,48181,68,
278,68,68,68,68,68,68,68,68,7132,68,50261,268,68,8593,10151,68,15473,4645,14361,43014,
279,68,68,68,68,68,68,68,68,268,68,35741,39167,5505,39470,68,17070,18881,32665,46744,68,
280,68,68,68,68,68,68,68,8396,68,68,42294,68,25701,24535,68,33852,17920,24037,43157,26622,
281,68,68,68,68,68,68,68,68,68,68,11963,4800,34086,32159,68,46130,68,68,32825,17256,
282,68,68,68,68,68,68,68,68,68,68,43012,24249,14509,68,1941,35108,1568,68,68,23047,
283,68,68,68,68,68,68,68,68,68,2541,50223,68,68,28912,7457,5913,28128,30386,20643,57852,
284,68,68,68,68,68,68,68,68,68,68,34234,35866,25585,25735,7649,18756,68,68,68,25275,
285,68,68,68,68,68,68,68,68,68,68,11399,68,57620,35877,16676,29214,41818,68,68,46075,
286,68,68,68,68,68,68,68,68,68,68,38695,343,68,68,7230,20005,16100,45709,30198,68,
287,68,68,68,68,68,68,68,68,68,68,42739,50014,43192,17749,23722,22752,37179,68,68,39717,
288,68,68,68,68,68,68,68,68,68,68,68,9544,32151,46744,1545,13305,1644,21250,68,14927,
289,68,68,68,68,68,68,68,68,68,68,68,68,22142,9706,12563,19504,8870,15958,68,49420,
290,68,68,68,68,68,68,2454,68,68,68,23569,6589,68,47130,27270,15026,68,5191,36642,49102,
291,68,68,68,68,68,68,68,68,68,68,68,11691,12055,40955,68,25355,31803,43670,40933,39490,
292,68,68,68,68,68,68,68,68,68,68,1193,24398,44905,48318,35144,68,55275,46942,51614,36217,
293,68,68,68,68,68,68,68,68,68,68,68,36078,34306,58604,30564,68,37119,38617,15726,3335,
294,68,68,68,68,68,68,68,68,68,68,49761,39718,47046,7333,68,2788,68,3968,68,17393,
295,68,68,68,68,68,68,68,68,68,68,68,11273,557,68,12866,28835,25083,49712,21843,68,
296,68,68,68,68,68,68,68,68,68,68,8581,41429,17748,28243,40845,11175,52670,68,39319,47237,
297,68,68,68,68,68,68,68,68,68,68,49456,68,14220,68,68,57200,15941,51173,11615,14886,
298,68,68,68,68,68,68,68,1313,1313,68,68,13649,22136,45922,17016,10671,68,50285,35643,22755,
299,68,68,68,68,68,68,68,68,68,68,4009,25789,38304,45458,14393,68,68,44859,12428,44816,
300,68,68,68,68,68,68,68,68,68,68,56648,57322,36943,51034,68,51581,16205,27483,19964,46620,
301,68,68,68,68,68,68,68,68,68,26317,68,6271,68,68,37815,45917,39662,68,12137,12176,
302,68,68,68,68,68,68,68,68,68,68,36242,9037,22644,14233,36764,68,8034,35891,34789,54373,
303,68,68,68,68,68,68,68,68,68,68,40525,41292,38265,53540,46506,44286,68,48191,2565,18853,
304,68,68,68,68,68,68,68,68,68,68,28875,68,12103,44698,68,51663,33889,40508,68,29974,
305,68,68,68,68,68,68,68,68,68,68,46093,46525,48376,32248,36179,26472,68,35075,68,9396,
306,68,68,68,68,68,68,68,68,68,68,19404,68,11042,9849,10114,11142,68,41269,12310,3547,
307,68,68,68,68,68,68,68,68,68,68,43774,37323,24024,42188,40293,68,3324,49621,50116,56738,
308,68,68,68,68,68,68,68,68,68,68,8361,11382,14942,68,46442,47981,52582,29024,5820,33214,
309,68,68,68,68,68,68,68,68,68,68,38095,57161,68,68,17547,34014,68,8081,68,36342,
310,68,68,68,68,68,68,68,68,68,68,21387,27394,52320,15043,28587,17995,68,38358,10016,68,
311,68,68,68,68,68,68,68,68,68,68,68,68,68,19841,41101,8029,68,17410,41454,4164,
312,68,68,68,68,68,68,68,68,68,68,68,41622,31586,1611,59968,10455,52294,10342,43777,5836,
313,68,68,68,68,68,68,68,68,68,68,68,68,13382,15106,49575,68,36462,48078,55208,37976,
314,68,68,68,68,68,68,68,68,68,68,12130,15932,51190,68,49247,26326,50955,68,4378,32991,
315,68,68,68,68,68,68,68,68,68,68,26251,104,24269,10503,68,68,271,9453,35303,68,
316,68,68,68,68,68,68,68,68,68,68,15376,37391,52349,10505,6866,8617,46247,13737,68,49924,
317,68,68,68,68,68,68,68,68,68,68,5342,9178,47183,35913,68,68,31011,41661,6911,43526,
318,68,68,68,68,68,68,6898,68,68,68,68,30680,41421,68,7390,30606,35070,42094,23097,68,
319,68,68,68,68,68,68,68,68,68,68,68,14735,12770,68,53260,41755,17118,12434,54533,16750,
320,68,68,68,68,68,68,68,68,68,68,43540,19670,25934,32030,68,50883,68,68,19592,68,
321,68,68,68,68,68,68,68,68,68,68,4915,43658,512,15107,32445,37060,29708,25275,8887,11296,
322,68,68,68,68,68,68,68,68,68,68,55131,44521,20416,26940,42884,41317,33643,9638,12667,375,
323,68,68,68,68,68,68,68,68,68,18014,68,1686,26022,28306,36132,10811,68,68,38231,27539,
324,68,68,68,68,68,68,68,68,68,68,68,35243,68,47092,33347,68,68,23962,14656,9430,
325,68,68,18306,68,68,68,68,68,68,68,17908,4060,68,68,11852,2998,45767,13812,13016,45177,
326,68,68,68,68,68,68,68,68,68,68,40528,68,57724,17771,12190,12341,27529,12237,56710,11164,
327,68,68,68,68,68,68,68,68,68,68,9659,68,33555,44729,4343,68,43705,17260,30294,68,
328,68,68,68,68,68,68,68,68,68,68,57263,12923,3972,68,16758,7321,68,7612,48808,26854,
329,68,68,68,68,68,68,68,68,68,68,8432,45571,38934,68,36493,5821,25548,68,29939,27017,
330,68,68,68,68,68,68,68,68,68,68,14976,10241,43760,68,68,68,9581,32762,45115,191,
331,68,68,68,68,68,68,68,68,68,68,68,44712,15659,54031,45580,40452,1268,18854,68,38302,
332,68,68,68,68,68,68,68,68,68,68,23017,25850,35203,8201,2263,19601,27989,54358,15708,68,
333,68,68,68,68,4543,68,68,68,68,68,39181,28056,5049,56560,23373,18564,28988,51874,15378,43089,
334,68,68,17476,68,68,68,68,68,20072,68,68,46546,19824,56176,68,68,68,68,68,68,
335,68,68,68,867,68,68,68,68,2978,16914,12443,49360,35990,68,10588,1614,13918,24789,42611,24354,
336,68,68,68,68,68,68,68,68,68,68,9350,53567,39269,13019,59047,44922,42612,46592,68,68,
337,68,68,68,68,68,68,23048,68,68,68,22582,13005,8433,26791,68,15187,49462,18170,68,29594,
338,68,68,68,68,68,68,68,68,68,68,68,40791,17955,40054,59003,51493,68,18475,3943,49895,
339,68,68,68,68,68,68,68,4610,68,68,33566,27727,22543,35769,52722,68,68,68,6542,1712,
340,68,68,68,68,68,68,68,68,68,68,68,5795,54373,68,36858,5167,44009,12988,68,49416,
341,68,68,68,68,248,68,68,68,68,68,3753,3866,40250,25285,4390,6926,11691,68,14661,20278,
342,68,68,68,68,68,68,68,68,68,68,68,27189,19659,68,39389,30886,40396,12312,32944,68,
343,68,68,68,68,68,68,68,68,68,68,41730,42699,48882,35394,44708,57520,43207,16900,42420,41085,
344,68,68,68,68,68,68,68,11039,68,68,68,39111,13449,17043,26428,55353,13355,2103,43275,68,
345,68,68,68,68,68,68,68,68,68,68,68,4677,48686,53234,47569,45633,68,28485,16095,50165,
346,68,68,68,68,68,68,68,68,68,68,24370,4297,51197,3384,28148,12996,16670,49436,35048,12776,
347,68,68,68,68,68,68,68,68,68,68,43622,24706,68,68,25806,68,22596,39797,29059,13272,
348,68,68,68,68,68,68,68,68,68,68,10016,68,29938,68,44213,68,68,27132,34385,25383,
349,68,68,68,68,68,68,68,68,68,68,68,16832,68,8754,7209,39817,39615,11700,56588,68,
350,68,68,68,68,68,68,68,68,68,68,68,55967,2017,43787,68,29895,1530,30508,47660,25745,
351,68,68,68,68,68,68,68,561,68,68,30298,1400,871,21861,68,68,5670,68,43565,15178,
352,68,68,68,68,68,68,68,68,68,68,68,33407,16624,68,7136,54580,68,48779,57110,16913,
353,68,68,68,68,68,68,68,68,68,68,57554,25444,28565,46978,11409,10470,68,41638,68,68,
354,68,68,68,68,68,68,68,68,68,68,68,22134,19356,4553,57497,53394,43550,5627,33010,4554,
355,68,68,68,68,29414,68,68,68,68,32353,36356,22447,55789,14881,35363,8532,68,68,19657,2884,
356,68,68,68,68,68,68,68,3560,68,68,21932,13817,68,41479,43884,33621,11492,68,15567,17611,
357,68,68,68,68,68,68,68,68,68,68,15449,1801,17381,18095,33485,7738,21734,68,33900,8574,
358,68,68,68,68,68,68,68,68,68,68,36367,49202,68,44799,16032,59003,28812,16966,24001,21331,
359,68,68,68,68,68,68,68,68,68,68,68,33459,26494,34451,68,68,68,18667,19810,38332,
360,68,68,68,68,68,68,68,68,68,68,434,44024,68,33074,39892,68,3247,68,33508,68,
361,68,68,68,68,68,68,68,68,68,68,68,39947,12716,13500,6544,68,8185,18334,68,17184,
362,68,68,68,68,68,68,68,68,68,68,68,7684,5759,897,10427,21765,52714,20239,68,68,
363,68,68,68,68,68,68,68,68,68,68,17050,9956,39251,68,49759,26226,30304,10089,44205,68,
364,68,68,68,68,68,68,68,68,68,68,54005,68,37087,68,36782,38144,18134,68,13481,14728,
365,68,68,68,68,68,68,68,4261,68,68,37046,44320,15990,2170,7192,68,68,29677,22831,33447,
366,68,68,68,68,68,68,68,68,68,68,18944,485,52737,58471,4384,68,26958,44763,11453,68,
367,68,68,68,68,68,68,68,68,68,68,68,53623,14128,68,42915,14520,8955,68,3941,15809,
368,68,68,68,68,68,68,68,68,68,68,43259,68,47917,2375,68,33450,16014,68,14473,68,
369,68,68,68,68,68,68,68,68,68,68,42748,68,2955,29067,68,16419,49775,18784,7743,22750,
370,68,68,68,68,68,68,68,68,68,68,10813,68,49500,16419,68,29413,68,3459,54346,46292,
371,68,68,68,68,68,68,68,68,68,68,49492,22501,68,3419,7044,12519,56779,9523,2900,57326,
372,68,68,68,68,68,68,68,68,68,68,36665,14909,68,15276,48430,68,41513,23847,33510,18875,
373,68,68,68,68,68,68,68,68,68,68,22185,836,56815,30369,14718,43726,8346,269,28956,5415,
374,68,68,68,68,68,68,68,68,68,68,68,45374,35313,5645,51011,68,35710,15856,68,68,
375,68,68,68,68,68,68,68,68,68,68,17798,22988,34173,68,68,68,26145,68,68,8260,
376,68,68,68,68,68,10948,68,8260,68,68,18453,25576,68,685,48428,49103,12778,34712,14290,2245,
377,68,68,68,68,68,68,68,68,68,68,41933,10119,42845,42803,46140,2669,12412,31878,26969,32376,
378,68,68,68,68,68,68,68,68,68,68,32108,25790,47816,68,58242,20735,41886,24809,68,68,
379,68,68,68,68,68,68,68,2072,68,68,3117,13213,46068,68,21127,68,68,3516,20742,13149,
380,68,68,68,68,68,68,68,68,68,68,68,68,12125,5141,35440,27018,68,11415,57462,39631,
381,68,68,68,68,68,68,68,68,68,68,47255,22761,34809,20659,68,30966,662,39691,2310,59338,
382,68,68,68,68,68,68,25179,68,68,68,68,43161,68,68,8982,39480,68,5938,4366,45983,
383,68,68,68,68,68,68,68,68,68,68,14278,57229,30488,4100,68,32533,68,22003,43039,10829,
384,68,68,68,68,6250,68,68,68,68,68,30719,68,26741,27603,12774,25052,20956,22699,68,18408,
385,68,68,68,68,68,68,68,68,68,68,43231,68,68,2966,3719,14133,37109,48171,44541,29418,
386,68,68,68,68,68,68,68,68,68,68,51892,68,561,23739,13293,59681,2571,44279,8974,32004,
387,68,68,68,68,68,68,15733,68,68,68,7556,18347,68,20916,1962,68,20579,68,29952,33168,
388,68,68,68,68,68,68,68,68,68,68,10234,45449,26889,68,11554,20963,44603,68,52910,68,
389,68,68,68,68,68,68,68,14188,68,68,68,27090,41075,38465,21611,2214,34165,5542,34447,26831,
390,68,68,68,68,68,68,68,68,68,7823,68,57073,21830,68,11810,53810,44190,20564,16065,22079,
391,68,68,68,68,68,68,68,68,68,68,19999,11306,59891,5819,5635,3299,51785,68,3616,43206,
392,68,68,68,68,68,68,68,68,68,68,29002,4116,68,24413,68,56725,14889,3206,47702,45508,
393,68,68,68,68,68,68,68,68,68,68,33622,26151,48467,68,68,48429,56015,41247,68,68,
394,68,68,68,68,68,68,68,68,68,68,5854,52118,68,68,11430,68,16134,23240,68,27915,
395,68,68,68,68,68,68,68,68,68,68,54699,68,6051,28922,56020,42888,52167,45225,46224,31383,
396,68,68,68,68,68,68,68,68,5041,68,9577,39845,16222,56602,21190,57692,36277,15157,1274,56837,
397,68,68,68,68,68,68,68,68,68,68,34633,68,21184,22478,68,16072,32917,37350,68,14170,
398,68,68,68,68,68,68,68,68,68,68,68,23175,28394,2810,2206,22291,49412,1440,58234,15395,
399,68,68,68,68,68,68,68,68,68,68,21004,41998,43493,48512,48246,68,11447,47942,8658,32110,
400,68,68,68,68,68,68,68,68,68,68,68,68,10162,8432,40167,57689,40107,11462,32455,20929,
401,68,68,68,68,68,68,68,68,68,68,5107,13211,37721,22927,16858,58975,37579,5489,23929,2795,
402,68,68,5489,68,68,68,68,68,68,68,34010,53520,1592,6272,26041,31777,58783,36417,23818,49548,
403,68,68,68,68,68,68,68,68,2553,68,13671,68,26051,19030,34584,29935,19924,3468,68,10764,
404,68,68,68,68,68,68,68,68,68,68,68,48132,6009,21582,34638,42249,46470,53067,17654,3630,
405,68,68,68,68,68,68,68,68,68,68,29795,11513,68,30415,68,68,68,45728,16107,41407,
406,68,68,68,68,68,68,68,68,68,68,56192,5804,12361,33135,34312,68,29921,68,35044,1296,
407,68,68,68,68,68,68,68,68,68,68,31697,68,13987,28049,68,41641,29875,44470,10099,43125,
408,68,68,68,68,68,68,68,68,68,68,20777,41815,68,68,68,15802,36797,68,47361,17414,
409,68,68,68,68,68,68,68,68,68,68,68,25078,46145,68,17038,31113,36238,40481,32858,36609,
410,68,68,68,68,68,68,68,68,68,68,68,5061,5763,10044,19611,68,58413,31734,13037,42871,
411,68,68,68,68,68,68,68,68,68,68,1970,22855,48421,68,24766,55813,22771,68,30037,41648,
412,68,68,68,68,68,68,68,68,68,68,20095,13252,33000,68,39546,22536,34741,45049,14817,3030,
413,68,68,68,68,68,68,68,68,68,68,42934,68,68,68,68,39151,17364,12229,68,68,
414,68,68,68,68,68,68,68,68,68,68,59637,45953,19786,2202,35105,35481,18045,31811,45203,68,
415,68,68,68,68,68,68,68,68,68,68,25654,68,68,68,26286,40571,4047,3324,68,47365,
416,68,68,68,68,68,68,68,68,68,68,15219,51551,44645,68,2580,17642,55672,59068,68,37127,
417,68,68,68,68,68,68,68,68,68,68,52760,12320,68,40522,42511,197,3707,53625,68,44207,
418,68,68,68,68,68,68,68,68,68,68,68,10787,42734,37877,68,42759,11704,43572,68,68,
419,68,68,68,68,68,68,68,68,68,68,26815,12031,4106,68,68,33364,13602,14673,40439,30654,
420,68,68,68,68,68,68,68,68,68,68,41547,54933,33372,68,11279,26456,10203,4622,68,35628,
421,68,68,68,1881,68,20521,68,68,68,68,51031,68,172,2720,36955,17150,68,68,13399,24494,
422,68,68,68,68,68,68,68,68,68,68,32717,3298,6514,10525,68,23111,16387,31206,27450,40362,
423,68,68,68,68,68,68,68,68,68,68,13239,12533,3573,21479,42394,792,30245,18561,23983,10624,
424,68,68,68,68,68,11031,68,68,68,68,42582,46848,498,42209,39083,13098,16643,27892,33953,37534,
425,68,68,68,68,68,68,68,68,6547,68,18871,59836,68,13679,20873,68,16485,57136,32706,36644,
426,68,68,68,68,68,68,68,68,68,68,18487,1154,68,38363,68,68,68,40306,52586,20041,
427,68,68,68,68,68,68,68,68,68,68,10556,30324,11846,68,51691,45556,7657,68,68,2478,
428,68,68,68,68,68,68,68,68,68,68,68,43443,20213,12889,32519,47400,13265,7108,7491,45775,
429,68,68,68,68,68,68,68,68,68,68,56053,8486,27960,15132,46500,8649,24553,68,34565,68,
430,68,68,68,68,68,68,68,68,68,68,35916,57251,2314,27018,13965,21218,68,68,37692,1689,
431,68,68,68,68,68,68,68,68,68,68,58994,8024,68,68,68,29087,10113,35017,49351,16279,
432,68,68,68,68,68,68,68,68,68,68,52424,45918,68,6315,68,46720,30106,39682,38323,49136,
433,68,68,68,68,68,68,68,68,68,68,31337,16666,29434,38238,68,21723,12461,37043,68,14109,
434,68,68,68,68,68,68,6484,68,68,68,20635,68,68,17468,24059,51946,22939,23327,68,7972,
435,68,68,68,68,68,68,68,68,68,68,20717,44795,31504,19221,11102,68,48058,68,68,68,
436,68,68,68,68,68,68,68,68,68,68,68,58218,6671,49774,35161,39418,135,4740,18969,49725,
437,68,68,68,68,68,68,68,68,68,68,68,36743,52956,68,68,26855,68,8071,68,21517,
438,68,68,68,2770,68,68,68,68,68,68,9313,68,37966,51773,68,40744,24087,51629,68,5296,
439,68,68,68,68,68,68,68,68,68,68,68,36080,18589,8788,2657,68,68,55055,36835,29276,
440,68,68,68,68,68,68,68,68,68,68,68,45310,11204,34839,12334,51401,45712,68,68,4439,
441,68,68,68,68,68,68,68,68,68,68,56464,18765,10866,11713,13572,3696,26228,19775,68,51632,
442,68,68,68,68,68,68,68,68,68,68,44677,68,42151,26123,45570,68,19151,68,21114,29836,
443,68,68,68,68,14831,68,68,68,68,68,5428,22356,28331,28374,68,68,1812,11179,29086,10144,
444,68,68,68,68,68,68,68,68,68,68,12371,55306,68,43077,48689,51223,49720,14657,55268,68,
445,68,68,68,68,68,4540,68,68,832,68,26668,26588,41209,55377,32688,68,16940,28773,58132,110,
446,68,68,68,68,68,68,68,68,68,68,68,68,30442,9627,48960,14152,68,44763,68,54859,
447,68,68,68,68,68,68,68,68,68,68,19838,10340,68,53689,48692,48500,26820,14245,18364,37073,
448,68,68,68,68,68,68,68,68,68,26373,42595,16777,13871,16634,68,17267,26624,48999,13481,38102,
449,68,68,68,68,68,68,68,8449,68,68,68,68,19835,40534,68,7905,68,22996,47126,68,
450,68,68,68,7887,68,68,68,68,68,68,41242,50753,25842,31233,68,68,57403,33820,19100,29924,
451,68,68,68,68,68,68,68,68,68,68,12044,46837,22567,48090,10272,18146,68,20190,68,43304,
452,68,68,68,68,68,68,68,68,68,68,45858,68,68,68,68,68,28882,68,41343,4758,
453,68,68,68,68,68,68,68,68,68,68,68,57737,68,68,68,68,5958,68,38702,68,
454,68,68,68,68,68,68,68,68,68,68,68,49053,15309,34129,51905,68,68,68,68,68,
455,68,68,68,68,68,68,68,68,68,68,35250,40415,20250,44319,17070,14273,68,68,26249,44368,
456,68,68,68,68,68,68,68,68,68,68,14798,14532,49023,5013,21995,49962,3910,68,10019,3741,
457,68,68,68,68,68,68,68,68,68,68,25349,68,68,68,11195,3759,68,30179,32253,20465,
458,68,68,68,68,68,68,68,68,68,68,68,25554,2338,13153,68,29706,12254,38305,1872,41410,
459,68,68,68,68,68,68,68,68,68,68,68,20333,68,39805,40825,4955,68,7644,30442,36208,
460,68,68,68,68,68,68,9559,68,68,68,36651,47860,14374,22748,50532,34617,39404,13653,56840,15105,
461,68,68,68,68,68,68,68,68,68,68,28176,35282,27725,49358,23766,55169,537,68,15021,12632,
462,68,68,68,723,68,68,68,68,68,68,68,30895,25908,13582,42037,25355,68,15239,41585,13009,
463,68,68,68,68,68,68,68,68,68,68,8291,14428,33649,15152,44400,54673,39387,50560,49431,68,
464,68,68,68,68,68,68,68,68,68,68,1516,68,19506,3782,43537,14592,68,68,68,68,
465,68,68,68,68,68,68,1478,68,68,68,36468,19560,68,18423,43211,68,38619,68,32633,68,
466,68,68,68,68,68,68,68,68,68,68,68,44209,235,37129,40759,22765,43945,29477,43157,17663,
467,68,68,68,68,68,68,68,68,68,68,68,11121,50129,68,11445,36555,5765,2218,381,68,
468,68,68,68,68,68,68,68,68,68,68,23385,68,48475,17583,57931,42961,68,45113,48178,32938,
469,68,68,68,68,68,68,68,68,68,68,28160,68,40525,48091,21827,8185,68,16378,68,15089,
470,68,68,68,68,68,68,68,68,68,68,68,46602,47312,5819,1417,32577,68,68,55706,7158,
471,68,68,68,68,68,68,68,68,68,68,68,27621,46781,68,4712,60041,43508,22611,68,68,
472,68,68,68,68,13156,68,68,68,68,68,15094,68,68,31425,56977,30045,42007,49829,44742,15113,
473,68,68,68,68,68,68,68,68,68,68,68,68,29677,56927,36701,18438,35175,45992,308,68,
474,68,68,68,68,68,68,68,68,68,68,68,8439,68,2871,68,68,68,68,10266,17814,
475,68,68,68,68,68,68,68,68,68,68,68,27022,68,3363,18121,52933,68,8248,37932,68,
476,68,68,68,68,68,68,68,68,68,68,20110,10706,68,42533,45200,6230,12747,40509,68,52066,
477,68,68,68,68,68,68,68,68,68,68,68,17548,56599,44536,11615,22876,9817,34671,41905,22236,
478,68,68,68,68,68,68,68,68,68,68,18372,40176,68,39454,27663,31326,22489,27568,68,68,
479,68,68,68,68,68,68,68,68,68,68,31461,54474,29963,68,22742,14019,29617,30502,22363,52696,
480,68,68,68,68,68,68,68,68,68,68,9742,15747,42331,32655,19621,68,49273,37194,50629,25237,
481,68,68,68,68,68,68,68,68,68,68,8390,68,18170,27643,17168,68,19677,68,40072,3947,
482,68,68,68,68,68,68,4532,68,68,68,68,9986,68,40807,68,68,49734,46685,26599,1801,
483,68,68,68,68,68,68,10553,68,68,68,47170,11187,68,6077,17696,68,68,38684,68,16243,
484,68,68,68,68,68,68,68,68,68,68,26766,39309,68,9672,8352,52518,1710,40741,58410,54861,
485,68,68,68,68,68,68,68,68,68,68,7294,68,46137,43641,68,27454,7519,33019,26171,27564,
486,68,68,68,68,68,68,68,68,68,68,68,13137,53927,68,68,26309,13108,14233,68,13180,
487,68,68,68,68,68,68,7203,68,68,68,9563,16715,29928,44584,6582,20287,19623,68,13680,58235,
488,68,68,68,68,68,68,68,68,68,68,17260,18798,23945,68,68,44752,68,59533,5669,29493,
489,68,68,68,68,68,68,68,68,68,68,68,56132,34084,3730,35735,11696,68,11942,68,68,
490,68,68,5789,68,68,68,68,68,68,68,34754,68,27569,39730,38270,48884,45875,16381,68,7182,
491,68,68,68,68,68,68,68,68,68,68,29399,68,68,28032,48158,47864,1116,1608,49509,68,
492,68,68,68,68,68,68,68,68,68,68,68,30410,16515,9011,57055,11709,58950,68,68,46998,
493,68,68,68,68,68,68,68,68,68,68,68,7649,8226,17271,58865,68,47996,51737,68,47012,
494,68,68,68,68,68,68,68,68,68,14735,68,11237,68,25661,38772,546,68,15647,30001,14808,
495,68,68,68,68,68,68,68,68,68,68,68,68,27346,15049,46081,5311,68,55746,46562,31589,
496,68,68,68,68,68,68,68,68,68,68,10399,39394,48929,68,27397,30648,68,8313,47452,46614,
497,68,68,68,68,68,68,68,68,68,68,17913,68,12634,68,68,16575,19797,11921,22707,4203,
498,68,68,68,68,68,68,68,68,68,68,3117,68,36751,41117,14684,37174,68,45707,1542,13391,
499,68,68,68,68,68,68,68,68,68,68,35363,68,68,2597,17575,68,5621,24554,44078,50880,
500,68,68,8793,68,68,68,68,68,68,68,58472,16424,68,22900,68,35328,43698,22304,43781,12258,
501,68,68,68,68,68,68,68,68,68,68,22489,19831,39000,68,11811,17615,68,68,28065,43385,
502,68,68,68,68,68,68,68,68,68,68,42894,8096,21287,47709,68,68,4507,20322,68,30789,
503,68,68,68,68,3023,68,68,68,68,68,68,46530,50058,24536,31017,9187,28593,68,5675,68,
504,68,68,68,68,68,68,68,68,68,14587,31046,54667,25563,49232,52721,42717,68,68,68,68,
505,68,68,68,68,68,15723,68,68,68,68,260,39302,11548,14641,68,68,7821,53535,38088,68,
506,68,68,68,68,68,68,68,68,68,68,35807,68,21881,24587,11104,68,24185,68,68,50557,
507,68,68,68,68,68,68,68,68,68,68,68,34284,37821,25094,48565,15829,43563,68,44172,45821,
508,68,68,68,68,68,68,68,68,68,68,14605,892,51811,11312,4019,13061,20624,5727,2262,44906,
509,68,68,68,68,68,68,68,68,68,68,68,13182,16830,29784,24705,5465,48328,10396,8219,25443,
510,68,68,68,68,68,68,68,68,68,68,39404,29697,11225,35316,68,5591,1117,35171,38522,12507,
511,68,68,68,68,68,68,68,68,68,68,45213,40407,47045,35479,68,68,31982,6376,652,8863,
512,68,68,68,68,68,68,68,68,68,68,6302,35776,39577,29913,6806,34494,68,32856,20770,46751,
513,68,68,68,68,68,68,68,68,68,68,3945,43775,31239,33634,9395,2223,17007,21515,38442,68,
514,68,68,68,68,68,68,68,68,68,68,24536,28833,68,68,32135,43948,47253,20729,7244,12879,
515,68,68,68,68,68,68,68,68,68,68,68,38904,58166,30908,13288,18557,48713,24975,10024,19624,
516,68,68,68,68,68,68,68,68,68,68,41917,18904,1794,14502,12197,41273,56173,43794,26000,68,
517,68,68,68,68,68,68,68,68,68,68,1436,59145,4303,68,29385,68,34709,55929,19926,18669,
518,68,68,68,68,68,68,68,68,68,68,33673,68,68,25296,68,68,52839,59706,68,27944,
519,68,68,68,68,68,68,1853,68,68,68,8779,1077,28698,29538,46610,6952,27568,68,40588,37278,
520,68,68,68,68,68,68,68,68,68,68,34409,20100,44266,56866,58455,68,68,49433,68,30971,
521,68,68,68,68,68,68,68,68,68,68,20813,10288,68,48555,68,28409,68,25089,13877,43686,
522,68,68,68,68,68,68,68,68,68,68,15413,4070,18126,8148,39916,68,165,37780,68,1031,
523,68,68,68,1670,68,68,68,13305,68,68,68,68,68,41077,47730,33018,11023,13977,18596,7761,
524,68,68,68,68,68,68,68,68,68,68,68,18106,68,68,5621,47620,68,68,55198,35507,
525,68,68,68,68,68,68,68,68,68,68,4955,19164,33108,42316,68,68,34586,33183,16602,26925,
526,68,68,68,68,68,68,68,68,68,68,2964,41708,8126,68,68,41923,68,27054,68,27920,
527,68,68,68,68,68,68,68,68,68,68,22675,61541,38427,18867,68,68,54398,36267,68,68,
528,68,68,68,68,68,68,68,40380,68,68,41403,68,50731,52913,31439,24937,68,2507,68,9619,
529,68,68,68,68,68,68,68,68,68,68,4767,44407,14714,16612,3631,68,68,43183,23398,68,
530,68,68,68,68,68,68,68,68,68,68,68,13275,68,28805,30400,1324,40288,1394,34553,3903,
531,68,68,68,68,68,68,68,68,68,68,48779,23999,35301,27417,68,48904,2726,68,49950,42318,
532,68,68,68,68,68,68,68,68,68,68,68,68,68,15934,1132,4468,68,16802,8625,969,
533,68,68,68,68,68,68,68,68,68,68,24079,68,29815,30411,33272,68,56913,1860,13218,5584,
534,68,68,68,68,68,68,68,68,68,68,25198,51909,5838,49598,68,68,68,68,36355,55944,
535,68,68,68,68,68,68,68,68,68,37774,11201,1880,6777,68,16901,26076,68,68,44796,68,
536,68,68,68,68,68,68,68,68,68,68,10787,68,47354,39784,13573,68,23649,12273,60198,45909,
537,68,68,68,68,68,68,68,68,68,68,21490,68,12083,68,68,68,31097,21919,68,18296,
538,68,68,68,68,68,68,68,68,68,68,20858,28243,68,24087,28592,2235,25350,41366,52826,68,
539,68,68,68,68,68,25134,68,68,68,68,68,3113,68,48983,68,68,68,48714,2809,68,
540,68,68,68,68,68,68,68,68,68,68,856,32494,68,6493,27818,68,22887,68,23263,68,
541,68,68,68,68,68,68,68,68,68,68,8150,68,8949,743,68,16148,19258,10626,28006,17722,
542,68,68,68,68,68,68,68,68,68,68,17211,7886,68,68,11635,41022,47860,56157,55369,47845,
543,68,68,68,68,68,68,68,68,68,68,46473,68,41271,68,15721,40435,27857,68,68,40911,
544,68,68,68,68,68,68,68,68,68,68,22587,3410,17042,68,36466,38430,38944,8795,47974,55598,
545,68,68,68,68,68,68,68,68,68,36121,16077,68,24652,68,22830,4928,13943,13362,18641,12657,
546,68,68,68,68,68,68,68,68,68,68,5021,35301,68,13743,6784,49212,18177,2295,42665,12100,
547,68,68,68,68,68,68,68,68,68,68,12867,68,21063,22371,30885,68,24610,14992,68,68,
548,68,68,68,68,68,68,68,68,68,68,21747,47200,43490,15836,36012,57174,8555,990,31803,68,
549,68,68,68,68,68,68,68,68,68,68,68,10575,68,47347,68,37687,31624,26716,4522,68,
550,68,68,68,68,68,68,36732,68,68,68,3025,15997,8929,13033,12256,25908,68,44568,40406,68,
551,68,68,68,68,68,68,68,68,68,68,68,27533,68,41048,68,15106,13708,42430,40720,68,
552,68,68,68,68,68,68,68,68,68,68,10905,28256,42602,42922,24636,1071,68,41513,9331,3632,
553,68,68,68,68,68,68,68,68,68,68,68,68,68,54290,22311,13633,56643,55079,30057,10834,
554,68,68,68,68,68,68,68,68,68,68,36972,39195,68,33186,24990,48438,38689,350,68,14029,
555,68,68,68,68,68,68,68,68,68,68,49611,68,9655,43734,9142,1775,13851,2967,53099,68,
556,68,68,68,68,68,68,68,68,68,68,68,68,11480,31534,68,21329,55526,68,68,6310,
557,68,68,68,68,68,68,68,68,68,68,56126,8078,4565,23676,34436,1277,24007,12005,26873,68,
558,68,68,68,68,14189,68,68,68,68,68,68,17929,20898,43886,51943,21731,68,17426,51325,53740,
559,68,68,68,68,68,68,68,68,68,68,51633,14658,56818,8349,139,1979,68,17561,10476,20590,
560,68,68,68,68,68,68,68,68,68,68,68,18244,8147,68,10514,48369,59660,31674,68,18617,
561,68,68,68,68,68,68,68,68,68,68,36289,26975,10822,27216,11293,22923,24647,68,11142,21971,
562,68,68,68,68,68,68,68,68,68,68,50596,39118,14888,43645,42423,3213,68,41005,26887,41943,
563,68,68,68,68,68,68,68,68,68,68,68,52669,58366,12975,36491,20487,68,68,68,1479,
564,68,68,68,68,68,68,68,68,68,68,68,68,20417,38485,68,68,24304,68,54023,43704,
565,68,68,68,68,68,68,68,68,68,68,20549,53432,68,43496,68,68,38999,54639,68,7052,
566,68,68,68,68,68,68,68,68,68,68,45170,51424,37502,8105,7706,22615,17894,36574,46329,35170,
567,68,68,68,68,68,68,1245,68,68,68,21431,17610,2150,17787,68,13392,23615,48714,6304,46856,
568,68,68,68,68,68,68,68,68,68,68,39937,21380,2021,34222,23262,5144,16062,31544,41587,68,
569,68,68,68,68,68,68,68,68,68,68,1863,68,14090,68,68,49198,41034,57523,41101,30137,
570,68,68,68,68,68,68,68,68,68,68,68,31197,2717,46119,1109,23854,68,9880,23567,40369,
571,68,68,68,68,68,68,68,68,68,68,60319,12474,68,34364,46522,29969,68,22377,68,1620,
572,68,68,68,68,68,68,68,68,1737,68,8530,68,48881,15427,36942,38164,25323,68,43752,2930,
573,68,68,68,68,68,68,68,68,68,68,47562,23551,13943,68,68,19244,55994,54499,47342,39727,
574,68,68,68,10273,68,68,68,68,68,68,8159,68,68,58996,68,26253,14213,11717,16807,12786,
575,68,68,68,68,68,68,68,68,68,68,19426,10130,440,948,68,42408,46860,4430,2289,49817,
576,68,68,68,68,68,68,68,68,68,68,57822,68,29391,11590,6654,7347,49703,17550,47570,50168,
577,68,68,11962,68,68,68,68,68,68,68,19027,11952,6290,25141,33991,37900,23177,40925,68,27014,
578,68,68,12380,68,68,68,68,68,68,68,36325,48624,46536,3622,16325,2753,24215,12894,68,48317,
579,68,68,68,68,68,68,68,68,68,68,68,27635,303,17692,29748,19111,43698,28333,3358,2514,
580,68,68,68,68,68,68,68,68,68,68,26215,2381,17519,3709,68,2508,41416,46046,68,68,
581,68,68,68,68,68,68,68,68,68,68,68,68,6348,30029,13082,39621,5048,540,48380,2382,
582,68,68,68,68,68,68,68,68,68,68,2744,53665,25598,18080,16374,34627,60401,46080,54661,18504,
583,68,68,68,68,1302,68,68,68,68,68,29488,44345,68,3310,3246,9790,38343,13571,49982,10187,
584,68,68,68,68,68,68,68,68,68,68,4949,68,68,68,23771,12687,16056,48794,14672,11099,
585,68,68,68,68,68,68,68,68,68,68,1219,25680,16823,1056,34014,755,52918,68,40686,68,
586,68,68,68,68,68,68,68,68,68,68,52935,6486,3938,8902,24524,12076,68,19242,30020,46858,
587,68,68,68,68,68,68,68,68,68,68,25540,11497,68,31935,42509,68,8853,68,68,41500,
588,68,68,68,68,68,68,68,68,68,68,68,42376,10786,50578,34688,10652,68,68,68,6517,
589,68,68,68,68,68,68,68,68,68,68,41110,51917,68,56788,12873,68,52918,35352,68,20725,
590,68,68,68,68,68,68,68,68,68,68,45552,8522,35718,4878,32054,68,46397,68,45305,19263,
591,68,68,68,68,68,68,68,160,68,68,8996,34395,38843,35967,19497,20017,35943,18575,68,8158,
592,68,68,68,68,13550,68,68,68,68,68,52594,39121,28718,13870,44166,68,52452,53415,30198,19211,
593,68,68,68,68,68,68,68,68,68,68,17416,68,35657,22427,68,39011,68,7252,18263,11674,
594,68,68,68,68,68,68,68,68,68,68,56968,68,68,44853,24377,46800,68,13319,40703,68,
595,68,68,68,68,68,68,68,68,68,68,6154,68,30371,68,17152,14530,28145,31119,22088,31012,
596,68,68,68,17152,68,68,68,68,68,68,4861,13836,45049,3497,68,68,40053,4707,12253,68,
597,68,68,68,68,68,68,68,39433,68,68,68,26087,40674,47712,32188,45373,68,13562,68,23614,
598,68,68,68,68,68,68,68,68,68,68,11055,11768,31099,25328,26105,39473,9657,44713,5387,45794,
599,68,68,68,68,68,68,68,68,68,68,2446,2943,20453,5485,49219,68,14412,45463,24153,20413,
600,68,68,68,68,68,68,68,68,68,68,68,39486,36261,16557,21686,10424,45996,4944,56607,45942,
601,68,68,68,68,68,68,68,68,68,68,68,68,40868,8039,52810,32668,2954,39797,7432,60761,
602,68,68,68,68,68,68,68,68,68,68,68,10470,55505,1574,13220,48340,43725,28083,46313,35934,
603,68,68,68,68,68,68,68,68,68,68,16992,28237,68,68,32892,2020,68,44731,68,68,
604,68,68,68,68,68,68,68,68,68,68,21081,68,56074,3797,68,48702,21110,68,57227,3446,
605,68,68,68,68,68,68,68,68,68,68,68,8980,1851,991,9862,1330,68,50483,17368,13211,
606,68,68,68,68,68,68,68,68,68,68,19157,46324,39757,68,38761,68,3744,3728,19633,47923,
607,68,68,68,68,68,68,1112,68,68,68,7517,57571,32035,36365,39750,1824,9246,68,3413,43011,
608,68,68,68,68,68,68,68,68,68,68,29297,8417,56230,44695,19986,68,12995,15552,22408,46394,
609,68,68,68,68,68,68,68,68,68,68,68,27211,31189,27559,25944,19026,58099,68,6530,40346,
610,68,68,68,68,68,68,68,68,68,68,45926,36939,40371,44055,43137,13386,68,30018,34293,68,
611,68,68,68,68,68,68,68,68,68,68,68,48080,35740,42807,41154,24705,55447,29276,13035,18710,
612,68,68,68,68,68,68,68,68,68,68,1984,37564,17733,68,24006,7016,13359,27588,5075,59710,
613,68,68,68,68,68,68,68,68,68,68,5356,30275,35584,6237,17913,68,57064,9377,30126,19642,
614,68,68,68,68,68,68,68,68,68,68,11464,68,68,27584,68,37582,42240,68,57387,20877,
615,68,68,68,68,68,68,68,68,68,68,8974,40465,46267,25112,40109,19674,68,68,13923,68,
616,68,68,68,68,68,68,68,68,68,68,68,2935,48692,13811,68,4111,39177,13235,68,49571,
617,68,68,68,68,68,68,68,68,68,68,35750,12297,44546,31421,12552,1073,68,27138,26112,27102,
618,68,68,68,68,68,68,68,68,68,68,12903,41262,68,10757,9817,68,2573,11190,68,58205,
619,68,68,68,68,68,68,68,68,68,68,22619,25457,12674,68,26265,12905,68,68,37128,30417,
620,68,68,68,68,68,68,68,68,68,68,13988,57748,38500,25470,9107,68,68,17973,68,68,
621,68,68,68,68,68,68,68,68,68,68,25357,42856,18708,11944,27299,2917,20267,32618,27775,36130,
622,68,68,68,68,68,68,68,4429,68,68,31399,35555,713,68,68,45599,55406,68,37067,68,
623,68,68,68,68,68,68,68,68,68,68,52218,28947,13343,21099,21243,22010,1857,6961,47260,4044,
624,68,68,68,68,68,68,68,68,23043,68,14228,29558,18929,17161,7676,28969,68,53795,68,26367,
625,68,68,68,68,68,68,68,68,68,68,68,40635,14630,68,68,48371,11331,68,6532,12996,
626,68,68,68,68,68,68,68,68,68,68,15068,68,68,9292,6405,68,68,68,41869,52043,
627,68,68,68,68,68,68,68,68,68,68,17562,14700,26862,43288,68,47051,38589,18659,24074,25227,
628,68,68,68,68,68,68,68,68,68,68,28688,44252,34037,23115,5661,56504,9919,16518,68,68,
629,68,68,68,68,68,68,68,68,68,68,68,40457,14476,42252,68,10266,11159,68,44976,12945,
630,68,68,68,68,68,68,68,68,68,68,68,68,9000,14373,2038,68,10216,15344,6700,8742,
631,68,68,68,68,68,68,68,68,68,68,3438,68,40904,48531,36891,68,12738,24506,68,68,
632,68,68,68,68,68,68,68,68,68,68,37446,5516,43112,68,2959,58422,15475,11466,10508,5764,
633,68,68,68,68,68,68,68,68,68,68,36697,57532,41679,58326,68,49783,17676,68,30026,68,
634,68,68,68,68,68,68,68,68,68,68,68,1077,40325,28473,39028,13507,38236,20248,24576,36571,
635,68,68,68,68,68,68,68,68,68,68,8106,26102,4107,68,24590,68,40104,11731,20280,686,
636,68,68,68,68,68,68,68,68,68,68,68,68,6041,39163,68,11610,37009,10691,27134,68,
637,68,68,68,68,68,68,68,68,68,68,68,7904,59993,47,68,55394,22203,18807,68,68,
638,47,68,68,68,68,68,68,68,68,68,15211,49539,16197,11501,37426,30626,68,68,24047,8522,
639,47,68,68,68,68,47,68,68,47,68,29241,47600,57817,50736,68,26058,39833,44828,54045,7223,
640,47,47,68,47,68,47,47,68,68,68,47,7944,48984,9518,58883,2025,58363,17246,24122,40617,
641,47,47,47,47,47,47,47,47,47,47,8468,47,47,13568,1295,17677,25111,44141,10133,7578,
642,47,47,47,47,47,47,47,47,47,47,47,11908,47,39952,47,17269,47,47795,18567,47216,
643,47,47,47,47,47,47,47,47,47,47,47,6546,28375,60542,8481,14675,47,39571,47,47,
644,47,47,47,47,47,47,47,47,47,47,24533,47,22364,13259,47,47,47,10986,15440,47,
645,47,47,47,47,47,47,47,47,47,47,14953,4151,3228,38164,45993,5845,26927,7183,12043,44777,
646,47,47,47,47,47,47,47,47,47,47,47,47,59708,26797,33921,47,24830,6735,38554,47,
647,47,47,47,47,47,47,47,47,47,47,15590,47,12281,674,49533,6489,41790,14508,51969,23949,
648,47,47,47,47,47,47,47,47,47,47,25042,11957,51703,47,47,12898,55646,52793,7471,43625,
649,47,47,47,47,47,47,47,47,47,47,6304,22800,47,27059,334,45754,27132,47,27874,43206,
650,47,47,381,47,12640,47,47,381,1086,47,9603,36317,42104,28489,34994,37846,19360,45087,47,3391,
651,47,47,47,47,47,47,47,47,47,47,36183,47,49564,47,45008,59084,47,46091,34378,3034,
652,47,47,47,47,47,47,10483,47,47,47,36507,514,52874,5035,24963,23676,52132,47,12587,47,
653,47,47,47,47,47,47,47,47,47,47,17870,40434,47,9770,20083,4793,59239,32507,47,30758,
654,47,47,47,47,47,47,47,47,47,47,782,56074,55781,40232,47,14155,26494,25645,34819,47,
655,47,47,47,47,47,47,47,47,47,47,4972,9697,52600,47,47,18246,60542,52492,12665,27272,
656,47,47,47,47,47,47,47,47,47,47,16589,33479,47,2464,29358,58819,43123,47,13317,36289,
657,47,47,47,47,47,47,47,47,47,47,9749,32206,38966,47,47,979,42148,3744,32493,37477,
658,47,47,47,47,47,47,47,47,47,47,20304,6943,15749,25704,16887,27537,22781,56269,23428,13495,
659,47,47,47,47,47,47,47,47,47,5637,12980,48762,47683,13177,47,15124,47,16842,47,1510,
660,47,47,47,47,47,47,47,47,47,47,27631,19520,47,43202,47,47,29047,26738,47,30674,
661,47,47,47,47,47,47,47,8982,47,47,32899,47,21636,14765,29901,12437,47,26213,27188,472,
662,47,47,47,47,47,47,47,47,47,47,44964,14885,47,47,44382,40691,47,47,3003,18782,
663,47,47,47,47,47,47,47,47,47,355,29749,47,450,60004,36075,15361,4148,34425,40652,561,
664,47,47,47,47,47,47,47,47,47,47,1997,31876,4302,47,16211,6074,47,47,18255,47,
665,47,47,47,47,47,47,47,47,47,47,39191,37721,13570,47,36005,26480,5773,25714,47,669,
666,47,47,47,47,47,47,47,47,47,47,47,5732,23782,47,4554,47,47,47682,5164,42983,
667,47,47,47,47,47,47,47,47,18375,47,47,21761,47,47,45500,34090,17081,47,46074,4370,
668,47,47,47,47,47,47,47,22944,47,47,9675,49058,47,32101,8384,31393,45780,32302,56388,36940,
669,47,47,47,47,47,47,47,47,47,47,37959,17791,18057,932,59213,44092,6548,41672,38468,39040,
670,47,47,47,47,47,47,47,47,47,47,47,3149,18093,47,3997,35978,41177,47,13937,22517,
671,47,47,47,47,47,47,47,47,47,47,22112,44569,33515,47,47267,47,17760,17618,57819,46174,
672,47,47,47,47,47,47,47,47,47,47,40277,15468,47,41567,2255,13610,47,28709,10259,2011,
673,47,47,47,47,47,47,47,47,47,47,23653,46630,49960,47,42664,32228,22306,47,47,13575,
674,47,47,47,47,47,47,16213,47,47,47,47,49203,55156,1306,47,25229,13990,9163,47,1695,
675,47,47,47,47,47,47,47,47,47,47,47,18564,35214,19024,12134,21263,16382,47,51002,3639,
676,47,47,35584,47,47,47,47,47,47,47,58643,5410,47,46652,47,47,296,23186,47,45365,
677,47,47,47,47,47,47,47,47,47,47,14341,12418,56999,32874,24045,20323,47,17928,33725,47,
678,47,47,47,47,47,47,47,47,47,47,6936,12826,23434,2495,47,20538,43334,16643,13512,3681,
679,47,47,47,47,47,47,47,47,47,47,47,47,47,45181,45737,17643,47342,15314,15204,13525,
680,47,47,47,47,47,47,47,47,47,47,47,25015,6972,17606,25022,47,16553,56177,40378,3477,
681,47,47,47,47,47,47,47,7411,47,47,11482,47154,29497,37547,2265,3500,49398,5981,58301,16854,
682,47,47,47,47,47,47,47,47,47,47,500,51449,25973,146,44799,14361,49070,47,44643,22125,
683,47,47,47,47,47,2756,47,47,47,47,13642,13688,12224,47,47,18825,47,37585,57549,11167,
684,47,47,47,47,47,47,47,47,47,47,47,14193,14062,47,47,20450,4153,42005,33564,394,
685,47,47,47,47,47,47,47,47,47,47,47,44009,47,47,33558,47,52946,8032,59317,47,
686,47,47,47,47,47,47,47,47,47,47,29161,53771,12193,34487,33213,25776,47,56288,12524,57711,
687,47,47,47,47,47,47,47,47,26444,47,22099,47,30256,47,17759,26522,47461,47,617,7987,
688,47,47,47,47,47,47,47,47,47,47,7766,51375,29977,5942,33282,42939,50458,33108,47,46067,
689,47,47,47,47,47,47,47,47,47,47,39096,27094,19168,47,42832,39328,47,21859,42970,4668,
690,47,47,47,47,47,47,47,47,47,47,48307,38186,43678,7213,46158,54685,38713,28204,31661,24498,
691,47,47,47,47,47,47,47,47,47,47,15093,42810,47,10841,6676,27277,20770,47,47,47,
692,47,47,47,47,47,47,47,47,47,47,47,17914,47,32123,47,17256,43599,12640,32694,309,
693,47,47,47,47,47,47,47,47,47,47,25766,20161,44792,9444,14794,41093,55931,35472,38723,27983,
694,47,47,47,47,47,47,47,47,47,10851,2560,46389,17452,38853,13779,25186,13085,47,21582,49578,
695,47,47,47,47,47,47,47,47,47,47,47279,14867,47,47,18204,38483,12457,6879,4463,47,
696,47,47,47,47,47,47,47,47,47,47,31459,47,47,34180,787,47,11729,33819,47,41340,
697,47,47,47,47,47,47,8884,47,7023,47,43319,47,3395,11590,43444,47,23264,16447,41337,35989,
698,47,47,17209,47,47,47,47,47,9620,47,49776,1684,15309,38245,46753,47,55094,57943,28427,52769,
699,47,47,47,47,47,47,47,47,47,47,34733,47,20043,26318,47,898,44729,47707,747,47,
700,47,47,47,47,47,47,47,47,47,47,5347,47,47,40480,46639,12367,41948,29427,38667,44142,
701,47,47,47,47,47,47,47,47,47,47,8522,25962,1410,47,50724,30994,47,45078,17335,47,
702,47,47,47,47,47,2147,47,47,47,47,47,47,32701,50964,8927,52234,1664,44195,47,16277,
703,47,47,47,47,47,47,47,47,47,47,16012,52748,1419,47,44951,47,17748,49387,8597,1949,
704,47,47,47,21984,47,47,47,47,47,46902,6028,18220,47,57328,18100,47,54377,42147,39415,5342,
705,47,47,47,47,47,47,47,47,47,47,12208,40388,2455,47,52657,42541,34916,13559,47,47,
706,47,47,47,47,47,2424,47,47,47,47,47918,47,16516,45762,42036,47,25323,38818,23176,21367,
707,47,47,47,47,47,47,47,47,47,47,14429,47,3890,51568,46296,14946,20139,47,23451,23063,
708,47,47,47,47,47,47,47,47,47,47,51388,46380,45402,59580,20218,47,577,14743,40275,47964,
709,47,47,47,47,29351,47,47,47,47,47,8441,8494,14140,47,47,3149,51837,45471,36075,32564,
710,47,47,47,47,47,47,47,47,47,47,14071,11422,34017,47,1609,6897,47,30377,41859,37573,
711,47,47,47,47,47,47,47,47,47,47,21464,27704,49056,49767,47,47109,49561,24784,11938,44214,
712,47,47,47,47,47,47,10212,47,47,47,48031,48420,7087,47,31840,47,47,571,9646,13506,
713,47,47,47,47,47,47,47,47,47,47,3934,57724,47,19499,47,35256,46703,47,16087,50424,
714,47,47,47,47,47,47,47,47,483,47,45365,18204,27616,3584,47,47,47,47,22119,32634,
715,47,47,47,47,47,47,47,47,47,47,47,47,41372,44990,42594,45291,47,42329,47,42627,
716,47,47,47,47,47,47,47,47,47,47,12695,16533,48913,47,49245,41485,58004,47,14723,29441,
717,47,47,47,47,47,47,47,47,47,47,47,766,34554,15151,47,16843,25200,12755,47,47,
718,47,47,47,47,47,47,47,47,47,47,47,5395,23066,2078,49910,44011,46845,46237,13716,4059,
719,47,47,47,47,47,47,47,47,47,47,52596,10760,56200,7664,54686,24199,47,197,37545,47,
720,47,47,47,47,47,47,47,47,47,47,47,17877,47,27449,30916,30779,47,16331,48864,47,
721,47,47,47,47,47,47,47,47,47,47,495,6062,44196,27297,50696,38383,29568,47,3825,43282,
722,47,47,47,47,47,5735,47,20524,47,47,15027,38395,2100,1793,1156,6110,47,47278,139,15744,
723,47,47,47,47,47,47,47,47,47,47,53693,40135,14068,56706,27045,29629,16287,32431,47,47,
724,47,47,47,47,14068,47,47,47,47,47,14779,16383,47887,47,9587,329,39479,28635,24670,13482,
725,47,47,47,47,47,47,47,47,47,47,23541,47,47,47,48634,47,47,23798,34769,25588,
726,47,47,47,47,47,47,47,47,47,47,25153,8121,31533,28473,57996,47,22935,39158,1470,27629,
727,47,47,47,47,47,47,47,47,47,47,22195,10736,40912,40993,47,47,14781,47,40956,646,
728,47,47,47,47,47,47,47,47,47,47,47,12697,25947,11876,23355,1702,46375,19477,8254,19737,
729,47,47,47,47,1702,47,47,47,47,47,52764,47,10491,44191,51543,47,47,31537,47,40515,
730,47,47,47,47,47,47,47,47,47,47,10701,9118,993,56002,15927,23958,47138,286,12865,47,
731,47,47,47,47,47,47,47,47,4812,47,47,37947,10590,15364,15082,3536,8187,9884,8754,6295,
732,47,47,47,47,47,47,47,47,47,47,4145,11903,13927,47,23389,57265,42829,47,3411,47,
733,47,47,47,47,47,47,47,47,47,47,12509,10865,47,24146,47,47,47,45208,41920,38229,
734,47,47,47,47,47,47,47,47,47,47,47,28415,19056,17799,20348,27638,47,31601,47,2256,
735,47,47,47,47,47,47,47,47,47,47,11687,47,15592,47,22879,42832,33540,2112,45007,11704,
736,47,47,47,47,47,47,47,47,47,47,47,47,25704,47,47,54450,3608,28032,43941,7849,
737,47,47,47,47,47,47,47,47,47,47,21384,2813,15942,46986,47,15665,47045,11579,25436,6516,
738,47,47,47,47,47,47,47,47,47,47,38573,51918,29234,43876,47,14462,34939,24406,47,47,
739,47,47,47,47,18040,47,14870,47,47,47,49918,14883,40139,47,13790,32764,27605,17168,47,57938,
740,47,47,47,47,47,47,47,47,47,47,19107,41602,8496,4382,45201,48413,47234,47,25639,52801,
741,47,47,47,47,47,47,47,47,47,47,33785,47,8776,11215,19236,47,11107,47,47,8190,
742,47,47,47,47,47,47,47,47,47,47,34256,47,22832,11106,47,26779,19633,4373,47,56455,
743,47,47,47,47,47,47,47,47,47,47,9650,58328,42268,47,1647,47,23836,5825,31245,5105,
744,47,47,47,47,47,47,47,47,47,47,47,47,5813,4346,16343,21591,27391,8981,45688,51897,
745,47,47,47,47,47,47,47,47,47,47,46573,4472,20765,47,17138,38928,27349,10851,28523,8795,
746,47,47,3271,47,47,6924,47,47,47,47,47,47,6037,9449,25134,7102,23760,47,41472,1611,
747,47,47,47,47,47,47,47,47,47,47,17582,47,5843,13293,18406,13082,47,30554,43364,47,
748,47,47,47,47,47,47,47,47,47,47,39299,24310,28015,47,15961,21528,49206,39478,22282,28375,
749,47,47,47,47,47,47,47,47,47,47,47,18508,24506,49242,6843,47,47,53361,42645,16965,
750,47,47,16216,47,47,47,47,47,47,47,19231,15201,19889,19294,53997,18550,613,47,47,1291,
751,47,47,47,47,47,47,47,47,47,47,27287,40410,47457,8994,39385,55008,5313,16288,47,47,
752,47,47,47,47,47,47,47,47,47,47,47,47,47,25916,30546,24439,12106,16372,12724,26597,
753,47,47,47,47,47,47,47,47,47,47,5014,16112,47,47,14532,22746,38916,47,48722,2547,
754,47,47,47,47,47,47,47,47,47,47,47,45451,5136,5366,35717,46423,8374,47,26132,5727,
755,47,47,47,47,47,47,47,47,47,47,47,38703,459,14303,37154,47839,36287,43838,47,12839,
756,47,47,47,47,47,47,47,47,47,47,22715,29132,4518,12904,24132,32754,47,20416,43746,47,
757,47,47,47,47,47,47,47,47,47,47,17212,47,30930,47,983,10444,38703,33815,5450,13197,
758,47,47,47,47,47,47,47,47,47,47,42280,24789,47,12402,42541,12551,36008,29330,35289,54271,
759,47,47,47,47,47,47,47,47,47,47,46151,41949,47,8266,6019,30807,34860,40211,47,57939,
760,47,47,47,47,47,47,47,47,47,47,14482,9295,47,47,14030,47,42068,51799,36817,21958,
761,47,47,47,47,47,47,47,47,11486,47,41518,10608,59118,44400,10874,23025,3500,8171,25008,23768,
762,47,47,47,47,47,47,47,47,47,47,38759,9110,27611,38511,45066,18868,44734,47,42201,53322,
763,47,47,47,47,47,47,47,47,47,47,47126,47,19414,6609,23090,14908,47,47,43911,48234,
764,47,47,47,47,47,47,47,47,47,47,31169,13007,38233,48270,47,59339,56220,37698,59540,47,
765,47,47,47,47,47,47,47,47,47,47,47,11349,47,5425,5207,34246,47834,41430,38087,47,
766,47,47,47,7603,47,47,47,47,47,47,26645,47,38031,5562,50497,47,35197,47,29426,45921,
767,47,47,47,47,47,47,47,47,47,47,57614,1388,47,40525,19988,57057,32655,24086,27701,47,
768,47,47,47,47,47,47,47,47,47,47,31062,47,47,47,57174,3180,14494,10807,13981,47,
769,47,47,47,47,47,47,47,47,47,47,47,25007,47,55490,40619,47,8674,47,50016,2281,
770,47,47,47,47,47,47,47,47,47,47,48446,5694,45869,31958,44173,47,47,8278,35130,34060,
771,47,47,47,12404,47,47,47,47,47,47,31288,25381,33393,50023,7143,48948,30851,24866,24713,23741,
772,47,47,47,47,47,47,47,47,47,47,32760,47,21275,47,30649,47,47,17536,48795,37714,
773,47,47,47,47,47,47,47,47,47,47,47,36207,34996,37429,23980,18894,43353,38491,47,21611,
774,47,47,47,47,47,47,47,47,47,47,188,47,47,47,48141,47,14141,3186,40896,41918,
775,47,47,47,47,47,47,47,47,47,47,12006,49026,47,47,60551,47,47,13176,16776,38287,
776,47,47,47,47,47,47,47,20519,47,47,38195,17392,23721,33796,33468,47,47,37188,45458,31246,
777,47,47,47,47,47,47,47,47,47,47,47,46852,49479,47,26973,40425,47,47,57650,23457,
778,47,47,47,47,47,47,47,47,47,47,58069,13153,34391,47,47,47,47,47,48673,47,
779,47,47,47,47,47,47,47,47,47,47,13249,15474,8902,48074,10526,47,47,55391,15124,12273,
780,47,47,47,47,47,47,47,47,47,47,12852,11802,6313,47,48714,20720,49476,32937,26681,16083,
781,47,47,47,47,47,47,47,47,47,47,4387,43866,33801,11458,5457,47,23398,47,4602,19159,
782,47,47,47,47,47,47,47,47,47,47,47,20433,57978,4951,29301,39127,47,1359,47,40276,
783,47,47,47,11794,47,47,47,47,47,47,34321,7463,47,44697,18668,47,2325,46783,47,47,
784,47,47,47,47,47,47,47,47,47,47,47,47,47,18040,47524,47,720,33647,46247,13432,
785,47,47,47,47,47,47,47,47,47,47,39089,3467,47,16581,47,25191,45617,47,53883,51244,
786,47,47,47,47,47,47,47,47,57127,47,36741,47,7761,47,28604,18156,36278,32999,46722,12494,
787,47,47,47,47,47,47,47,47,47,47,25152,22349,24803,10696,47,47,17730,59229,5781,11810,
788,47,47,47,47,47,47,47,47,47,47,18965,47,47,47,47,8854,24324,29115,46036,4387,
789,47,47,47,47,47,47,47,47,47,47,43890,47,7748,45637,40651,47,1189,47,47,4885,
790,47,47,47,47,47,47,47,47,47,47,40780,47,12024,4852,47,35614,58753,47,46193,39243,
791,47,47,47,47,47,47,47,3044,47,47,31712,51059,37846,13478,47,47,3658,59275,9201,30220,
792,47,47,47,47,47,47,47,47,47,47,47,47,16724,47,47,47,47,30905,47,47,
793,47,47,47,47,47,47,47,47,47,47,47,47,15370,47,13352,10590,47811,5462,3330,36518,
794,47,47,47,47,12043,47,47,47,47,47,26416,422,47,6003,5219,31673,43205,180,958,47,
795,47,47,47,47,47,47,47,47,47,47,18368,18747,49515,47,1145,29206,47,24958,47734,47,
796,47,47,47,47,47,47,47,47,47,47,56413,20118,47,19912,2022,6460,47,44773,19311,28427,
797,47,47,36535,47,47,47,47,47,47,47,10525,22423,10972,47,20418,45067,3832,45953,25299,4319,
798,47,47,47,47,47,47,47,47,4319,47,38152,42011,12311,47,47,34222,45244,38020,49510,45279,
799,47,47,47,47,47,47,47,47,47,47,43633,29943,22161,12136,33950,48665,2390,36898,15131,47,
800,47,47,47,47,47,47,47,47,47,47,11834,49501,47,47868,47,17811,59022,47,16078,16075,
801,47,47,47,31879,47,47,47,35702,47,47,42643,24356,4815,28207,36332,46937,45170,28515,29457,47,
802,47,47,47,47,47,47,47,47,47,47,47,28121,29378,23236,46356,49375,47,47,47,33370,
803,47,47,47,47,47,47,47,47,47,47,28335,5924,57750,49200,44707,26144,39570,47,29778,2645,
804,47,47,47,47,47,47,47,47,47,47,6257,47,47,13011,10434,45117,5237,49712,52097,20406,
805,47,47,47,47,47,47,47,47,47,47,788,23053,10258,47,18087,304,54068,6948,18924,779,
806,47,47,9855,47,47,47,47,47,47,47,43826,25480,53762,21539,47,48090,14830,47,47,47,
807,47,47,47,47,47,47,47,47,47,47,47,20098,47,8468,47,44618,14077,2505,47,47,
808,47,47,47,47,14591,47,47,47,47,47,20143,28837,46358,4806,47,20999,47,6305,47,47,
809,47,47,47,47,47,47,47,47,47,47,23995,34441,47,48863,14662,47,8436,47,21056,27553,
810,47,47,47,47,13876,47,47,47,47,47,1578,11451,53893,1571,1728,7465,34145,14593,35933,41552,
811,47,47,47,47,47,47,47,47,47,47,16716,39764,30500,6280,57457,32828,28541,10444,30659,28886,
812,47,47,47,47,47,47,3347,47,47,47,47,26949,21743,35054,34911,42729,2821,39062,15306,59341,
813,47,47,47,47,47,47,47,47,47,47,5141,44729,36350,12910,44925,47,28448,47966,45732,10864,
814,47,47,47,47,47,47,47,47,47,47,58252,47,12033,47,17406,54266,48304,47,31206,8182,
815,47,47,47,47,47,47,47,47,47,47,26618,10003,47,47,54540,720,17359,46321,35055,19776,
816,47,47,47,47,47,47,47,47,47,47,1710,14310,47,47,7274,48447,58286,3406,47,47,
817,47,47,47,47,47,47,47,47,47,47,3280,47,26911,248,20332,47,15015,50443,4872,47,
818,47,47,47,47,47,47,47,47,20758,47,50133,47,12519,47,44360,37614,7336,47603,47,18272,
819,47,47,47,47,47,47,47,47,47,47,13805,55536,46664,791,47,47,56893,26762,8912,38986,
820,47,47,47,47,47,47,47,47,47,47,37112,26784,47,47,52410,21865,55495,5618,47,1325,
821,47,47,47,47,47,47,47,47,47,47,35890,48361,13834,47,47,47,20296,48652,14350,47,
822,47,47,47,47,47,47,47,47,47,47,47,47,37396,47,5435,15731,39224,47,47,47,
823,47,47,47,47,47,47,47,47,47,47,47,37939,47,47,31229,33642,25448,17805,14100,44498,
824,47,47,47,47,47,47,47,47,47,47,19882,52518,47,23403,16740,48800,22922,1930,6458,47,
825,47,47,47,47,47,47,47,47,47,47,47,17537,49394,36800,4959,47,8605,10961,38919,22476,
826,47,47,47,47,47,47,47,47,47,47,55872,49569,1669,13980,4036,59680,13338,47,47,34916,
827,47,47,47,47,47,47,47,47,47,47,47,47,47,47,18967,7098,47,48850,32234,30696,
828,47,47,47,47,47,47,47,47,47,20613,16549,55516,33637,3327,27792,47,9527,4431,44232,42498,
829,47,47,28555,47,47,47,47,47,47,47,29383,41298,11424,21355,22030,21096,19355,47,45938,47,
830,47,47,47,47,47,47,47,47,47,47,59641,44662,47,47,47,48837,47,47,8705,47,
831,47,47,47,47,47,47,47,47,47,47,47,58481,1234,41096,30534,10382,30658,36030,16308,43112,
832,47,47,47,47,47,47,47,47,47,47,53682,47,47,50312,35171,10016,52526,51091,26546,13094,
833,47,47,47,47,47,47,47,47,47,47,29215,50695,40091,52495,40231,47427,23161,47,47,47,
834,47,47,47,47,47,47,47,47,47,47,58637,32877,10468,20401,29123,44653,47,47,59206,20975,
835,47,47,47,47,47,47,47,47,47,47,14259,47,50022,47548,29646,5075,3134,47,40481,47652,
836,47,47,47,47,47,47,47,47,47,47,31198,34414,4462,52219,3331,11118,45124,45331,41287,47,
837,47,47,47,47,47,47,47,47,47,47,26090,45950,47,2252,47,43086,40964,47,10415,36034,
838,47,47,47,47,47,47,47,47,47,47,31384,47,23768,47,46586,30879,3392,47,52081,47390,
839,47,47,47,47,47,47,47,47,47,47,46379,44799,8534,4525,15486,52564,47,49851,37290,25078,
840,47,47,47,47,47,47,47,47,47,47,22165,47,32236,44272,21248,34416,6613,47,23421,4785,
841,47,47,47,47,47,47,47,47,47,47,42383,56627,27918,16634,47,3949,47,47,40944,55280,
842,47,47,47,47,2434,32366,47,47,47,47,48900,47,59592,47,45351,47,24879,11211,34636,39086,
843,47,47,47,47,47,47,47,47,47,47,15812,49582,37134,1065,31173,13153,47640,2507,47,16341,
844,47,47,47,47,47,47,47,47,47,47,47,36380,47,19727,49221,27276,20159,12866,15909,27294,
845,47,47,47,12921,47,47,47,47,47,47,41460,49409,47,14491,47,47141,3705,42490,22817,47,
846,47,47,47,47,47,47,47,47,47,47,54013,6258,10802,17410,14457,17858,14109,47,48395,59262,
847,47,47,47,47,47,47,47,47,47,47,24818,47,28160,47,47,17340,21473,27622,14791,21625,
848,47,47,47,47,47,47,47,47,47,47,47,38111,57658,10970,21440,45854,601,9174,38239,52766,
849,47,47,47,47,47,47,47,47,47,47,16995,24183,18574,47,47,24894,18302,43923,47,252,
850,47,47,47,47,47,47,47,47,22469,47,47,24110,47,3310,34633,47,53734,41777,47,30071,
851,47,47,47,47,47,47,47,47,47,47,16020,21125,117,46868,18363,11668,37003,19812,47,47,
852,47,47,47,47,47,47,47,47,47,47,6103,46570,19116,30972,579,45051,3768,59038,47,35300,
853,47,47,47,47,47,47,47,47,47,47,15993,32168,54172,26937,2488,4558,17390,17718,47,2045,
854,47,47,47,47,47,47,47,47,47,47,26680,56112,20204,47,19015,25741,35824,39079,3709,38884,
855,47,47,47,47,47,47,47,47,47,47,26862,5122,27189,37713,17698,47,20290,43025,2307,1598,
856,47,47,47,47,47,47,47,47,47,47,35582,47,34203,47,47,14439,41256,26596,35806,4155,
857,47,47,47,47,47,47,47,47,47,47,10584,4643,47,11140,28338,44876,47,15489,38808,35752,
858,47,47,47,47,47,47,47,47,47,47,16096,50549,47,58097,18062,1163,35056,8739,47,3047,
859,47,47,47,47,47,47,47,47,47,9736,47,48431,47,55152,7393,49238,39846,41367,58065,37873,
860,47,47,47,47,47,47,47,47,47,47,1442,41410,6979,25964,17346,44714,4134,47,35402,39278,
861,47,47,47,47,47,47,47,47,47,47,3010,20678,47,57245,47,47,20332,47,50574,15592,
862,47,47,47,47,47,47,47,47,47,47,57652,14297,3924,41183,47,8222,10311,47,11284,23453,
863,47,47,47,47,47,47,47,47,47,47,47,47,45727,2589,34099,53364,10577,51019,47,46513,
864,47,47,47,47,47,47,47,19966,47,47,47,47,47,55160,12818,51217,16378,58565,47,13780,
865,47,47,19987,47,47,26279,47,47,47,47,30363,21080,3049,48725,49211,47,47,22648,47,23385,
866,47,47,47,47,47,47,47,47,47,47,47,43749,56048,11552,42988,8571,57506,47,47,47,
867,47,47,47,47,47,47,47,47,47,47,30311,5716,10940,6477,29467,47,26582,47,51840,47,
868,47,47,47,47,47,47,47,47,47,47,47,48360,47,8084,18623,45037,47,46845,47,40465,
869,47,47,47,47,47,47,47,47,47,47,47,47,15065,40859,13529,47,3334,8198,26697,36100,
870,47,47,47,47,47,47,47,47,47,47,47,38876,47,33925,47946,11835,47,22065,27012,1654,
871,47,47,47,47,47,47,47,47,10184,47,45146,877,47,48000,1120,36200,2887,47,4576,55576,
872,47,47,47,47,47,47,47,47,47,47,5443,47713,43135,3255,47,51938,47,34569,44175,47,
873,47,47,47,47,47,47,9465,47,47,47,47,47,8919,26114,56998,35188,4917,47,9525,11562,
874,47,47,47,47,47,47,47,47,47,47,47,30333,47,61451,130,32536,47,47,47,10983,
875,47,47,47,47,47,47,47,47,47,47,47,42859,3378,34921,10329,10703,20058,58194,19471,47,
876,47,47,47,47,47,47,47,47,47,47,44530,12654,47593,47,7203,58975,47,28630,47,20730,
877,47,47,47,47,47,47,47,47,47,47,47,20377,16775,14681,47,8013,16502,47,39958,10685,
878,47,47,47,47,47,47,47,47,47,47,13076,33882,13588,47455,32624,45248,30278,47,47,20525,
879,47,47,47,47,47,47,47,47,47,47,45229,47,20495,47,1123,34722,16030,17287,9075,39372,
880,47,47,47,47,47,47,47,47,47,19699,44301,40989,21361,42413,41068,791,47734,38939,54244,11021,
881,47,47,47,47,47,47,47,47,47,47,47,47,15867,39229,58538,47,50786,35662,48935,46790,
882,47,47,47,47,47,47,47,47,47,47,47,24275,47,832,2857,47,3480,31101,16507,15851,
883,47,47,47,47,47,47,47,47,47,47,47,7623,48328,47,47,5369,47,47,58796,4033,
884,47,47,47,47,47,47,47,47,47,47,47,19747,47,1814,5671,36309,47,45869,47,51762,
885,47,47,47,47,47,47,47,1814,47,47,43530,7098,7189,55319,10080,47,47,37101,32146,32202,
886,47,47,47,47,47,47,47,47,26749,47,17247,47,18500,25846,2810,47,11400,639,21821,29889,
887,47,47,47,47,47,47,47,47,47,47,37201,48417,6648,12450,47,503,18363,47,14148,47,
888,47,47,47,47,47,47,47,47,47,47,14051,14266,35893,22892,19531,51145,8465,15349,28784,24411,
889,47,47,47,47,47,47,47,47,47,47,57591,4264,2614,10071,12215,57583,41979,46972,41648,47,
890,47,47,47,47,47,47,47,47,47,47,40199,47,57088,28027,48241,47,45201,45960,55522,16455,
891,47,47,47,47,47,47,47,47,47,47,30054,15554,11223,6549,14812,57260,22660,51423,2234,18236,
892,47,47,47,47,47,47,47,47,5536,47,47164,47,56299,52891,18313,35889,8666,47,46317,58626,
893,47,47,47,47,47,47,47,47,47,47,45081,40206,40109,14667,47,33888,29447,47,39281,16804,
894,47,47,47,47,47,47,47,47,47,47,22469,7729,4543,2326,40801,47,47254,5603,33131,46183,
895,47,47,47,47,47,47,47,47,47,47,45167,9069,46362,9366,47,39235,47,47,47,21953,
896,47,47,47,47,37302,47,47,47,47,47,47,47,19361,8274,47,36895,28283,27763,47,47,
897,47,47,47,47,47,47,47,47,47,47,47,35524,47,25682,45499,33517,47041,47,47,35269,
898,47,47,47,47,47,47,47,47,47,47,3555,29992,20924,47,55716,16130,30870,8760,12290,17380,
899,47,47,47,47,47,47,47,47,47,47,37382,47,48121,12297,29329,15883,21174,857,48295,46768,
900,47,47,47,47,47,47,47,47,47,47,47,47103,53294,47,7023,29349,24778,6170,39847,12681,
901,47,47,47,47,47,47,47,47,47,6170,57718,57798,27558,47,47,47,36528,47,46032,58577,
902,47,47,47,47,47,47,47,47,47,47,39815,47,51827,11616,8518,4642,41487,11514,54838,6315,
903,47,47,47,47,47,47,9427,47,47,47,49463,47,3889,47,2525,32488,24026,13915,1097,47,
904,47,47,47,47,47,47,47,47,47,47,53656,47,47,56894,3457,15113,9526,47,47,33451,
905,47,47,47,47,47,47,47,47,47,47,47,47,25081,47,19458,47,38660,57589,47,47,
906,47,47,47,47,47,47,47,47,47,47,37108,34283,47,41354,47,52489,47,19597,17785,45677,
907,47,47,47,7755,47,47,47,47,47,47,18401,27417,16022,20470,32968,47,8787,37209,2100,1420,
908,47,47,47,47,47,47,47,47,47,47,17990,42697,26056,44073,8508,47616,47,11967,47,6714,
909,47,47,47,47,47,47,47,47,47,47,1306,47,46739,3145,53475,31164,24946,47,16138,47,
910,47,47,47,47,47,47,47,47,47,47,49993,47,43593,7996,7958,15580,5718,28446,47,10567,
911,47,47,47,47,47,47,47,47,47,47,47,34929,17159,41996,41981,54808,9640,11401,55925,47415,
912,47,47,47,47,47,47,47,47,47,47,41501,10818,54731,16352,42578,22216,51759,10960,47,10207,
913,47,47,47,47,47,47,47,47,47,12343,47,47,41886,19556,58704,14223,47,13287,43415,47,
914,47,47,47,47,47,15352,47,47,47,47,15990,47,32839,11095,12566,47,10020,18858,48534,11999,
915,47,47,47,47,47,47,47,47,47,47,47,39266,22858,47,39646,13143,20884,27184,27247,45680,
916,47,47,47,47,47,47,47,47,47,47,48064,56751,47,33613,47,47,44817,47,34518,47,
917,47,47,47,47,47,47,47,47,47,47,47,20304,46126,17295,47,10404,47,19780,26476,14181,
918,47,47,47,47,47,47,47,47,47,47,19096,5674,32001,47,9400,21232,11257,17567,27859,37981,
919,47,47,47,47,47,47,47,47,47,47,47,47,3929,42111,54820,5576,46606,9972,2860,11706,
920,47,47,47,47,47,47,47,47,47,47,45970,20694,14356,33544,43168,20793,32594,2071,2425,5880,
921,47,47,47,47,47,47,47,47,47,47,45404,10876,23537,26455,21414,16235,47,5997,57329,47,
922,47,47,47,47,47,47,47,47,47,47,47,10689,47,49799,18629,44071,49189,1536,36289,47,
923,47,47,47,47,47,47,47,47,47,47,18801,23807,47,47,5179,58860,58297,3322,21798,43171,
924,47,47,47,47,47,47,47,47,47,40865,6597,42824,18449,32012,20484,54577,47,24713,47,49938,
925,47,47,47,47,47,47,47,47,47,47,13132,23534,48502,24190,47,17493,40063,24443,47,47,
926,47,47,47,47,47,47,47,47,47,47,48186,43845,47,24244,11641,38759,12968,47,47,15745,
927,47,47,47,47,47,47,47,47,47,47,3966,7332,3162,20877,30245,47,47,2671,39009,15896,
928,47,47,47,47,47,47,47,47,47,47,47,47,43955,37268,29423,21026,42711,47,47,7523,
929,47,47,47,47,47,22256,47,47,47,47,47,37416,11897,47,6015,52351,24910,13452,11152,2306,
930,47,47,47,47,47,47,47,47,47,47,2828,14318,47,25504,44117,37326,32938,47,25139,14375,
931,47,47,47,47,47,47,47,47,47,47,47,22534,46852,47,18712,55650,47,47,47,47,
932,47,47,47,47,47,47,47,47,47,47,47,30213,34195,47,10693,4988,47,29558,1010,53273,
933,47,47,47,47,11327,47,47,47,47,47,30305,47,47,47,54899,47,42111,43750,10326,16981,
934,47,47,47,47,47,47,47,47,47,47,25963,47,46498,13130,47,27244,2689,47,13802,28934,
935,47,47,47,47,47,47,47,47,47,47,14893,22792,47,23241,6171,20746,47,8685,15945,49195,
936,47,47,47,47,47,47,47,47,47,47,8748,55697,12120,37801,29499,6693,47,18778,45570,17936,
937,47,47,47,47,47,47,47,47,47,47,10672,48562,32808,47,48861,47,47,14185,8687,26632,
938,47,47,47,47,47,47,47,47,47,47,4087,45678,47,47,47,24617,12804,18582,47,14063,
939,47,47,47,47,47,47,47,47,47,47,55175,47,47,47,26581,47,47,47,20981,47,
940,47,47,47,47,47,47,47,47,47,47,22839,28511,56765,24492,13222,2636,45793,37852,57432,47,
941,47,47,47,47,47,47,47,47,47,47,44121,46690,11402,21111,24967,39238,47,44590,36816,49189,
942,47,47,47,47,47,47,47,47,47,47,35794,26339,39930,30210,22165,47,47,51025,26601,8417,
943,47,47,47,47,47,47,47,47,47,47,58950,47,11498,26624,47,47,44252,8056,15794,45309,
944,47,47,47,47,47,47,47,47,47,47,54848,3505,16654,5222,23580,47,27530,15384,47,47,
945,47,47,47,47,13920,47,47,47,47,13920,55363,44854,47,26993,2425,47,45908,47,47,49845,
946,47,47,47,47,47,47,47,47,47,47,38727,47,47,47,13945,13529,47,11001,56103,47,
947,47,47,47,47,47,47,47,47,47,47,47,36154,18945,3135,38359,2761,1872,12078,39608,52226,
948,47,47,47,47,47,47,47,47,47,47,47,47,35079,46270,55610,59217,53002,47,47,40240,
949,47,47,47,47,47,47,47,47,47,47,11536,45363,29971,18838,27768,47,14391,47,47083,47,
950,47,47,47,47,47,47,47,47,47,22833,13791,31694,37931,18599,50129,47,47,9874,47,28304,
951,47,47,47,47,47,47,47,47,47,47,16399,8138,17694,4716,37000,44363,27981,29323,19902,47,
952,47,47,47,6469,47,16257,47,47,47,47,13775,38669,36438,2352,1360,18206,24985,41722,11941,1397,
953,47,47,47,47,47,47,47,47,47,47,45251,27847,268,47,45215,2259,20817,35930,47,58040,
954,47,47,47,47,47,47,47,47,47,11102,28124,28984,2436,47,15823,47,47,15623,30753,2464,
955,47,47,47,47,47,47,47,47,47,47,57834,39474,47,33271,47,40217,47,34094,44311,46456,
956,47,47,47,47,47,47,47,47,47,47,56975,30465,15926,47,47873,25945,16202,52044,921,47,
957,47,47,47,47,47,47,47,47,47,47,172,10402,54143,21793,35902,28053,26568,47,47,27141,
958,47,47,47,47,47,47,47,47,47,47,18112,54827,31180,29659,2613,47,13255,57716,47,43440,
959,47,47,47,47,47,47,47,47,47,47,56979,23539,11091,47,39161,52325,47,35639,17694,9027,
960,47,47,47,47,47,47,47,47,47,47,42231,31974,47,47,15421,26360,25785,27765,13742,5827,
961,47,47,47,47,47,47,47,47,47,47,34436,47,29526,43154,15157,47,47,4800,16988,48107,
962,47,47,47,47,47,47,47,47,47,47,34517,47,20500,31478,34217,7275,15261,20497,26172,29944,
963,47,47,47,47,47,47,47,47,47,11033,49359,2244,47,33011,47,13802,47,21240,47,47,
964,47,47,47,47,47,47,47,47,47,47,10820,30687,47,16910,10808,47,47,49120,24256,47,
965,47,47,47,47,47,47,47,47,47,47,13996,47772,36198,47,7656,56752,45786,47,47,14634,
966,47,47,47,47,47,47,47,47,47,47,47,35952,54157,25161,18053,26134,47,48730,10214,47,
967,47,47,47,47,47,47,47,47,47,47,17201,11398,45096,56919,35287,19104,34278,36028,25402,47,
968,47,47,47,47,47,47,47,47,47,47,24016,19355,40381,55324,7070,16202,47,25883,47,57425,
969,47,47,47,47,47,47,47,47,47,47,47,34379,2784,22531,16421,41587,9179,29469,48325,30449,
970,47,47,47,47,1823,47,47,47,47,47,37150,20039,52817,47,53526,47,23914,7556,50631,35840,
971,47,47,47,47,47,47,47,47,47,47,31560,17870,17639,9281,15056,47,31510,47,43037,47,
972,47,47,47,47,47,6350,47,47,47,47,40835,56791,47,51152,19527,46099,47,42845,37123,51041,
973,47,47,47,47,47,47,47,47,47,47,43473,30416,27907,37380,47,47,39911,47,36885,54657,
974,47,47,47,47,47,47,47,47,47,47,16939,49729,26924,47,47,47,46605,54336,47,13108,
975,47,47,47,47,47,47,47,47,47,47,3830,3628,24645,8057,12691,47,43550,17763,30755,47,
976,47,47,47,47,47,47,47,47,47,47,47,32034,47,58196,3786,47,59480,47,47,38155,
977,47,47,47,47,47,47,47,47,47,47,47,28028,51444,47,48573,47,35669,13351,43847,18974,
978,47,47,47,47,47,47,47,47,47,47,7078,47,45041,1714,47,34187,33149,33447,44990,15018,
979,47,47,47,47,47,47,47,47,47,47,46675,47,47,47,40676,47,40665,20405,23751,18976,
980,47,47,10047,47,47,47,47,47,47,47,47,45934,15562,12781,30878,55972,42345,8504,4943,2260,
981,47,47,47,47,47,47,47,47,47,47,47,47,35726,27268,14109,49091,11832,30136,44637,31015,
982,47,47,47,47,47,47,47,47,47,47,35152,46218,57320,51042,47,16147,10238,30696,24497,1737,
983,47,47,47,47,47,47,47,47,47,47,11602,47,7468,15725,25925,46255,7456,49834,47,3765,
984,47,47,21698,47,47,47,47,47,47,47,53515,22631,18788,47,13323,47,58015,23541,27539,32244,
985,47,47,47,47,47,47,47,47,47,47,42303,15928,47479,27541,16866,25171,11309,6705,47,22959,
986,47,47,47,47,47,47,47,47,47,47,22844,45730,23105,47,20679,45506,53422,32701,40144,59159,
987,47,47,47,47,47,47,47,47,47,47,53153,47,47,47,15249,44246,41444,5208,47,50630,
988,47,47,47,47,47,47,47,47,47,47,42410,47,47,42703,47,10380,13649,44150,23809,13668,
989,47,47,47,47,47,47,47,47,47,47,50947,47908,9324,2825,47,47,11669,56681,26874,20629,
990,47,47,47,47,47,47,47,47,47,47,15014,55644,47,47,47,15499,1820,36758,47,50645,
991,47,47,47,47,47,47,47,47,47,47,47,11339,4734,22680,11486,22362,10102,47,42294,47,
992,47,47,47,47,1602,47,47,47,47,47,59597,41827,47,48526,47,6613,47,38782,28043,3568,
993,47,47,47,47,47,47,47,47,47,14409,21720,45859,29008,1020,41269,16197,15522,50453,32136,47720,
994,47,47,47,47,47,47,47,47,47,47,47,23299,57185,37360,47,34891,18792,47000,14807,5794,
995,47,47,47,47,47,47,47,47,47,47,11898,55957,47,428,47,47208,47,38925,47,31629,
996,47,47,47,47,47,47,47,47,47,47,9968,56760,58374,15299,20631,47,47,47,47,47,
997,47,47,47,47,47,47,47,47,47,47,16221,28344,40779,51124,17858,47,35293,2597,47,23719,
998,47,47,47,47,47,47,47,47,47,47,30888,18830,9336,47,6192,47,23611,15356,3909,47,
999,47,47,47,47,47,47,47,47,47,47,20927,12034,18337,5951,53155,42355,47,16639,27708,4009,
1000,47,47,47,47,47,47,13890,47,47,47,47,55441,47,44774,27933,34079,815,47,26051,47,
