1,11364,49071,48972,39755,1855,47145,30769,42806,5287,42772,23732,10644,38077,18968,2100,25581,35907,13778,8191,15302,36783,39365,38359,38294,8820,22541,13112,6657,19300,49304,24764,33889,33996,45837,48275,12520,33762,43365,36536,23133,5560,46022,43265,24460,37508,18541,45048,7219,46871,5122,6056,10392,43309,43961,24420,15450,42780,1365,42957,8452,17563,11063,22373,30849,50178,44988,17080,38861,47407,19740,20078,5998,19608,24582,5657,42061,41042,10234,1446,3279,
2,1365,1365,1446,1446,1855,2100,1365,3279,172,5224,1251,1365,4215,1143,3614,311,2009,3374,5302,13872,2280,991,3440,930,2174,6522,3028,8166,1141,2276,482,739,1040,1453,1203,3505,4644,1126,1599,311,21448,11445,41939,1746,6734,13658,9046,12214,6357,1861,5173,27303,39320,29385,33061,19511,35519,23454,4470,30506,17075,8371,32216,16954,472,12453,23229,33738,11101,240,3432,1715,8128,4140,2983,39746,867,36770,11495,22771,
3,172,240,172,311,172,172,311,172,240,242,240,377,8595,412,709,4670,867,867,3455,2105,311,240,240,377,1513,2357,7917,601,6688,453,2191,2134,930,867,240,1316,377,1202,5346,483,31142,49187,9951,1262,25511,43244,18145,44179,17036,3399,915,18129,6053,40141,8150,1627,36719,28114,12760,22509,18640,36508,49944,28885,2184,5194,238,240,4662,8041,1031,5668,18021,11679,47521,240,2146,238,28304,26399,
4,172,238,172,238,172,172,240,172,238,172,172,1912,172,377,238,240,1125,7050,238,1225,172,172,240,3463,833,238,172,238,240,240,172,311,242,240,240,1222,7626,240,240,240,3834,5871,1204,42549,2097,46165,238,46536,27835,172,5590,4177,21886,3561,18388,17478,4012,4883,2087,39045,1622,27836,8355,11426,20152,238,17409,35417,14375,25353,46569,240,13466,30622,27170,33062,238,27388,172,172,
5,172,172,172,172,172,172,172,172,238,1598,238,238,238,6642,240,238,172,240,172,172,8959,240,238,238,5663,238,172,240,172,238,238,172,238,11985,172,9777,9645,172,172,12839,1336,2350,172,16428,26346,22052,14513,15422,172,172,13513,172,34418,14767,13943,238,238,238,27787,8140,1306,4004,45458,238,44407,30004,14707,21198,172,14751,238,24284,42187,27229,52365,240,33553,240,40923,22205,
6,172,172,172,172,172,172,172,172,172,172,238,172,172,172,238,172,172,238,172,238,172,172,172,240,5106,172,172,25406,172,172,172,172,172,2808,172,172,172,172,172,172,38637,35122,172,172,38017,18673,52655,238,238,8800,2524,172,1016,3045,26162,18329,3165,6989,31983,26593,16157,31495,18581,172,20513,44945,172,23411,238,38310,30556,37098,8744,47868,2154,19589,172,36761,52358,172,
7,172,172,172,172,172,172,172,172,172,172,172,1579,172,172,172,238,172,172,172,172,172,172,172,172,172,172,172,172,172,172,7317,172,1579,172,172,172,172,172,172,172,25600,172,172,172,7700,9439,172,2441,172,172,172,48288,3071,37082,14944,172,5733,1449,172,41999,37414,3318,172,29553,34461,10965,7852,172,24064,55487,18717,172,32455,537,12331,26826,18013,32391,40493,172,
8,172,172,172,172,172,172,172,172,172,172,172,13397,172,172,172,8074,172,172,7753,172,172,172,1201,172,172,172,172,172,172,172,172,172,172,172,172,172,172,172,7753,172,6247,14693,36075,41468,172,172,43232,20213,54092,54669,850,19649,27490,56350,40939,23336,2004,58284,45170,12561,24420,30818,45744,14942,28079,28584,35944,44304,172,12637,45433,46491,10873,24702,172,24741,14134,16875,42569,30445,
9,172,172,172,172,172,172,172,172,172,172,172,172,172,172,172,172,172,172,172,172,172,172,172,5047,172,172,172,172,172,172,14909,172,172,172,172,172,172,172,172,172,172,20288,43034,36597,6596,8981,172,172,40329,22498,172,43729,11192,59018,172,24678,2568,658,172,34521,30325,172,3592,39590,46034,2537,42109,7887,172,6236,43887,25379,6301,50097,52105,14316,39487,35753,56765,172,
10,172,172,172,172,172,172,172,172,172,172,172,172,172,18099,172,172,172,172,172,172,172,172,172,18099,172,172,172,172,172,172,172,172,172,172,172,172,172,172,172,172,31126,2435,172,6815,52534,40713,29436,37253,5741,172,172,24838,172,3606,48086,54424,27518,31860,15672,172,172,172,16487,172,58832,30124,13320,3994,42683,46800,15132,53868,172,172,1393,24651,13461,172,172,172,
11,172,172,172,172,172,172,172,172,172,172,172,172,9367,8531,172,172,172,172,172,172,172,172,172,172,172,172,172,172,172,172,172,172,8531,172,7841,172,8531,7841,2358,172,46706,39058,33417,12853,38286,1770,49673,35303,6742,172,172,172,23900,172,8099,1680,4057,35435,54258,695,41109,172,35854,20430,172,43633,43912,27007,19193,172,172,21393,48981,41965,8558,39604,45559,38746,2139,49836,
12,172,172,172,172,172,172,172,172,172,172,172,172,17487,172,172,172,172,172,172,14401,172,172,172,172,172,172,172,5279,172,172,172,172,172,172,172,172,172,172,172,172,172,14243,23307,16334,38130,172,50295,29481,12569,43927,56859,172,41745,12249,34724,172,45524,2746,15370,172,5929,172,2314,47770,15373,172,28359,172,41735,24033,57660,10803,41105,41386,35611,172,172,172,172,172,
13,172,172,172,172,172,172,172,172,172,172,172,2277,172,172,172,172,102,172,172,172,7901,172,172,172,12952,172,7901,172,172,172,172,172,172,172,16327,172,172,172,172,172,30649,172,7385,737,712,172,34014,14064,172,172,10184,172,59301,172,46719,27816,18081,35225,11254,13578,36380,29996,11985,172,37802,27189,172,15476,20908,57762,59036,2664,172,54974,172,172,22543,41561,37079,13668,
14,102,172,172,172,172,172,172,172,102,172,172,102,172,172,172,172,172,172,172,172,172,172,172,172,172,172,172,172,172,102,172,172,102,102,172,172,172,172,172,172,58621,46436,18957,102,40390,4977,172,46685,172,52385,172,15849,172,41829,31508,7417,172,172,172,8222,39916,172,25925,27208,7776,18047,172,58623,40420,15620,44606,172,172,23333,29228,172,42821,172,47354,102,
15,102,102,102,102,102,102,102,102,172,172,172,172,172,172,172,172,102,172,172,102,172,172,102,172,172,172,172,172,102,172,102,172,172,1360,102,3193,172,172,102,102,53018,24243,1277,172,26266,54409,172,12768,6163,8590,59156,11018,7521,35697,19057,102,39493,172,10167,59292,172,102,24047,41769,172,18883,19747,102,172,102,37752,4173,42120,102,42192,172,102,47882,102,24341,
16,102,102,102,102,102,102,102,102,102,102,102,2376,102,102,13671,102,102,102,102,2376,102,102,102,102,102,102,172,102,102,3042,102,172,102,172,102,102,6156,102,102,102,102,23763,17655,172,102,11919,48428,42428,32200,4088,172,47957,102,102,172,102,33980,29536,36419,36780,17169,102,102,32789,10699,56892,53576,60848,16100,102,12580,14933,13879,49265,14222,25766,47491,17374,11835,102,
17,102,102,102,102,102,102,102,102,172,102,102,102,102,102,102,102,102,102,102,102,102,102,102,102,102,102,102,102,102,102,102,102,102,102,102,102,102,102,102,102,31454,59610,20804,48873,2906,35271,102,102,102,102,4332,15952,58861,57008,54164,49112,102,27782,38958,27483,46016,102,23323,102,102,36308,49970,102,47816,25951,102,49624,102,58412,45252,102,102,42821,102,102,
18,102,102,102,102,102,102,102,102,102,102,102,102,102,102,102,102,102,102,16224,102,102,102,899,102,102,102,102,102,102,102,102,102,102,102,102,102,102,102,102,102,11905,1121,46467,7569,102,102,102,102,102,5235,102,29826,4136,102,43383,42926,102,54654,45944,29175,11292,18500,52498,14455,19237,102,44268,51212,9707,41494,102,19300,47727,102,102,102,1891,27235,17758,1027,
19,102,102,102,102,102,102,102,102,102,586,102,102,102,102,102,102,102,102,102,102,102,102,21279,102,14404,102,102,102,102,102,102,102,102,102,102,102,102,102,102,102,25285,46496,41133,39870,1533,30338,44585,48002,44513,102,56942,36558,102,102,102,12290,102,8975,102,27638,35613,41386,42575,38098,102,35744,102,44652,9973,28279,102,17944,102,19884,9224,2821,102,32922,23997,12680,
20,102,102,102,102,102,102,102,102,102,102,102,102,102,102,102,102,102,102,102,102,102,102,102,102,102,102,102,102,102,102,102,102,102,102,102,102,102,102,102,102,102,58480,53061,23112,35638,102,102,34930,38729,52359,21971,47011,30447,57427,13890,15296,12890,6186,102,18218,102,58073,1620,42567,47767,11606,6606,41248,12390,102,25955,35476,33547,102,30996,11948,47588,51394,17693,53229,
21,102,102,102,102,102,102,102,102,102,102,102,102,102,102,102,102,102,102,102,102,102,102,102,102,102,102,102,102,102,102,102,102,102,102,102,102,102,102,102,102,102,47096,36416,57040,57438,16722,38771,47171,29573,47933,9248,102,38111,57996,102,18581,13191,102,40718,102,3414,13285,23368,42567,102,45992,35094,25010,102,46793,5286,102,14404,31648,48073,102,102,102,43325,102,
22,102,102,102,102,102,102,102,102,102,102,102,102,102,102,102,102,102,102,102,102,102,102,102,102,102,14001,102,102,102,10399,102,6189,102,102,102,102,102,102,102,102,102,36809,47848,102,49139,19594,48581,38055,102,102,21124,49850,30165,29372,14753,102,102,102,57760,4270,102,37778,42679,39248,102,12145,29759,40005,2901,24854,102,102,3175,102,16830,21976,46665,36366,102,27765,
23,102,102,102,102,102,102,102,102,102,102,102,102,102,102,102,102,102,102,102,3180,102,5421,102,102,102,102,102,102,102,13413,11331,102,102,11331,102,3180,5347,102,5421,102,13414,44778,20841,8535,102,102,56496,38064,46701,102,23278,102,52016,19102,61024,102,32648,38154,102,102,15446,102,102,102,39146,6910,47075,23390,102,20810,102,12834,48655,55004,12100,102,14215,102,55674,50005,
24,102,102,102,102,102,102,102,102,102,102,102,102,102,102,102,102,102,102,102,102,102,102,102,102,102,102,102,12265,102,102,102,102,102,102,102,102,102,102,102,102,51491,102,102,102,36967,102,102,102,1581,102,38678,45592,40061,12184,17366,35516,51532,102,102,102,36759,56106,102,59147,102,41623,47249,44104,33310,1205,102,58751,102,21214,44999,23278,57433,48934,102,41395,
25,102,102,102,102,102,102,102,102,17006,102,102,102,7714,102,102,102,102,102,102,102,102,102,13364,102,102,102,102,102,102,102,102,102,102,102,102,102,102,102,102,102,47256,44473,102,3485,18225,18136,26560,102,45717,44743,102,6985,102,29399,102,102,36258,5286,102,102,14795,46287,102,102,23397,14421,23959,102,40924,35859,102,27876,3581,11283,102,16838,45253,102,102,13142,
26,102,102,102,102,102,102,102,102,102,102,102,102,102,102,15030,10980,102,102,102,102,102,102,102,102,102,102,102,102,102,102,102,102,102,102,102,102,102,102,12368,15030,32719,32197,10631,21138,102,102,44719,49703,8272,777,102,41746,102,102,102,23292,38086,3502,28291,102,59256,59925,718,12876,102,37233,102,27618,49126,39031,1003,39986,102,43370,45154,1655,58404,102,102,5482,
27,102,102,102,102,102,102,102,102,102,102,102,102,102,102,102,102,102,102,102,102,102,102,102,102,102,102,102,102,102,102,102,102,102,102,102,102,102,102,102,102,31489,2571,102,55730,102,102,41871,102,102,102,21461,47954,3160,34863,102,46494,102,35094,102,30711,102,14276,32091,42502,102,102,102,4011,42112,20008,102,102,3405,102,22127,46792,102,47125,54296,49328,
28,102,102,102,102,102,102,102,102,102,102,102,102,102,102,102,102,102,102,102,102,102,102,102,102,102,4210,4210,4210,102,102,102,27908,102,102,102,102,102,14723,102,4210,1431,16831,7360,102,102,102,102,14359,102,6476,38511,39321,57865,52758,30810,42144,34226,11873,59829,102,35453,59077,53632,25069,40226,57399,10333,30868,102,23878,16581,102,140,102,102,15141,14442,22396,102,102,
29,102,102,102,102,102,102,102,102,102,102,102,102,102,102,102,102,102,102,102,102,102,102,102,102,102,102,102,102,102,102,102,7308,102,102,102,102,102,102,102,102,14977,102,1950,7206,33800,53574,12783,21778,47491,24735,39552,30778,8014,28286,102,102,28741,27949,58381,102,102,42519,56907,3499,25960,102,56451,19766,20949,102,102,102,102,102,13514,54965,102,13313,40856,7513,
30,102,102,102,102,102,102,102,102,102,102,102,102,102,102,102,2499,102,102,880,102,102,9584,102,102,102,102,102,102,102,102,102,12017,8840,102,18346,102,102,880,102,102,102,47799,24355,46129,29278,102,175,24805,102,39406,36339,7439,18920,1708,102,102,47049,19554,102,102,23210,11996,33254,48345,26835,102,24201,50489,102,48670,102,44311,12104,48388,41351,102,102,102,36812,55866,
31,102,102,102,102,102,102,102,102,102,102,102,102,102,102,102,102,102,102,102,102,102,102,102,102,102,102,102,102,102,102,102,102,102,102,102,102,102,102,102,102,102,102,43902,102,20589,15170,36885,22597,23674,102,13249,46060,49464,44276,56978,49649,48798,102,49409,15096,102,58207,21480,47200,102,49923,41605,102,41466,102,102,102,45200,47166,47824,31173,102,37300,53702,102,
32,102,102,102,102,102,102,102,102,102,102,102,102,102,102,102,102,102,102,102,102,102,102,102,102,102,102,102,102,21740,1980,102,102,102,102,102,1980,6133,102,102,102,48351,4231,102,102,56044,24182,16631,102,13355,102,48655,24074,102,14790,102,102,19641,17211,51038,44020,34997,44543,102,102,102,18870,47238,19840,102,102,102,5428,102,7504,102,46604,23502,102,102,31670,
33,102,102,102,102,102,102,102,102,102,102,102,102,102,7762,102,102,102,102,102,102,102,102,7762,102,102,102,102,102,102,102,102,102,102,102,102,102,102,102,102,556,7372,38098,102,102,102,19980,102,4318,5341,102,57815,49259,46683,37552,57578,58028,6642,102,56209,34754,102,102,44574,102,102,14424,55664,1575,102,29098,8217,57771,102,22987,40431,12278,46669,102,21586,61234,
34,102,102,102,102,102,102,102,102,102,2373,9573,102,102,102,102,102,102,102,102,102,102,8683,102,102,102,2373,8683,102,102,102,102,102,102,102,102,8683,102,102,102,102,60218,47954,102,37137,15358,19632,102,102,55242,102,29979,16799,25891,39795,10098,4916,2273,2850,54036,4722,14051,102,37050,2764,41039,102,102,102,56275,55839,50494,9299,32900,45542,102,21279,54215,28716,33580,24121,
35,102,102,102,102,102,102,102,102,102,3962,102,102,102,102,102,102,102,102,102,102,102,102,102,102,102,102,102,102,102,102,102,102,102,102,102,102,102,102,102,102,102,46208,60090,58150,38202,44884,102,44234,12163,34870,102,46257,53863,43649,54329,5227,102,30237,18664,102,2348,22715,102,102,34755,35801,16224,23499,18546,32281,42264,17144,56540,5436,57912,18899,745,36786,32750,46946,
36,102,102,102,102,102,102,102,102,102,102,102,102,102,102,102,102,102,102,102,102,102,102,102,102,102,102,102,102,102,102,102,102,102,102,102,102,102,102,102,102,102,102,17519,102,49858,10704,27928,102,102,102,102,1243,29763,54105,22024,10327,55179,102,102,40113,41001,102,27486,45284,46283,102,17477,102,21299,102,53788,102,41915,45635,102,22496,34127,102,20320,37665,
37,102,102,102,102,102,102,102,102,102,102,102,102,102,102,102,102,102,102,2523,102,102,102,102,102,102,102,102,102,102,16890,102,102,102,102,102,102,102,102,102,102,39871,2995,102,102,102,102,36228,102,102,102,46054,9281,49298,20772,6600,102,15611,102,102,59806,36292,32509,102,11182,47352,38707,26131,47879,102,102,18333,23291,102,45565,29541,53338,36612,38279,37593,59665,
38,102,102,102,102,102,102,102,102,12027,102,102,12083,102,102,102,102,102,102,22128,102,102,102,11600,102,24126,102,102,102,102,102,102,102,102,102,102,102,13818,22128,102,11600,58289,41855,25963,14940,102,102,23679,102,48595,23691,25415,45705,8808,21073,102,18292,2305,102,17408,46151,102,37477,20098,17413,102,102,102,102,43613,102,21474,39683,102,22244,53040,22254,102,28013,25426,102,
39,102,102,102,102,102,102,102,102,10762,102,102,102,102,102,102,102,102,102,102,102,102,102,102,102,102,102,102,102,102,102,102,102,102,102,102,102,102,102,102,102,33449,102,16024,50397,12126,7184,102,102,102,102,27992,32308,51090,34620,30493,33381,102,55537,24407,23296,102,102,102,102,102,102,32583,102,102,102,41553,42211,102,41413,57099,102,42368,102,57147,26352,
40,102,102,102,102,102,102,102,102,102,102,102,102,102,102,102,102,102,102,102,102,102,102,102,102,102,102,102,102,102,102,102,102,102,102,102,102,102,102,102,102,43390,20953,13247,31952,6172,102,5166,44206,102,22411,33784,53966,7183,54240,20401,17258,47579,25474,102,28113,48887,102,4079,102,102,48971,57367,102,41830,3293,30056,24988,20177,14303,29453,14845,23802,57353,19642,29524,
41,102,102,102,102,102,102,102,102,102,102,102,102,102,102,102,102,102,102,102,102,102,102,102,102,102,102,102,102,102,102,102,9475,102,102,102,102,102,102,102,102,102,2810,102,102,33538,14343,49039,13018,13785,16782,102,25559,37749,44071,44815,13923,58719,37826,22890,53314,11123,102,37116,102,51731,102,9321,24466,29141,102,16050,102,102,102,20863,102,1210,102,58481,30927,
42,102,102,102,102,102,102,102,102,102,102,8500,102,102,102,102,102,102,898,102,102,102,102,102,102,102,1112,21395,21395,898,102,102,102,102,102,102,102,102,19750,102,102,102,102,29634,102,10453,102,18529,1668,46032,31906,7669,35912,9954,102,59129,32387,8149,27591,23088,36767,102,14047,22158,58150,32671,10194,12639,14380,15808,10856,102,8855,10194,21457,32689,19264,27119,12398,102,34923,
43,102,102,102,102,102,102,102,102,102,102,102,102,102,102,102,102,102,102,102,102,102,102,102,102,102,102,102,102,102,102,102,102,102,102,102,102,102,102,102,102,34708,31845,13541,102,659,58053,23426,31995,43435,102,1879,17502,102,102,1040,102,35176,33580,12956,46174,47096,102,56244,1402,39555,10317,6896,56045,5920,102,26541,1266,57823,17786,38406,102,39732,20498,102,47134,
44,102,102,102,102,102,102,102,102,102,102,102,102,102,102,102,102,102,102,102,102,102,102,102,102,102,102,102,102,102,102,102,102,102,102,102,102,102,102,102,102,34659,102,47968,102,56428,41114,45798,46861,43565,102,102,48815,102,25472,36683,57800,29817,42048,12357,102,41682,15093,102,102,35684,56749,102,20427,1130,42961,102,2267,102,50092,102,39289,43094,102,27003,102,
45,102,102,102,102,102,102,102,102,102,102,2827,102,102,102,102,102,877,102,102,102,102,102,102,14075,102,24426,24426,22119,102,102,102,102,11743,102,102,102,102,102,12962,102,40233,102,46149,10843,11713,51152,102,36247,50665,102,44125,11009,2336,35857,21687,15741,14950,19515,102,35360,58000,7518,102,23488,16909,23723,102,102,102,3525,20247,102,56552,102,46894,102,54203,19541,102,43574,
46,102,102,102,102,102,102,102,102,102,102,102,102,102,102,102,102,102,102,102,102,102,102,102,102,102,102,102,102,102,778,102,102,102,102,102,102,102,102,102,102,37829,102,37855,19292,47271,22525,102,102,46404,30468,16800,17426,102,102,48933,20898,54628,102,102,32393,102,28928,16296,17269,13926,102,23121,43702,20873,44719,46469,102,13636,102,102,102,45870,102,20647,102,
47,102,102,102,102,102,102,102,102,102,102,102,102,15025,102,102,102,102,102,102,102,102,102,102,102,102,102,102,102,102,102,3029,102,102,102,102,102,102,102,102,102,40409,102,56782,102,37219,102,663,28601,102,18579,13258,102,20460,102,12580,24083,40286,3791,102,44702,12688,102,102,102,102,44760,52215,22124,57264,58062,27233,21762,102,102,14550,102,102,14675,33340,55505,
48,102,102,102,102,102,102,102,102,102,102,102,102,140,102,102,102,102,102,102,102,102,102,102,102,102,102,102,102,102,102,102,102,102,102,102,102,102,102,102,12483,42620,59615,102,102,14906,2166,42674,39851,57364,102,38231,21591,15386,25972,12775,29994,29434,33823,102,55306,13663,22385,102,102,102,51962,102,20596,102,12639,3125,23830,12952,23977,38694,102,11814,102,11500,5839,
49,102,102,102,102,102,102,102,102,102,102,102,102,102,102,102,102,102,102,102,102,102,102,102,102,102,102,102,102,102,102,102,102,102,102,102,102,102,102,102,102,50499,40771,50939,102,102,32735,53982,39354,102,2095,102,102,52840,102,45680,102,102,36394,27907,102,58634,102,102,102,494,102,34283,36437,32666,102,57012,102,38978,102,102,102,102,47076,48200,102,
50,102,102,102,102,102,102,102,102,102,102,102,102,102,3157,102,102,102,102,102,14949,102,102,102,102,102,102,102,102,102,12021,102,102,102,102,102,102,102,102,102,102,102,45720,10525,43090,14164,39843,19534,19864,207,102,102,56177,102,102,27015,1459,58984,24609,12344,31559,55167,7563,27186,9541,102,47578,102,38682,102,16250,51213,102,102,102,26332,102,102,102,55547,102,
51,102,102,102,102,102,102,102,102,102,102,102,102,102,102,102,102,102,13012,102,102,102,3973,102,2380,102,102,16214,102,102,102,102,102,102,102,102,102,102,102,14993,15795,31239,28316,41784,102,49374,45382,28525,4536,11633,56061,38467,10362,102,102,102,38353,102,102,15714,102,46056,102,46406,59545,3543,31512,41211,2863,16779,14312,49224,102,35114,17658,45739,25026,102,102,23527,102,
52,102,102,102,102,102,102,102,102,102,102,102,102,102,102,102,102,102,102,102,102,102,102,102,102,102,102,102,102,102,102,102,102,102,102,102,102,102,102,102,102,15915,44465,12104,57675,49026,26892,102,28443,30362,23920,54696,58106,102,102,50455,102,35635,4161,46912,102,102,54785,55288,52896,45961,39775,30787,102,13266,49166,12354,42238,102,102,9520,46350,33918,102,28595,31251,
53,102,102,102,102,102,102,102,102,102,102,11688,102,102,102,102,11688,102,102,102,5873,23002,102,102,102,102,102,102,102,102,102,18142,102,102,102,102,6947,23002,866,18142,102,519,102,11513,39405,102,34160,47825,14880,47913,16428,37328,102,102,15047,102,20497,10776,33157,55998,24237,15273,57187,102,60426,49718,1073,45475,102,12435,40747,30751,18516,33453,13931,13939,102,7490,35242,47154,102,
54,102,102,102,102,102,102,102,102,102,102,102,102,102,102,102,102,102,102,102,102,102,102,102,102,102,102,102,102,102,102,102,102,102,102,102,102,102,102,102,102,102,20069,41072,26495,102,32032,12790,36740,23911,27393,102,15644,30886,17063,6087,33132,28313,102,102,26672,21191,102,14101,102,16542,42941,26753,33883,10503,16967,12632,5800,47852,24297,17484,102,16781,17185,22081,102,
55,102,102,102,102,102,102,102,102,102,102,102,102,102,102,102,102,102,102,102,102,102,102,102,102,102,102,102,102,102,102,102,102,102,102,102,102,102,102,102,102,102,10907,102,102,40713,102,23041,49499,20059,37951,43699,47085,30222,30359,44400,14849,102,47091,36810,102,56586,13512,8792,102,52241,20529,102,44299,102,7533,102,42537,42775,6571,59527,5791,50507,102,42233,102,
56,102,102,102,102,102,102,102,102,102,102,5368,102,102,6958,102,102,102,8540,102,13200,102,102,102,102,4219,102,102,14109,102,102,102,19528,13806,19528,102,102,13806,5100,102,102,1612,53646,28790,47035,3549,55944,45287,33912,11265,102,28632,44294,57922,102,47986,17857,48972,12467,42207,33515,56704,59613,102,36773,102,102,28197,102,33800,6168,102,49349,265,11025,6462,15655,102,46978,45451,16731,
57,102,102,102,102,102,102,102,102,102,102,102,102,102,102,102,102,102,102,102,102,11057,25729,5967,102,102,102,102,102,102,102,102,102,102,102,1621,102,102,102,102,102,45325,34892,102,102,57784,102,37830,9941,21469,40616,102,53502,42724,3527,102,5189,102,102,102,46120,102,50197,10393,18736,23433,52072,2713,102,50477,42238,35427,38972,102,27046,102,102,102,23837,16084,11435,
58,102,102,102,102,102,102,102,102,102,102,102,3927,102,102,102,102,102,102,102,102,102,102,102,102,102,2251,10888,102,102,1264,102,102,102,102,102,102,102,102,102,102,102,102,57897,102,13551,46601,41409,102,886,37731,39809,102,102,102,4237,22445,102,32069,11551,102,6163,102,46905,102,102,56139,16540,24343,37322,102,22538,43353,20175,2160,31536,102,51864,102,16680,45683,
59,102,102,102,102,102,102,102,102,102,102,102,9246,102,102,19199,102,102,102,102,102,102,102,3021,10946,102,102,7366,102,7555,102,102,102,102,7366,102,102,102,102,102,102,55306,102,40274,102,102,102,19273,102,43327,102,24682,44761,14086,13525,7460,55617,29666,18911,102,102,14462,47640,35460,55568,6286,27697,56351,42134,102,102,52597,10134,8805,102,6705,25354,27947,102,28438,25090,
60,102,102,102,102,102,102,102,102,102,102,102,102,102,102,102,102,102,4014,102,102,102,102,102,102,102,102,102,102,102,102,102,102,102,102,102,102,102,102,102,102,102,48430,38381,36562,102,102,21683,1229,39195,102,37724,48563,102,27371,25823,35823,102,6452,102,102,16937,47261,55001,102,578,102,26398,43004,5422,102,102,102,6803,102,18675,35036,31257,52391,102,102,
61,102,102,102,102,102,102,102,102,102,17767,102,102,102,8815,102,102,102,102,102,102,102,102,102,102,102,102,102,102,102,102,102,102,102,102,102,102,102,102,102,102,102,31088,51341,102,48850,41156,53176,39152,102,102,28802,16296,13980,102,102,12404,8714,16869,16969,33691,54822,58148,42326,48683,102,102,36112,16364,102,102,4318,27753,18423,48348,11038,39455,102,102,52676,15065,
62,102,102,102,102,102,102,102,102,102,102,102,102,102,102,102,102,102,23406,102,102,102,4941,23406,102,102,102,102,102,102,7375,102,102,102,102,19591,102,23406,102,102,102,18393,102,102,22192,24894,46942,32621,10262,102,42478,102,26741,102,1626,7639,38764,26336,23868,32439,53753,3678,34156,47162,102,102,10339,1812,102,19775,102,35516,1180,421,1839,102,59038,40369,102,102,34194,
63,102,102,102,102,102,102,102,102,102,969,102,102,969,102,102,102,102,102,102,102,102,102,102,102,102,102,102,102,102,102,102,102,102,102,102,102,102,102,102,102,4799,33973,102,102,102,23882,102,41725,8857,37988,102,102,7610,22810,53893,3265,102,19944,21766,20080,32161,102,41606,1367,40138,32291,102,102,102,102,37115,102,53982,20295,39292,27558,102,43086,102,102,
64,102,102,102,102,102,102,102,102,102,102,102,102,102,102,102,102,102,102,102,102,102,102,102,102,1269,102,102,102,102,102,102,102,102,102,102,102,102,102,5309,102,34397,18937,102,18106,102,27437,37740,102,102,102,56880,102,102,20634,102,102,42319,102,35476,10127,26585,102,10835,45181,102,7013,48503,102,25384,57458,3815,43443,58927,12388,102,19268,34683,46909,10729,49057,
65,102,102,102,102,102,102,102,102,102,102,102,102,102,102,102,102,102,21137,102,102,102,102,102,102,102,102,102,102,102,102,102,102,102,102,102,102,102,102,102,20898,51916,14936,44178,102,50981,47936,6280,102,25411,55501,39077,46921,102,9466,47567,102,46089,42181,53209,51356,102,19645,20345,102,30721,102,9196,1270,25464,31020,58225,102,48416,36264,29716,57637,102,102,8641,14395,
66,102,102,102,102,102,102,102,102,102,102,102,102,102,102,102,102,102,102,102,102,102,102,102,14419,102,102,102,102,102,102,102,102,102,102,102,102,102,102,102,102,50775,46826,1140,102,57883,102,102,35894,19735,40428,102,102,35988,102,14948,45984,18852,45222,102,102,102,44778,2831,47113,16126,11110,43576,39006,47324,42928,29548,44541,102,2161,51720,55451,47997,46490,44515,102,
67,102,102,102,102,102,102,102,102,102,102,102,102,1625,102,102,19651,102,102,102,102,102,102,102,102,102,102,102,102,102,102,102,102,102,102,102,102,102,102,102,102,10403,102,44084,46675,7624,102,40394,13256,52419,51517,33772,102,3228,47406,36298,1573,11882,102,16148,15508,13194,13803,33490,102,41722,102,56109,102,14752,48085,48818,39352,34752,1125,23855,102,102,12799,102,51756,
68,102,102,102,102,102,102,102,102,102,102,102,102,102,102,102,102,102,102,102,102,102,102,102,102,102,102,102,102,102,102,14627,102,102,102,102,102,102,102,102,102,102,102,14954,102,102,59328,46526,13789,102,50421,102,19850,102,15411,39340,56827,47758,24119,32153,36702,102,102,102,102,53665,48251,49857,18241,21627,102,3720,12491,13899,45149,22681,54120,102,32850,3072,102,
69,102,102,102,102,102,102,102,102,102,102,102,102,102,102,102,102,102,102,102,102,102,102,102,102,102,14072,102,102,102,50421,102,22362,102,102,8419,102,102,102,102,102,42573,102,18777,271,102,22279,102,102,102,11186,12739,19311,102,102,7075,31320,41031,20259,36348,22204,5083,2898,12596,102,56883,102,16719,13148,102,27381,37215,102,102,102,4927,55442,20929,102,56383,1259,
70,102,102,102,102,102,102,102,102,102,17727,839,102,102,102,102,102,102,102,102,102,14120,102,102,102,6509,4837,102,102,102,102,102,102,102,11416,102,102,102,102,5534,4971,18957,32128,57018,11853,102,940,27410,32897,3965,6698,54811,102,30719,102,34680,19098,102,18908,21925,50616,102,102,2807,102,13096,54180,56723,37493,17247,102,102,102,102,40007,49011,2337,102,102,39303,102,
71,102,102,102,102,102,102,102,102,102,102,102,102,102,102,102,102,102,102,102,102,102,102,102,102,102,102,102,102,102,102,102,102,102,102,102,102,102,102,102,102,12992,102,42559,48891,102,17776,32033,56196,25902,37917,34389,102,19900,102,102,45406,102,25840,57984,56808,10410,6495,102,102,26792,37442,14337,102,102,19783,42824,102,20499,9535,48922,32363,33393,102,44563,102,
72,102,102,102,102,102,102,102,102,102,102,7609,102,102,102,16087,102,102,102,102,102,102,102,102,102,9273,102,102,16015,102,102,7609,3721,102,102,102,102,102,102,102,102,25255,102,45779,6527,46567,20941,102,49265,102,45132,102,24866,23933,47457,102,12855,102,30123,102,17977,34070,3651,14135,102,102,35810,6095,102,47949,102,15471,41000,49844,15100,102,37732,5883,102,102,102,
73,102,102,102,102,102,102,102,102,102,102,102,102,102,102,102,102,102,102,102,102,102,102,102,102,102,102,102,102,102,102,102,102,102,102,102,102,102,102,102,102,26716,26143,102,18782,43142,102,50669,47556,25909,8597,24992,102,16131,102,49639,51522,45336,58884,36454,31267,26426,102,41656,42304,11371,26403,102,102,102,45085,102,45480,47318,102,102,34171,19690,102,13079,102,
74,102,102,102,102,102,102,102,102,102,19855,102,102,102,102,102,102,102,102,102,102,102,102,102,102,102,102,102,12290,102,102,102,6736,102,102,102,102,102,102,102,12290,32054,21160,49688,1424,30994,102,44301,102,57582,37353,49400,102,54549,33959,57366,49350,41379,54558,35829,31774,102,102,5403,102,34533,102,18431,102,57326,102,27741,21827,6601,8272,32662,43967,27135,35393,102,102,
75,102,102,102,102,102,102,102,102,102,102,102,102,102,102,102,102,102,102,102,102,102,102,102,102,102,102,102,102,102,102,102,102,102,102,11375,102,102,102,102,102,17710,13490,14460,5352,35215,102,59804,40563,11448,12806,102,11408,102,48426,102,102,12840,102,46126,2767,6623,50663,48575,38391,57043,102,49029,46509,102,29612,102,46581,102,55118,24918,45894,28899,44829,16081,48454,
76,102,102,102,102,102,102,102,102,102,102,102,102,102,102,102,102,102,102,102,102,102,102,102,102,102,102,102,102,102,102,102,102,102,102,102,102,102,102,102,102,102,102,46589,15489,48164,15315,102,6090,34566,11232,102,102,53079,52426,37944,54613,102,59676,102,102,102,18260,49259,27115,54499,102,102,36647,102,102,102,46073,102,8737,57874,5901,102,102,3522,42408,
77,102,102,102,102,102,102,102,102,102,102,102,102,102,102,102,102,102,102,17044,102,102,102,102,102,102,102,102,7510,102,18029,102,102,102,102,102,3127,102,102,2612,14884,102,47697,16061,10328,102,44654,102,49289,19883,6397,102,27869,41901,37688,102,102,12302,13249,4998,10753,55682,102,102,18721,102,102,8906,18541,102,37122,33750,30146,102,28600,1314,102,46227,13213,27897,56623,
78,102,102,102,102,102,102,102,102,102,102,102,102,102,102,102,9202,102,102,102,102,102,102,102,102,102,102,102,102,102,102,102,102,102,102,102,102,102,102,102,102,37448,45807,102,102,102,35582,60317,32282,38520,16350,55632,15862,102,48635,12383,31859,38288,102,47451,15268,25124,102,31992,102,46884,23508,54552,102,38233,102,32940,48194,43575,102,48923,12861,45158,29137,47557,42907,
79,102,102,102,102,102,102,102,102,102,102,102,102,102,102,102,102,102,102,102,102,102,102,102,102,102,102,102,102,102,102,102,102,102,102,102,102,102,102,102,102,8532,36745,20331,48016,102,3549,48118,102,102,45761,102,102,102,35045,52978,23431,12410,45166,102,53457,29082,16227,25121,10517,35472,14589,12128,30889,20100,102,42438,59147,36102,34926,30065,102,102,40798,28344,21291,
80,102,102,102,102,102,102,102,102,102,102,102,102,102,102,102,102,1563,102,102,102,102,102,102,102,102,102,102,102,3204,5760,102,102,102,15407,102,102,102,102,102,102,40219,6461,39962,47854,53635,102,25090,102,102,102,102,102,45098,16295,12746,8973,28440,102,102,10472,53109,45396,43735,38976,3193,47557,34416,46664,10024,3315,39517,102,48762,102,17034,26109,102,102,37883,47616,
81,102,102,102,102,102,102,102,102,102,102,102,102,102,102,102,102,102,102,102,102,102,102,102,102,102,102,102,102,102,102,102,102,102,102,102,102,102,102,102,102,57229,42776,10912,46943,35897,102,46122,43701,50462,52294,22113,43930,102,23501,51633,31072,37556,31624,102,50099,7103,102,102,49194,102,102,41752,11846,23470,102,21008,102,18618,18628,102,40539,102,45641,102,102,
82,102,102,102,102,102,102,102,102,102,102,102,102,102,102,102,102,102,102,102,102,102,102,102,102,102,102,102,102,102,102,102,102,102,102,102,102,102,102,102,102,102,46873,102,39890,10449,59698,1351,102,102,40997,47956,55958,45752,102,44839,46828,19309,21480,38900,102,17930,23404,47751,102,48515,6465,44799,102,102,13435,50449,31595,18781,16361,102,17369,102,36651,102,15923,
83,102,102,102,102,102,102,102,102,102,102,102,3969,102,102,102,102,102,102,102,102,102,751,3969,751,102,102,102,102,3969,102,102,102,102,3969,102,102,13315,102,21480,102,32856,7634,599,24418,11550,50575,16869,102,6316,46858,6892,49767,102,25149,12264,102,41183,30157,49939,102,55820,45918,1491,39755,39615,37676,53900,102,102,49798,48831,10798,45718,102,2710,26722,31309,102,43260,19763,
84,102,102,102,102,102,102,102,102,102,102,102,102,102,102,102,102,102,102,102,102,102,102,102,102,102,5068,102,102,102,102,102,102,102,102,102,102,102,102,102,102,49800,51173,26987,52239,24578,32367,16269,26771,30523,102,40315,102,18828,19158,3716,25617,28580,36709,102,8506,46359,28563,42709,55846,58791,52323,28055,102,3362,102,8076,12303,102,2253,102,33688,102,47766,559,37546,
85,102,102,102,102,102,102,102,102,102,102,102,102,102,102,102,102,102,102,102,102,102,102,102,102,102,102,102,102,102,102,102,102,102,102,102,102,102,102,102,102,22050,102,102,42093,102,6496,102,102,102,52581,102,102,47975,43980,46872,102,9345,102,22795,9017,102,43407,102,54172,102,37475,15661,56709,48029,102,102,32063,46262,102,13275,44654,102,19373,21708,2699,
86,102,102,102,102,102,102,102,102,18612,28025,102,102,102,102,102,102,102,102,102,102,28025,102,102,102,102,102,102,102,102,102,102,102,102,102,102,102,102,102,102,102,44268,102,58395,21621,49550,10153,18479,102,38209,102,40004,102,102,48436,42426,39826,51646,102,102,42520,37287,32335,58286,42965,102,102,24737,17506,102,17491,102,102,29110,42919,102,102,102,102,102,102,
87,102,102,102,102,102,102,102,102,102,102,102,102,102,14606,17252,102,2126,102,102,102,102,102,102,102,102,102,102,102,102,102,102,2126,17252,102,102,102,102,102,102,102,45112,47455,16344,15973,32754,11017,102,50180,12380,46454,30515,17004,102,17004,102,102,36563,31991,102,22696,55154,47899,26372,44626,48597,58906,39100,102,19323,6765,25012,7017,102,30657,10460,102,48024,102,40605,2879,
88,102,102,102,102,102,102,102,102,102,102,102,102,102,102,102,102,102,102,102,102,102,102,102,102,102,102,102,102,102,102,102,102,102,102,102,102,102,102,102,102,46393,35256,20580,11749,11501,48197,253,21611,14713,36856,1670,102,55490,42257,102,3033,47110,14119,14378,102,102,15142,102,102,102,55484,15788,46519,102,588,23056,102,102,49866,39831,42549,5476,53896,102,40506,
89,102,102,102,102,102,102,102,102,102,102,13223,102,11335,102,102,102,102,102,102,102,102,102,102,102,102,102,102,1223,102,102,102,102,102,102,102,102,102,102,102,102,15913,102,3475,33048,35635,42227,20600,52578,44713,58108,13817,59413,102,27460,92,102,48955,1366,1332,6268,34860,59379,7334,102,102,1747,10495,38849,8470,26159,43496,26422,102,102,102,44211,102,36319,2156,102,
90,92,102,102,102,102,102,102,102,102,102,102,102,102,102,102,102,102,102,102,102,102,102,102,102,102,102,102,102,102,102,102,102,102,102,102,102,102,102,102,102,26088,102,102,40805,19607,22726,102,54636,29360,17268,102,43850,46950,48778,102,102,15227,102,13932,41596,3259,102,102,53340,102,49866,36290,102,24021,19674,56222,20401,13400,49747,22394,3838,10214,46197,21388,55078,
91,92,102,102,102,102,102,102,102,102,3039,102,102,102,102,102,102,102,102,102,102,102,102,102,102,102,102,102,102,102,102,102,102,102,92,102,102,102,102,102,102,102,57758,20310,33940,102,34060,14990,56515,102,42830,15353,102,3518,54031,26237,14700,35906,102,39657,102,8875,32493,17140,102,15927,53463,40265,102,47046,27982,35281,102,55503,11211,102,17823,10270,102,102,37828,
92,92,92,102,102,102,102,102,102,102,92,102,102,102,102,102,102,102,102,102,102,92,23161,102,102,12412,102,3457,102,102,92,102,102,102,102,102,102,102,102,102,102,102,45606,31452,92,1064,32602,57962,102,52621,1728,102,16042,58058,6043,102,51225,1703,15301,8028,13230,9342,55996,35884,44948,46103,20542,37313,102,48985,4699,4899,102,102,15871,23034,102,12514,102,37829,47101,
93,92,92,92,92,92,92,102,102,92,92,102,92,102,102,102,102,92,102,92,102,102,92,102,92,102,102,102,102,102,102,102,92,102,102,102,102,92,102,102,92,102,40338,57817,19572,102,40408,28815,102,53461,42304,102,52826,102,102,26917,102,26312,25821,39652,34397,42956,56618,44808,5165,102,102,57442,102,42644,12436,51813,51533,102,55278,102,3641,92,47451,32380,11963,
94,92,92,92,92,92,92,92,92,102,92,102,92,92,92,102,92,92,92,92,92,16647,92,102,92,92,92,102,92,92,92,21620,92,92,92,10388,92,92,92,102,92,18032,102,5725,55540,40083,53462,50864,7490,27534,38542,17261,13074,92,4194,8508,47902,58966,92,92,12999,102,92,92,48831,6598,36411,92,36066,92,47770,9326,10766,35655,30199,629,92,44818,13248,92,92,
95,92,92,92,92,92,92,92,92,92,92,92,92,92,92,92,92,92,92,92,92,92,92,92,92,92,92,92,92,92,92,92,92,92,92,92,92,92,92,92,92,20621,19932,35946,48438,44824,14382,92,92,92,92,28442,38739,28674,11442,92,92,31111,92,57625,16144,29085,92,23576,92,22268,29327,56462,92,48819,58423,16407,44041,56972,92,47954,92,42075,92,19155,58637,
96,92,92,92,92,92,92,92,92,92,92,92,92,92,92,21422,92,92,92,92,92,92,3475,92,92,92,92,92,92,11066,92,92,92,92,92,92,92,92,92,92,92,53054,5227,15922,92,92,92,15172,58648,22036,49904,92,22644,3653,22201,17321,92,16713,6348,92,92,92,92,50595,92,92,10061,14974,92,43332,43238,52969,1427,13803,43092,92,17957,92,12734,36458,674,
97,92,92,92,92,92,92,92,92,92,92,15893,92,92,92,92,92,92,92,7681,92,92,6264,24493,92,92,15893,92,26569,6264,92,7681,7681,92,92,92,92,92,92,92,92,37506,28951,92,34144,11338,92,38448,37716,20341,47735,92,92,37901,11285,35201,18164,41136,25739,38396,30168,38211,18883,30962,3401,25673,16184,28132,59557,92,3385,92,92,92,49890,52694,92,3983,49072,9231,24836,
98,92,92,92,92,92,92,92,92,92,92,92,92,92,92,92,92,92,92,92,92,92,92,92,92,92,92,92,92,92,10830,92,92,92,92,92,92,92,92,92,92,92,18239,15162,92,92,23373,57327,45620,15605,13040,25839,43985,92,12292,92,27737,49486,40186,33320,8694,23660,26759,24120,92,23502,92,92,40822,61222,47365,6460,54228,6608,42941,13530,48600,17586,92,92,92,
99,92,92,92,92,92,92,92,92,13459,92,92,15275,92,92,92,6782,3058,92,92,92,13507,5347,92,92,5347,92,92,92,92,92,92,92,92,92,92,11329,92,92,4100,92,21068,92,45133,92,21113,39304,92,92,4212,34196,52717,6368,37548,92,30679,52372,54040,7724,92,33660,47837,92,26193,48387,25304,2806,41262,13402,35954,92,54385,10257,92,50476,92,22917,14221,49345,8530,25740,
100,92,92,92,92,92,92,92,92,92,92,92,92,92,92,92,92,92,92,92,92,92,92,92,92,92,92,92,92,92,92,92,92,92,92,92,92,92,92,92,92,9755,92,11140,58718,92,44040,17757,92,92,33269,92,92,92,20134,92,56587,92,56363,92,22266,37046,13406,92,42634,92,92,41039,54851,14757,92,32281,48397,92,92,14227,92,1921,12737,837,92,
