1,27212,15219,20013,1988,28644,15611,5752,8045,23377,9181,24192,24620,15878,51392,7012,45502,30852,1726,34502,31921,21291,192,36463,35304,29301,40132,43092,38737,4928,7844,47062,16520,10782,14647,6478,29468,13556,7239,2981,35219,43632,41801,33723,33696,10779,13714,17399,18259,20468,39547,37579,40905,7510,30175,14407,23274,8457,16105,41038,11572,6610,12856,31316,35445,1255,31394,4134,9415,42190,42928,39551,3632,16637,3692,48185,44021,31201,13330,32933,762,
2,27212,15219,20013,1988,28644,15611,5752,8045,23377,9181,24192,24620,15878,51392,7012,45502,30852,1726,34502,31921,21291,192,36463,35304,29301,40132,43092,38737,4928,7844,47062,16520,10782,14647,6478,29468,13556,7239,2981,35219,43632,41801,33723,33696,10779,13714,17399,18259,20468,39547,37579,40905,7510,30175,14407,23274,8457,16105,41038,11572,6610,12856,31316,35445,1255,31394,4134,9415,42190,42928,39551,3632,20553,18264,4474,21628,3825,1752,2887,17310,
3,27212,15219,20013,1988,28644,15611,5752,8045,23377,9181,24192,24620,15878,51392,7012,45502,30852,1726,34502,31921,21291,192,36463,35304,29301,40132,43092,38737,4928,7844,47062,16520,10782,14647,6478,29468,13556,7239,2981,35219,43632,41801,33723,33696,10779,13714,17399,18259,20468,39547,37579,40905,7510,30175,14407,23274,8457,16105,41038,11572,6610,12856,31316,35445,1255,31394,4134,9415,42190,42928,39551,3632,13555,10229,10090,10513,7866,10925,28698,2201,
4,27212,15219,20013,1988,28644,15611,5752,8045,23377,9181,24192,24620,15878,51392,7012,45502,30852,1726,34502,31921,21291,192,36463,35304,29301,40132,43092,38737,4928,7844,47062,16520,10782,14647,6478,29468,13556,7239,2981,35219,43632,41801,33723,33696,10779,13714,17399,18259,20468,39547,37579,40905,7510,30175,14407,23274,8457,16105,41038,11572,6610,12856,31316,35445,1255,31394,4134,9415,42190,42928,39551,3632,12780,44598,40184,23066,18370,20357,18154,4729,
5,27212,15219,20013,1988,28644,15611,5752,8045,23377,9181,24192,24620,15878,51392,7012,45502,30852,1726,34502,31921,21291,192,36463,35304,29301,40132,43092,38737,4928,7844,47062,16520,10782,14647,6478,29468,13556,7239,2981,35219,43632,41801,33723,33696,10779,13714,17399,18259,20468,39547,37579,40905,7510,30175,14407,23274,8457,16105,41038,11572,6610,12856,31316,35445,1255,31394,4134,9415,42190,42928,39551,3632,14499,4078,11467,11421,7054,5076,6436,10095,
6,27212,15219,20013,1988,28644,15611,5752,8045,23377,9181,24192,24620,15878,51392,7012,45502,30852,1726,34502,31921,21291,192,36463,35304,29301,40132,43092,38737,4928,7844,47062,16520,10782,14647,6478,29468,13556,7239,2981,35219,43632,41801,33723,33696,10779,13714,17399,18259,20468,39547,37579,40905,7510,30175,14407,23274,8457,16105,41038,11572,6610,12856,31316,35445,1255,31394,4134,9415,42190,42928,39551,3632,42758,33376,626,24167,24442,10807,9161,6160,
7,27212,15219,20013,1988,28644,15611,5752,8045,23377,9181,24192,24620,15878,51392,7012,45502,30852,1726,34502,31921,21291,192,36463,35304,29301,40132,43092,38737,4928,7844,47062,16520,10782,14647,6478,29468,13556,7239,2981,35219,43632,41801,33723,33696,10779,13714,17399,18259,20468,39547,37579,40905,7510,30175,14407,23274,8457,16105,41038,11572,6610,12856,31316,35445,1255,31394,4134,9415,42190,42928,39551,3632,3332,5813,1069,1038,2105,29334,20804,13527,
8,27212,15219,20013,1988,28644,15611,5752,8045,23377,9181,24192,24620,15878,51392,7012,45502,30852,1726,34502,31921,21291,192,36463,35304,29301,40132,43092,38737,4928,7844,47062,16520,10782,14647,6478,29468,13556,7239,2981,35219,43632,41801,33723,33696,10779,13714,17399,18259,20468,39547,37579,40905,7510,30175,14407,23274,8457,16105,41038,11572,6610,12856,31316,35445,1255,31394,4134,9415,42190,42928,39551,3632,3008,12357,17911,9767,13562,4360,30022,37837,
9,27212,15219,20013,1988,28644,15611,5752,8045,23377,9181,24192,24620,15878,51392,7012,45502,30852,1726,34502,31921,21291,192,36463,35304,29301,40132,43092,38737,4928,7844,47062,16520,10782,14647,6478,29468,13556,7239,2981,35219,43632,41801,33723,33696,10779,13714,17399,18259,20468,39547,37579,40905,7510,30175,14407,23274,8457,16105,41038,11572,6610,12856,31316,35445,1255,31394,4134,9415,42190,42928,39551,3632,18041,3644,7923,13349,8611,2925,2995,22897,
10,27212,15219,20013,1988,28644,15611,5752,8045,23377,9181,24192,24620,15878,51392,7012,45502,30852,1726,34502,31921,21291,192,36463,35304,29301,40132,43092,38737,4928,7844,47062,16520,10782,14647,6478,29468,13556,7239,2981,35219,43632,41801,33723,33696,10779,13714,17399,18259,20468,39547,37579,40905,7510,30175,14407,23274,8457,16105,41038,11572,6610,12856,31316,35445,1255,31394,4134,9415,42190,42928,39551,3632,7574,11037,11866,1654,11458,33911,16179,7251,
11,27212,15219,20013,1988,28644,15611,5752,8045,23377,9181,24192,24620,15878,51392,7012,45502,30852,1726,34502,31921,21291,192,36463,35304,29301,40132,43092,38737,4928,7844,47062,16520,10782,14647,6478,29468,13556,7239,2981,35219,43632,41801,33723,33696,10779,13714,17399,18259,20468,39547,37579,40905,7510,30175,14407,23274,8457,16105,41038,11572,6610,12856,31316,35445,1255,31394,4134,9415,42190,42928,39551,3632,1436,19082,9391,21456,11071,17558,7651,7289,
12,27212,15219,20013,1988,28644,15611,5752,8045,23377,9181,24192,24620,15878,51392,7012,45502,30852,1726,34502,31921,21291,192,36463,35304,29301,40132,43092,38737,4928,7844,47062,16520,10782,14647,6478,29468,13556,7239,2981,35219,43632,41801,33723,33696,10779,13714,17399,18259,20468,39547,37579,40905,7510,30175,14407,23274,8457,16105,41038,11572,6610,12856,31316,35445,1255,31394,4134,9415,42190,42928,39551,3632,11996,16668,16258,13634,15993,7530,3076,38830,
13,27212,15219,20013,1988,28644,15611,5752,8045,23377,9181,24192,24620,15878,51392,7012,45502,30852,1726,34502,31921,21291,192,36463,35304,29301,40132,43092,38737,4928,7844,47062,16520,10782,14647,6478,29468,13556,7239,2981,35219,43632,41801,33723,33696,10779,13714,17399,18259,20468,39547,37579,40905,7510,30175,14407,23274,8457,16105,41038,11572,6610,12856,31316,35445,1255,31394,4134,9415,42190,42928,39551,3632,35313,10510,23632,4866,6883,2570,5831,2301,
14,27212,15219,20013,1988,28644,15611,5752,8045,23377,9181,24192,24620,15878,51392,7012,45502,30852,1726,34502,31921,21291,192,36463,35304,29301,40132,43092,38737,4928,7844,47062,16520,10782,14647,6478,29468,13556,7239,2981,35219,43632,41801,33723,33696,10779,13714,17399,18259,20468,39547,37579,40905,7510,30175,14407,23274,8457,16105,41038,11572,6610,12856,31316,35445,1255,31394,4134,9415,42190,42928,39551,3632,17660,3857,1453,7957,5810,39384,8233,3417,
15,27212,15219,20013,1988,28644,15611,5752,8045,23377,9181,24192,24620,15878,51392,7012,45502,30852,1726,34502,31921,21291,192,36463,35304,29301,40132,43092,38737,4928,7844,47062,16520,10782,14647,6478,29468,13556,7239,2981,35219,43632,41801,33723,33696,10779,13714,17399,18259,20468,39547,37579,40905,7510,30175,14407,23274,8457,16105,41038,11572,6610,12856,31316,35445,1255,31394,4134,9415,42190,42928,39551,3632,16480,37249,1013,1856,11098,42303,14575,29860,
16,27212,15219,20013,1988,28644,15611,5752,8045,23377,9181,24192,24620,15878,51392,7012,45502,30852,1726,34502,31921,21291,192,36463,35304,29301,40132,43092,38737,4928,7844,47062,16520,10782,14647,6478,29468,13556,7239,2981,35219,43632,41801,33723,33696,10779,13714,17399,18259,20468,39547,37579,40905,7510,30175,14407,23274,8457,16105,41038,11572,6610,12856,31316,35445,1255,31394,4134,9415,42190,42928,39551,3632,5400,2248,1013,16951,35460,32329,23054,11437,
17,27212,15219,20013,1988,28644,15611,5752,8045,23377,9181,24192,24620,15878,51392,7012,45502,30852,1726,34502,31921,21291,192,36463,35304,29301,40132,43092,38737,4928,7844,47062,16520,10782,14647,6478,29468,13556,7239,2981,35219,43632,41801,33723,33696,10779,13714,17399,18259,20468,39547,37579,40905,7510,30175,14407,23274,8457,16105,41038,11572,6610,12856,31316,35445,1255,31394,4134,9415,42190,42928,39551,3632,2764,7768,14464,4423,10257,18441,1577,27866,
18,27212,15219,20013,1988,28644,15611,5752,8045,23377,9181,24192,24620,15878,51392,7012,45502,30852,1726,34502,31921,21291,192,36463,35304,29301,40132,43092,38737,4928,7844,47062,16520,10782,14647,6478,29468,13556,7239,2981,35219,43632,41801,33723,33696,10779,13714,17399,18259,20468,39547,37579,40905,7510,30175,14407,23274,8457,16105,41038,11572,6610,12856,31316,35445,1255,31394,4134,9415,42190,42928,39551,3632,7642,11483,8377,26274,43760,11747,18663,3704,
19,27212,15219,20013,1988,28644,15611,5752,8045,23377,9181,24192,24620,15878,51392,7012,45502,30852,1726,34502,31921,21291,192,36463,35304,29301,40132,43092,38737,4928,7844,47062,16520,10782,14647,6478,29468,13556,7239,2981,35219,43632,41801,33723,33696,10779,13714,17399,18259,20468,39547,37579,40905,7510,30175,14407,23274,8457,16105,41038,11572,6610,12856,31316,35445,1255,31394,4134,9415,42190,42928,39551,3632,5182,21404,8617,961,34386,9096,13158,18466,
20,27212,15219,20013,1988,28644,15611,5752,8045,23377,9181,24192,24620,15878,51392,7012,45502,30852,1726,34502,31921,21291,192,36463,35304,29301,40132,43092,38737,4928,7844,47062,16520,10782,14647,6478,29468,13556,7239,2981,35219,43632,41801,33723,33696,10779,13714,17399,18259,20468,39547,37579,40905,7510,30175,14407,23274,8457,16105,41038,11572,6610,12856,31316,35445,1255,31394,4134,9415,42190,42928,39551,3632,32384,8583,10066,13607,14878,21834,1805,45142,
21,27212,15219,20013,1988,28644,15611,5752,8045,23377,9181,24192,24620,15878,51392,7012,45502,30852,1726,34502,31921,21291,192,36463,35304,29301,40132,43092,38737,4928,7844,47062,16520,10782,14647,6478,29468,13556,7239,2981,35219,43632,41801,33723,33696,10779,13714,17399,18259,20468,39547,37579,40905,7510,30175,14407,23274,8457,16105,41038,11572,6610,12856,31316,35445,1255,31394,4134,9415,42190,42928,39551,3632,7143,17350,25403,5769,12804,11888,11153,8494,
22,27212,15219,20013,1988,28644,15611,5752,8045,23377,9181,24192,24620,15878,51392,7012,45502,30852,1726,34502,31921,21291,192,36463,35304,29301,40132,43092,38737,4928,7844,47062,16520,10782,14647,6478,29468,13556,7239,2981,35219,43632,41801,33723,33696,10779,13714,17399,18259,20468,39547,37579,40905,7510,30175,14407,23274,8457,16105,41038,11572,6610,12856,31316,35445,1255,31394,4134,9415,42190,42928,39551,3632,10209,10095,1060,14821,11903,22353,8713,11159,
23,27212,15219,20013,1988,28644,15611,5752,8045,23377,9181,24192,24620,15878,51392,7012,45502,30852,1726,34502,31921,21291,192,36463,35304,29301,40132,43092,38737,4928,7844,47062,16520,10782,14647,6478,29468,13556,7239,2981,35219,43632,41801,33723,33696,10779,13714,17399,18259,20468,39547,37579,40905,7510,30175,14407,23274,8457,16105,41038,11572,6610,12856,31316,35445,1255,31394,4134,9415,42190,42928,39551,3632,34210,22889,3126,5270,1827,1698,33295,12041,
24,27212,15219,20013,1988,28644,15611,5752,8045,23377,9181,24192,24620,15878,51392,7012,45502,30852,1726,34502,31921,21291,192,36463,35304,29301,40132,43092,38737,4928,7844,47062,16520,10782,14647,6478,29468,13556,7239,2981,35219,43632,41801,33723,33696,10779,13714,17399,18259,20468,39547,37579,40905,7510,30175,14407,23274,8457,16105,41038,11572,6610,12856,31316,35445,1255,31394,4134,9415,42190,42928,39551,3632,14579,1919,7129,19500,1484,27710,16920,660,
25,27212,15219,20013,1988,28644,15611,5752,8045,23377,9181,24192,24620,15878,51392,7012,45502,30852,1726,34502,31921,21291,192,36463,35304,29301,40132,43092,38737,4928,7844,47062,16520,10782,14647,6478,29468,13556,7239,2981,35219,43632,41801,33723,33696,10779,13714,17399,18259,20468,39547,37579,40905,7510,30175,14407,23274,8457,16105,41038,11572,6610,12856,31316,35445,1255,31394,4134,9415,42190,42928,39551,3632,22866,30390,9810,2950,12917,5903,4824,33942,
26,27212,15219,20013,1988,28644,15611,5752,8045,23377,9181,24192,24620,15878,51392,7012,45502,30852,1726,34502,31921,21291,192,36463,35304,29301,40132,43092,38737,4928,7844,47062,16520,10782,14647,6478,29468,13556,7239,2981,35219,43632,41801,33723,33696,10779,13714,17399,18259,20468,39547,37579,40905,7510,30175,14407,23274,8457,16105,41038,11572,6610,12856,31316,35445,1255,31394,4134,9415,42190,42928,39551,3632,2750,20171,30043,13662,27910,31053,16772,15271,
27,27212,15219,20013,1988,28644,15611,5752,8045,23377,9181,24192,24620,15878,51392,7012,45502,30852,1726,34502,31921,21291,192,36463,35304,29301,40132,43092,38737,4928,7844,47062,16520,10782,14647,6478,29468,13556,7239,2981,35219,43632,41801,33723,33696,10779,13714,17399,18259,20468,39547,37579,40905,7510,30175,14407,23274,8457,16105,41038,11572,6610,12856,31316,35445,1255,31394,4134,9415,42190,42928,39551,3632,4991,5402,5168,23933,39735,3481,17023,11526,
28,27212,15219,20013,1988,28644,15611,5752,8045,23377,9181,24192,24620,15878,51392,7012,45502,30852,1726,34502,31921,21291,192,36463,35304,29301,40132,43092,38737,4928,7844,47062,16520,10782,14647,6478,29468,13556,7239,2981,35219,43632,41801,33723,33696,10779,13714,17399,18259,20468,39547,37579,40905,7510,30175,14407,23274,8457,16105,41038,11572,6610,12856,31316,35445,1255,31394,4134,9415,42190,42928,39551,3632,6490,24790,136,11712,19588,42124,10746,3044,
29,27212,15219,20013,1988,28644,15611,5752,8045,23377,9181,24192,24620,15878,51392,7012,45502,30852,1726,34502,31921,21291,192,36463,35304,29301,40132,43092,38737,4928,7844,47062,16520,10782,14647,6478,29468,13556,7239,2981,35219,43632,41801,33723,33696,10779,13714,17399,18259,20468,39547,37579,40905,7510,30175,14407,23274,8457,16105,41038,11572,6610,12856,31316,35445,1255,31394,4134,9415,42190,42928,39551,3632,19583,34590,136,11574,19434,13035,15458,6211,
30,27212,15219,20013,1988,28644,15611,5752,8045,23377,9181,24192,24620,15878,51392,7012,45502,30852,1726,34502,31921,21291,192,36463,35304,29301,40132,43092,38737,4928,7844,47062,16520,10782,14647,6478,29468,13556,7239,2981,35219,43632,41801,33723,33696,10779,13714,17399,18259,20468,39547,37579,40905,7510,30175,14407,23274,8457,16105,41038,11572,6610,12856,31316,35445,1255,31394,4134,9415,42190,42928,39551,3632,8690,10491,136,3464,47509,3430,418,9513,
31,27212,15219,20013,1988,28644,15611,5752,8045,23377,9181,24192,24620,15878,51392,7012,45502,30852,1726,34502,31921,21291,192,36463,35304,29301,40132,43092,38737,4928,7844,47062,16520,10782,14647,6478,29468,13556,7239,2981,35219,43632,41801,33723,33696,10779,13714,17399,18259,20468,39547,37579,40905,7510,30175,14407,23274,8457,16105,41038,11572,6610,12856,31316,35445,1255,31394,4134,9415,42190,42928,39551,3632,6724,32782,53802,37500,36064,21260,32074,27296,
32,27212,15219,20013,1988,28644,15611,5752,8045,23377,9181,24192,24620,15878,51392,7012,45502,30852,1726,34502,31921,21291,192,36463,35304,29301,40132,43092,38737,4928,7844,47062,16520,10782,14647,6478,29468,13556,7239,2981,35219,43632,41801,33723,33696,10779,13714,17399,18259,20468,39547,37579,40905,7510,30175,14407,23274,8457,16105,41038,11572,6610,12856,31316,35445,1255,31394,4134,9415,42190,42928,39551,3632,5643,4366,13699,10891,30564,19020,7015,40191,
33,27212,15219,20013,1988,28644,15611,5752,8045,23377,9181,24192,24620,15878,51392,7012,45502,30852,1726,34502,31921,21291,192,36463,35304,29301,40132,43092,38737,4928,7844,47062,16520,10782,14647,6478,29468,13556,7239,2981,35219,43632,41801,33723,33696,10779,13714,17399,18259,20468,39547,37579,40905,7510,30175,14407,23274,8457,16105,41038,11572,6610,12856,31316,35445,1255,31394,4134,9415,42190,42928,39551,3632,20536,13948,26627,696,19891,20623,2838,9202,
34,27212,15219,20013,1988,28644,15611,5752,8045,23377,9181,24192,24620,15878,51392,7012,45502,30852,1726,34502,31921,21291,192,36463,35304,29301,40132,43092,38737,4928,7844,47062,16520,10782,14647,6478,29468,13556,7239,2981,35219,43632,41801,33723,33696,10779,13714,17399,18259,20468,39547,37579,40905,7510,30175,14407,23274,8457,16105,41038,11572,6610,12856,31316,35445,1255,31394,4134,9415,42190,42928,39551,3632,23909,10954,49607,8448,33159,17407,41364,2951,
35,27212,15219,20013,1988,28644,15611,5752,8045,23377,9181,24192,24620,15878,51392,7012,45502,30852,1726,34502,31921,21291,192,36463,35304,29301,40132,43092,38737,4928,7844,47062,16520,10782,14647,6478,29468,13556,7239,2981,35219,43632,41801,33723,33696,10779,13714,17399,18259,20468,39547,37579,40905,7510,30175,14407,23274,8457,16105,41038,11572,6610,12856,31316,35445,1255,31394,4134,9415,42190,42928,39551,3632,3781,16018,35844,758,19369,24442,19420,2493,
36,27212,15219,20013,1988,28644,15611,5752,8045,23377,9181,24192,24620,15878,51392,7012,45502,30852,1726,34502,31921,21291,192,36463,35304,29301,40132,43092,38737,4928,7844,47062,16520,10782,14647,6478,29468,13556,7239,2981,35219,43632,41801,33723,33696,10779,13714,17399,18259,20468,39547,37579,40905,7510,30175,14407,23274,8457,16105,41038,11572,6610,12856,31316,35445,1255,31394,4134,9415,42190,42928,39551,3632,3560,5517,49106,15987,30724,5769,2506,15236,
37,27212,15219,20013,1988,28644,15611,5752,8045,23377,9181,24192,24620,15878,51392,7012,45502,30852,1726,34502,31921,21291,192,36463,35304,29301,40132,43092,38737,4928,7844,47062,16520,10782,14647,6478,29468,13556,7239,2981,35219,43632,41801,33723,33696,10779,13714,17399,18259,20468,39547,37579,40905,7510,30175,14407,23274,8457,16105,41038,11572,6610,12856,31316,35445,1255,31394,4134,9415,42190,42928,39551,3632,11900,31734,10826,4948,15175,7061,24162,18366,
38,27212,15219,20013,1988,28644,15611,5752,8045,23377,9181,24192,24620,15878,51392,7012,45502,30852,1726,34502,31921,21291,192,36463,35304,29301,40132,43092,38737,4928,7844,47062,16520,10782,14647,6478,29468,13556,7239,2981,35219,43632,41801,33723,33696,10779,13714,17399,18259,20468,39547,37579,40905,7510,30175,14407,23274,8457,16105,41038,11572,6610,12856,31316,35445,1255,31394,4134,9415,42190,42928,39551,3632,2478,4305,52676,19109,10309,20594,21853,24346,
39,27212,15219,20013,1988,28644,15611,5752,8045,23377,9181,24192,24620,15878,51392,7012,45502,30852,1726,34502,31921,21291,192,36463,35304,29301,40132,43092,38737,4928,7844,47062,16520,10782,14647,6478,29468,13556,7239,2981,35219,43632,41801,33723,33696,10779,13714,17399,18259,20468,39547,37579,40905,7510,30175,14407,23274,8457,16105,41038,11572,6610,12856,31316,35445,1255,31394,4134,9415,42190,42928,39551,3632,27659,16096,17330,5770,10309,31253,20869,28523,
40,27212,15219,20013,1988,28644,15611,5752,8045,23377,9181,24192,24620,15878,51392,7012,45502,30852,1726,34502,31921,21291,192,36463,35304,29301,40132,43092,38737,4928,7844,47062,16520,10782,14647,6478,29468,13556,7239,2981,35219,43632,41801,33723,33696,10779,13714,17399,18259,20468,39547,37579,40905,7510,30175,14407,23274,8457,16105,41038,11572,6610,12856,31316,35445,1255,31394,4134,9415,42190,42928,39551,3632,11289,4004,35364,28987,26111,20272,2667,19720,
41,27212,15219,20013,1988,28644,15611,5752,8045,23377,9181,24192,24620,15878,51392,7012,45502,30852,1726,34502,31921,21291,192,36463,35304,29301,40132,43092,38737,4928,7844,47062,16520,10782,14647,6478,29468,13556,7239,2981,35219,43632,41801,33723,33696,10779,13714,17399,18259,20468,39547,37579,40905,7510,30175,14407,23274,8457,16105,41038,11572,6610,12856,31316,35445,1255,31394,4134,9415,42190,42928,39551,3632,27668,28674,53947,8613,28113,7293,24347,3037,
42,27212,15219,20013,1988,28644,15611,5752,8045,23377,9181,24192,24620,15878,51392,7012,45502,30852,1726,34502,31921,21291,192,36463,35304,29301,40132,43092,38737,4928,7844,47062,16520,10782,14647,6478,29468,13556,7239,2981,35219,43632,41801,33723,33696,10779,13714,17399,18259,20468,39547,37579,40905,7510,30175,14407,23274,8457,16105,41038,11572,6610,12856,31316,35445,1255,31394,4134,9415,42190,42928,39551,3632,9660,23302,39579,8613,11114,5098,3235,2123,
43,27212,15219,20013,1988,28644,15611,5752,8045,23377,9181,24192,24620,15878,51392,7012,45502,30852,1726,34502,31921,21291,192,36463,35304,29301,40132,43092,38737,4928,7844,47062,16520,10782,14647,6478,29468,13556,7239,2981,35219,43632,41801,33723,33696,10779,13714,17399,18259,20468,39547,37579,40905,7510,30175,14407,23274,8457,16105,41038,11572,6610,12856,31316,35445,1255,31394,4134,9415,42190,42928,39551,3632,24967,8176,20239,4112,10813,14398,2683,3323,
44,27212,15219,20013,1988,28644,15611,5752,8045,23377,9181,24192,24620,15878,51392,7012,45502,30852,1726,34502,31921,21291,192,36463,35304,29301,40132,43092,38737,4928,7844,47062,16520,10782,14647,6478,29468,13556,7239,2981,35219,43632,41801,33723,33696,10779,13714,17399,18259,20468,39547,37579,40905,7510,30175,14407,23274,8457,16105,41038,11572,6610,12856,31316,35445,1255,31394,4134,9415,42190,42928,39551,3632,138,8987,31254,36665,11997,32661,3448,12680,
45,27212,15219,20013,1988,28644,15611,5752,8045,23377,9181,24192,24620,15878,51392,7012,45502,30852,1726,34502,31921,21291,192,36463,35304,29301,40132,43092,38737,4928,7844,47062,16520,10782,14647,6478,29468,13556,7239,2981,35219,43632,41801,33723,33696,10779,13714,17399,18259,20468,39547,37579,40905,7510,30175,14407,23274,8457,16105,41038,11572,6610,12856,31316,35445,1255,31394,4134,9415,42190,42928,39551,3632,26761,3886,37467,687,21547,9634,1995,31735,
46,27212,15219,20013,1988,28644,15611,5752,8045,23377,9181,24192,24620,15878,51392,7012,45502,30852,1726,34502,31921,21291,192,36463,35304,29301,40132,43092,38737,4928,7844,47062,16520,10782,14647,6478,29468,13556,7239,2981,35219,43632,41801,33723,33696,10779,13714,17399,18259,20468,39547,37579,40905,7510,30175,14407,23274,8457,16105,41038,11572,6610,12856,31316,35445,1255,31394,4134,9415,42190,42928,39551,3632,15576,29342,28040,7659,24226,5434,16634,15280,
47,27212,15219,20013,1988,28644,15611,5752,8045,23377,9181,24192,24620,15878,51392,7012,45502,30852,1726,34502,31921,21291,192,36463,35304,29301,40132,43092,38737,4928,7844,47062,16520,10782,14647,6478,29468,13556,7239,2981,35219,43632,41801,33723,33696,10779,13714,17399,18259,20468,39547,37579,40905,7510,30175,14407,23274,8457,16105,41038,11572,6610,12856,31316,35445,1255,31394,4134,9415,42190,42928,39551,3632,28985,1648,49641,4154,17594,32499,18853,7562,
48,27212,15219,20013,1988,28644,15611,5752,8045,23377,9181,24192,24620,15878,51392,7012,45502,30852,1726,34502,31921,21291,192,36463,35304,29301,40132,43092,38737,4928,7844,47062,16520,10782,14647,6478,29468,13556,7239,2981,35219,43632,41801,33723,33696,10779,13714,17399,18259,20468,39547,37579,40905,7510,30175,14407,23274,8457,16105,41038,11572,6610,12856,31316,35445,1255,31394,4134,9415,42190,42928,39551,3632,32772,4030,28175,979,17594,3159,5015,4838,
49,27212,15219,20013,1988,28644,15611,5752,8045,23377,9181,24192,24620,15878,51392,7012,45502,30852,1726,34502,31921,21291,192,36463,35304,29301,40132,43092,38737,4928,7844,47062,16520,10782,14647,6478,29468,13556,7239,2981,35219,43632,41801,33723,33696,10779,13714,17399,18259,20468,39547,37579,40905,7510,30175,14407,23274,8457,16105,41038,11572,6610,12856,31316,35445,1255,31394,4134,9415,42190,42928,39551,3632,21411,1826,28263,6239,13367,17824,21256,41827,
50,27212,15219,20013,1988,28644,15611,5752,8045,23377,9181,24192,24620,15878,51392,7012,45502,30852,1726,34502,31921,21291,192,36463,35304,29301,40132,43092,38737,4928,7844,47062,16520,10782,14647,6478,29468,13556,7239,2981,35219,43632,41801,33723,33696,10779,13714,17399,18259,20468,39547,37579,40905,7510,30175,14407,23274,8457,16105,41038,11572,6610,12856,31316,35445,1255,31394,4134,9415,42190,42928,39551,3632,4640,3406,17359,8449,24058,13741,7968,14223,
51,27212,15219,20013,1988,28644,15611,5752,8045,23377,9181,24192,24620,15878,51392,7012,45502,30852,1726,34502,31921,21291,192,36463,35304,29301,40132,43092,38737,4928,7844,47062,16520,10782,14647,6478,29468,13556,7239,2981,35219,43632,41801,33723,33696,10779,13714,17399,18259,20468,39547,37579,40905,7510,30175,14407,23274,8457,16105,41038,11572,6610,12856,31316,35445,1255,31394,4134,9415,42190,42928,39551,3632,1928,5640,12039,8694,12375,12432,10486,6104,
52,27212,15219,20013,1988,28644,15611,5752,8045,23377,9181,24192,24620,15878,51392,7012,45502,30852,1726,34502,31921,21291,192,36463,35304,29301,40132,43092,38737,4928,7844,47062,16520,10782,14647,6478,29468,13556,7239,2981,35219,43632,41801,33723,33696,10779,13714,17399,18259,20468,39547,37579,40905,7510,30175,14407,23274,8457,16105,41038,11572,6610,12856,31316,35445,1255,31394,4134,9415,42190,42928,39551,3632,14457,3335,33958,12778,30227,4889,5709,24564,
53,27212,15219,20013,1988,28644,15611,5752,8045,23377,9181,24192,24620,15878,51392,7012,45502,30852,1726,34502,31921,21291,192,36463,35304,29301,40132,43092,38737,4928,7844,47062,16520,10782,14647,6478,29468,13556,7239,2981,35219,43632,41801,33723,33696,10779,13714,17399,18259,20468,39547,37579,40905,7510,30175,14407,23274,8457,16105,41038,11572,6610,12856,31316,35445,1255,31394,4134,9415,42190,42928,39551,3632,934,29918,11553,3949,18418,23034,3668,6738,
54,27212,15219,20013,1988,28644,15611,5752,8045,23377,9181,24192,24620,15878,51392,7012,45502,30852,1726,34502,31921,21291,192,36463,35304,29301,40132,43092,38737,4928,7844,47062,16520,10782,14647,6478,29468,13556,7239,2981,35219,43632,41801,33723,33696,10779,13714,17399,18259,20468,39547,37579,40905,7510,30175,14407,23274,8457,16105,41038,11572,6610,12856,31316,35445,1255,31394,4134,9415,42190,42928,39551,3632,7690,18600,13389,3785,16067,4403,3668,12184,
55,27212,15219,20013,1988,28644,15611,5752,8045,23377,9181,24192,24620,15878,51392,7012,45502,30852,1726,34502,31921,21291,192,36463,35304,29301,40132,43092,38737,4928,7844,47062,16520,10782,14647,6478,29468,13556,7239,2981,35219,43632,41801,33723,33696,10779,13714,17399,18259,20468,39547,37579,40905,7510,30175,14407,23274,8457,16105,41038,11572,6610,12856,31316,35445,1255,31394,4134,9415,42190,42928,39551,3632,14365,493,14088,9562,25553,1033,4219,24354,
56,27212,15219,20013,1988,28644,15611,5752,8045,23377,9181,24192,24620,15878,51392,7012,45502,30852,1726,34502,31921,21291,192,36463,35304,29301,40132,43092,38737,4928,7844,47062,16520,10782,14647,6478,29468,13556,7239,2981,35219,43632,41801,33723,33696,10779,13714,17399,18259,20468,39547,37579,40905,7510,30175,14407,23274,8457,16105,41038,11572,6610,12856,31316,35445,1255,31394,4134,9415,42190,42928,39551,3632,6231,22967,16483,2227,11832,10359,2301,6423,
57,27212,15219,20013,1988,28644,15611,5752,8045,23377,9181,24192,24620,15878,51392,7012,45502,30852,1726,34502,31921,21291,192,36463,35304,29301,40132,43092,38737,4928,7844,47062,16520,10782,14647,6478,29468,13556,7239,2981,35219,43632,41801,33723,33696,10779,13714,17399,18259,20468,39547,37579,40905,7510,30175,14407,23274,8457,16105,41038,11572,6610,12856,31316,35445,1255,31394,4134,9415,42190,42928,39551,3632,18873,20365,16244,1546,17752,33125,18550,25485,
58,27212,15219,20013,1988,28644,15611,5752,8045,23377,9181,24192,24620,15878,51392,7012,45502,30852,1726,34502,31921,21291,192,36463,35304,29301,40132,43092,38737,4928,7844,47062,16520,10782,14647,6478,29468,13556,7239,2981,35219,43632,41801,33723,33696,10779,13714,17399,18259,20468,39547,37579,40905,7510,30175,14407,23274,8457,16105,41038,11572,6610,12856,31316,35445,1255,31394,4134,9415,42190,42928,39551,3632,2733,215,10774,15374,30797,8112,4759,10635,
59,27212,15219,20013,1988,28644,15611,5752,8045,23377,9181,24192,24620,15878,51392,7012,45502,30852,1726,34502,31921,21291,192,36463,35304,29301,40132,43092,38737,4928,7844,47062,16520,10782,14647,6478,29468,13556,7239,2981,35219,43632,41801,33723,33696,10779,13714,17399,18259,20468,39547,37579,40905,7510,30175,14407,23274,8457,16105,41038,11572,6610,12856,31316,35445,1255,31394,4134,9415,42190,42928,39551,3632,19015,22833,26753,1835,56591,914,10966,2370,
60,27212,15219,20013,1988,28644,15611,5752,8045,23377,9181,24192,24620,15878,51392,7012,45502,30852,1726,34502,31921,21291,192,36463,35304,29301,40132,43092,38737,4928,7844,47062,16520,10782,14647,6478,29468,13556,7239,2981,35219,43632,41801,33723,33696,10779,13714,17399,18259,20468,39547,37579,40905,7510,30175,14407,23274,8457,16105,41038,11572,6610,12856,31316,35445,1255,31394,4134,9415,42190,42928,39551,3632,20737,20626,43862,16597,11482,19636,7671,2400,
61,27212,15219,20013,1988,28644,15611,5752,8045,23377,9181,24192,24620,15878,51392,7012,45502,30852,1726,34502,31921,21291,192,36463,35304,29301,40132,43092,38737,4928,7844,47062,16520,10782,14647,6478,29468,13556,7239,2981,35219,43632,41801,33723,33696,10779,13714,17399,18259,20468,39547,37579,40905,7510,30175,14407,23274,8457,16105,41038,11572,6610,12856,31316,35445,1255,31394,4134,9415,42190,42928,39551,3632,12567,42401,25105,11222,12675,10186,6961,31740,
62,27212,15219,20013,1988,28644,15611,5752,8045,23377,9181,24192,24620,15878,51392,7012,45502,30852,1726,34502,31921,21291,192,36463,35304,29301,40132,43092,38737,4928,7844,47062,16520,10782,14647,6478,29468,13556,7239,2981,35219,43632,41801,33723,33696,10779,13714,17399,18259,20468,39547,37579,40905,7510,30175,14407,23274,8457,16105,41038,11572,6610,12856,31316,35445,1255,31394,4134,9415,42190,42928,39551,3632,17365,1021,34955,10576,13708,31205,2447,18926,
63,27212,15219,20013,1988,28644,15611,5752,8045,23377,9181,24192,24620,15878,51392,7012,45502,30852,1726,34502,31921,21291,192,36463,35304,29301,40132,43092,38737,4928,7844,47062,16520,10782,14647,6478,29468,13556,7239,2981,35219,43632,41801,33723,33696,10779,13714,17399,18259,20468,39547,37579,40905,7510,30175,14407,23274,8457,16105,41038,11572,6610,12856,31316,35445,1255,31394,4134,9415,42190,42928,39551,3632,30224,46640,35672,21118,53940,6083,37646,4511,
64,27212,15219,20013,1988,28644,15611,5752,8045,23377,9181,24192,24620,15878,51392,7012,45502,30852,1726,34502,31921,21291,192,36463,35304,29301,40132,43092,38737,4928,7844,47062,16520,10782,14647,6478,29468,13556,7239,2981,35219,43632,41801,33723,33696,10779,13714,17399,18259,20468,39547,37579,40905,7510,30175,14407,23274,8457,16105,41038,11572,6610,12856,31316,35445,1255,31394,4134,9415,42190,42928,39551,3632,14433,4274,14274,18735,35205,47481,4615,8099,
65,27212,15219,20013,1988,28644,15611,5752,8045,23377,9181,24192,24620,15878,51392,7012,45502,30852,1726,34502,31921,21291,192,36463,35304,29301,40132,43092,38737,4928,7844,47062,16520,10782,14647,6478,29468,13556,7239,2981,35219,43632,41801,33723,33696,10779,13714,17399,18259,20468,39547,37579,40905,7510,30175,14407,23274,8457,16105,41038,11572,6610,12856,31316,35445,1255,31394,4134,9415,42190,42928,39551,3632,4995,11759,10383,15949,22747,29698,17827,4482,
66,27212,15219,20013,1988,28644,15611,5752,8045,23377,9181,24192,24620,15878,51392,7012,45502,30852,1726,34502,31921,21291,192,36463,35304,29301,40132,43092,38737,4928,7844,47062,16520,10782,14647,6478,29468,13556,7239,2981,35219,43632,41801,33723,33696,10779,13714,17399,18259,20468,39547,37579,40905,7510,30175,14407,23274,8457,16105,41038,11572,6610,12856,31316,35445,1255,31394,4134,9415,42190,42928,39551,3632,817,3760,57792,12426,14747,25776,21186,2603,
67,27212,15219,20013,1988,28644,15611,5752,8045,23377,9181,24192,24620,15878,51392,7012,45502,30852,1726,34502,31921,21291,192,36463,35304,29301,40132,43092,38737,4928,7844,47062,16520,10782,14647,6478,29468,13556,7239,2981,35219,43632,41801,33723,33696,10779,13714,17399,18259,20468,39547,37579,40905,7510,30175,14407,23274,8457,16105,41038,11572,6610,12856,31316,35445,1255,31394,4134,9415,42190,42928,39551,3632,2496,27307,39265,7380,34493,28558,5041,4526,
68,27212,15219,20013,1988,28644,15611,5752,8045,23377,9181,24192,24620,15878,51392,7012,45502,30852,1726,34502,31921,21291,192,36463,35304,29301,40132,43092,38737,4928,7844,47062,16520,10782,14647,6478,29468,13556,7239,2981,35219,43632,41801,33723,33696,10779,13714,17399,18259,20468,39547,37579,40905,7510,30175,14407,23274,8457,16105,41038,11572,6610,12856,31316,35445,1255,31394,4134,9415,42190,42928,39551,3632,12754,19870,12044,15479,37656,32508,4573,30612,
69,27212,15219,20013,1988,28644,15611,5752,8045,23377,9181,24192,24620,15878,51392,7012,45502,30852,1726,34502,31921,21291,192,36463,35304,29301,40132,43092,38737,4928,7844,47062,16520,10782,14647,6478,29468,13556,7239,2981,35219,43632,41801,33723,33696,10779,13714,17399,18259,20468,39547,37579,40905,7510,30175,14407,23274,8457,16105,41038,11572,6610,12856,31316,35445,1255,31394,4134,9415,42190,42928,39551,3632,8267,3309,40138,1177,15731,34019,4169,34330,
70,27212,15219,20013,1988,28644,15611,5752,8045,23377,9181,24192,24620,15878,51392,7012,45502,30852,1726,34502,31921,21291,192,36463,35304,29301,40132,43092,38737,4928,7844,47062,16520,10782,14647,6478,29468,13556,7239,2981,35219,43632,41801,33723,33696,10779,13714,17399,18259,20468,39547,37579,40905,7510,30175,14407,23274,8457,16105,41038,11572,6610,12856,31316,35445,1255,31394,4134,9415,42190,42928,39551,3632,27329,11467,23123,29496,14619,10307,28539,9348,
71,27212,15219,20013,1988,28644,15611,5752,8045,23377,9181,24192,24620,15878,51392,7012,45502,30852,1726,34502,31921,21291,192,36463,35304,29301,40132,43092,38737,4928,7844,47062,16520,10782,14647,6478,29468,13556,7239,2981,35219,43632,41801,33723,33696,10779,13714,17399,18259,20468,39547,37579,40905,7510,30175,14407,23274,8457,16105,41038,11572,6610,12856,31316,35445,1255,31394,4134,9415,42190,42928,39551,3632,19343,6264,22719,35424,11478,1907,8024,14798,
72,27212,15219,20013,1988,28644,15611,5752,8045,23377,9181,24192,24620,15878,51392,7012,45502,30852,1726,34502,31921,21291,192,36463,35304,29301,40132,43092,38737,4928,7844,47062,16520,10782,14647,6478,29468,13556,7239,2981,35219,43632,41801,33723,33696,10779,13714,17399,18259,20468,39547,37579,40905,7510,30175,14407,23274,8457,16105,41038,11572,6610,12856,31316,35445,1255,31394,4134,9415,42190,42928,39551,3632,4156,19094,39914,755,11521,30523,16752,40135,
73,27212,15219,20013,1988,28644,15611,5752,8045,23377,9181,24192,24620,15878,51392,7012,45502,30852,1726,34502,31921,21291,192,36463,35304,29301,40132,43092,38737,4928,7844,47062,16520,10782,14647,6478,29468,13556,7239,2981,35219,43632,41801,33723,33696,10779,13714,17399,18259,20468,39547,37579,40905,7510,30175,14407,23274,8457,16105,41038,11572,6610,12856,31316,35445,1255,31394,4134,9415,42190,42928,39551,3632,7725,3401,41217,5640,35418,40349,14052,21673,
74,27212,15219,20013,1988,28644,15611,5752,8045,23377,9181,24192,24620,15878,51392,7012,45502,30852,1726,34502,31921,21291,192,36463,35304,29301,40132,43092,38737,4928,7844,47062,16520,10782,14647,6478,29468,13556,7239,2981,35219,43632,41801,33723,33696,10779,13714,17399,18259,20468,39547,37579,40905,7510,30175,14407,23274,8457,16105,41038,11572,6610,12856,31316,35445,1255,31394,4134,9415,42190,42928,39551,3632,46245,1503,26437,11048,21111,37732,2100,5343,
75,27212,15219,20013,1988,28644,15611,5752,8045,23377,9181,24192,24620,15878,51392,7012,45502,30852,1726,34502,31921,21291,192,36463,35304,29301,40132,43092,38737,4928,7844,47062,16520,10782,14647,6478,29468,13556,7239,2981,35219,43632,41801,33723,33696,10779,13714,17399,18259,20468,39547,37579,40905,7510,30175,14407,23274,8457,16105,41038,11572,6610,12856,31316,35445,1255,31394,4134,9415,42190,42928,39551,3632,2962,11051,19214,29113,35780,28851,27029,9317,
76,27212,15219,20013,1988,28644,15611,5752,8045,23377,9181,24192,24620,15878,51392,7012,45502,30852,1726,34502,31921,21291,192,36463,35304,29301,40132,43092,38737,4928,7844,47062,16520,10782,14647,6478,29468,13556,7239,2981,35219,43632,41801,33723,33696,10779,13714,17399,18259,20468,39547,37579,40905,7510,30175,14407,23274,8457,16105,41038,11572,6610,12856,31316,35445,1255,31394,4134,9415,42190,42928,39551,3632,6069,11296,37683,17679,18024,11008,9359,5990,
77,27212,15219,20013,1988,28644,15611,5752,8045,23377,9181,24192,24620,15878,51392,7012,45502,30852,1726,34502,31921,21291,192,36463,35304,29301,40132,43092,38737,4928,7844,47062,16520,10782,14647,6478,29468,13556,7239,2981,35219,43632,41801,33723,33696,10779,13714,17399,18259,20468,39547,37579,40905,7510,30175,14407,23274,8457,16105,41038,11572,6610,12856,31316,35445,1255,31394,4134,9415,42190,42928,39551,3632,2934,1847,27149,27107,10634,25525,1611,5550,
78,27212,15219,20013,1988,28644,15611,5752,8045,23377,9181,24192,24620,15878,51392,7012,45502,30852,1726,34502,31921,21291,192,36463,35304,29301,40132,43092,38737,4928,7844,47062,16520,10782,14647,6478,29468,13556,7239,2981,35219,43632,41801,33723,33696,10779,13714,17399,18259,20468,39547,37579,40905,7510,30175,14407,23274,8457,16105,41038,11572,6610,12856,31316,35445,1255,31394,4134,9415,42190,42928,39551,3632,2488,27657,14797,6346,10634,14631,25362,5470,
79,27212,15219,20013,1988,28644,15611,5752,8045,23377,9181,24192,24620,15878,51392,7012,45502,30852,1726,34502,31921,21291,192,36463,35304,29301,40132,43092,38737,4928,7844,47062,16520,10782,14647,6478,29468,13556,7239,2981,35219,43632,41801,33723,33696,10779,13714,17399,18259,20468,39547,37579,40905,7510,30175,14407,23274,8457,16105,41038,11572,6610,12856,31316,35445,1255,31394,4134,9415,42190,42928,39551,3632,8843,2889,16307,12918,51842,28074,2411,12322,
80,27212,15219,20013,1988,28644,15611,5752,8045,23377,9181,24192,24620,15878,51392,7012,45502,30852,1726,34502,31921,21291,192,36463,35304,29301,40132,43092,38737,4928,7844,47062,16520,10782,14647,6478,29468,13556,7239,2981,35219,43632,41801,33723,33696,10779,13714,17399,18259,20468,39547,37579,40905,7510,30175,14407,23274,8457,16105,41038,11572,6610,12856,31316,35445,1255,31394,4134,9415,42190,42928,39551,3632,23605,6664,19182,2696,10796,14856,18492,2418,
81,27212,15219,20013,1988,28644,15611,5752,8045,23377,9181,24192,24620,15878,51392,7012,45502,30852,1726,34502,31921,21291,192,36463,35304,29301,40132,43092,38737,4928,7844,47062,16520,10782,14647,6478,29468,13556,7239,2981,35219,43632,41801,33723,33696,10779,13714,17399,18259,20468,39547,37579,40905,7510,30175,14407,23274,8457,16105,41038,11572,6610,12856,31316,35445,1255,31394,4134,9415,42190,42928,39551,3632,6495,6898,23738,2696,10995,24878,4319,3914,
82,27212,15219,20013,1988,28644,15611,5752,8045,23377,9181,24192,24620,15878,51392,7012,45502,30852,1726,34502,31921,21291,192,36463,35304,29301,40132,43092,38737,4928,7844,47062,16520,10782,14647,6478,29468,13556,7239,2981,35219,43632,41801,33723,33696,10779,13714,17399,18259,20468,39547,37579,40905,7510,30175,14407,23274,8457,16105,41038,11572,6610,12856,31316,35445,1255,31394,4134,9415,42190,42928,39551,3632,42132,27113,24180,8735,12179,30836,7042,4479,
83,27212,15219,20013,1988,28644,15611,5752,8045,23377,9181,24192,24620,15878,51392,7012,45502,30852,1726,34502,31921,21291,192,36463,35304,29301,40132,43092,38737,4928,7844,47062,16520,10782,14647,6478,29468,13556,7239,2981,35219,43632,41801,33723,33696,10779,13714,17399,18259,20468,39547,37579,40905,7510,30175,14407,23274,8457,16105,41038,11572,6610,12856,31316,35445,1255,31394,4134,9415,42190,42928,39551,3632,375,30402,14650,6245,35982,42414,14966,7822,
84,27212,15219,20013,1988,28644,15611,5752,8045,23377,9181,24192,24620,15878,51392,7012,45502,30852,1726,34502,31921,21291,192,36463,35304,29301,40132,43092,38737,4928,7844,47062,16520,10782,14647,6478,29468,13556,7239,2981,35219,43632,41801,33723,33696,10779,13714,17399,18259,20468,39547,37579,40905,7510,30175,14407,23274,8457,16105,41038,11572,6610,12856,31316,35445,1255,31394,4134,9415,42190,42928,39551,3632,30204,27194,11317,10474,36100,28941,12557,37414,
85,27212,15219,20013,1988,28644,15611,5752,8045,23377,9181,24192,24620,15878,51392,7012,45502,30852,1726,34502,31921,21291,192,36463,35304,29301,40132,43092,38737,4928,7844,47062,16520,10782,14647,6478,29468,13556,7239,2981,35219,43632,41801,33723,33696,10779,13714,17399,18259,20468,39547,37579,40905,7510,30175,14407,23274,8457,16105,41038,11572,6610,12856,31316,35445,1255,31394,4134,9415,42190,42928,39551,3632,10282,9622,25716,5334,26064,12382,5373,7380,
86,27212,15219,20013,1988,28644,15611,5752,8045,23377,9181,24192,24620,15878,51392,7012,45502,30852,1726,34502,31921,21291,192,36463,35304,29301,40132,43092,38737,4928,7844,47062,16520,10782,14647,6478,29468,13556,7239,2981,35219,43632,41801,33723,33696,10779,13714,17399,18259,20468,39547,37579,40905,7510,30175,14407,23274,8457,16105,41038,11572,6610,12856,31316,35445,1255,31394,4134,9415,42190,42928,39551,3632,46151,12412,28365,4004,25529,27402,35788,1966,
87,27212,15219,20013,1988,28644,15611,5752,8045,23377,9181,24192,24620,15878,51392,7012,45502,30852,1726,34502,31921,21291,192,36463,35304,29301,40132,43092,38737,4928,7844,47062,16520,10782,14647,6478,29468,13556,7239,2981,35219,43632,41801,33723,33696,10779,13714,17399,18259,20468,39547,37579,40905,7510,30175,14407,23274,8457,16105,41038,11572,6610,12856,31316,35445,1255,31394,4134,9415,42190,42928,39551,3632,17333,4107,28365,5350,19969,21664,46291,6150,
88,27212,15219,20013,1988,28644,15611,5752,8045,23377,9181,24192,24620,15878,51392,7012,45502,30852,1726,34502,31921,21291,192,36463,35304,29301,40132,43092,38737,4928,7844,47062,16520,10782,14647,6478,29468,13556,7239,2981,35219,43632,41801,33723,33696,10779,13714,17399,18259,20468,39547,37579,40905,7510,30175,14407,23274,8457,16105,41038,11572,6610,12856,31316,35445,1255,31394,4134,9415,42190,42928,39551,3632,30777,3890,11460,1548,11417,11557,9481,1960,
89,27212,15219,20013,1988,28644,15611,5752,8045,23377,9181,24192,24620,15878,51392,7012,45502,30852,1726,34502,31921,21291,192,36463,35304,29301,40132,43092,38737,4928,7844,47062,16520,10782,14647,6478,29468,13556,7239,2981,35219,43632,41801,33723,33696,10779,13714,17399,18259,20468,39547,37579,40905,7510,30175,14407,23274,8457,16105,41038,11572,6610,12856,31316,35445,1255,31394,4134,9415,42190,42928,39551,3632,11820,28322,31454,6920,24927,51298,12813,7778,
90,27212,15219,20013,1988,28644,15611,5752,8045,23377,9181,24192,24620,15878,51392,7012,45502,30852,1726,34502,31921,21291,192,36463,35304,29301,40132,43092,38737,4928,7844,47062,16520,10782,14647,6478,29468,13556,7239,2981,35219,43632,41801,33723,33696,10779,13714,17399,18259,20468,39547,37579,40905,7510,30175,14407,23274,8457,16105,41038,11572,6610,12856,31316,35445,1255,31394,4134,9415,42190,42928,39551,3632,14151,26972,16656,4740,12198,10916,4580,15331,
91,27212,15219,20013,1988,28644,15611,5752,8045,23377,9181,24192,24620,15878,51392,7012,45502,30852,1726,34502,31921,21291,192,36463,35304,29301,40132,43092,38737,4928,7844,47062,16520,10782,14647,6478,29468,13556,7239,2981,35219,43632,41801,33723,33696,10779,13714,17399,18259,20468,39547,37579,40905,7510,30175,14407,23274,8457,16105,41038,11572,6610,12856,31316,35445,1255,31394,4134,9415,42190,42928,39551,3632,11383,5337,32030,4217,14038,38742,3463,21638,
92,27212,15219,20013,1988,28644,15611,5752,8045,23377,9181,24192,24620,15878,51392,7012,45502,30852,1726,34502,31921,21291,192,36463,35304,29301,40132,43092,38737,4928,7844,47062,16520,10782,14647,6478,29468,13556,7239,2981,35219,43632,41801,33723,33696,10779,13714,17399,18259,20468,39547,37579,40905,7510,30175,14407,23274,8457,16105,41038,11572,6610,12856,31316,35445,1255,31394,4134,9415,42190,42928,39551,3632,19906,1929,49676,10801,50076,10689,1192,14841,
93,27212,15219,20013,1988,28644,15611,5752,8045,23377,9181,24192,24620,15878,51392,7012,45502,30852,1726,34502,31921,21291,192,36463,35304,29301,40132,43092,38737,4928,7844,47062,16520,10782,14647,6478,29468,13556,7239,2981,35219,43632,41801,33723,33696,10779,13714,17399,18259,20468,39547,37579,40905,7510,30175,14407,23274,8457,16105,41038,11572,6610,12856,31316,35445,1255,31394,4134,9415,42190,42928,39551,3632,26001,7018,14226,32461,12958,10689,9357,3455,
94,27212,15219,20013,1988,28644,15611,5752,8045,23377,9181,24192,24620,15878,51392,7012,45502,30852,1726,34502,31921,21291,192,36463,35304,29301,40132,43092,38737,4928,7844,47062,16520,10782,14647,6478,29468,13556,7239,2981,35219,43632,41801,33723,33696,10779,13714,17399,18259,20468,39547,37579,40905,7510,30175,14407,23274,8457,16105,41038,11572,6610,12856,31316,35445,1255,31394,4134,9415,42190,42928,39551,3632,24389,5350,20316,5328,10866,21725,4935,3127,
95,27212,15219,20013,1988,28644,15611,5752,8045,23377,9181,24192,24620,15878,51392,7012,45502,30852,1726,34502,31921,21291,192,36463,35304,29301,40132,43092,38737,4928,7844,47062,16520,10782,14647,6478,29468,13556,7239,2981,35219,43632,41801,33723,33696,10779,13714,17399,18259,20468,39547,37579,40905,7510,30175,14407,23274,8457,16105,41038,11572,6610,12856,31316,35445,1255,31394,4134,9415,42190,42928,39551,3632,12313,14527,22069,4370,30147,23114,1295,3504,
96,27212,15219,20013,1988,28644,15611,5752,8045,23377,9181,24192,24620,15878,51392,7012,45502,30852,1726,34502,31921,21291,192,36463,35304,29301,40132,43092,38737,4928,7844,47062,16520,10782,14647,6478,29468,13556,7239,2981,35219,43632,41801,33723,33696,10779,13714,17399,18259,20468,39547,37579,40905,7510,30175,14407,23274,8457,16105,41038,11572,6610,12856,31316,35445,1255,31394,4134,9415,42190,42928,39551,3632,18565,2939,49250,36664,23285,25611,363,7872,
97,27212,15219,20013,1988,28644,15611,5752,8045,23377,9181,24192,24620,15878,51392,7012,45502,30852,1726,34502,31921,21291,192,36463,35304,29301,40132,43092,38737,4928,7844,47062,16520,10782,14647,6478,29468,13556,7239,2981,35219,43632,41801,33723,33696,10779,13714,17399,18259,20468,39547,37579,40905,7510,30175,14407,23274,8457,16105,41038,11572,6610,12856,31316,35445,1255,31394,4134,9415,42190,42928,39551,3632,22593,7550,12304,10442,22534,11940,20154,8415,
98,27212,15219,20013,1988,28644,15611,5752,8045,23377,9181,24192,24620,15878,51392,7012,45502,30852,1726,34502,31921,21291,192,36463,35304,29301,40132,43092,38737,4928,7844,47062,16520,10782,14647,6478,29468,13556,7239,2981,35219,43632,41801,33723,33696,10779,13714,17399,18259,20468,39547,37579,40905,7510,30175,14407,23274,8457,16105,41038,11572,6610,12856,31316,35445,1255,31394,4134,9415,42190,42928,39551,3632,35744,22356,50956,2314,38148,35621,12078,26781,
99,27212,15219,20013,1988,28644,15611,5752,8045,23377,9181,24192,24620,15878,51392,7012,45502,30852,1726,34502,31921,21291,192,36463,35304,29301,40132,43092,38737,4928,7844,47062,16520,10782,14647,6478,29468,13556,7239,2981,35219,43632,41801,33723,33696,10779,13714,17399,18259,20468,39547,37579,40905,7510,30175,14407,23274,8457,16105,41038,11572,6610,12856,31316,35445,1255,31394,4134,9415,42190,42928,39551,3632,18287,25629,38679,3601,45950,19966,23868,15460,
100,27212,15219,20013,1988,28644,15611,5752,8045,23377,9181,24192,24620,15878,51392,7012,45502,30852,1726,34502,31921,21291,192,36463,35304,29301,40132,43092,38737,4928,7844,47062,16520,10782,14647,6478,29468,13556,7239,2981,35219,43632,41801,33723,33696,10779,13714,17399,18259,20468,39547,37579,40905,7510,30175,14407,23274,8457,16105,41038,11572,6610,12856,31316,35445,1255,31394,4134,9415,42190,42928,39551,3632,19123,16662,17020,27844,17261,11435,37874,13888,
