1,30473,6383,3012,14887,930,31124,14036,27069,36476,47725,16748,27284,30306,24113,40249,37703,41576,22400,13132,21071,
2,30473,6383,3012,14887,930,31124,14036,27069,36476,47725,16954,16870,43973,8155,4100,7756,587,3726,8347,12822,
3,30473,6383,3012,14887,930,31124,14036,27069,36476,47725,1076,33154,1562,6893,27240,26294,12626,13568,28996,5588,
4,30473,6383,3012,14887,930,31124,14036,27069,36476,47725,16106,606,5053,35768,27048,21632,36139,15950,284,5916,
5,30473,6383,3012,14887,930,31124,14036,27069,36476,47725,3788,40826,3616,5336,1090,39170,6851,14679,284,40687,
6,30473,6383,3012,14887,930,31124,14036,27069,36476,47725,4614,12922,3064,3794,18585,14817,5227,12978,6443,30247,
7,30473,6383,3012,14887,930,31124,14036,27069,36476,47725,44660,23106,4324,3476,10689,5683,28583,598,26207,12437,
8,30473,6383,3012,14887,930,31124,14036,27069,36476,47725,43871,7969,8066,11553,25666,2321,26425,38039,21489,32450,
9,30473,6383,3012,14887,930,31124,14036,27069,36476,47725,789,10009,3082,9008,18053,1603,6263,38309,9397,40920,
10,30473,6383,3012,14887,930,31124,14036,27069,36476,47725,18735,10447,1019,593,31030,45088,41033,7103,13102,3908,
11,30473,6383,3012,14887,930,31124,14036,27069,36476,47725,11548,9798,47692,7718,244,14311,5190,3632,7356,25024,
12,30473,6383,3012,14887,930,31124,14036,27069,36476,47725,33086,24268,602,3822,3309,11976,21673,16323,16676,17886,
13,30473,6383,3012,14887,930,31124,14036,27069,36476,47725,19357,16094,602,5512,40388,17441,27511,27454,19390,1032,
14,30473,6383,3012,14887,930,31124,14036,27069,36476,47725,22791,16094,922,12615,11150,18313,18693,2289,38624,11042,
15,30473,6383,3012,14887,930,31124,14036,27069,36476,47725,18902,24859,4347,7552,24154,39980,2152,33017,7108,15852,
16,30473,6383,3012,14887,930,31124,14036,27069,36476,47725,11115,17064,1285,31942,20674,34265,28783,6682,35976,9819,
17,30473,6383,3012,14887,930,31124,14036,27069,36476,47725,10344,1926,45853,24356,11378,12832,11095,4367,21067,1514,
18,30473,6383,3012,14887,930,31124,14036,27069,36476,47725,50172,6182,1453,44845,10732,29369,14823,29580,14233,5942,
19,30473,6383,3012,14887,930,31124,14036,27069,36476,47725,14485,14498,1687,28974,33197,12322,25055,701,8150,5621,
20,30473,6383,3012,14887,930,31124,14036,27069,36476,47725,13024,7032,952,15390,16197,15404,2730,44612,13471,3043,
21,30473,6383,3012,14887,930,31124,14036,27069,36476,47725,10427,10541,9534,9172,43617,18310,34364,23808,2342,6888,
22,30473,6383,3012,14887,930,31124,14036,27069,36476,47725,29584,22841,15153,9218,18815,26593,1794,11436,3731,1733,
23,30473,6383,3012,14887,930,31124,14036,27069,36476,47725,11683,14294,16072,32716,13495,27471,21508,10578,5192,1423,
24,30473,6383,3012,14887,930,31124,14036,27069,36476,47725,26235,809,23130,38681,20910,18654,17716,20309,38170,10405,
25,30473,6383,3012,14887,930,31124,14036,27069,36476,47725,10343,42630,1792,3198,26672,14860,10101,15248,8435,11301,
26,30473,6383,3012,14887,930,31124,14036,27069,36476,47725,27084,5084,4146,13931,23794,17929,6252,37960,16475,21562,
27,30473,6383,3012,14887,930,31124,14036,27069,36476,47725,13314,16722,3095,3766,11644,16322,7459,21575,19426,31763,
28,30473,6383,3012,14887,930,31124,14036,27069,36476,47725,37985,11069,14713,22744,11286,13009,6722,31585,27756,34708,
29,30473,6383,3012,14887,930,31124,14036,27069,36476,47725,28430,244,12229,22185,18607,21065,9639,24216,17962,7183,
30,30473,6383,3012,14887,930,31124,14036,27069,36476,47725,40952,9695,3492,15622,24162,17055,37505,11032,4945,17184,
31,30473,6383,3012,14887,930,31124,14036,27069,36476,47725,33724,1854,17994,21490,26390,11189,7063,14747,22146,2658,
32,30473,6383,3012,14887,930,31124,14036,27069,36476,47725,12129,7575,6357,5925,10819,27010,18288,20962,23179,14282,
33,30473,6383,3012,14887,930,31124,14036,27069,36476,47725,34997,16305,7373,31838,12069,36797,13463,19783,2274,4355,
34,30473,6383,3012,14887,930,31124,14036,27069,36476,47725,16208,19739,8419,44850,23037,14659,20447,17996,16507,4764,
35,30473,6383,3012,14887,930,31124,14036,27069,36476,47725,12736,37656,8648,29579,22163,20425,42188,10597,3958,43186,
36,30473,6383,3012,14887,930,31124,14036,27069,36476,47725,18891,5260,20547,3500,14301,30502,11848,10597,8067,10115,
37,30473,6383,3012,14887,930,31124,14036,27069,36476,47725,12433,6360,24878,1318,28503,32970,23432,10413,8803,33003,
38,30473,6383,3012,14887,930,31124,14036,27069,36476,47725,27033,12335,27445,7479,36798,11970,11224,20535,1130,6846,
39,30473,6383,3012,14887,930,31124,14036,27069,36476,47725,27068,31895,3543,10755,29902,15309,18548,13552,46465,14881,
40,30473,6383,3012,14887,930,31124,14036,27069,36476,47725,25669,17439,38601,11159,47288,10835,46633,28279,26695,17104,
41,30473,6383,3012,14887,930,31124,14036,27069,36476,47725,14511,3920,11588,36725,24463,11997,25742,18889,23382,569,
42,30473,6383,3012,14887,930,31124,14036,27069,36476,47725,22562,17785,10455,9582,10888,14804,17775,53852,45784,12603,
43,30473,6383,3012,14887,930,31124,14036,27069,36476,47725,17558,2174,13336,10512,15943,13497,37586,18349,5212,6657,
44,30473,6383,3012,14887,930,31124,14036,27069,36476,47725,25740,10632,14383,1073,21976,10418,35516,26422,20297,22727,
45,30473,6383,3012,14887,930,31124,14036,27069,36476,47725,11486,25479,12277,15516,16976,11250,24424,14212,13243,11188,
46,30473,6383,3012,14887,930,31124,14036,27069,36476,47725,15322,7535,19284,5556,32819,39578,17491,23874,1209,6103,
47,30473,6383,3012,14887,930,31124,14036,27069,36476,47725,27093,10207,38735,19577,15444,31333,25551,35612,1308,1672,
48,30473,6383,3012,14887,930,31124,14036,27069,36476,47725,13703,22858,18119,6054,20562,29163,12096,39012,18000,36385,
49,30473,6383,3012,14887,930,31124,14036,27069,36476,47725,41202,18757,12664,7204,14370,43334,36344,28309,15269,23491,
50,30473,6383,3012,14887,930,31124,14036,27069,36476,47725,15927,839,35546,10027,47848,24073,27655,10320,12278,1403,
51,30473,6383,3012,14887,930,31124,14036,27069,36476,47725,15356,6664,16972,10925,20968,30797,15194,32525,2579,32318,
52,30473,6383,3012,14887,930,31124,14036,27069,36476,47725,23846,7003,17277,26009,24489,14920,47685,19973,18409,21367,
53,30473,6383,3012,14887,930,31124,14036,27069,36476,47725,21788,6077,14243,10934,37065,13731,19990,50113,15486,7266,
54,30473,6383,3012,14887,930,31124,14036,27069,36476,47725,26680,5098,12160,17713,42973,46088,14910,26704,1602,21921,
55,30473,6383,3012,14887,930,31124,14036,27069,36476,47725,21154,16581,36210,32986,33906,12000,37330,22880,1430,21219,
56,30473,6383,3012,14887,930,31124,14036,27069,36476,47725,13978,99,22199,17849,19658,19671,52182,24667,22059,13713,
57,30473,6383,3012,14887,930,31124,14036,27069,36476,47725,15549,99,37973,857,17408,15648,14886,12487,9981,1324,
58,30473,6383,3012,14887,930,31124,14036,27069,36476,47725,15073,37960,13254,15639,26806,17992,10876,21623,8465,948,
59,30473,6383,3012,14887,930,31124,14036,27069,36476,47725,33519,16207,54718,7712,20220,16933,35025,25622,16829,11880,
60,30473,6383,3012,14887,930,31124,14036,27069,36476,47725,45687,37474,11079,25262,12961,15944,14758,11092,1672,27858,
61,30473,6383,3012,14887,930,31124,14036,27069,36476,47725,24339,37869,11079,545,10314,22474,19369,12949,2459,15671,
62,30473,6383,3012,14887,930,31124,14036,27069,36476,47725,17267,38596,30981,16988,18685,26982,24174,36461,2685,25512,
63,30473,6383,3012,14887,930,31124,14036,27069,36476,47725,27563,29401,34625,13182,28425,31582,18606,25199,23445,4185,
64,30473,6383,3012,14887,930,31124,14036,27069,36476,47725,11627,11340,10514,29758,17782,32188,39525,14640,14054,16725,
65,30473,6383,3012,14887,930,31124,14036,27069,36476,47725,13327,11510,26056,5091,47224,13356,35901,42874,2071,23444,
66,30473,6383,3012,14887,930,31124,14036,27069,36476,47725,18363,11396,15243,29521,34816,34400,13761,10591,2989,1719,
67,30473,6383,3012,14887,930,31124,14036,27069,36476,47725,12036,15434,33458,36771,38491,44181,20561,10645,2989,11892,
68,30473,6383,3012,14887,930,31124,14036,27069,36476,47725,35993,14434,29046,20428,14665,24178,14840,13714,31739,9295,
69,30473,6383,3012,14887,930,31124,14036,27069,36476,47725,37958,42308,21718,12771,19131,15118,34834,12658,33395,4264,
70,30473,6383,3012,14887,930,31124,14036,27069,36476,47725,22507,21030,14404,26723,12102,44084,33981,37048,15567,18502,
71,30473,6383,3012,14887,930,31124,14036,27069,36476,47725,31528,13951,12009,5745,20983,11846,42392,13471,9400,14345,
72,30473,6383,3012,14887,930,31124,14036,27069,36476,47725,18127,39642,16722,9798,15420,40750,30920,23384,19316,6332,
73,30473,6383,3012,14887,930,31124,14036,27069,36476,47725,23634,17226,34247,28081,44275,29447,23466,17319,23849,2883,
74,30473,6383,3012,14887,930,31124,14036,27069,36476,47725,40776,26500,52628,3728,41003,25925,25791,39137,37841,17722,
75,30473,6383,3012,14887,930,31124,14036,27069,36476,47725,34876,12745,15219,4018,19340,20886,53700,12144,1226,9138,
76,30473,6383,3012,14887,930,31124,14036,27069,36476,47725,12136,13897,15396,9126,14623,22089,10654,24582,21670,9689,
77,30473,6383,3012,14887,930,31124,14036,27069,36476,47725,24812,15588,20837,23047,12782,10910,36873,24582,28046,3585,
78,30473,6383,3012,14887,930,31124,14036,27069,36476,47725,24820,24993,34589,17965,44620,19657,35179,33323,33294,35786,
79,30473,6383,3012,14887,930,31124,14036,27069,36476,47725,10879,15121,13018,479,16226,19192,34077,45228,10841,23677,
80,30473,6383,3012,14887,930,31124,14036,27069,36476,47725,15005,45721,12837,4108,42270,26576,21667,24435,2658,12227,
81,30473,6383,3012,14887,930,31124,14036,27069,36476,47725,48371,12684,12712,8336,26533,12961,13910,33171,1732,9289,
82,30473,6383,3012,14887,930,31124,14036,27069,36476,47725,22829,31987,14001,11788,37335,17568,12212,22675,21137,39461,
83,30473,6383,3012,14887,930,31124,14036,27069,36476,47725,15247,48397,29905,16261,20742,16248,14833,10221,3638,4317,
84,30473,6383,3012,14887,930,31124,14036,27069,36476,47725,10688,10741,19312,2086,13016,14845,30215,18092,4413,20386,
85,30473,6383,3012,14887,930,31124,14036,27069,36476,47725,33965,10999,11807,792,53003,14477,10714,26729,5275,1545,
86,30473,6383,3012,14887,930,31124,14036,27069,36476,47725,23460,23661,11774,16388,21664,10338,14011,41670,8632,32755,
87,30473,6383,3012,14887,930,31124,14036,27069,36476,47725,31435,44119,21475,26227,31291,44266,20127,34309,8379,1301,
88,30473,6383,3012,14887,930,31124,14036,27069,36476,47725,10594,14474,16563,20558,34711,10937,14183,14218,25715,14304,
89,30473,6383,3012,14887,930,31124,14036,27069,36476,47725,10594,26560,13956,21507,13370,26102,31773,22592,13536,587,
90,30473,6383,3012,14887,930,31124,14036,27069,36476,47725,46943,36119,17865,11625,22401,31961,11741,12651,31420,41393,
91,30473,6383,3012,14887,930,31124,14036,27069,36476,47725,12988,14130,11151,17359,35806,15253,18789,18243,8500,11757,
92,30473,6383,3012,14887,930,31124,14036,27069,36476,47725,28402,14134,56162,18594,15243,16243,15147,22414,14631,17224,
93,30473,6383,3012,14887,930,31124,14036,27069,36476,47725,12998,48986,12365,14756,11279,23163,39995,22899,2341,30196,
94,30473,6383,3012,14887,930,31124,14036,27069,36476,47725,13658,12087,45944,21445,14120,34283,26754,40506,21663,41147,
95,30473,6383,3012,14887,930,31124,14036,27069,36476,47725,28386,49940,11054,20387,17488,17286,10717,11886,11279,19136,
96,30473,6383,3012,14887,930,31124,14036,27069,36476,47725,36026,16441,13724,16055,10499,44415,23357,48516,35655,13618,
97,30473,6383,3012,14887,930,31124,14036,27069,36476,47725,15277,32116,16197,2403,51117,44534,15663,22524,11795,17662,
98,30473,6383,3012,14887,930,31124,14036,27069,36476,47725,28936,17250,18469,2004,13074,13960,11534,14896,11795,20156,
99,30473,6383,3012,14887,930,31124,14036,27069,36476,47725,22723,44908,14226,2004,20202,33690,16004,18354,11330,39760,
100,30473,6383,3012,14887,930,31124,14036,27069,36476,47725,38322,10162,25513,1653,14264,30780,14402,10454,13507,18555,
