1,40400,44047,29544,45379,10807,44158,43388,49981,48611,48121,49026,44193,20501,34912,46473,16365,11572,43916,2514,18847,17091,19011,28462,4570,41116,48082,39077,43157,46236,30461,9741,19039,28976,15631,15778,38424,37450,46871,20878,41085,44313,17833,43862,23711,8089,13379,46816,26888,15379,28059,4182,49470,15460,41038,40168,21044,46104,2984,46725,10035,38632,1017,5510,24303,34726,46149,44882,19111,39624,19051,15015,41899,8121,48258,28644,20297,45345,49223,44604,15885,
2,1017,1017,2514,2984,1017,4182,2984,4182,558,2432,17169,1321,1095,3493,4110,1504,3657,8421,2594,5013,1977,716,5423,1092,709,3379,182,2156,7647,16290,3751,2634,2880,1376,1204,1367,2481,2940,5257,856,7223,11142,4169,33535,16168,9854,30966,5185,21839,15325,22149,41947,32675,3771,1551,26772,4723,7297,6980,1048,7167,4638,2377,115,35020,2331,2709,750,33389,3753,33712,36106,719,20913,314,28716,36590,33471,4365,24009,
3,115,182,115,314,115,558,182,314,1095,1551,5296,558,856,719,898,558,2390,1403,1064,1597,600,553,719,1491,376,1095,333,2919,1896,4455,716,1424,975,4319,1225,1298,975,1367,3692,2436,14982,18576,12394,33056,25919,2731,34872,1106,3374,443,3099,6063,23168,10864,1955,46350,558,6727,11534,27198,43989,16793,12245,2590,28442,14442,3137,49316,12075,5445,571,1558,37518,20503,523,34243,11893,18773,18037,14762,
4,115,182,115,314,115,333,182,314,115,115,557,2217,4910,3344,1367,3812,115,115,975,115,13182,558,115,182,1557,115,170,4910,6838,115,4910,115,708,2639,115,182,2878,115,314,2798,14365,18430,6865,28074,6846,2949,19215,23943,27756,34944,8057,41476,115,27902,30972,30738,36594,23826,40378,3681,3018,7366,24783,182,115,26702,42720,57068,6972,3682,5330,58815,23755,3040,13721,43369,115,4727,28637,22751,
5,115,115,115,115,115,115,115,115,115,115,13242,115,115,115,115,115,115,115,115,115,115,115,115,115,115,309,115,115,309,115,115,115,115,1837,115,115,115,8586,6759,115,21975,46011,115,57019,23819,3318,115,115,115,33228,115,115,21835,51605,49049,9737,24472,45742,26071,25152,29756,8361,58484,31695,2643,115,23044,12370,12857,8587,25603,23951,51411,37902,17438,33271,4346,115,115,2774,
6,115,115,115,115,115,115,115,115,115,115,115,115,115,115,115,115,115,115,115,115,115,115,115,115,115,115,115,115,115,115,115,115,14992,25152,115,115,10427,115,115,115,32078,49065,44621,7505,48562,30410,47359,25243,115,41709,115,40305,13548,730,59002,2839,11548,46143,45780,10447,25245,13893,35377,22421,15048,5614,15864,12393,22388,115,51452,27182,115,23770,1991,18879,562,17630,115,38857,
7,115,115,115,115,115,115,115,115,4307,115,115,115,115,115,115,115,115,115,115,115,6244,115,2750,115,115,115,115,115,115,115,115,115,115,115,115,115,115,115,115,115,115,115,21322,1194,38328,115,42779,56725,50557,8099,46029,115,50934,45635,4235,115,36212,24142,115,19790,4114,115,31809,49979,49297,48511,56643,5134,18315,49062,28000,115,35779,115,41008,41987,115,115,115,11038,
8,115,115,115,115,115,115,115,115,115,115,10387,115,115,115,115,115,115,115,115,115,115,115,115,115,115,115,115,115,115,115,115,115,115,115,115,115,115,115,115,115,60417,48266,11682,115,28357,33887,56911,44252,115,37443,51009,21845,115,115,47234,115,57679,60237,19257,23704,17308,153,4659,14388,115,35678,30959,3070,47507,52679,11037,21097,11179,115,957,21441,38411,115,5787,44951,
9,115,115,115,115,115,115,115,115,115,115,115,115,115,115,115,115,115,115,26871,115,115,115,115,115,115,115,115,115,115,115,115,115,115,115,115,115,115,115,115,115,115,115,38719,115,4074,6832,115,115,18522,20475,19618,1778,25149,34138,32479,33434,53917,27800,115,48220,44826,33412,115,115,115,46322,115,33313,44934,2989,18673,29858,48011,18831,21507,11587,30913,8548,115,115,
10,115,115,115,115,115,115,115,115,115,115,115,115,115,115,115,115,115,115,2236,115,115,2570,115,115,4541,115,6084,115,10102,2236,115,115,115,10363,115,18522,115,115,115,115,56599,10472,16424,115,31880,57712,36230,8982,37434,19947,41009,115,115,15839,16588,22030,115,39682,115,22802,115,22869,115,35795,11960,115,51496,3663,57157,28364,39989,5567,115,115,28959,45881,44731,115,39645,948,
11,115,115,115,115,115,115,115,115,115,115,115,115,115,115,115,115,115,115,115,115,115,115,115,115,115,115,115,115,115,115,2397,115,115,115,115,115,115,115,115,115,32062,19000,115,31939,20232,115,32381,4598,47851,20055,28073,115,49186,32248,115,52973,742,12905,12786,32553,20553,28052,115,115,12281,7481,34130,7624,37437,22279,115,115,115,115,115,608,40518,39160,41759,115,
12,115,115,115,115,115,115,115,115,5216,1623,115,115,115,115,115,115,115,115,5093,6317,115,115,115,115,115,115,115,115,3862,115,115,115,115,115,115,115,115,115,115,115,7642,115,34892,19923,21838,115,10455,32460,284,55561,41171,44971,932,28096,3209,14872,27315,263,33412,27946,31504,2825,115,46359,1543,115,115,47487,39232,29834,3564,115,21604,26613,23806,31781,24007,45843,45569,21520,
13,115,115,115,115,115,115,115,115,115,115,115,115,115,115,115,115,115,115,115,115,115,115,115,115,115,115,7380,115,115,115,115,115,115,115,115,115,115,115,5216,3862,28725,38103,50109,532,28533,32060,30910,39710,28173,33552,33357,34257,7871,57889,44961,6778,44763,2076,115,40326,36988,56950,115,45987,115,115,2299,22527,28050,59322,22210,3121,33754,5808,57740,115,45130,12038,16006,5556,
14,115,115,115,115,115,115,115,115,115,115,5227,115,115,15928,15928,115,532,115,115,115,115,115,115,115,115,115,115,115,115,115,115,115,115,115,115,5227,115,115,115,115,47998,3158,7440,31981,17338,9173,8430,115,115,7566,115,17335,26367,29178,10974,19482,115,39872,115,115,31860,42100,52436,12140,13705,7658,20949,115,31043,20910,36904,115,39612,37419,115,8023,29316,115,115,2313,
15,115,115,115,115,115,115,115,115,115,115,115,115,115,115,115,115,115,115,115,115,115,115,115,115,115,115,115,115,115,115,115,115,115,115,6298,115,115,115,115,115,115,9954,115,32165,31755,115,15218,115,35100,47831,13390,115,115,54325,115,2414,28542,26377,115,11006,8209,38423,12583,9942,40917,115,115,47312,56310,47725,115,15437,28626,13926,50368,115,47595,42300,57024,29651,
16,115,115,115,115,115,115,115,115,115,115,5109,115,115,115,115,10115,115,115,115,115,115,115,115,115,3418,115,115,5274,15746,115,115,115,115,115,115,115,115,115,115,115,28832,11501,748,2080,115,115,5405,115,57321,21747,115,33504,47433,28781,1605,26739,16759,115,43653,115,36805,41771,115,48492,3038,43831,20245,115,5554,1980,27705,33794,47621,115,35177,15313,29354,31993,26358,27960,
17,115,115,115,115,115,115,115,115,115,115,115,115,115,115,115,115,115,115,115,115,115,115,115,115,115,115,115,115,115,115,115,115,115,115,13941,115,115,115,115,115,36506,115,6016,26328,42646,31083,39380,115,33160,17473,18316,33587,42201,28052,59155,115,470,6311,115,115,14575,58008,115,115,115,47495,115,115,2655,24879,115,17418,44380,115,54922,115,115,115,41236,115,
18,115,115,115,115,115,115,115,115,115,115,115,115,10132,115,115,115,115,115,115,115,115,115,1169,115,115,1486,115,115,115,2103,115,115,115,115,115,4635,115,115,115,115,34559,115,26229,115,1507,44875,19736,115,115,20601,43202,42681,26343,17166,45713,23725,115,40621,20280,115,9130,45822,49653,115,23815,30551,115,17899,115,115,9044,44965,115,49430,21471,44908,115,26681,44690,16739,
19,115,115,115,115,115,115,115,115,115,115,115,115,115,115,115,115,115,115,115,115,115,115,115,115,115,115,115,115,115,115,115,115,115,115,115,115,115,115,19641,115,28807,33957,115,31311,45425,26533,21738,115,10961,1849,58116,25789,115,48339,38122,43434,27541,16348,28694,115,22206,18636,49803,115,21381,4456,46456,28585,115,6236,115,15726,9103,23625,26033,115,45709,36190,13186,9996,
20,115,115,115,115,115,115,115,115,115,115,115,115,115,115,115,115,115,115,115,115,115,115,115,115,115,115,115,115,115,2749,115,115,115,115,115,115,115,115,115,115,115,17177,20452,41719,15886,115,50531,23215,38554,47700,19341,37619,47277,115,13654,37946,58247,54186,115,41697,56814,33821,14608,1410,674,16869,26057,14947,34942,115,8259,25176,32245,115,962,33955,51912,47633,13023,3152,
21,115,115,115,115,115,115,115,115,115,115,115,115,115,115,115,115,115,115,115,115,115,115,5310,115,115,115,115,115,115,115,115,115,17271,115,115,115,115,115,115,115,51204,20551,39021,49013,115,22246,22656,11787,115,115,7952,58078,44681,11742,48045,115,115,115,46812,24674,46473,44005,39768,115,30083,46038,11551,115,47784,27067,115,48672,44580,115,115,9125,54902,2585,9536,2534,
22,115,115,115,115,115,115,115,115,115,115,115,115,115,115,115,115,115,115,115,115,115,115,115,115,115,115,115,115,115,115,115,115,115,115,115,115,115,115,115,115,33477,35335,115,26788,36368,36113,3170,49837,16124,39261,43586,23663,49012,1498,115,6239,115,30575,25769,22776,16520,4010,25759,58131,115,115,46825,20994,13096,23297,115,38705,115,27890,19688,36233,20875,115,13216,38751,
23,115,115,115,115,115,115,115,115,115,115,29725,115,115,115,115,115,115,115,115,115,115,115,115,115,115,115,115,115,115,115,115,115,115,115,115,115,115,115,115,115,51497,48940,36468,40081,13582,33381,33522,57284,7146,30646,21567,45511,43570,16642,31304,47999,115,17485,115,8022,115,47712,115,115,48091,115,7701,28562,115,115,39349,10244,17562,12105,24092,53249,8332,46372,51224,115,
24,115,115,115,115,115,115,115,115,115,115,115,115,115,115,115,115,115,115,115,115,115,115,115,115,115,115,115,4819,115,115,115,115,115,115,115,115,115,115,115,115,115,29819,13848,9557,47238,32826,11681,7809,55701,35723,12933,53699,12211,115,32092,115,971,26712,115,115,57792,10710,115,26332,29122,46388,3160,15164,49359,19685,32594,21235,115,19031,14514,8709,43986,115,115,2192,
25,115,115,115,115,115,115,115,115,115,115,115,115,115,115,115,115,494,115,115,115,115,115,115,115,115,115,115,115,115,115,115,115,115,115,115,115,115,115,115,115,37968,26410,115,25143,115,115,23916,115,115,3337,115,34676,42092,5225,115,115,45222,747,115,13422,37530,13228,7406,115,17466,115,47799,115,22121,19374,115,115,14785,2141,969,115,45972,30038,115,37998,
26,115,115,115,115,115,115,115,115,115,10012,115,115,115,115,115,115,115,115,115,115,115,1309,115,115,115,115,115,115,115,6974,115,37189,115,115,115,115,10782,115,115,115,3048,35421,10149,59439,31338,40264,115,115,28884,115,16660,48991,21254,115,54379,115,37719,11451,11905,9188,43027,25452,115,14372,54729,115,115,48425,115,14577,31667,8222,33950,31645,1816,48710,50266,115,15144,16097,
27,115,115,115,115,115,115,115,115,115,115,115,115,115,115,115,115,115,115,115,115,115,115,115,115,16988,115,19358,115,115,115,115,115,115,115,115,115,115,115,115,115,9262,4159,15037,4086,8737,115,24402,21260,32298,18364,1383,8354,115,23728,23338,26696,115,9744,115,18484,19895,36317,115,115,19401,115,115,47881,3653,37873,32082,10158,115,1953,115,45969,18443,17125,115,51290,
28,115,115,115,115,115,115,115,115,115,115,115,115,115,115,115,115,115,115,115,115,115,115,115,115,115,115,115,115,115,115,115,115,115,115,115,115,115,115,115,115,14839,47766,733,13628,39489,115,29185,115,21365,115,25326,22697,27251,27089,1535,18226,14311,115,30183,37239,29112,115,39141,115,47083,1618,115,115,115,115,2470,30984,31381,4401,115,23009,40830,35229,40120,115,
29,115,115,115,115,115,115,115,115,4093,1335,6812,115,115,115,115,115,115,115,115,115,115,115,115,115,115,115,6812,115,115,115,115,115,115,115,115,115,115,115,5157,115,28172,38880,30434,48905,115,47425,8488,12803,115,51994,1522,14181,33210,28912,115,43328,477,2842,9571,2240,115,1335,14124,1104,36845,8591,115,27018,27115,5580,20346,12110,115,44215,18352,46982,115,3873,115,22436,
30,115,115,115,115,115,115,115,115,115,115,115,115,115,115,115,115,115,115,115,115,115,115,115,115,115,115,115,115,115,115,115,115,115,115,115,115,115,115,115,115,115,21953,40397,36071,2480,115,19145,42374,56379,43903,6606,115,6105,297,32085,17967,2337,27068,115,47321,35774,38043,7819,54864,10896,115,34870,115,1692,23425,24837,115,43666,28667,115,22011,115,51591,40434,8856,
31,115,115,115,115,115,115,115,115,115,115,115,115,4789,115,115,115,115,115,115,5409,115,115,115,115,115,115,115,115,115,115,115,115,115,115,115,115,5409,115,115,115,23669,115,47401,48039,35608,40729,36748,115,613,115,28019,25768,115,3677,115,1445,59442,56520,48173,115,42903,48453,2362,36863,115,115,3081,41810,115,16264,115,27936,34096,18362,23412,14752,115,115,4430,115,
32,115,115,115,115,115,115,115,115,115,115,115,115,2362,115,115,115,115,2744,1169,115,115,115,115,115,115,613,6031,115,115,115,115,115,115,115,115,115,115,115,115,10502,31293,115,6748,5745,5791,115,47363,937,21732,115,36718,13994,15273,47521,6914,31692,14668,17262,16522,115,51819,26336,115,52959,4407,1814,48072,20112,115,21034,15556,115,39485,47560,9306,31987,10307,3440,29903,28247,
33,115,115,115,115,115,115,115,115,115,10770,3025,115,115,115,115,115,115,115,115,115,115,115,115,24703,19433,115,115,3025,115,115,115,115,115,115,115,115,115,115,115,115,28495,13402,22550,1382,9451,20551,49060,17968,115,249,115,24861,115,55906,15494,115,27576,16170,37268,115,20021,14113,36398,115,29834,1312,46439,57879,34495,4514,12357,21202,51268,13228,23163,10115,3893,25154,28313,18227,
34,115,115,115,115,115,115,115,115,115,115,115,115,115,115,115,115,115,115,1948,7861,115,115,115,115,115,115,115,115,115,115,115,115,115,115,115,115,115,115,115,115,8466,9874,20318,2484,115,35750,57752,59801,54371,115,31756,21819,34958,55597,115,41397,115,40574,42785,51103,2324,27406,14631,115,1602,30811,6522,10383,38376,115,51067,3038,9174,34743,27507,16036,21191,115,115,17370,
35,115,115,115,115,115,115,115,115,115,115,115,115,115,115,115,115,115,115,115,115,115,115,115,115,115,115,115,115,115,115,115,115,115,115,115,115,115,115,115,115,21284,38575,115,43540,10751,32647,43895,115,7243,115,115,115,1019,115,115,4667,3200,42063,18351,39914,55232,18676,3554,20644,41458,115,20337,115,8439,23074,6269,56242,33371,40493,33714,11888,43954,56480,45267,48147,
36,115,115,115,115,115,115,115,115,115,115,115,115,115,115,115,5390,115,115,115,115,115,115,115,115,115,115,115,115,115,115,115,115,115,115,115,115,115,115,115,115,27827,115,9083,8189,5554,18149,115,5207,36290,55631,58390,13801,41865,22946,22732,115,47219,7089,33892,115,17563,45411,115,49805,115,115,420,50222,115,115,43575,45094,4197,29896,115,36225,115,40353,115,17819,
37,115,115,115,115,115,115,115,115,115,115,115,5932,115,115,115,115,115,115,115,115,2245,115,115,115,2245,115,115,1831,115,1831,115,115,115,914,115,115,115,115,2932,30251,47811,43551,22234,35600,115,31712,38508,18762,30426,55420,6445,8745,34283,11702,49954,42863,2195,8680,115,115,38302,10667,34861,8920,48262,42415,37217,115,45378,5659,3998,19602,115,25516,46602,3482,7361,15256,115,41642,
38,115,115,115,115,115,115,115,115,115,115,11756,12441,115,115,115,115,115,115,115,115,115,115,22319,115,115,15043,6147,115,23911,115,115,115,115,115,13687,115,115,115,115,115,44161,12560,115,32983,115,15210,115,46950,35769,115,20410,26279,12609,32607,27893,38881,15344,25161,16421,12518,19990,115,1264,23479,48578,11591,56970,39498,115,2715,39897,28097,13943,11943,16603,15833,46357,21524,16827,115,
39,115,115,115,115,115,115,115,115,115,115,115,115,115,115,115,115,115,115,2715,115,115,2830,115,115,10438,115,115,115,115,115,115,115,115,115,115,115,115,115,44183,115,29403,23316,33117,115,18043,115,42559,19709,5566,27677,25207,42604,36679,54351,55794,40287,58474,115,2290,35963,49499,32253,38537,41388,9582,115,10600,115,33685,115,11811,46246,12615,115,47808,21670,47602,50846,3012,21710,
40,115,115,115,115,115,115,115,115,14063,115,115,115,115,115,115,115,115,115,115,115,115,115,115,115,115,115,115,115,115,115,115,115,115,115,115,4194,115,115,115,115,115,7950,49181,115,47822,55932,115,115,115,31994,115,5374,115,7831,32110,6931,42954,20182,47304,17893,1607,115,43528,59187,48646,115,2686,8397,115,28418,32665,115,19023,29182,115,32987,50278,16362,10418,47040,
41,115,115,115,115,115,115,115,115,4076,115,115,115,115,2239,416,115,906,115,115,115,115,115,115,115,115,115,115,115,115,10974,115,115,4076,115,115,2437,115,115,115,18533,46627,115,54856,11788,26857,115,24314,8701,115,55797,115,51968,15805,115,9769,32997,26043,3029,2086,40338,3056,115,3251,1322,17012,115,18217,45758,115,34550,35074,1994,55615,115,42849,7476,15788,18429,50192,39339,
42,115,115,115,115,115,115,115,115,9959,115,115,115,115,115,115,115,115,115,115,115,115,115,115,115,115,115,7476,115,115,115,115,115,115,115,4205,115,115,115,115,115,115,25304,57118,19105,115,115,115,12519,9211,11961,115,26453,3956,115,18291,41260,20707,40875,34294,115,56202,21204,16767,27961,115,40578,115,18249,11072,35397,10430,44922,115,115,27113,115,115,38049,5742,28888,
43,115,115,115,115,115,115,115,115,115,115,11015,115,115,9211,115,115,11015,115,115,115,115,115,115,115,115,115,115,115,115,115,5300,115,115,11015,115,115,115,115,115,115,11138,24759,55567,115,35367,32021,16983,11755,22479,115,21077,115,115,1409,23314,30257,39026,115,3513,115,115,9053,27678,51563,17210,11635,45260,26275,59353,23430,11137,23135,6506,10907,49753,21135,45663,31809,115,54064,
44,115,115,115,115,115,115,115,115,115,115,115,115,115,418,115,115,115,115,115,115,115,115,350,115,115,115,115,115,115,115,115,115,115,115,115,115,115,115,115,115,19987,59970,13417,115,41139,5960,46934,115,1084,58477,30966,41253,115,46350,115,115,115,990,14154,9407,6834,50599,26110,4888,52930,39918,115,45237,10077,45035,1697,115,429,15219,52796,27300,31378,5263,43444,58628,
45,115,115,115,115,115,115,115,115,115,115,115,115,115,115,115,115,115,115,115,115,115,115,115,115,115,115,115,115,115,115,115,115,115,115,115,115,115,115,115,115,36769,8366,115,40964,115,115,1047,115,24485,36710,5556,115,115,36028,49941,115,27353,115,115,37998,13700,115,14527,35150,115,19665,2073,34077,27185,115,27048,25698,115,115,57031,18178,58428,29777,8212,115,
46,115,115,115,115,115,115,115,115,115,6791,115,115,115,115,7019,115,115,115,6791,115,115,115,115,115,115,115,115,115,115,7019,115,115,115,115,115,115,115,115,6791,115,115,54968,33907,115,16725,27974,7939,115,115,115,8466,55174,4294,115,32919,10369,37922,9437,59302,29867,2494,21397,6783,115,50883,15631,4311,26061,2945,115,16550,44167,28247,48874,13824,15930,49247,40232,55693,18098,
47,115,115,115,115,115,115,115,115,115,115,115,115,11780,115,115,115,115,115,115,115,115,115,115,115,115,2481,115,115,115,3334,1815,115,1815,115,115,115,115,115,115,115,17378,10094,41811,6324,34360,115,11284,47030,22670,21366,115,115,25674,115,6111,38581,50457,115,115,13778,15622,44274,115,23414,115,34861,12927,115,19495,30005,6705,115,115,9702,47564,115,4427,47670,41623,50050,
48,115,115,115,115,115,115,115,115,115,115,115,115,115,115,115,7475,115,115,115,115,115,115,115,115,115,115,115,115,115,115,115,115,115,115,115,115,115,115,115,115,15453,14872,115,115,115,14330,34023,14305,26210,6571,11764,3561,35655,115,31765,115,115,43878,3197,16793,115,4198,18685,52048,25569,28058,115,3071,115,11702,21630,8420,23969,10168,56988,2382,115,115,2943,3108,
49,115,115,115,115,115,115,115,115,115,115,115,115,115,115,115,4118,115,3197,115,115,115,115,115,115,115,115,115,115,115,115,115,115,115,115,115,115,115,115,115,115,14209,48998,31567,30593,41215,48207,36176,13174,25586,19623,46244,115,115,43559,18958,115,24293,7879,13226,115,26776,115,27167,115,115,115,16812,24484,3064,51799,115,8859,43280,115,115,19054,9923,40070,15167,36908,
50,115,115,115,115,115,115,115,115,115,115,20791,115,115,115,115,115,115,115,115,115,115,115,115,115,115,115,115,115,115,115,115,115,115,115,115,115,115,115,115,115,27312,3328,58488,26424,115,582,9962,9979,115,18167,2591,21056,115,23019,115,9557,56446,54578,115,25627,35652,30584,115,53108,46962,115,13760,55001,47154,115,32299,57422,14150,11372,20982,34601,15522,115,36885,55395,
51,115,115,115,115,115,115,115,115,115,115,115,115,115,115,115,115,115,115,115,115,115,115,115,115,115,115,115,115,115,115,115,115,115,115,115,115,115,115,115,115,115,13372,11403,11860,58658,40526,24553,27387,12204,115,115,46664,10751,44627,29079,115,57066,24983,37063,4211,30086,17087,51165,23318,2538,23328,33036,37648,115,49767,14860,36082,13791,10189,115,45869,115,26397,17520,33526,
52,115,115,115,115,115,115,115,115,115,115,115,115,115,115,115,115,15434,115,115,115,115,115,115,115,115,115,115,14786,115,115,115,115,115,115,115,115,115,115,115,115,14535,17280,10695,115,7040,115,49649,59128,45359,27218,18629,36259,997,39070,20348,36225,32229,16363,3718,15892,51613,115,59028,43060,20760,9783,28282,48143,45492,115,16401,15809,21375,38334,39749,2512,14474,115,1998,7299,
53,115,115,115,115,115,115,115,115,115,115,115,115,115,115,115,115,115,115,115,115,115,115,115,115,115,115,115,115,115,115,115,115,115,115,115,115,115,115,115,115,2831,7105,49159,7715,28977,29022,115,14191,115,115,4023,115,44784,22528,11629,43796,20190,56280,20113,115,22254,115,35565,31394,31782,6297,47309,28120,22091,60942,10579,12557,4261,2827,34087,14073,46764,37463,115,34861,
54,115,115,115,115,115,115,115,115,115,115,115,115,115,115,115,115,115,115,115,115,115,115,115,115,115,115,115,115,115,115,115,115,115,115,115,115,115,115,115,115,42089,115,3880,33673,41713,16203,40552,17610,18509,115,3951,115,39570,20600,115,54867,115,2228,25797,48629,22548,115,115,15391,115,8218,16787,2633,7867,16587,46300,115,37692,115,11582,40866,115,115,40332,115,
55,115,115,115,115,115,115,115,115,1715,115,115,115,115,115,115,115,115,115,115,115,115,115,115,16692,115,115,115,14182,115,115,115,115,115,2633,115,115,115,115,27557,115,115,115,9295,4053,38256,24414,11377,32951,115,115,41210,23284,53674,29966,41086,115,24944,115,5312,50243,33031,14631,8191,968,6595,115,19912,3371,36338,15898,115,7647,24128,12141,3940,115,49243,30869,26786,115,
56,115,115,115,115,115,115,115,115,115,115,115,115,115,115,115,115,115,115,115,115,115,115,115,115,115,115,115,115,115,115,115,115,115,115,115,115,115,115,115,115,3457,28057,10002,115,35974,57476,31319,46761,43975,47158,10876,44904,115,115,18182,26923,115,115,3718,58962,115,58199,19908,45166,18689,21081,115,54270,115,3247,36683,18083,115,16310,43002,32549,45864,115,40411,115,
57,115,115,115,115,115,115,115,115,115,115,115,14631,420,14957,7466,115,14957,115,115,14957,14631,115,115,115,7417,115,115,34962,115,883,12662,10007,115,11946,10158,115,14957,14631,2659,14436,23643,115,29126,38945,53853,25713,3049,40316,4157,11375,8574,27333,20617,10531,18506,52739,115,2538,115,115,38443,115,18032,10212,115,21747,115,26817,36003,4845,1770,40430,26755,47294,1910,28309,59203,115,21064,115,
58,115,115,115,115,115,115,115,115,115,115,115,115,115,115,115,115,115,115,115,115,115,115,3527,115,15803,115,115,115,115,115,115,28936,115,115,115,3357,115,115,115,15803,26274,49333,115,53447,33100,115,37963,5611,42048,34036,29667,52950,115,115,27082,21579,6913,5861,115,1982,48293,14021,115,25220,43141,115,115,19414,38924,6312,58937,17895,24048,40222,17715,43688,45540,115,57875,6646,
59,115,115,115,115,115,115,115,115,25661,115,115,115,115,115,27259,115,115,115,115,115,115,115,115,115,115,115,115,115,115,115,115,115,115,115,14021,115,115,115,115,115,115,115,39027,15650,43377,45697,52966,1030,115,41525,115,10347,115,15440,115,115,28352,41169,115,115,32008,115,2145,115,3767,115,3222,18763,115,23835,15111,11882,4138,29988,34374,115,19319,35327,115,10436,
60,115,115,115,115,115,115,115,115,115,115,115,115,115,7581,115,115,115,115,115,115,115,115,115,115,115,115,115,115,115,9886,115,115,115,115,115,7843,115,115,115,115,22536,20752,12956,115,36408,5170,35556,10409,11360,29022,2449,7925,28226,115,115,17029,40755,115,27810,5246,9700,115,12734,31648,57519,30207,25817,47150,28662,44694,29221,115,44241,15004,47581,1316,115,37102,25355,43400,
61,115,115,115,115,115,115,115,115,115,115,115,115,115,115,115,115,115,115,115,115,115,115,115,115,115,115,115,115,115,115,115,115,115,115,115,115,115,115,115,115,37744,23474,45477,115,44796,58094,46050,54413,986,115,115,115,115,115,115,115,44945,384,51039,115,24301,115,30476,41523,43757,29942,115,13389,44463,115,3245,115,20831,115,115,3038,9703,9869,19520,36477,
62,115,115,115,115,115,115,115,115,115,115,115,1625,115,115,115,115,115,6938,19708,115,115,115,115,115,115,115,115,115,115,22316,115,13553,1390,115,9967,115,115,115,115,115,42773,7012,36476,115,14552,3568,24764,44674,20583,36329,115,115,11932,115,115,462,43390,3393,1312,115,14501,57863,115,27876,6797,18827,24894,3924,36949,115,21119,115,16345,34607,43715,39909,115,46202,37538,45756,
63,115,115,115,115,115,115,115,115,115,115,115,21591,115,115,115,14570,115,115,115,1054,115,115,9732,115,115,115,115,115,115,115,115,115,115,115,115,115,115,115,115,115,3142,33127,24667,40384,26598,115,15256,4128,50243,25770,11082,115,19422,115,34233,115,44054,4955,10927,37977,49623,20136,46288,18770,30295,55095,37691,24084,54741,34705,115,46599,12142,32647,21728,56265,13890,115,17818,23502,
64,115,115,115,115,115,115,115,115,115,115,115,115,115,1478,115,115,21194,115,115,115,115,115,291,115,21194,115,115,115,115,115,115,115,115,115,115,115,115,115,115,115,115,21212,2202,10528,34004,29489,19573,58407,46919,11028,814,1172,46542,11983,48797,38907,19801,115,115,2268,32213,161,115,18725,50065,53393,37203,47832,115,58150,30283,115,49135,12776,115,115,43375,23644,52940,1945,
65,115,115,115,115,115,115,115,115,115,115,115,115,115,115,115,115,115,115,115,115,115,115,115,115,115,115,115,115,115,115,115,115,115,115,115,115,115,115,115,115,6140,25480,44195,11362,49588,49780,39171,6324,7899,28046,115,11161,36511,30205,115,21897,22710,41198,11431,42911,11230,30574,32186,3352,28035,26028,115,2821,50912,33650,25333,23799,58457,2156,3625,20631,115,19355,115,7525,
66,115,115,115,115,115,115,115,115,115,115,16665,115,115,115,115,115,115,115,115,115,115,115,115,115,115,115,115,115,115,115,115,115,115,115,115,115,115,115,115,115,38887,115,36025,115,49304,115,11689,7081,115,3026,58151,18919,115,115,29126,9663,11912,38054,49333,4044,115,115,42213,21853,18416,115,18157,53922,43991,37418,115,42350,38045,48427,115,14590,5782,53257,44068,10509,
67,115,115,115,115,115,115,115,115,115,1140,115,21006,115,11031,115,12054,115,29126,10702,115,115,115,115,115,115,115,358,115,358,115,115,115,115,9795,115,115,115,115,115,115,6041,7831,288,32869,1043,44793,39147,18760,57391,45493,38150,21657,115,393,32546,115,46572,55626,21436,26139,115,7062,25020,16656,1995,10362,58226,29359,26541,13288,2337,10469,21518,24219,27565,34177,301,22670,34652,17316,
68,115,115,115,115,115,115,115,115,115,115,8972,115,115,23868,115,115,115,115,195,115,115,1727,115,115,115,115,115,115,115,115,115,2854,115,115,471,115,115,115,115,115,28189,51852,32939,115,42849,25618,21947,18052,12693,115,115,48294,34290,57849,38497,43158,14109,57052,18746,115,40727,1934,43102,3232,15803,30293,11741,11764,26889,38238,36636,51624,115,1910,27695,495,18243,34675,44604,11922,
69,115,115,115,115,115,115,115,115,115,115,115,115,115,115,115,115,115,115,115,115,115,115,115,115,115,115,115,115,6987,115,115,115,115,115,115,115,115,115,115,115,115,6597,4952,11230,30701,34862,115,3246,51738,10752,22537,11111,34914,31254,13872,12311,15905,43146,25127,14534,18609,27179,20274,40217,115,2121,9519,31075,4279,39280,17597,17108,3067,23018,115,44017,39993,115,40511,53138,
70,115,115,115,115,115,115,115,115,115,115,115,115,1380,115,115,115,115,115,115,115,115,115,115,36958,115,115,115,115,115,2820,115,115,115,115,115,115,115,115,115,115,24429,7682,115,6889,44715,30639,115,115,27904,15737,27428,14879,115,25571,24712,115,60316,30089,115,3078,7740,115,47211,115,32509,14171,11248,115,115,8556,4426,21105,3821,115,115,115,19052,3376,38229,29070,
71,115,115,115,115,115,115,115,115,115,24712,115,115,3376,115,115,115,7776,115,115,115,2429,115,115,115,115,115,115,115,115,115,115,115,115,115,115,2335,115,115,115,115,55554,115,47489,33143,25728,36533,11761,24929,44072,115,49783,12400,6971,50978,41939,22835,7627,13765,10420,115,44673,56076,19266,53108,47219,37065,11831,31956,55479,21893,11441,33061,44763,39898,46280,115,7528,54445,12130,36033,
72,115,115,115,115,115,115,115,115,115,115,115,115,115,115,115,115,115,115,115,115,115,115,115,115,6072,115,33014,115,115,115,4909,115,4844,115,12616,115,115,115,115,3013,19770,30281,13502,15395,1473,1287,15043,12787,33628,115,45103,731,7978,10028,57413,42969,45873,115,115,1774,47942,57080,764,43963,14887,17903,40038,115,49230,43631,115,115,24189,115,25895,17768,16536,46362,49909,32717,
73,115,115,115,115,115,115,115,115,115,115,115,115,115,10411,115,115,115,115,115,115,20202,115,115,115,3118,115,115,115,115,115,115,115,10221,115,115,115,115,115,115,115,115,36045,16977,22333,271,3673,43618,115,38717,44891,4425,46657,11836,49881,7162,2795,115,33151,115,49294,16529,14487,39545,115,11739,30943,13119,8209,115,28175,43147,54392,49472,19087,60847,115,115,115,115,14898,
74,115,115,115,115,115,115,115,115,115,115,115,115,115,115,115,115,115,115,115,115,115,115,115,115,115,115,115,115,3624,115,115,33566,115,115,115,115,115,115,115,115,43058,115,29461,38667,13213,38314,115,51119,115,46735,28226,35090,115,14691,35809,14464,7452,18447,42778,1160,115,6621,29419,115,115,49744,1163,46728,4043,115,115,13670,36262,57111,19111,10015,33120,36006,44613,115,
75,115,115,115,115,115,115,115,115,115,115,115,115,115,115,115,115,115,115,115,115,115,115,115,115,115,115,115,115,115,115,115,115,115,115,115,115,115,115,115,115,3184,1936,115,17417,115,30812,115,36777,40651,115,3363,44759,911,54938,115,44732,15835,48860,45401,47237,21430,115,11193,23096,28221,42524,115,50206,14316,36726,7540,33336,115,115,115,8745,14952,37592,20028,9996,
76,115,115,115,115,115,115,115,115,115,6440,115,115,115,9996,115,115,115,643,115,1071,19210,11993,115,115,115,16237,115,115,115,115,115,115,115,115,115,2424,115,115,115,3363,23939,39275,16872,33230,8673,3627,153,46443,10579,6437,115,40984,338,25297,16729,6953,11588,115,57920,7736,39671,18681,38204,115,11876,18853,17219,20964,115,17241,20107,45215,115,57463,17046,15516,29882,36046,41152,41945,
77,115,115,115,115,115,115,115,115,1462,115,115,115,115,115,115,115,115,115,115,115,115,3770,115,115,115,115,115,4041,115,115,115,115,115,115,115,115,115,115,115,115,115,115,11880,58503,12098,11411,115,115,44988,115,26950,57696,48961,9681,38146,52483,34553,51965,57711,115,892,17162,687,6138,22597,16973,54539,16288,34396,38268,115,43309,115,30703,39222,8545,24039,39136,115,33390,
78,115,115,115,115,115,115,115,115,115,115,115,115,115,115,115,115,115,2461,115,115,115,115,115,9162,115,115,115,115,115,115,115,115,115,115,115,115,12787,115,115,115,115,115,115,25335,115,48052,56233,115,45916,4726,38476,48047,16305,115,115,115,115,32262,115,28515,22796,29685,56408,18880,1871,13025,37467,44019,42676,51222,3508,54316,31492,15286,11453,33985,115,16006,45670,37989,
79,115,115,115,115,115,115,115,115,115,115,115,115,115,115,115,3830,115,115,115,115,115,115,115,115,115,115,115,115,115,115,115,115,115,115,115,115,115,115,115,115,3076,115,51294,20931,27227,115,1829,115,51167,5075,115,115,22011,39624,1478,52065,16463,43191,115,20187,5089,5671,115,22420,17233,38557,9277,115,10336,26634,29188,33918,115,115,115,13360,35914,115,12024,48608,
80,115,115,115,115,115,115,115,115,115,115,115,115,115,115,115,115,115,115,115,13360,10067,115,2542,10067,115,115,115,115,115,115,115,115,115,115,115,115,115,325,1585,18677,115,55614,115,23173,34931,4245,31421,42878,23566,115,58763,27694,4337,26064,9936,49811,115,115,20356,30516,14842,20674,12490,1395,115,38977,47141,46875,115,48770,8119,35051,115,16870,115,26047,115,12908,2948,115,
81,115,115,115,115,115,115,115,115,3668,115,115,115,115,115,115,115,115,115,115,115,115,115,115,115,115,3668,115,115,115,115,115,115,115,115,115,115,115,115,115,115,115,22358,115,39360,42092,28322,29095,115,115,46996,9251,115,115,59999,37751,28388,115,24504,14694,2341,115,40819,20141,13821,14871,37087,11399,16744,48511,3881,49756,115,47165,7157,8875,9187,29109,56770,41005,10174,
82,115,115,115,115,115,115,115,115,115,115,115,115,115,115,115,115,115,115,115,115,115,115,17552,115,115,115,115,115,115,115,115,115,115,115,115,115,115,115,115,115,115,42891,44262,14344,11743,22684,115,17795,14407,1386,115,8154,115,23939,40813,115,54369,32994,115,11349,52030,37084,14550,9157,115,10414,31918,14236,2820,16555,21626,5137,6232,41373,10635,12805,115,44945,21419,32130,
83,115,115,115,115,115,115,115,115,115,115,115,115,115,115,115,11349,115,115,115,115,115,115,115,115,115,115,36594,115,115,115,115,115,115,115,115,115,115,115,115,115,5806,18672,14366,18317,47809,40632,1889,22503,18756,115,115,43953,20418,603,2541,53884,45517,3944,51934,115,24068,115,5434,52809,37878,16742,56603,115,45779,33955,115,35426,43565,57533,5808,1277,115,115,8461,115,
84,115,115,115,115,115,115,115,115,115,115,115,115,115,115,115,115,115,115,115,115,115,115,115,115,115,115,115,115,115,115,115,115,45558,115,115,115,115,115,115,115,20540,115,1237,42009,115,53733,58174,34667,17699,26204,2389,115,8695,115,11655,4979,115,3105,10743,115,45169,43138,9313,11511,23424,44722,28966,115,115,23243,25358,35763,997,32978,47575,115,115,115,59537,14592,
85,115,115,115,115,115,115,115,115,115,115,6342,115,115,15683,17652,115,11136,115,115,115,115,115,11981,115,12381,11981,115,115,115,115,115,13890,115,115,115,115,115,115,115,115,2147,115,29579,42305,1042,42927,30623,35974,49170,115,1889,46745,115,6453,13723,5656,115,115,46917,115,14009,17348,2496,10287,115,115,18834,58981,15304,5864,3940,115,6859,16423,21492,29665,7085,31360,19881,4137,
86,115,115,115,115,115,115,115,115,115,952,115,115,115,115,115,115,115,115,115,14923,115,115,728,115,1897,115,115,115,115,115,115,115,115,115,115,115,115,14884,115,115,49506,45038,19976,39070,115,55706,115,3258,115,55299,115,115,17828,44665,46285,258,115,8154,656,115,115,56214,115,16113,115,23041,33020,5156,29359,115,27987,57764,52405,17180,115,1818,115,7025,115,6375,
87,115,115,115,115,115,115,115,115,115,115,115,115,115,115,115,115,115,115,115,115,115,115,115,115,3737,17969,115,115,115,115,115,115,115,115,115,115,115,217,115,115,35100,3136,36437,115,15598,115,115,115,36480,11455,57045,48629,12145,115,20762,35092,56151,57457,52251,41812,60265,115,17253,52316,5984,14592,46725,52621,6799,42065,115,27657,13286,23587,33680,31413,115,46012,15362,44438,
88,115,115,115,115,115,115,115,115,115,115,115,115,115,115,115,115,115,115,7540,115,115,115,217,115,115,115,115,5788,115,115,115,115,115,115,115,115,115,115,115,115,21638,23367,3266,19452,9821,40392,14418,42168,57660,17693,115,58596,57081,43281,115,48802,20195,115,24174,472,14296,19399,3432,115,115,115,57296,115,115,115,115,20193,45398,36755,37887,8155,3055,18315,115,39990,
89,115,115,115,115,115,115,115,115,115,115,115,115,115,115,115,115,115,115,115,21424,115,115,115,115,115,115,115,115,115,115,115,115,115,115,115,115,115,115,115,115,42493,13325,55593,11173,115,26892,35737,46643,34787,13844,58559,33293,29550,5210,10139,57830,49403,115,115,1456,115,23686,32730,115,19074,115,28915,15152,8828,44474,23123,27500,115,115,26546,46923,115,53242,11912,9536,
90,115,115,115,115,115,115,115,115,115,115,115,115,115,115,115,115,115,115,115,115,115,115,115,115,115,115,17830,115,115,115,115,115,115,115,115,115,115,115,115,115,43957,14350,115,25678,13314,115,43999,32079,47443,115,115,37485,10041,115,115,115,115,47129,8086,10395,48593,115,31914,17977,43891,18089,32585,33216,115,115,39126,38996,50725,46208,9280,41209,52635,16107,24110,11195,
91,115,115,115,115,115,115,115,115,115,115,115,21275,115,115,5997,115,115,115,19352,115,10575,115,115,115,115,2478,115,115,115,115,115,115,115,2686,115,4597,6082,115,115,115,115,6686,12263,20406,20249,21214,10957,37931,11071,37111,7962,23828,115,21430,50363,115,56783,115,2258,23118,24876,15223,21003,33447,115,58178,57655,35032,58243,38803,115,27831,11771,115,115,13826,44922,43985,21991,115,
92,115,115,115,115,115,115,115,115,115,3801,115,115,20711,115,115,115,115,115,115,115,115,115,115,115,115,18100,115,115,115,115,115,115,115,115,115,115,17391,115,115,115,9603,34468,34839,21702,40084,115,49906,25326,25614,36461,17638,115,58304,56760,8318,115,41876,115,14669,20407,10386,9338,43165,6117,53338,42423,25290,25434,115,115,115,50166,9664,12008,8897,54860,115,115,36690,115,
93,115,115,115,115,115,115,115,115,115,115,115,115,115,115,115,115,115,115,115,115,115,115,115,115,115,115,115,115,115,115,115,115,115,115,115,115,115,115,115,115,15450,19475,4774,11191,115,115,44564,11817,12923,115,17610,50338,115,25219,31014,115,165,1916,45863,8031,43120,19929,115,115,38824,41109,115,3578,23803,48708,41118,23394,40875,1768,22444,115,8609,56619,23814,40019,
94,115,115,115,115,115,115,115,115,115,6095,115,394,115,115,6095,115,115,115,115,4747,115,115,115,115,1575,115,115,115,115,115,21575,6095,115,115,115,115,3587,6440,115,115,10277,6194,115,14376,24674,935,16582,5808,1204,37524,115,4548,6651,38444,12659,37555,17557,115,115,24247,1888,3408,31526,17756,31982,19969,115,22264,28976,200,115,11856,20873,115,23637,47491,1844,115,115,14635,
95,115,115,115,115,115,115,115,115,115,115,115,595,115,115,115,17911,115,5017,115,115,115,115,115,115,115,115,115,115,115,115,115,115,17911,115,115,115,35583,22142,115,115,19020,8487,115,44468,1620,115,7131,12157,24412,45193,12366,16198,20516,115,50824,12386,56619,49926,1123,29457,21405,37945,115,17134,39061,115,48851,43423,115,15153,4773,47757,115,115,8219,7872,48861,43596,21725,24688,
96,115,115,115,115,115,115,115,115,115,115,115,115,115,115,115,115,115,115,115,115,115,115,115,115,115,115,115,115,115,115,115,115,115,115,8628,115,115,115,115,115,14318,115,9099,22938,24803,49273,40078,14759,16262,36791,29395,115,115,14932,115,21279,16098,30872,15426,14837,115,511,115,47870,115,874,46037,7654,14242,17267,115,56192,115,34887,53651,19742,34908,20154,115,115,
97,115,115,115,115,115,115,115,115,115,115,115,115,115,115,115,115,115,115,115,115,115,115,115,115,115,17771,115,115,115,115,115,4846,115,115,3325,115,115,115,115,115,2496,115,4984,9124,115,42618,16419,46631,3998,56017,22551,115,25009,42294,115,11058,47637,40492,21777,33045,41902,20595,115,28060,57763,18439,115,34051,20553,8178,17122,41222,115,42859,40997,23782,28375,1460,29071,12685,
98,115,115,115,115,115,115,115,115,115,115,115,115,15651,115,115,115,8770,115,115,12556,115,115,115,115,115,115,115,115,115,115,115,115,115,115,115,115,115,115,115,115,43389,465,28182,26102,5716,12660,16124,38376,24600,6761,25684,45826,12399,15505,12997,45671,2131,42735,115,51221,115,44373,29401,5102,30838,45998,49497,115,1785,33153,30938,18802,4033,45480,31177,32649,115,53880,14933,29120,
99,115,115,115,115,115,115,115,115,115,115,115,115,115,115,115,115,115,115,115,115,115,115,115,115,5527,115,115,115,115,115,115,115,115,115,115,115,115,115,115,10517,115,38375,115,8908,2757,115,8485,38452,40864,115,115,30195,12503,3450,15721,115,115,115,115,49325,12317,49766,115,34717,19229,115,21242,12586,20430,115,2215,46421,45667,27339,27253,115,42318,115,35411,115,
100,115,115,115,115,115,115,115,115,115,115,115,115,115,115,115,115,115,31994,115,115,115,115,5821,115,115,1427,115,115,115,115,115,1753,115,115,115,115,115,115,115,21242,8939,115,6533,44346,5518,50561,115,5914,115,17478,34968,704,12686,10039,10521,27065,16727,20130,34423,30255,28696,2845,11949,16968,21824,115,52089,206,115,47992,47858,6822,115,21227,3390,115,115,11023,115,2559,
