1,18922,23346,258,41773,5066,1771,11094,36959,35066,17799,16021,27175,28015,2258,25589,45680,32921,11754,18961,36834,
2,258,258,15542,8993,411,1682,14018,5184,7840,5184,1591,1697,13165,1096,43671,8774,36026,1818,19806,1505,
3,258,258,258,258,848,258,340,258,340,848,13062,39872,2599,18424,22087,43926,35754,6032,12187,258,
4,258,258,258,258,258,258,258,258,340,258,258,35239,12279,6998,21612,19132,17694,1133,28647,275,
5,258,258,258,258,258,275,258,275,258,258,40167,20690,29331,34878,1715,30614,1847,258,258,258,
6,258,258,258,258,258,258,258,258,258,258,46713,7673,258,7170,258,258,14365,37129,17227,26808,
7,258,258,258,258,258,258,4809,258,258,258,258,258,258,258,29631,40087,258,24705,258,8436,
8,258,258,258,258,258,258,258,258,258,258,36923,2059,24363,258,52865,26648,32683,24414,24590,40340,
9,258,258,258,258,258,258,258,258,258,258,41079,258,29490,39330,443,18273,258,258,258,258,
10,258,258,258,258,258,258,258,258,258,258,19943,29260,258,59509,258,27659,1063,258,258,1519,
11,258,258,258,258,258,258,258,258,258,258,25963,40514,24840,258,30318,41021,56346,43139,17664,41392,
12,258,258,258,258,258,258,258,258,258,258,25585,2878,54053,258,13818,17362,8986,258,258,258,
13,258,258,258,258,258,258,258,258,258,258,13228,6764,26330,4053,9719,7895,258,31670,29395,44619,
14,258,258,258,258,258,258,258,258,258,258,1333,24906,5500,6395,52387,7272,27120,258,27722,24300,
15,258,258,258,258,258,258,258,258,258,258,31416,5967,3281,58085,56510,258,258,29122,12214,23980,
16,258,258,258,258,258,258,258,258,258,258,41684,43733,20668,26672,47781,20329,52217,25299,38949,21483,
17,258,258,258,258,258,258,258,258,258,258,13684,52377,7160,37109,6638,258,258,20266,258,11921,
18,258,258,258,258,258,258,258,258,258,258,48057,35567,54634,258,46586,258,11937,258,5400,17994,
19,258,258,258,258,258,258,29384,258,258,258,258,258,258,15810,17818,25129,11776,34760,6599,16105,
20,258,258,258,258,258,258,258,258,258,258,51155,16687,36108,32367,45254,258,39908,2024,11512,11272,
21,258,258,258,258,258,258,258,258,258,258,14610,14352,16037,8134,20387,40817,258,258,25467,32165,
22,258,258,258,258,258,258,258,258,258,258,46080,258,14566,6860,38306,3063,45719,22177,258,258,
23,258,258,258,258,258,258,258,258,258,258,16634,49381,12271,930,30466,15732,25470,10794,2104,36387,
24,258,258,258,258,258,258,258,258,258,258,44858,47400,35157,15914,48493,258,258,42727,26358,46217,
25,258,258,258,258,258,258,258,258,258,258,258,8248,258,7037,18804,8088,13928,38173,36746,21283,
26,258,258,258,258,258,258,258,258,258,258,31551,34537,258,27380,25507,41035,14771,258,19851,14132,
27,258,258,258,258,258,258,258,258,258,258,58537,9484,7329,48580,23203,258,46178,35712,3946,34640,
28,258,258,258,258,258,258,258,258,258,258,22856,10043,258,258,20379,258,25835,25474,15868,21455,
29,258,258,258,258,258,258,258,258,258,258,53372,258,58351,35256,258,258,258,258,25951,6469,
30,258,258,258,258,258,14230,258,258,258,258,258,258,29559,258,28438,20862,47583,33113,9038,29590,
31,258,258,258,258,258,258,258,258,258,258,30738,6332,29591,21936,258,15434,258,54850,26837,258,
32,258,258,258,258,258,258,258,258,322,258,258,47751,31524,258,258,258,2972,32768,258,35858,
33,258,258,258,258,258,258,258,2972,258,258,258,46486,258,258,40691,23600,18242,45598,258,24495,
34,258,258,258,258,258,258,258,258,258,258,22272,258,23600,19787,5398,40926,2689,10615,46059,241,
35,241,258,258,258,258,258,258,258,258,258,258,258,15667,258,14168,46282,39310,258,57670,22748,
36,241,258,258,258,241,258,258,258,5834,258,35161,25975,40756,30574,258,258,37924,8610,11609,258,
37,241,241,258,258,258,258,241,241,258,258,40808,35629,258,22593,29119,241,258,25863,41732,21163,
38,241,241,258,241,241,258,241,258,20679,241,258,15450,24986,6059,40498,46210,258,241,29295,35271,
39,241,241,241,7832,241,258,241,241,258,241,53616,47203,241,42840,738,31106,18213,18635,19966,12796,
40,241,241,241,241,241,241,241,241,241,241,241,56452,13282,15793,258,4574,50103,15617,5835,241,
41,241,241,241,241,241,17638,241,241,241,241,21092,43358,20254,2886,241,46740,28041,39252,44025,5608,
42,241,241,241,241,241,241,241,241,241,241,30388,20444,6623,18639,10934,32161,28974,2571,31842,241,
43,241,241,241,241,241,241,241,241,241,241,17570,241,241,45900,45906,40841,46084,14721,10197,38956,
44,241,241,241,241,241,241,241,241,241,241,21821,991,37459,29841,241,18372,26597,4828,43346,30815,
45,241,241,241,241,241,241,241,241,241,241,45914,384,37592,19323,22099,12733,17035,36650,3743,22349,
46,241,241,241,241,241,241,241,17035,241,241,10424,5577,36649,6512,26480,15479,8840,241,12627,18246,
47,241,241,241,241,241,241,241,241,241,241,39587,36766,37428,19630,28670,5651,43906,241,15506,241,
48,241,241,241,241,241,241,241,241,241,241,14669,3932,11813,5874,13291,5765,6521,26739,241,241,
49,241,241,241,241,241,241,241,241,241,241,51592,7041,32149,38750,241,43478,241,5078,13316,43077,
50,241,241,241,241,9020,241,241,241,241,241,32832,17781,241,27924,15862,241,241,48480,33922,48048,
51,241,241,241,241,241,241,241,241,241,30228,241,856,26577,2918,9142,46317,7272,23470,241,29523,
52,241,241,241,241,2190,241,241,241,241,241,241,25235,40239,22364,22704,46819,823,7610,4105,48772,
53,241,241,241,241,241,241,241,241,241,241,241,241,241,6608,241,8474,44114,241,33078,16295,
54,241,241,241,241,241,241,241,241,241,241,13322,15341,31454,53389,7467,37942,241,43458,34582,40527,
55,241,241,241,241,241,241,241,241,241,10319,21316,3608,13575,8741,7026,32952,21393,5460,29140,12151,
56,241,241,241,241,241,241,241,241,241,241,28601,2378,241,25721,45508,9331,25606,57104,241,51383,
57,241,241,241,241,27326,11612,241,241,241,241,37846,241,8691,37328,36778,13794,50389,38442,241,28934,
58,241,241,241,241,241,241,241,241,37328,241,12424,27652,3319,241,57982,241,241,8996,491,33972,
59,241,241,241,241,241,241,241,241,241,241,12648,22930,9766,35184,5913,241,40371,241,241,56646,
60,241,241,241,241,241,241,241,241,241,241,20355,6867,55742,241,49927,241,27182,10922,241,5365,
61,241,241,241,241,241,241,26431,6867,241,241,23290,26999,54732,241,14572,24419,30704,41960,241,44862,
62,241,241,241,24485,241,241,241,241,241,241,14885,5600,241,241,794,56835,5253,34256,10268,33773,
63,241,241,241,241,241,241,241,241,241,241,10988,241,241,21036,18875,241,20305,18485,33835,39295,
64,241,241,241,241,241,3620,241,241,241,241,5765,6339,241,11523,9949,241,57586,241,18969,241,
65,241,241,241,241,241,241,241,241,241,241,47615,26447,22083,241,46650,44539,241,26756,2556,29246,
66,241,241,241,241,241,241,241,241,241,241,241,48964,12583,1230,241,10200,10743,59173,11584,22037,
67,241,241,241,241,241,241,241,241,241,241,28676,51087,43375,23767,36397,25091,9917,12541,241,26839,
68,241,241,241,241,241,241,241,241,241,241,12489,241,4636,241,6335,5708,2314,241,241,53501,
69,241,241,241,241,241,241,241,241,241,241,14982,4979,30163,42458,2752,983,19912,241,241,13347,
70,241,241,241,241,241,241,241,241,241,241,18121,22975,10177,241,17075,241,9141,1730,27213,25387,
71,241,241,241,241,241,241,241,241,241,241,18378,47716,2370,21503,21798,40217,44335,30670,47971,34197,
72,241,241,241,241,241,872,241,241,15159,241,33939,49039,39023,41617,241,34623,4969,9137,19008,34455,
73,241,241,7534,241,241,9094,241,241,241,241,241,5086,43210,55472,36311,3868,8817,22082,8993,42390,
74,241,241,241,241,241,241,241,241,241,241,43761,21322,40515,23109,47284,241,20123,241,30315,18816,
75,241,241,241,241,241,241,241,241,241,241,11727,18604,27827,41969,40955,19338,241,56779,11153,38289,
76,241,241,241,241,241,241,241,241,241,241,24282,12963,21521,241,20172,24335,241,27900,241,2632,
77,241,241,241,241,241,241,241,241,241,241,33243,18987,2923,9196,50487,4401,7684,747,25737,47897,
78,241,241,15723,241,241,241,241,241,241,241,29320,10364,3876,21278,38359,10655,241,13364,5689,35921,
79,241,241,241,241,241,241,21278,241,241,241,14523,48879,9797,46247,47046,6775,23023,48697,241,241,
80,241,241,241,241,8165,241,241,241,241,241,241,241,241,16894,30466,8438,21597,241,614,39630,
81,241,241,241,241,20851,241,241,241,241,241,241,8953,27436,33291,15668,18625,53323,39950,20289,37961,
82,241,241,241,241,241,5393,241,241,9453,241,6648,26548,241,55223,5322,24480,241,34769,54101,5843,
83,241,241,241,241,241,4181,241,241,241,241,16843,14786,241,241,241,12644,241,17316,241,12927,
84,241,241,241,241,241,241,241,241,241,241,50781,49151,48626,20989,20846,241,39341,36686,23662,33319,
85,241,241,241,241,241,241,241,241,241,241,27614,8845,468,8985,24806,29640,12815,7356,241,28878,
86,241,241,241,241,241,241,241,241,241,241,42747,56228,6456,241,241,14741,16156,241,38821,10539,
87,241,241,241,6681,241,241,241,241,241,241,8748,11860,13862,20566,25547,9350,591,2977,10540,16653,
88,241,241,241,241,241,241,241,241,241,241,47681,13873,241,5580,42892,24739,241,241,11935,13878,
89,241,241,241,241,241,241,241,241,25555,241,241,25660,3580,4746,18655,18247,9867,30152,9884,22458,
90,241,241,241,241,241,241,241,241,241,241,42782,4141,27385,27975,47105,45834,241,241,14628,14730,
91,241,241,241,241,241,241,241,241,241,241,241,241,44835,241,10667,40350,10049,18883,5652,15564,
92,241,241,241,241,241,241,241,241,241,241,3605,33041,20663,44797,44426,6595,44588,41934,241,708,
93,241,241,241,241,241,241,24890,241,241,4157,25508,241,17406,241,46176,49371,4542,15540,3148,18375,
94,241,241,241,241,241,241,241,241,241,241,42656,50366,24089,241,241,40836,20632,6426,26601,6160,
95,241,241,241,241,241,241,241,241,241,241,14470,14855,20614,59065,38991,11221,37749,25184,47552,1703,
96,241,241,241,241,241,241,13629,241,241,241,51144,6549,14791,20628,1190,7643,53363,2086,852,8948,
97,241,241,241,241,241,241,1190,241,241,241,3318,44859,5536,39492,241,22059,13846,13953,26019,241,
98,241,241,1190,241,241,241,241,241,7268,241,13377,241,7506,32404,31397,37738,21051,22002,10244,241,
99,241,241,241,241,241,241,241,241,3242,241,12040,35081,42293,17909,31442,241,49526,36784,6336,43165,
100,241,241,241,241,241,241,241,241,241,241,37205,17948,241,26093,241,15212,28879,44225,9503,37202,
101,241,241,241,241,241,241,241,241,241,241,22093,5877,44514,3078,39650,37368,8944,241,16060,241,
102,241,241,241,241,241,241,241,241,241,241,16415,12764,12246,8146,31918,17714,241,24530,241,23768,
103,241,241,241,241,241,241,241,241,241,241,23137,19750,40822,241,241,23310,50591,38047,3288,47152,
104,241,241,241,241,241,241,241,241,241,241,1751,26464,44808,20671,10439,241,50820,34236,35442,2942,
105,241,241,241,241,241,241,241,241,241,241,43698,38388,31266,21502,58112,47300,241,11410,241,241,
106,241,241,241,241,241,241,241,241,241,241,14782,241,46316,241,14336,11985,23262,37719,43609,241,
107,241,241,241,241,241,241,241,22720,241,241,43556,241,24606,39253,19787,33632,11411,1743,241,26276,
108,241,241,241,241,241,241,241,241,241,241,24697,42095,241,2933,241,13458,33342,4011,24165,241,
109,241,241,241,5827,241,241,241,241,241,241,4339,25195,241,7821,241,241,241,241,40542,23034,
110,241,241,241,241,241,5935,241,241,241,241,241,22311,9987,47648,241,37811,41112,48974,3626,55631,
111,241,241,241,241,241,241,241,241,241,241,3770,241,11922,33957,13923,3207,13404,241,41922,49101,
112,241,241,241,241,241,241,241,241,241,241,38516,9900,16154,241,2343,7327,47557,6034,241,34023,
113,241,241,241,241,241,241,241,241,241,241,241,16162,10579,11272,39273,17697,241,12069,13207,23056,
114,241,241,241,890,241,241,241,241,241,241,8356,3119,1964,25781,15492,20419,43084,5672,21144,39570,
115,241,241,241,241,241,241,241,241,241,241,241,29095,32626,34845,17282,16412,42552,45171,241,42432,
116,241,241,9973,241,241,241,241,241,31430,241,14765,27378,5500,15239,56849,19199,3752,2582,5385,4906,
117,241,241,241,241,241,241,241,241,241,241,16490,18377,811,241,38789,25449,18816,20986,241,5545,
118,241,241,241,241,241,7115,241,241,241,241,241,16786,5321,39498,12431,27151,4503,17399,241,22436,
119,241,241,241,241,241,241,241,241,241,34859,28298,241,29504,18057,16001,241,6179,25468,3509,241,
120,241,241,241,241,241,241,241,241,241,241,5603,12601,6265,19526,23427,50084,241,241,52610,10656,
121,241,241,241,241,241,241,241,241,241,241,45140,1663,2686,34677,24224,37399,36527,38501,28801,8295,
122,241,241,241,241,3686,241,241,241,241,241,18491,241,458,241,1032,50810,241,16071,29447,35805,
123,241,241,241,241,241,5635,241,241,241,241,241,241,241,17684,6890,12147,241,40285,241,1903,
124,241,241,241,241,241,241,241,241,241,241,241,27703,9293,13843,241,13987,38289,20155,241,26552,
125,241,241,241,241,241,241,241,241,241,241,241,241,681,17286,1567,13233,241,241,241,241,
126,241,241,241,241,241,241,241,241,241,241,241,20669,27056,21699,5856,26447,8129,6368,7529,241,
127,241,241,241,241,241,241,241,241,241,241,241,241,54607,241,702,34029,14302,18227,35633,6904,
128,241,241,241,241,241,241,241,241,241,241,48769,29517,26801,241,25340,241,241,241,241,19101,
129,241,241,241,241,241,241,241,241,241,241,28249,25491,30800,241,5258,241,21566,4754,35592,22105,
130,241,241,241,241,241,241,241,241,241,241,14098,48195,5517,241,241,27223,13586,6197,1173,35591,
131,241,241,2852,241,241,241,241,241,241,241,20191,241,41868,39626,25014,22368,241,13622,33673,37977,
132,241,241,241,1057,241,241,241,241,241,241,24891,19292,20544,45109,2595,17595,241,12641,457,7745,
133,241,241,241,241,241,241,241,241,241,241,9339,19322,24486,241,241,39804,241,27662,2099,26594,
134,241,241,241,241,241,241,241,241,241,17995,24480,22646,31895,4059,25543,15430,41739,14453,42243,20712,
135,241,241,241,241,241,3814,241,241,241,18218,9014,241,3508,58180,11491,33041,33589,8246,241,22509,
136,241,241,241,241,241,241,241,241,241,15576,35125,241,241,3203,618,30852,241,36421,55303,241,
137,241,241,241,241,241,241,241,241,241,241,2154,22346,22581,15630,241,241,19716,29145,21028,16378,
138,241,241,241,241,241,241,241,241,241,241,24429,241,7002,40539,21116,29833,5933,46324,7032,241,
139,241,241,241,241,241,241,241,241,241,241,28944,18933,30677,39726,30959,20200,34344,14530,27512,10683,
140,241,241,241,241,241,3082,241,10394,241,241,6394,48296,14502,498,46222,10660,16077,26240,2254,241,
141,241,241,241,241,241,241,241,241,241,241,241,241,45821,16615,17209,241,24840,28137,241,241,
142,241,241,241,241,2810,241,241,241,241,241,27129,44365,43623,32508,4749,36081,38153,12626,241,241,
143,241,241,241,241,241,241,241,241,241,241,1066,3799,241,14114,241,241,19065,45430,36645,18627,
144,241,241,241,241,241,241,241,241,241,241,16525,39226,16338,17169,21689,28060,241,36229,22087,12378,
145,241,241,241,241,241,241,241,241,241,14423,241,18867,23466,26267,12059,5337,13529,1842,19618,17102,
146,241,241,241,241,241,241,241,241,241,241,23081,14538,20901,28746,44353,2035,15709,21780,16382,241,
147,241,241,241,241,241,241,241,241,241,241,29716,8584,24065,30127,36448,13554,1364,5215,241,1609,
148,241,241,241,241,241,241,241,241,241,241,27484,42326,25696,241,46309,4986,23918,5557,39828,36381,
149,241,241,241,241,241,241,241,241,241,241,46853,24560,11633,241,18765,10508,241,11797,2354,9632,
150,241,241,241,241,241,241,241,241,241,241,241,241,4559,13553,9369,43132,3187,46410,38633,23162,
151,241,241,241,241,241,241,241,241,241,241,47907,8375,21942,22431,2546,10670,37567,11550,2887,241,
152,241,241,241,241,241,11485,241,241,17737,11485,9239,12714,241,35067,10144,44636,17813,241,33764,30797,
153,241,241,16086,241,241,241,241,241,241,241,19662,8238,2251,241,241,13359,13580,6434,241,58780,
154,241,241,241,241,241,241,241,241,241,241,621,241,61237,22622,15445,241,12814,16300,32028,40339,
155,241,241,241,241,241,241,241,508,241,241,25486,49769,12129,47024,621,27995,41867,45917,9104,241,
156,241,241,241,241,241,241,241,241,241,241,17584,6096,36390,241,10336,241,14006,10633,28954,36572,
157,241,241,241,241,241,241,241,241,241,241,11131,37125,44480,241,7684,241,241,41051,17678,5149,
158,241,241,241,241,6205,241,241,241,241,241,10896,3078,34115,21398,26263,7001,39535,11128,42481,17075,
159,241,241,241,241,241,241,241,241,241,241,26962,50435,241,35061,57486,21565,241,241,241,19465,
160,241,241,241,241,241,241,241,241,241,241,241,13515,13786,241,18894,20693,12778,25493,241,39743,
161,241,241,241,241,241,241,241,241,241,241,34009,8758,27634,58433,38088,46172,21023,241,54331,24760,
162,241,241,241,241,241,241,241,241,241,241,241,24148,241,23144,14325,12617,12579,7136,241,6222,
163,241,241,241,241,241,241,241,241,241,241,241,39965,35813,241,6253,241,36739,3692,28313,26202,
164,241,241,241,241,241,241,241,241,241,241,21367,46293,241,18370,30456,13906,47424,50904,31000,33873,
165,241,241,241,241,241,241,241,241,241,241,241,241,10576,16811,5752,8026,20493,11750,47931,241,
166,241,241,241,241,241,241,241,241,241,241,13333,1844,241,241,15042,10231,43079,44829,241,32648,
167,241,241,241,241,241,241,241,241,241,241,6614,4289,20522,18247,23524,27362,4479,16066,30028,50619,
168,241,241,241,12794,241,241,1890,241,241,241,241,46793,1608,18440,241,23922,34873,29501,31585,24077,
169,241,241,241,241,241,241,241,241,241,241,28038,41412,241,9380,241,241,51329,8413,241,241,
170,241,241,10768,241,241,241,241,241,241,241,23918,33503,29387,21757,241,28786,13142,14915,39928,4405,
171,241,241,241,241,241,241,241,241,241,241,23086,24329,23616,35668,53301,241,36244,4253,241,18105,
172,241,241,241,241,241,241,241,241,11555,241,10434,26300,2679,31400,58877,44686,49475,12620,241,29794,
173,241,241,241,241,241,241,8924,241,241,241,2480,6792,241,241,23034,1975,12704,15623,20459,3415,
174,241,241,241,241,241,241,241,241,241,241,44228,3017,24455,19252,241,32386,241,12368,241,241,
175,241,241,241,5267,241,241,241,241,241,241,241,15053,27574,241,30465,48190,33030,12072,29956,31371,
176,241,241,241,241,20841,241,241,241,241,241,241,22101,41077,38121,30747,26063,9239,25295,47248,14273,
177,241,241,241,241,241,241,241,241,241,241,29296,9784,16369,11857,241,51849,241,29313,241,15599,
178,241,241,241,241,241,241,241,241,241,241,40428,17331,22929,241,18721,241,40859,46793,12459,42630,
179,241,241,241,241,241,241,241,241,241,241,21790,241,241,241,4110,2231,241,46934,241,24958,
180,241,241,241,241,241,241,241,241,241,241,44616,35046,241,241,1293,6681,14601,30328,26503,241,
181,241,241,241,241,241,241,241,241,241,241,28971,241,241,11024,38521,24791,26949,241,13762,16222,
182,241,241,241,241,241,241,241,241,241,241,44802,19708,524,39363,7666,1360,19304,23736,241,7232,
183,241,241,241,241,241,241,241,241,241,241,32450,4125,18703,57759,58090,241,41422,11179,1105,36223,
184,241,241,241,241,241,241,241,241,241,241,10089,22570,241,27724,25799,241,241,20715,241,13934,
185,241,241,241,241,241,241,241,241,241,241,38398,241,27342,1234,28359,30083,5522,21773,28204,241,
186,241,241,241,241,241,241,241,241,241,241,29199,1600,49081,9539,44177,241,2510,32892,33413,29316,
187,241,241,241,241,241,241,241,241,241,241,33878,25629,30601,13136,38381,18346,22966,21406,8786,42546,
188,241,241,241,241,241,241,241,241,241,241,8667,3618,241,809,18928,241,27876,4015,29413,241,
189,241,241,241,241,241,241,241,241,241,241,15158,8882,241,14864,12544,241,8133,12433,7538,33769,
190,241,241,241,241,241,241,241,241,241,241,241,241,9839,481,241,241,30045,39215,241,10791,
191,241,241,241,241,241,241,241,241,241,241,40271,241,241,5123,4415,37958,895,17945,47169,22180,
192,241,241,241,241,241,25855,241,241,241,241,20018,21092,2535,18983,34398,4592,16899,16437,241,241,
193,241,241,241,241,241,241,241,241,241,241,241,16652,15723,35785,32241,34805,2226,16807,1875,13204,
194,241,241,241,241,241,241,241,241,241,241,20992,7294,11615,4167,41048,47200,45596,17932,6952,241,
195,241,241,241,241,241,241,241,241,241,241,37389,39207,30452,13010,47040,23198,26609,241,11442,47628,
196,241,241,241,241,241,241,241,241,241,241,11104,1252,36841,9386,22579,241,22163,27177,49292,21328,
197,241,241,241,241,241,241,241,241,241,241,22237,40910,22600,20033,2942,19076,45992,677,50774,8479,
198,241,241,241,241,241,241,241,241,241,241,48712,6976,241,241,241,241,241,31776,1882,13626,
199,241,241,241,241,241,241,241,241,241,241,20872,241,241,32966,12798,45762,35748,241,12844,32665,
200,241,241,241,241,241,241,241,241,241,241,1077,6684,39846,14174,241,15083,241,33947,26054,9804,
201,241,241,241,241,241,241,241,241,241,241,25465,36864,43069,55855,10948,241,24947,37191,24678,11988,
202,241,241,241,241,241,241,241,241,241,241,11146,1867,31747,21895,241,241,43884,15651,22393,34416,
203,241,241,241,241,241,241,241,241,241,241,27071,21068,31811,29573,21696,38819,39034,9492,21316,58918,
204,241,241,241,241,241,241,241,241,3326,241,36025,11308,11119,19806,21419,241,49996,32905,10789,35549,
205,241,241,241,241,241,241,241,241,241,241,14985,18602,241,19665,11409,22507,24853,5583,241,33481,
206,241,241,241,241,241,241,241,241,241,241,11041,241,14554,6093,18039,241,42339,241,20820,241,
207,241,241,241,241,241,241,241,241,241,241,39612,38244,24382,4986,241,43329,39969,17813,19891,51483,
208,241,241,241,241,241,241,241,241,241,241,46859,9806,241,42315,331,47062,9317,241,35700,20141,
209,241,241,241,241,241,241,241,241,241,241,29397,5094,9978,6982,2762,39749,14940,4600,34602,10823,
210,241,241,241,241,241,241,241,241,5094,241,53141,241,11083,5531,46975,9296,57974,20880,23051,16071,
211,241,241,241,241,241,241,241,241,241,241,36425,39458,38721,12348,596,23412,21118,34294,2936,1990,
212,241,241,241,241,241,241,241,241,241,241,36900,241,25751,24263,3636,241,4240,28612,27005,11021,
213,241,241,241,241,241,241,241,241,241,241,241,217,3656,15553,14455,8985,18554,33741,43379,9680,
214,217,241,241,241,241,241,241,241,241,241,10803,12455,18447,33894,241,18816,54867,7822,241,25896,
215,217,241,241,241,241,217,241,241,241,241,14553,39294,22021,241,40870,54224,37412,26012,42577,38496,
216,217,217,241,241,241,217,217,241,241,217,5606,217,7620,4053,54146,32054,241,10142,45485,358,
217,217,217,217,217,217,217,241,217,217,241,217,11181,28986,39254,241,2158,39452,45606,17276,4807,
218,217,217,217,217,217,217,217,217,241,217,11176,28865,35101,32415,59513,44124,217,217,28475,10350,
219,217,217,217,217,16992,217,217,217,217,217,25915,217,42888,46292,13172,45989,13609,6480,16315,7176,
220,217,217,217,217,217,217,217,217,217,217,38537,33861,217,4109,41483,239,217,217,217,53821,
221,217,217,217,217,217,217,217,217,217,217,11210,30458,9566,1490,217,217,14009,217,6055,217,
222,217,217,217,217,217,217,217,217,217,217,11901,9066,1918,217,35045,31829,217,217,217,47417,
223,217,217,217,217,217,217,217,217,217,217,56225,217,12982,50305,11539,22681,217,217,30237,217,
224,217,217,217,217,217,217,217,217,217,217,9240,12087,54679,12200,217,43646,217,5625,35811,8582,
225,217,217,217,217,217,217,217,217,217,217,217,39222,21878,16804,12249,217,4437,22605,19836,40854,
226,217,217,217,217,217,217,217,217,217,217,17534,53760,11768,57188,4254,217,12713,217,41221,12521,
227,217,217,18378,217,217,217,217,217,217,217,217,4569,52833,58853,20646,29012,50465,54954,13337,217,
228,217,217,217,217,217,217,217,217,217,217,217,28597,217,36715,42915,13916,217,217,43146,42583,
229,217,217,217,217,217,217,217,217,217,217,217,38997,38958,35079,217,217,217,40023,23149,19937,
230,217,217,217,217,217,217,217,217,217,217,217,21300,217,217,18476,217,217,4681,7087,6403,
231,217,217,217,217,217,217,217,5973,217,217,217,3428,14194,19888,9479,10791,217,217,28804,13635,
232,217,217,217,217,217,217,217,217,217,217,217,217,217,217,51090,16512,41965,217,15009,8492,
233,217,217,217,217,217,217,217,217,217,217,28136,217,33172,16637,11042,217,217,50320,43764,39672,
234,217,217,217,217,217,217,217,217,217,217,10031,47247,23331,22749,217,19784,217,37599,34064,7376,
235,217,217,217,217,217,217,217,217,217,217,38764,45658,217,217,54249,217,217,9949,17408,51173,
236,217,217,217,217,217,217,217,217,217,11961,38161,34040,22903,33449,4445,40158,24837,12513,9450,217,
237,217,217,217,217,217,7050,217,21858,217,217,1520,217,217,51065,217,49086,1169,46956,11193,20410,
238,217,217,217,217,217,217,217,217,217,217,16088,4263,217,4448,3638,16958,9678,217,42900,1994,
239,217,217,217,217,217,217,217,217,217,1994,37933,38902,217,2975,6327,32722,217,16806,217,50244,
240,217,217,217,217,217,12437,217,217,217,217,16368,217,3207,3433,7717,217,16484,217,24069,19198,
241,217,217,217,217,217,217,217,217,217,217,27069,28888,39106,14157,41379,5105,31474,2141,56060,217,
242,217,217,217,217,217,217,11818,217,217,6210,44564,36678,11671,8870,35810,10197,217,217,16163,217,
243,217,217,217,217,217,217,217,217,217,217,54452,217,23737,32513,37420,30953,7469,217,26917,27157,
244,217,217,217,217,217,217,217,217,217,217,57033,21675,217,4322,10843,5256,25466,217,217,51849,
245,217,217,217,217,217,217,217,217,217,217,217,30321,217,49940,42178,55588,5193,12293,48841,217,
246,217,217,217,217,217,217,12706,217,217,217,21160,217,53022,17044,217,9586,217,8169,441,30912,
247,217,217,217,217,217,217,217,217,217,217,20169,23104,217,217,27893,13095,31139,8239,217,217,
248,217,217,217,217,217,217,217,217,217,217,8981,14205,56157,57771,17129,15804,54136,54508,56847,217,
249,217,217,217,217,217,217,217,217,217,217,217,51786,3969,43063,14983,54768,37989,46657,217,38911,
250,217,217,217,32806,217,217,217,217,217,217,217,36895,37170,38698,46380,49807,56816,16448,217,217,
251,217,217,217,217,217,217,217,217,217,217,217,10538,7417,37226,4850,28630,40349,20609,53548,23763,
252,217,217,217,217,217,217,16098,217,217,217,54726,37038,46020,30184,23063,6831,217,13305,217,4515,
253,217,217,217,217,217,13236,217,217,217,217,35597,5639,34356,22005,217,11342,4327,30465,15710,16126,
254,217,217,217,217,217,217,217,217,217,217,217,217,217,12635,217,217,16167,7944,34617,2447,
255,217,217,217,217,217,217,217,217,217,217,21933,18843,217,3567,15351,41835,217,217,13133,41644,
256,217,217,217,217,11019,217,217,217,217,217,217,18729,19144,55207,217,18418,38006,217,49556,21650,
257,217,217,217,217,217,217,217,217,217,217,18089,32353,55480,28695,34700,217,217,7381,15111,49942,
258,217,217,217,217,217,217,217,217,217,217,8507,29940,217,25152,21701,217,217,23417,45463,30795,
259,217,217,217,217,217,7845,217,217,217,217,14705,217,217,25093,30056,19480,217,23437,18949,35114,
260,217,217,217,217,217,217,217,217,217,217,37646,11435,47610,8184,34817,29538,41375,10770,9019,217,
261,217,217,217,217,14043,217,217,217,217,217,32698,5784,30167,166,5009,217,17750,39457,21749,20580,
262,166,217,217,217,166,217,166,217,217,166,38908,4931,40211,19723,40337,217,29438,10764,1331,33586,
263,166,166,29780,166,166,166,217,166,166,217,217,217,25792,166,166,166,217,32773,24906,217,
264,166,166,166,166,217,217,166,166,217,166,217,166,42989,37108,24125,43951,166,14031,166,50458,
265,166,166,166,166,166,166,166,166,166,166,166,166,166,166,166,29805,166,16905,22369,20052,
266,166,166,166,166,166,166,166,166,166,166,57357,3031,22057,166,13911,166,3555,58093,54440,166,
267,166,166,166,166,28833,166,166,166,166,166,21088,41511,22370,24425,166,8051,55718,39378,166,46389,
268,166,166,166,166,166,166,166,166,166,166,4063,166,166,166,166,41947,166,166,166,166,
269,166,166,166,166,166,166,166,13175,166,166,46373,7610,47709,43529,166,166,48594,29842,39353,10993,
270,166,166,166,166,166,166,166,166,166,166,15037,166,48197,166,41005,36746,17622,166,166,42169,
271,166,166,166,166,166,166,166,166,166,166,32684,38571,16577,48276,38153,14483,17604,23181,1180,60070,
272,166,166,166,166,166,166,166,166,166,166,166,36777,39595,166,166,44966,166,166,40813,15229,
273,166,166,166,166,166,166,166,166,166,166,166,17276,166,166,36818,166,166,27956,166,14321,
274,166,166,166,166,166,166,166,166,166,166,49206,166,3102,17836,22477,43956,40350,166,166,41529,
275,166,166,166,166,166,8666,166,166,166,166,166,29612,53059,166,13082,166,166,166,15080,25348,
276,166,166,166,166,166,166,166,166,166,166,31061,166,23783,166,7339,21801,166,39284,16185,32518,
277,166,166,166,166,166,166,166,166,166,166,24324,29195,31710,166,42291,44601,3189,12876,1330,45142,
278,166,166,166,166,166,166,166,166,166,166,38070,15811,41563,166,27182,15976,166,166,20814,18310,
279,166,166,166,166,166,166,166,166,166,166,38980,166,37849,166,166,166,52889,3595,166,43670,
280,166,166,166,166,166,166,166,166,166,166,166,44318,166,166,41962,25649,166,28937,166,46610,
281,166,166,166,166,166,166,16027,166,166,166,44573,166,3960,166,43184,32124,14196,166,10429,166,
282,166,166,166,166,166,166,166,166,166,166,166,166,166,166,42730,166,28711,166,166,166,
283,166,166,166,166,166,166,166,166,166,166,869,6294,28582,166,9894,166,166,166,33755,22965,
284,166,166,166,15845,166,166,166,166,166,166,21728,166,166,51215,166,166,166,166,58155,30711,
285,166,166,166,166,166,166,166,166,166,166,22506,166,42299,58117,166,38349,57691,166,56580,166,
286,166,166,166,166,166,166,166,166,166,166,3139,44038,32532,2352,15231,166,9806,166,18826,166,
287,166,166,166,166,166,166,166,166,166,166,36828,166,166,166,10574,24783,56254,166,34754,166,
288,166,166,166,166,166,166,166,166,166,166,43873,3223,35569,57232,9610,166,166,21953,166,166,
289,166,166,166,166,166,166,166,166,166,166,54154,166,28779,53102,55957,166,40376,43861,38374,166,
290,166,166,166,166,166,166,166,166,166,166,47239,21320,27403,166,33024,39617,42905,19574,166,166,
291,166,166,166,166,166,166,166,166,166,166,166,166,2312,23459,166,166,39323,48101,37721,765,
292,166,166,166,166,166,166,166,166,166,166,166,166,22993,23617,34146,16236,166,31456,10813,24477,
293,166,166,166,166,166,166,166,166,166,166,48969,166,27866,166,22962,11985,24209,166,23806,166,
294,166,166,166,166,166,153,166,166,166,166,43751,60138,58062,31468,26539,500,166,166,166,35421,
295,153,166,166,166,166,166,166,21468,153,166,166,166,166,166,50449,24651,46822,22827,14041,4997,
296,153,153,24651,166,166,166,153,166,166,153,166,166,11534,17807,166,166,44901,29251,21578,166,
297,153,153,153,153,2071,166,153,166,166,153,43935,29465,153,50804,33014,36776,31373,1820,13024,15682,
298,153,153,153,153,153,153,153,1141,153,153,28859,39111,153,16600,37025,153,41724,153,153,18105,
299,153,153,153,5050,153,153,153,153,153,153,153,11898,23346,153,47067,3090,28924,153,34083,153,
300,153,153,153,153,153,153,153,153,153,153,18040,27977,31539,9719,34720,29442,153,49687,44108,16210,
301,153,153,153,153,153,153,153,153,153,153,50563,34434,40996,153,153,52710,153,153,153,153,
302,153,153,153,153,153,153,153,153,153,153,56346,29570,41333,46414,153,153,37537,31114,153,153,
303,153,153,19444,153,153,153,153,153,153,153,153,153,153,51732,53140,153,30431,49160,1506,153,
304,153,153,153,153,153,153,153,153,153,153,43956,49986,31372,29229,3663,11745,16854,153,51929,2620,
305,153,153,153,153,153,153,153,153,153,153,43988,39860,38141,13659,42531,153,1223,16427,19865,32842,
306,153,153,153,153,153,153,153,153,153,153,13389,32787,153,153,153,153,8547,153,153,42851,
307,153,153,153,153,153,153,153,153,153,153,9613,27607,153,153,153,153,153,153,153,153,
308,153,153,153,153,153,153,153,153,153,153,153,28895,153,153,19816,50894,153,153,153,51884,
309,153,153,153,153,153,153,153,153,153,153,56616,153,15617,153,5884,153,153,18156,48975,44761,
310,153,153,153,153,153,153,153,18620,153,153,11693,36078,45468,37275,153,34385,37431,36558,243,153,
311,153,153,153,153,153,153,153,153,153,153,153,35989,32500,29633,39991,153,153,52489,153,41170,
312,153,153,153,153,153,26992,153,153,153,153,11331,45102,153,16726,153,153,38452,153,23043,45351,
313,153,153,153,153,153,153,153,153,153,153,153,42027,59821,153,153,153,3907,55089,153,30877,
314,153,153,153,153,153,153,153,153,153,153,41693,46910,17083,153,22623,153,15201,6288,41892,8935,
315,153,153,153,153,153,153,153,153,153,153,47593,153,38740,153,153,12541,40057,17207,37714,43313,
316,153,153,153,153,153,153,153,153,153,153,26998,31828,153,13108,15489,26338,56405,32558,153,639,
317,153,153,153,153,153,153,153,153,153,153,153,48431,153,47851,26010,40431,46779,153,43228,17378,
318,153,153,153,153,153,153,153,153,153,153,45480,37106,30919,18156,153,51009,14981,153,23404,32814,
319,153,153,153,153,153,153,153,153,153,153,54805,153,7467,22999,153,27329,153,26596,14239,30687,
320,153,153,153,153,153,153,153,153,153,153,51780,153,153,3912,153,35451,47851,35734,153,153,
321,153,153,153,153,153,153,10495,153,153,153,153,19012,47318,8713,153,153,153,7283,53260,153,
322,153,153,153,153,153,153,153,153,153,153,32161,153,153,153,54016,153,27901,153,41081,153,
323,153,153,153,153,153,153,153,153,153,153,153,56668,47525,153,153,2871,51944,23667,12971,153,
324,153,153,153,153,153,153,153,153,153,153,153,24039,26791,22375,647,153,55162,42379,34485,26958,
325,153,153,153,153,153,153,153,153,153,153,42414,153,10459,14682,14452,25243,153,153,9735,18400,
326,153,153,153,153,153,153,153,153,153,153,27815,33476,153,23933,41315,37521,153,153,33951,153,
327,153,153,153,153,153,153,153,153,153,153,153,38824,153,47865,153,153,26510,14616,153,21353,
328,153,153,153,153,153,153,153,153,153,153,19730,153,47286,38941,26395,27162,23585,153,14942,45561,
329,153,153,153,20762,153,153,153,153,153,153,47198,37502,1583,153,153,153,26925,153,153,153,
330,153,153,153,153,153,153,153,153,153,153,153,17399,26932,153,45172,153,153,153,30930,52764,
331,153,153,153,153,153,153,153,153,153,153,29052,23678,153,35538,4976,153,37428,35414,50502,153,
332,153,153,153,153,153,153,153,153,153,153,153,153,15216,39245,25244,26375,52089,153,32551,19111,
333,153,153,153,153,153,153,153,153,153,153,153,53843,39574,54368,27944,44626,153,153,153,45151,
334,153,153,153,153,153,153,153,153,153,153,47064,39092,153,153,4020,37755,12467,153,10756,30765,
335,153,153,153,153,153,153,153,153,153,153,153,153,31829,24040,44017,42462,153,13475,2475,23109,
336,153,153,153,153,153,153,153,153,153,153,42761,27176,15000,28235,3113,153,40370,7694,153,153,
337,153,153,153,153,153,153,153,153,153,153,153,38749,38958,153,45944,21758,153,1852,49894,153,
338,153,153,153,153,153,153,153,153,153,153,55906,18459,43874,153,153,153,47216,28050,37418,26232,
339,153,153,153,153,153,153,153,153,153,153,20400,39213,47140,56404,17516,153,32634,20482,42790,19854,
340,153,153,153,153,153,153,153,153,153,153,153,153,22880,47193,40101,36982,16902,51793,45288,153,
341,153,153,1299,153,153,153,153,153,153,153,153,153,153,38731,50247,153,52597,153,153,40159,
342,153,153,37593,153,153,153,153,153,9232,153,153,153,50723,153,153,29485,19311,153,35574,153,
343,153,153,153,153,153,153,153,153,153,153,16098,153,153,153,36778,153,153,153,1546,29818,
344,153,153,153,153,153,153,153,153,153,14832,4516,31593,33867,10669,18529,3178,153,153,49059,17110,
345,153,153,153,153,153,153,342,153,153,153,25610,153,19462,153,153,35685,153,153,28277,153,
346,153,153,153,153,153,25996,153,153,153,153,38956,18306,153,12484,153,31212,48178,153,17609,55510,
347,153,153,153,153,153,153,153,153,153,153,153,43711,28451,38146,153,52195,153,26774,153,50327,
348,153,153,153,153,153,153,153,153,153,153,39132,52445,153,36051,153,38733,59067,24309,34931,28284,
349,153,153,153,153,153,27983,153,153,153,153,15895,153,153,19863,153,12103,153,12145,51117,30092,
350,153,153,153,153,153,153,153,153,153,153,153,60200,13015,10281,4911,55129,40399,43923,22634,59223,
351,153,153,153,153,153,153,153,153,153,153,17647,43847,60191,153,21885,153,153,25907,153,34954,
352,153,153,153,153,153,153,153,153,153,153,153,33802,11562,153,153,37007,153,153,17984,17195,
353,153,153,153,153,153,153,153,153,153,153,38173,20389,4649,43446,23122,29124,11830,39983,16330,53424,
354,153,153,153,153,153,153,153,153,153,153,18600,153,19204,4743,153,153,31913,153,30326,153,
355,153,153,153,153,153,153,153,153,153,153,23067,153,153,153,153,20963,153,22511,51126,12844,
356,153,153,153,153,153,153,153,153,153,153,30184,153,24615,12173,3452,20504,55563,13055,153,153,
357,153,153,153,153,153,153,153,153,153,153,153,153,51216,47673,153,153,153,153,153,59308,
358,153,153,153,16926,23792,153,153,7756,153,153,28711,3764,22070,41548,9397,14350,153,153,34932,43124,
359,153,153,153,153,153,153,153,153,153,153,153,24036,44137,153,49959,20509,36760,11985,153,13773,
360,153,153,153,153,153,153,153,18229,153,153,48850,12657,31116,17824,153,153,28286,153,153,17641,
361,153,153,153,153,153,153,153,153,153,153,20167,153,14685,16137,5569,16716,53967,41535,153,12310,
362,153,153,153,153,153,153,153,153,153,153,49002,153,153,13027,153,38470,13071,19599,5841,46978,
363,153,153,153,153,153,153,153,153,153,153,28612,153,153,39526,43173,153,153,54688,39224,10079,
364,153,153,153,153,41876,153,153,153,153,153,29756,153,31645,48634,153,47822,15766,43890,36565,153,
365,153,153,153,153,153,153,153,153,153,153,40315,33287,153,37398,39929,24853,153,39725,1365,153,
366,153,153,153,153,17805,153,153,153,153,28589,32672,153,5897,153,4437,36909,41749,25425,153,33977,
367,153,153,153,153,153,153,153,153,153,153,48112,22118,153,44637,22348,153,27976,13007,17297,39116,
368,153,153,153,153,153,153,153,153,11035,153,584,11359,56924,24879,33754,153,33500,17550,19627,36237,
369,153,153,153,153,153,153,153,153,153,1424,29829,38915,153,153,10452,14532,52715,153,153,48624,
370,153,153,153,153,153,153,153,153,153,153,39326,34282,41181,153,23460,153,1208,24525,14326,19618,
371,153,153,153,153,153,153,153,153,153,153,28244,53240,22527,153,23841,153,44249,153,13540,30546,
372,153,153,153,153,153,153,153,153,153,153,30256,153,38753,2679,40213,44491,153,41495,17924,18347,
373,153,153,153,153,153,153,153,153,153,153,29360,33299,35972,49191,153,153,35530,49107,153,153,
374,153,153,153,153,153,153,153,153,153,153,2745,23773,12240,32330,1046,18693,35138,49157,153,51999,
375,153,153,153,153,153,153,153,153,153,153,9576,153,39175,153,25533,153,16015,45996,48332,153,
376,153,153,153,153,153,153,153,153,153,153,30440,49328,11005,11966,153,153,35694,16856,153,20269,
377,153,153,153,153,153,153,153,153,153,153,153,4810,153,13056,13855,25975,53567,153,35666,153,
378,153,153,153,153,153,153,153,153,153,153,13897,153,13675,153,51536,153,16004,23169,35448,30877,
379,153,153,153,153,153,153,153,153,153,153,22280,153,17267,13591,20841,25183,25614,12067,29878,16523,
380,153,153,153,153,153,153,153,153,153,153,21998,40388,44363,39875,153,1960,34667,153,35244,44319,
381,153,153,153,17509,153,153,153,153,153,153,153,11245,36258,11016,25946,10172,35875,153,55368,543,
382,153,153,153,153,153,153,153,153,153,153,20106,30150,153,153,153,32825,153,38219,153,153,
383,153,153,153,153,153,153,153,153,153,153,27954,40967,22608,28594,38865,153,50096,39276,20284,33512,
384,153,153,153,153,153,153,153,153,153,153,45551,14606,33991,15016,31702,153,39383,27714,16445,153,
385,153,153,153,153,153,153,153,153,153,153,21541,17008,43281,17589,6024,10780,153,32200,43026,153,
386,153,153,153,153,153,153,153,153,153,153,32018,153,29772,17237,41792,153,13104,52162,153,33636,
387,153,153,153,153,153,153,153,153,153,153,153,55112,49460,17661,57817,153,53599,42292,13254,153,
388,153,153,153,153,153,153,153,153,153,153,153,153,41266,40404,2968,32887,153,153,17435,4079,
389,153,153,153,153,153,153,153,153,153,153,24214,26062,4278,18805,153,153,17251,47523,34124,17005,
390,153,153,153,153,153,153,153,153,153,153,153,13877,45235,153,153,12888,45300,153,153,23254,
391,153,153,153,153,153,153,153,153,153,153,3072,24359,30658,30082,45970,153,47609,32676,153,58828,
392,153,153,153,153,153,153,153,153,153,153,41230,4101,153,10186,30083,153,20332,28305,34618,153,
393,153,153,153,153,153,153,153,153,153,153,11892,153,41716,52403,51466,153,31578,153,40295,38545,
394,153,153,153,153,153,153,153,153,153,153,153,15963,40847,17993,15219,24542,38395,26798,153,22114,
395,153,153,153,153,153,153,153,153,153,11454,153,41781,43732,153,18670,153,35840,153,28729,42717,
396,153,153,153,153,153,153,153,153,153,153,153,11264,153,2339,153,42165,21189,23662,30308,31238,
397,153,153,153,153,153,153,153,153,153,153,32337,42682,49185,26006,153,47484,153,7953,43874,48353,
398,153,153,153,153,153,153,32157,153,153,153,4849,55104,153,19810,153,153,44255,47331,14208,153,
399,153,153,153,153,261,153,153,153,153,153,5698,10169,5516,27841,153,153,19213,52467,44210,153,
400,153,153,153,153,153,153,153,153,153,36277,55059,153,13257,153,39843,11191,48212,153,24260,36877,
401,153,153,153,153,153,153,153,153,153,153,10388,153,37032,17877,358,153,42134,50390,10382,47306,
402,153,153,153,153,153,153,153,153,153,153,34668,153,40248,3751,14608,28574,30932,30179,27178,21554,
403,153,153,153,153,153,153,153,153,9327,153,56763,15562,31272,153,13133,31898,17949,26909,44473,3160,
404,153,153,153,153,153,153,153,153,153,153,44279,50385,153,153,153,153,43297,15180,41337,153,
405,153,153,153,153,153,153,153,153,153,153,34753,45268,3083,11688,16514,24587,153,17347,14178,2446,
406,153,153,153,153,153,153,153,153,153,153,153,9964,153,3319,53651,153,18578,24976,24278,153,
407,153,153,153,153,153,153,153,153,153,153,52742,153,34338,40044,153,36808,153,19996,2685,32487,
408,153,153,153,14477,153,153,153,153,153,153,52878,38445,153,38468,10761,17064,153,20923,153,33506,
409,153,153,153,153,153,153,1172,153,153,153,10531,14426,22645,49373,47777,153,11245,17635,153,47247,
410,153,153,153,153,153,153,153,10292,153,153,27064,38304,42443,153,44377,35126,4576,3732,24244,42625,
411,153,153,153,153,153,153,9845,153,153,153,153,43797,32907,153,153,45376,33121,153,153,42470,
412,153,153,153,153,153,153,153,153,153,153,26729,59075,31027,27699,42286,57492,153,153,46016,29982,
413,153,153,153,153,153,153,153,153,153,153,153,27626,18559,34336,2260,40124,37877,153,5154,14428,
414,153,153,153,153,153,153,153,153,153,153,153,35165,38577,20566,12857,22606,19130,2449,53341,18327,
415,153,153,153,153,153,153,153,16300,153,153,153,36879,153,26718,11331,153,49805,153,23502,37519,
416,153,153,153,153,153,153,153,153,153,153,153,28691,27315,45413,153,27466,12499,153,22612,22379,
417,153,153,153,153,153,153,153,153,153,153,32215,17692,153,2458,28806,19598,153,4481,153,153,
418,153,153,153,153,153,153,153,153,153,153,42146,153,153,153,153,12146,153,17204,31537,153,
419,153,153,153,153,153,153,153,153,153,153,44695,31304,37735,153,153,50072,38521,153,153,44452,
420,153,153,153,153,153,153,153,153,153,153,39558,56344,16670,153,53374,153,153,14780,8691,39778,
421,153,153,153,153,153,22716,153,153,153,153,50785,38543,10826,52661,14911,52730,18205,2259,48425,10673,
422,153,153,153,153,153,153,153,153,153,153,153,14346,8333,770,36953,40944,18927,34377,21216,153,
423,153,153,153,153,153,153,153,153,153,153,26443,4114,153,19644,14826,153,153,24639,45294,41187,
424,153,153,153,153,153,153,153,153,1785,153,153,20093,153,46320,10120,52313,25260,35227,153,2795,
425,153,153,153,153,153,153,153,153,153,153,53075,4581,51003,24226,153,153,153,153,39676,16029,
426,153,153,153,153,153,13571,153,153,153,153,153,49676,153,153,153,5026,58633,10167,3177,46625,
427,153,153,153,153,153,153,153,153,153,153,153,17818,50541,24397,153,43240,153,153,47505,153,
428,153,153,153,153,153,153,153,153,153,153,39290,13180,24629,30245,52445,45054,39740,153,153,31900,
429,153,153,21486,153,153,153,153,153,153,153,15709,49064,153,17535,278,153,17436,49012,153,48766,
430,153,153,153,153,153,153,153,153,153,153,44377,153,153,53531,153,30512,44001,153,153,57447,
431,153,153,153,153,153,153,153,153,153,153,153,153,20462,22329,7827,51263,35600,13695,3517,55597,
432,153,153,153,153,153,153,153,153,153,153,29226,41013,11633,153,153,34017,153,153,22710,15163,
433,153,153,153,153,6415,153,153,153,153,153,153,153,41249,153,153,28919,44907,153,46927,34560,
434,153,153,39631,153,153,153,153,153,153,23939,36201,153,153,13373,52655,29210,53061,153,153,12330,
435,153,153,153,153,775,153,153,153,153,153,43734,7511,45252,6963,46365,654,3995,153,153,153,
436,153,153,153,153,153,153,153,153,165,153,43493,49689,153,153,11398,153,26938,153,153,9361,
437,153,153,153,153,153,153,153,153,153,153,48538,33326,56436,5072,4076,165,153,49283,153,36190,
438,153,153,153,153,153,153,153,153,153,153,34763,42049,153,33831,28464,36178,21307,24025,51020,8641,
439,153,153,153,153,153,153,153,153,153,153,15254,48789,153,36405,56191,19048,35577,38433,31071,153,
440,153,153,153,153,153,153,153,153,153,153,12391,17419,17458,2802,42020,48370,14495,153,153,153,
441,153,153,11073,153,153,153,153,153,153,153,153,153,27896,10545,48329,15558,153,153,153,19726,
442,153,153,153,153,153,153,153,153,153,153,153,153,16372,153,36392,41010,153,13099,24658,7912,
443,153,153,153,153,8334,153,153,153,153,153,38087,153,27301,37489,34239,40111,32786,153,23217,28758,
444,153,153,153,153,153,153,153,153,153,153,11936,153,14675,153,53842,153,22035,35755,153,4111,
445,153,153,153,153,153,153,153,153,153,153,38045,51481,45135,44031,30546,51652,7514,17611,153,38255,
446,153,153,153,153,153,153,153,153,153,153,153,153,153,153,153,25274,5192,31108,43155,153,
447,153,153,153,153,153,153,153,153,153,153,43028,46966,153,14485,23132,47689,153,153,52962,33243,
448,153,153,153,153,153,153,153,153,153,153,153,20326,24703,40333,40348,153,24109,153,17495,20233,
449,153,153,153,153,153,153,153,153,3910,153,153,153,31700,23436,21973,44921,153,11468,25925,25561,
450,153,153,153,153,153,153,153,153,153,153,37620,5586,153,55743,153,46061,153,56816,153,56468,
451,153,153,153,153,153,153,153,153,153,153,153,33429,42766,153,1141,54812,16454,38755,832,33789,
452,153,153,153,153,153,153,153,153,153,153,153,8751,42373,44010,38421,153,153,153,153,38240,
453,153,153,153,153,153,153,153,153,153,153,153,18994,7529,42000,153,31388,47008,46548,42637,20429,
454,153,153,153,153,153,153,153,153,153,153,153,14408,20077,28978,153,26160,39863,38936,27079,53759,
455,153,153,153,153,153,153,153,153,153,153,32304,25835,153,14880,11285,10363,153,31830,15231,153,
456,153,153,153,153,153,153,153,153,153,153,35651,153,12185,23681,153,153,4598,42789,47622,27294,
457,153,153,153,153,153,153,153,153,153,153,153,153,153,43019,41733,153,13440,34673,11243,8585,
458,153,153,153,153,153,153,153,153,153,153,5694,34877,50726,26511,33253,153,20219,153,45329,13303,
459,153,153,153,153,153,153,153,153,153,153,14445,39251,153,204,153,153,153,153,34758,51906,
460,153,153,153,153,153,153,153,153,153,8286,33331,153,45263,30869,153,19528,51361,153,19708,16065,
461,153,153,153,153,153,153,153,153,153,22133,153,37486,8084,35980,43999,19561,153,19470,56344,153,
462,153,153,153,153,153,153,153,153,153,153,153,17984,13817,13233,153,30131,34018,11384,153,5192,
463,153,153,153,153,153,153,153,153,153,153,153,33919,33598,48104,36759,17701,49990,153,32502,153,
464,153,153,153,153,153,153,153,153,2019,153,3161,153,23841,33777,9911,34502,22029,153,153,44207,
465,153,153,153,153,153,153,153,153,153,153,41279,37024,40038,11887,153,41093,21969,153,153,30156,
466,153,153,153,153,153,8211,153,153,153,153,1008,153,23507,41671,153,1176,38016,32916,55697,42089,
467,153,153,153,153,153,153,153,153,153,153,253,56481,47397,29489,20574,15748,46765,27741,153,153,
468,153,153,153,153,153,153,153,153,153,153,40347,28498,43624,29608,41194,9294,10726,28253,50068,33430,
469,153,153,153,48427,153,153,153,153,153,18021,20496,153,1878,20450,10003,42795,10693,50514,22455,153,
470,153,153,6424,153,153,22455,153,153,153,153,40467,153,153,41306,4638,32817,153,27908,14709,153,
471,153,153,153,153,153,153,153,153,153,153,153,20698,37660,17063,45920,27150,20945,8466,153,2984,
472,153,153,153,153,153,153,153,153,153,17319,27856,153,153,153,153,153,153,15054,153,22255,
473,153,153,153,153,153,153,153,153,153,153,15938,153,51170,57846,57919,48601,33636,20518,41811,55500,
474,153,153,153,153,153,153,153,153,153,153,153,14955,153,42161,19336,30472,26602,50092,2542,19271,
475,153,153,153,153,153,153,153,16722,153,153,14313,153,39903,42971,45819,153,153,153,20489,17816,
476,153,153,153,20489,153,3395,4050,153,153,153,31887,34341,29531,38917,14444,31580,38357,153,153,153,
477,153,153,153,10540,153,153,153,153,153,153,47488,153,3154,153,4311,16083,153,37280,15457,20879,
478,153,153,153,153,153,153,153,153,153,153,11176,23152,25214,55048,11851,153,30412,16294,26014,153,
479,153,153,153,153,153,153,153,153,153,153,49256,153,19400,153,27851,29247,153,153,153,153,
480,153,153,153,153,153,153,153,153,153,153,21471,54577,153,153,26219,37936,57453,153,36023,16698,
481,153,153,153,153,153,153,153,858,153,153,153,153,41938,153,23807,18062,28442,37808,42964,153,
482,153,153,153,153,153,153,153,153,153,153,26245,2697,49986,6174,21316,153,17204,153,153,153,
483,153,153,153,153,153,153,153,153,153,153,36692,153,20035,153,29344,25254,153,56231,153,36489,
484,153,153,153,153,153,153,153,153,153,153,39440,28181,153,153,44542,49705,153,16709,1813,153,
485,153,153,153,153,153,153,153,153,153,153,153,153,153,24193,153,13166,47576,153,36794,30822,
486,153,153,153,153,153,153,153,153,153,153,41929,153,2816,31981,153,53065,153,28606,153,153,
487,153,153,153,153,153,153,153,153,153,153,48333,2259,33750,28180,153,29960,30558,34411,15154,31857,
488,153,153,153,153,153,153,153,153,29585,153,51389,153,13821,48410,24434,57359,8454,38799,30217,30191,
489,153,153,153,153,153,153,153,153,153,153,153,34576,40562,39730,153,21043,153,153,58243,22596,
490,153,153,153,153,153,153,153,153,153,153,46091,30518,51909,24848,34656,153,153,11721,153,153,
491,153,153,153,153,153,153,153,153,153,153,153,40571,153,31721,153,23187,153,23203,19067,53663,
492,153,153,153,153,153,153,153,153,153,153,153,48303,153,58249,153,44385,1512,33576,47693,26313,
493,153,153,153,153,153,153,153,153,153,4692,10083,23576,28820,27738,153,56310,153,153,17809,3131,
494,153,153,153,153,153,26890,153,153,153,153,50273,56213,10591,55917,27365,41296,3956,153,35038,21341,
495,153,153,153,153,153,153,153,153,153,153,153,25758,153,554,153,40524,20442,39382,50805,37863,
496,153,153,153,153,153,153,6312,153,153,153,153,4243,12369,12120,36617,12476,153,153,153,41435,
497,153,153,153,153,153,153,153,153,153,153,153,13588,37383,22300,153,19846,20390,153,153,19597,
498,153,153,153,153,153,153,153,153,153,153,6215,30601,13363,11735,2775,30955,14680,153,30115,153,
499,153,153,153,153,153,153,153,153,153,153,153,37644,10237,23692,153,21537,16869,153,5161,27774,
500,153,153,153,153,153,153,153,153,153,153,153,153,13052,44136,50218,54222,32505,23069,10926,42298,
501,153,153,153,153,153,153,153,153,153,153,36397,153,30340,13206,3803,153,4408,153,30819,36035,
502,153,153,153,153,153,153,153,153,153,153,53125,153,153,15851,15300,21302,153,153,12528,51269,
503,153,153,153,153,153,153,153,153,153,153,18929,53088,153,14048,45156,16330,45360,33316,12905,153,
504,153,153,153,153,153,153,153,153,153,153,153,38439,49632,8840,35400,202,153,45222,50003,35336,
505,153,153,153,153,20544,153,153,153,153,153,8090,153,153,29652,12512,55200,153,153,14299,55187,
506,153,153,153,153,153,153,153,153,153,2875,53155,153,16025,33899,37963,56578,43897,50469,5652,3092,
507,153,153,153,153,153,153,13846,153,153,153,10357,153,27870,27261,1503,17797,55166,20783,3469,47225,
508,153,153,153,153,153,153,153,153,153,153,153,46571,37148,153,153,34007,17892,153,45670,35681,
509,153,153,153,153,153,153,153,153,153,153,55604,22547,25713,153,153,26090,31615,29347,35884,32716,
510,153,153,153,153,153,153,153,153,153,153,153,7991,31661,153,153,6090,38114,11112,153,153,
511,153,153,153,153,153,153,153,153,153,153,153,14352,33680,5920,153,50424,30074,40306,39321,34922,
512,153,153,153,153,153,153,153,153,153,153,25116,57436,46953,52770,29941,9633,34888,13934,36336,58756,
513,153,153,153,153,153,153,153,153,15868,153,153,4833,35370,153,14071,44807,1935,48814,48045,16570,
514,153,153,153,153,153,153,153,153,153,153,19468,41695,53762,25653,39616,27526,153,6737,12165,55163,
515,153,153,153,153,153,153,153,153,153,153,37571,49746,24335,36765,35417,27553,48068,46828,30265,6247,
516,153,153,153,153,153,153,153,153,153,153,48740,38838,27388,21923,13589,153,40658,153,32843,153,
517,153,153,153,153,153,153,153,153,153,153,38764,153,22674,27554,20247,25388,153,44935,153,18706,
518,153,153,153,153,153,153,153,153,153,153,18245,153,55982,28952,42275,27117,12137,153,49265,20513,
519,153,153,153,153,153,153,153,153,153,153,11439,45767,31625,12547,153,24246,34550,42811,153,20362,
520,153,153,153,153,153,153,153,153,153,153,46499,51168,26441,10343,33505,153,29891,1036,34180,5370,
521,153,153,153,153,153,153,153,153,153,153,153,41136,153,153,153,1254,21196,44496,43654,29241,
522,153,153,153,153,153,153,153,153,153,153,9311,153,153,41543,51690,13775,51023,153,31724,30665,
523,153,153,153,153,153,153,153,153,153,153,153,153,153,153,153,26089,23602,40693,18968,153,
524,153,153,153,153,153,153,153,153,153,153,153,39401,16835,153,44779,56282,21476,153,21907,153,
525,153,153,153,153,153,153,153,153,153,153,7396,153,18284,43123,30754,24726,41978,153,41460,23807,
526,153,153,153,153,153,153,153,153,153,153,13505,18616,153,153,38127,153,19773,153,37809,44103,
527,153,153,153,153,153,153,153,153,153,153,153,49125,37486,24953,53918,41217,153,10515,30174,153,
528,153,153,153,153,153,5971,153,153,7710,153,153,153,15476,45686,36584,153,30886,153,153,15324,
529,153,153,153,153,33955,153,153,1851,153,153,1326,50766,30833,153,49065,15294,4192,15841,41692,153,
530,153,153,153,153,153,153,153,153,153,153,26901,153,16561,14062,15575,16415,153,153,153,32303,
531,153,153,153,153,153,153,153,153,153,153,153,39882,23441,4126,153,29420,55976,17264,153,153,
532,153,153,153,153,153,153,153,153,153,153,153,45561,153,22344,153,44176,28573,24265,11020,153,
533,153,153,153,153,153,153,153,153,153,153,153,17125,153,42875,40046,21758,7487,37584,41101,637,
534,153,153,153,153,153,153,153,153,153,153,13773,42995,34369,153,12496,38623,48634,26908,153,153,
535,153,153,153,153,153,153,153,153,153,153,21383,37851,49247,153,49380,48659,59000,9725,153,9391,
536,153,153,153,153,153,153,153,153,153,153,153,15686,40245,53990,37152,27023,153,153,5592,153,
537,153,153,153,153,153,153,153,153,153,153,16964,33428,11240,153,153,153,153,16636,153,16447,
538,153,153,153,153,153,153,153,153,153,153,38820,32298,34693,51092,10431,153,153,30439,153,28454,
539,153,153,153,153,153,153,153,153,153,153,28502,55766,153,44721,153,37224,23752,16586,14951,153,
540,153,153,153,153,153,153,153,153,153,153,153,31505,153,18842,153,38469,38515,4799,153,153,
541,153,153,153,153,153,153,153,153,153,153,153,45113,60779,32512,23962,153,21819,46792,153,15617,
542,153,153,153,153,153,153,153,153,153,153,153,153,51899,153,153,40925,38785,57046,24712,17647,
543,153,153,153,153,153,153,153,153,153,153,33387,36286,19910,24029,153,153,52275,47041,11064,5933,
544,153,153,153,153,153,153,153,153,153,153,153,30066,153,8421,167,6416,22945,153,43259,38022,
545,153,153,153,153,153,153,153,153,153,153,6433,31987,57886,42808,153,153,35583,10198,153,36693,
546,153,153,153,153,153,153,153,153,153,153,56969,153,32344,153,34913,51771,59170,153,55190,153,
547,153,153,153,153,153,153,153,153,153,153,153,31738,28303,41147,35702,19184,52773,11859,18788,153,
548,153,153,153,153,153,153,153,24769,153,153,153,39596,153,23487,153,153,153,25731,41383,8760,
549,153,153,153,153,153,153,153,153,153,153,153,42881,40543,16690,27641,12253,37367,38049,42348,153,
550,153,153,153,153,153,153,153,153,153,153,30039,58714,39311,153,153,42043,153,153,153,25557,
551,153,153,153,153,153,153,153,153,153,153,153,33863,15308,14828,10601,3085,153,31284,153,22065,
552,153,153,153,153,153,153,153,153,153,153,153,477,36041,11116,47534,25701,21738,153,37112,55199,
553,153,153,153,153,153,153,153,153,153,153,41739,22930,5798,153,50835,153,19964,17793,153,26834,
554,153,153,153,153,153,153,2777,153,153,153,43418,153,41299,16035,810,28456,26396,1964,153,153,
555,153,153,153,153,153,153,153,153,153,153,12831,153,41465,33386,1590,153,153,7701,153,30441,
556,153,153,153,153,153,153,153,153,13205,153,16109,6497,153,153,153,153,16663,32727,47762,51161,
557,153,153,153,153,153,153,153,153,153,153,153,31860,21515,24920,21174,4135,18624,153,153,3994,
558,153,153,153,153,153,153,153,153,153,153,18936,17552,40691,153,15744,38569,153,20701,9198,153,
559,153,153,153,153,153,153,153,153,153,153,153,33396,12966,49242,153,153,26922,31547,30617,44273,
560,153,153,153,153,153,153,153,153,153,10819,9490,14473,43963,42323,20032,153,153,24489,153,46301,
561,153,153,153,153,153,153,153,153,153,153,153,29381,16124,11400,153,153,153,14992,33659,37690,
562,153,153,153,153,153,153,153,153,153,153,153,12678,153,14706,153,31458,1108,54623,7368,58290,
563,153,153,153,153,153,40438,153,153,153,153,29479,14675,38170,153,153,36455,57747,153,56564,153,
564,153,153,153,153,153,153,153,153,153,16136,59301,42061,39380,153,23735,37074,18759,153,17106,24983,
565,153,153,153,153,153,153,153,153,153,153,153,24423,49656,16892,23959,24439,153,24166,6611,20307,
566,153,153,153,153,153,153,153,153,153,153,30147,36850,14433,34512,14449,41796,153,45317,153,7089,
567,153,153,153,153,153,153,153,153,153,153,26081,43218,38545,30293,28208,15121,7477,153,50124,47058,
568,153,153,153,153,153,153,153,153,153,153,35500,153,153,56362,47581,1087,16670,37956,57398,153,
569,153,153,153,153,153,153,153,153,153,153,37001,153,153,17657,153,34356,36311,39629,47197,153,
570,153,153,153,153,153,153,153,153,153,153,153,18355,153,153,44021,26335,25156,44896,31715,49099,
571,153,153,153,153,153,153,153,153,153,153,153,39791,21132,153,221,36945,18956,46090,153,153,
572,153,153,153,153,153,153,153,153,153,153,27153,15579,25767,7707,47632,24789,40752,153,22383,8414,
573,153,153,153,153,153,153,153,153,153,153,41451,12970,153,56627,4320,153,25631,153,33585,12007,
574,153,153,153,153,153,153,153,153,153,153,9392,24415,153,17144,13149,29626,39694,27370,48544,20940,
575,153,153,153,153,153,153,153,153,153,153,37270,153,52398,6991,44341,56365,153,52930,12407,153,
576,153,153,153,153,153,153,153,153,153,153,153,33532,8054,43695,20130,12033,48563,22228,153,153,
577,153,153,153,153,153,153,153,153,153,153,2467,25260,32734,21083,153,153,19039,19053,45955,8103,
578,153,153,37705,153,153,153,153,153,153,153,22055,153,21612,37220,36115,40918,37105,25750,800,153,
579,153,153,153,153,153,153,153,30336,153,153,28641,34473,47460,28127,29593,45192,32178,153,15067,27398,
580,153,153,153,153,153,153,153,153,153,13091,153,153,14676,36953,153,153,17780,24811,45405,15799,
581,153,153,153,153,153,153,153,153,153,153,31650,33404,49741,14638,153,153,18014,56183,47198,8061,
582,153,153,153,153,153,153,153,153,153,153,153,28114,38945,153,153,39590,153,40126,153,36231,
583,153,153,153,153,153,153,153,153,153,153,7956,153,153,12922,153,153,153,11855,52179,55055,
584,153,153,153,153,153,153,153,153,153,153,20128,31110,153,46467,153,32153,153,153,153,26294,
585,153,153,153,153,6622,153,153,153,153,153,153,38854,11691,48356,153,5544,153,153,153,153,
586,153,153,153,153,153,153,153,153,153,153,34953,13852,8568,15423,23639,50620,4891,153,27533,15047,
587,153,153,153,153,153,153,153,153,153,153,41053,153,44191,153,42352,35656,51203,26063,2556,41225,
588,153,153,153,153,153,153,153,153,153,153,44412,153,57752,153,153,153,18900,19175,153,28365,
589,153,153,153,153,153,153,153,153,153,153,51678,35223,14924,153,8402,44248,38809,153,39817,153,
590,153,153,153,153,153,153,153,17836,11610,153,15731,40780,41047,153,47384,153,22543,54767,153,27321,
591,153,153,153,153,153,153,153,153,153,153,46668,19781,26487,22375,153,153,243,27922,153,153,
592,153,153,153,153,153,153,153,153,243,153,153,153,45905,14074,13492,54418,153,41416,19525,3994,
593,153,153,153,153,153,153,153,153,153,153,153,25421,27621,50455,43292,153,37417,153,20313,153,
594,153,153,153,153,153,153,153,153,153,153,49800,48233,38382,36609,153,153,11376,153,153,26232,
595,153,153,153,153,153,153,153,153,153,153,47601,153,28831,15400,38558,10514,16366,10123,38434,6846,
596,153,153,153,153,153,153,153,153,153,153,153,39223,58533,17765,153,153,45722,32966,153,153,
597,153,153,153,153,153,153,153,153,153,153,42270,153,11392,32355,46634,34259,58998,47930,47860,153,
598,153,153,153,153,153,153,153,153,6351,153,43083,153,24128,153,40861,40103,27369,46353,42980,153,
599,153,153,153,153,153,153,153,153,153,153,34237,153,11971,153,37419,46843,153,153,26339,29626,
600,153,153,153,153,153,153,153,153,153,153,153,153,153,17843,26050,153,47497,15333,54379,16740,
601,153,153,153,153,153,153,153,153,153,153,40490,17011,47987,42846,153,29400,45095,153,43156,27569,
602,153,153,153,153,153,153,153,153,153,153,42325,153,44892,40965,29768,153,28894,53182,46806,35759,
603,153,153,153,153,153,153,153,153,153,153,6154,153,10715,153,30721,37803,32412,21697,9503,46077,
604,153,153,153,153,153,153,153,153,153,153,44946,153,40182,153,50118,935,32278,153,37867,40614,
605,153,153,153,153,153,153,153,153,153,153,58929,153,153,153,33651,3090,42946,153,153,153,
606,153,153,153,153,153,153,153,153,153,153,26399,30628,48239,153,153,252,153,7799,33416,21183,
607,153,153,153,153,153,153,153,153,153,153,57360,31942,8216,23650,12973,153,153,13255,41146,10797,
608,153,153,153,153,153,153,24195,153,153,153,153,20721,26258,25374,29868,16094,53205,49764,39553,153,
609,153,153,153,153,153,153,153,153,153,153,21912,153,153,33712,51038,50564,13648,153,49887,9645,
610,153,153,153,153,153,153,153,153,153,153,36212,153,153,153,45612,46734,153,41856,19780,153,
611,153,153,153,153,153,153,153,153,153,153,2999,18938,49008,48957,25095,153,14496,153,52180,41203,
612,153,153,153,153,34254,153,153,153,153,153,11553,17457,25755,47104,153,37008,30086,153,58750,13063,
613,153,153,153,153,2405,153,153,153,153,153,15762,35885,153,15669,32322,9548,42288,22763,43731,153,
614,153,153,7437,153,153,153,153,153,153,153,153,11193,47324,153,20516,47141,5569,29098,44086,32108,
615,153,153,153,153,153,153,153,153,153,153,21349,153,12702,20546,36807,43301,153,49349,153,31573,
616,153,153,153,21333,153,153,2983,153,153,153,153,153,21369,23716,153,153,153,51316,46869,153,
617,153,153,153,153,153,153,153,153,153,153,153,33605,153,32990,44996,153,30178,45855,153,51573,
618,153,153,153,153,153,153,153,153,153,153,18642,18933,41399,20505,153,30018,36349,153,43073,46915,
619,153,153,153,153,153,153,153,153,28448,153,55881,43215,10245,42117,32089,52866,20175,23121,27668,24452,
620,153,153,153,153,153,153,153,153,153,153,11792,36270,28455,17369,5209,153,57488,38087,50516,33338,
621,153,153,153,153,153,153,153,153,153,153,2297,36844,26961,153,19575,153,153,153,42782,153,
622,153,153,153,153,153,153,153,153,153,153,4634,34652,153,153,153,40480,14893,15225,22426,24275,
623,153,153,153,153,153,153,7157,153,153,153,153,10026,37971,18125,153,1013,6186,30958,53798,153,
624,153,153,153,153,153,153,153,153,153,153,153,153,13063,153,28716,153,30490,153,153,19125,
625,153,153,153,153,153,153,153,153,153,153,15540,153,15662,153,37976,23897,52338,153,38806,36091,
626,153,153,153,153,153,153,153,17239,153,153,153,153,28674,37385,153,153,19273,48831,10210,20866,
627,153,153,153,153,153,153,153,153,153,153,153,153,153,46108,153,153,153,153,17883,17638,
628,153,153,153,153,153,153,153,153,153,153,32045,12418,153,22392,10092,36396,36431,45497,153,153,
629,153,153,153,153,153,153,153,153,153,153,10267,49579,1558,26514,27864,153,20255,153,14244,153,
630,153,153,153,153,153,153,3942,153,153,153,12763,153,3306,14567,153,16796,46680,16643,18899,153,
631,153,153,153,153,153,13029,153,153,153,153,153,19470,24998,29554,19991,153,22239,8345,153,19351,
632,153,153,153,153,153,153,153,153,153,153,153,8641,25679,54435,13378,41713,43589,153,52039,52522,
633,153,153,153,153,153,153,153,153,153,153,33615,49225,29664,35270,34559,18634,31145,19940,17221,153,
634,153,153,153,153,153,153,153,153,153,153,42663,40782,153,49399,43026,16985,15854,37775,44009,14861,
635,153,153,153,153,153,153,153,153,153,153,46618,8645,153,30568,153,29513,45239,153,153,17480,
636,153,153,153,153,153,153,153,153,153,153,39919,15768,8702,25554,13305,42863,25076,35294,1833,17332,
637,153,153,153,153,153,153,153,153,153,153,38715,24238,14220,26691,39433,43684,56136,47538,37521,9084,
638,153,153,153,153,153,153,153,153,153,153,153,39281,31464,153,14681,153,153,42932,22955,12209,
639,153,153,153,153,153,153,153,153,17458,153,40506,153,38035,26308,44024,153,153,2659,31503,153,
640,153,153,153,153,153,153,153,153,153,153,43506,40442,22213,41371,30231,44947,36912,33490,19812,153,
641,153,153,153,153,153,153,153,153,153,153,11822,23647,153,153,12390,153,153,153,29730,153,
642,153,153,153,153,153,153,153,153,153,153,153,153,21206,153,46706,36177,26575,17188,27932,16290,
643,153,153,153,18686,153,153,153,153,153,153,153,4235,153,44849,4755,153,153,19630,36932,153,
644,153,153,153,153,153,153,153,153,153,153,4019,43671,153,36013,7603,153,153,153,30402,23723,
645,153,153,153,153,153,153,153,153,153,153,33868,153,153,43164,38705,153,8915,19725,16143,153,
646,153,153,153,153,153,327,153,153,153,153,35801,45285,28311,42760,153,37910,42435,48075,48446,24734,
647,153,153,153,153,153,153,153,153,153,153,153,40710,30021,12673,51688,153,1822,153,153,28046,
648,153,153,153,153,153,153,153,153,153,153,153,11343,153,28583,16117,153,153,37341,40868,11778,
649,153,153,153,153,153,153,153,153,14895,153,37119,153,19525,51143,41309,6551,11385,153,53592,37191,
650,153,153,153,153,153,153,153,153,153,153,25989,153,43208,153,153,52067,41968,39734,46836,153,
651,153,153,153,153,153,153,153,153,153,153,49882,25789,47004,27647,153,23783,58529,153,153,13017,
652,153,153,153,153,153,153,153,13511,153,7523,48959,153,23111,153,25781,44964,32951,50587,21522,153,
653,153,153,153,153,153,153,153,153,153,153,34171,10729,153,52364,153,48017,153,34103,25720,153,
654,153,153,153,153,153,153,153,153,153,153,49286,153,26932,153,24776,153,722,31016,22238,153,
655,153,153,153,153,153,153,153,153,153,153,39685,153,32615,40995,15181,153,11235,37944,56150,34933,
656,153,153,153,153,153,153,153,153,153,153,41171,153,153,153,153,32791,18318,153,153,10194,
657,153,153,153,153,40646,153,153,153,153,153,18932,51302,15073,47396,38285,22428,11895,56134,153,153,
658,153,153,153,153,153,153,153,153,153,153,153,153,22326,11454,36976,47511,23731,44511,27652,4277,
659,153,153,153,153,153,32078,153,153,153,153,10735,21031,60362,153,153,26794,30800,153,153,153,
660,153,153,153,153,153,153,153,153,153,153,30258,44337,153,153,44720,19617,46095,37511,14692,23158,
661,153,153,153,153,153,153,153,153,153,153,36618,977,10315,45700,38831,26749,38168,52358,51060,153,
662,153,153,153,153,153,153,153,153,153,153,17339,40604,1828,4805,153,18714,153,2195,35787,38657,
663,153,153,153,153,153,153,153,153,153,153,3807,27222,18901,153,23783,17985,41388,40206,153,153,
664,153,153,153,153,153,153,153,153,153,12212,28997,4192,153,46314,18878,153,153,27523,23888,153,
665,153,153,153,153,153,153,153,153,153,153,12857,46250,33212,20344,14405,153,58492,50052,39684,21089,
666,153,153,153,153,153,153,153,153,153,153,42864,153,153,367,31138,27265,153,153,36211,12870,
667,153,153,4118,153,153,153,153,153,153,153,3348,153,26600,25652,153,38405,21881,153,153,16385,
668,153,153,153,153,153,153,153,153,153,153,27713,48488,47256,6355,17019,24936,46203,35288,50924,53517,
669,153,153,153,153,153,153,153,153,153,153,53737,34837,2425,19477,51482,153,50225,153,153,153,
670,153,153,153,153,153,153,153,153,153,153,153,153,16231,35129,153,37614,36665,46890,52366,49722,
671,153,153,153,153,153,153,15783,153,15783,153,41170,24622,153,48760,6827,21127,30642,153,32963,6989,
672,153,153,153,153,18639,153,153,153,153,153,21167,6347,862,32534,43263,35552,153,21185,17127,56781,
673,153,153,153,153,153,153,153,153,153,153,19655,12997,30671,44581,153,13317,153,20931,14923,1014,
674,153,153,153,153,153,153,153,153,153,153,153,153,153,18095,153,28023,153,35834,6426,153,
675,153,153,153,153,153,153,153,153,153,153,37014,26227,30560,25310,36585,22169,14155,10944,153,15161,
676,153,153,153,153,153,153,153,153,153,153,41150,31358,153,153,13147,46268,671,153,46998,13779,
677,153,153,153,153,153,153,153,153,153,153,153,153,153,41612,21962,153,48546,153,153,11550,
678,153,153,153,153,153,153,153,153,153,153,37396,153,54226,9103,153,38261,153,153,153,25564,
679,153,153,153,153,153,153,153,153,153,153,57134,25722,55081,20621,42027,19088,153,153,153,22922,
680,153,153,153,153,153,153,153,153,153,153,10571,19732,49643,29311,153,153,53155,26170,35920,153,
681,153,153,153,153,153,153,153,153,153,153,47023,11813,46732,40882,17331,7104,153,54189,48156,48847,
682,153,153,153,153,153,153,153,153,153,153,42805,32756,153,45938,23758,30503,153,22258,32148,153,
683,153,153,153,153,153,153,153,153,153,153,153,43981,35736,15139,39253,24113,153,22899,153,22689,
684,153,153,153,153,153,153,153,153,153,153,12665,42141,24612,55483,153,17307,44605,153,58432,153,
685,153,153,153,153,153,153,153,153,153,153,35442,50777,17905,24266,153,37479,153,52323,153,5749,
686,153,153,153,153,153,153,153,153,153,153,153,41030,55916,153,153,53200,28092,39210,53490,153,
687,153,153,153,153,153,153,153,153,153,153,12908,153,23596,28671,16960,33010,18907,45134,153,50756,
688,153,153,153,153,153,153,153,153,153,153,21241,32556,19895,153,27174,29166,45475,42760,153,11962,
689,153,153,153,153,153,153,153,153,153,153,153,13521,17607,153,29694,29792,20515,25208,23918,36467,
690,153,153,153,153,153,153,153,153,153,153,55398,153,45444,22874,153,50771,17444,17635,49767,153,
691,153,153,153,153,153,153,153,153,153,153,34289,38674,153,153,153,2781,41705,153,28813,153,
692,153,153,153,153,153,153,153,153,153,153,153,153,44848,153,2033,11909,30091,12263,153,153,
693,153,153,153,153,153,153,153,153,153,153,44321,42299,19243,153,56062,25777,153,153,32967,35373,
694,153,153,153,153,153,153,153,153,153,153,153,51534,37660,153,10374,55955,153,43877,153,153,
695,153,153,153,153,153,153,23991,153,22017,153,153,43510,12692,153,153,153,33061,153,54857,49892,
696,153,153,153,153,153,153,153,153,153,153,38624,153,3885,42505,11368,30092,32528,26790,14625,18470,
697,153,153,153,153,153,153,153,153,153,153,40007,12532,17495,57674,40045,36266,21915,29894,32149,40170,
698,153,153,153,153,153,153,153,153,153,153,153,29566,16884,153,153,153,153,19044,21506,47237,
699,153,153,153,153,153,153,153,153,153,153,153,153,153,42429,153,153,40458,39282,43418,50867,
700,153,153,153,153,153,153,153,153,153,153,153,43978,29909,153,32198,47543,153,13291,18049,11303,
701,153,153,153,153,153,153,153,153,153,153,28105,12295,23970,3305,153,153,46958,26410,39775,35124,
702,153,153,153,153,153,153,153,153,153,153,4047,45932,40134,153,153,17855,59832,153,57062,153,
703,153,153,153,153,153,153,153,153,153,153,37266,23159,36362,48574,33338,17329,30282,32225,42598,2961,
704,153,153,11699,153,153,153,153,153,153,153,23915,34098,52026,153,153,55427,21143,28664,34427,4493,
705,153,153,153,153,153,153,153,153,153,153,48307,39229,47951,17750,153,33229,153,10134,153,153,
706,153,153,153,153,153,153,153,153,153,153,153,34695,15725,27057,153,39124,46631,56273,1292,43132,
707,153,153,153,17213,153,153,153,153,153,153,153,153,54106,32070,42996,153,153,153,13644,2522,
708,153,153,153,153,153,153,153,153,153,153,153,153,3797,37920,22055,14909,54931,18034,153,49295,
709,153,153,153,153,153,153,153,153,153,153,153,20353,51268,35047,39872,51483,153,25611,13941,30814,
710,153,153,153,153,153,153,153,153,153,153,41877,22874,32870,153,153,153,21134,20088,153,153,
711,153,153,153,153,153,153,153,153,153,153,153,153,15109,28078,153,153,29155,44817,37543,52833,
712,153,153,153,153,153,153,153,153,153,153,44991,153,153,37623,153,32947,153,15268,22017,12532,
713,153,153,153,153,153,3480,153,153,153,153,22201,55062,47702,8158,153,153,13012,4946,153,34457,
714,153,153,153,153,153,153,153,37340,153,153,23426,51064,153,22783,17321,21211,153,53682,153,56679,
715,153,153,153,153,10528,153,153,153,153,153,27148,8141,153,43184,14191,44795,26789,1767,46839,50711,
716,153,153,153,153,153,153,153,153,153,153,153,41995,32552,153,29735,50589,37747,12763,18474,23500,
717,153,153,153,153,153,153,153,153,153,153,153,44248,59399,24654,57081,153,11947,40755,153,33092,
718,153,153,153,153,153,153,153,153,153,153,21659,22531,153,17842,153,153,42685,15026,31117,27716,
719,153,153,153,153,153,153,153,153,153,153,153,153,153,11730,153,38208,24744,9203,45781,17835,
720,153,153,153,153,153,153,153,153,153,153,31730,11943,153,153,153,153,153,4289,13455,153,
721,153,153,153,153,153,153,153,153,153,153,153,153,30789,40582,153,153,34669,53800,11226,22868,
722,153,153,153,153,153,153,153,153,153,153,35818,153,153,349,51282,153,56426,33056,10162,34657,
723,153,153,153,153,153,153,153,153,153,153,45201,47213,153,16565,53080,153,27380,29462,45537,10177,
724,153,153,153,153,153,153,153,153,153,153,153,38704,9219,51383,13960,33162,50304,153,12931,153,
725,153,153,153,153,153,153,153,153,153,33444,29765,54170,14741,57017,15948,40905,59524,16772,153,9344,
726,153,153,153,153,153,153,8236,153,153,153,16798,55885,32366,153,44536,153,38621,4367,19636,50751,
727,153,153,153,153,153,153,153,153,153,153,44019,48595,153,42300,28577,48151,153,45749,49284,18712,
728,153,153,153,153,153,153,153,153,21448,153,153,153,153,25082,26287,153,44252,37143,37044,153,
729,153,153,153,153,153,153,153,153,153,153,153,153,603,153,49959,45465,44924,28907,153,153,
730,153,153,153,153,153,153,153,12092,153,153,153,153,41995,32501,55952,153,44542,56699,3655,37961,
731,153,153,153,153,153,153,153,153,153,153,153,36384,153,44598,23076,3436,38530,153,50232,58344,
732,153,153,153,153,153,153,153,153,153,153,40760,44932,55067,56013,153,153,14288,43373,597,43167,
733,153,153,153,153,153,153,153,153,153,153,153,33272,3664,153,153,11724,153,153,12782,42040,
734,153,153,153,153,153,153,153,153,153,153,153,153,153,153,15605,43764,153,153,153,153,
735,153,153,153,153,153,153,153,153,153,153,41948,15196,39281,18184,3089,20695,39641,153,14310,34627,
736,153,153,153,153,153,153,153,153,153,153,153,153,23914,35110,153,25927,38992,36574,1512,14964,
737,153,153,153,153,153,153,153,153,153,153,16915,153,153,37851,54909,35287,19077,153,153,153,
738,153,153,153,153,153,153,153,153,153,153,41397,49415,30709,42990,37991,31356,43942,2038,20196,12028,
739,153,153,153,153,153,153,153,14183,153,153,153,41224,153,14361,59189,42091,153,153,153,153,
740,153,153,153,153,153,153,153,153,153,153,1725,153,35079,153,153,27531,153,41948,4747,35787,
741,153,153,153,153,153,153,153,153,153,153,8814,153,153,46978,28430,46355,25109,29040,153,153,
742,153,153,153,153,153,21863,153,153,153,153,13330,20676,153,153,29825,34989,153,153,153,153,
743,153,153,153,153,153,153,153,153,153,5413,153,18841,19768,41350,153,24136,11866,153,7491,153,
744,153,153,153,153,153,153,153,153,153,153,57283,36511,153,43610,50262,153,33159,153,25587,42013,
745,153,153,153,153,153,153,153,153,153,153,11214,45907,52082,17787,153,153,48983,153,153,38457,
746,153,153,153,153,153,153,153,153,153,153,26919,19072,153,36817,153,48663,42380,153,153,153,
747,153,153,153,153,153,153,153,153,153,153,153,29903,153,153,12814,153,40130,53789,153,30226,
748,153,153,153,153,153,153,153,153,153,153,153,3281,8083,27451,14416,153,153,20237,41364,30818,
749,153,153,153,153,153,153,153,153,153,153,51277,23312,14726,153,21310,27059,19889,153,17531,39667,
750,153,153,153,153,153,153,153,153,153,153,37486,31994,153,38139,3174,153,46451,153,31034,769,
751,153,153,153,153,153,153,153,153,153,153,33975,153,35616,51640,153,48559,18049,46733,48153,21861,
752,153,153,153,153,153,153,153,153,153,153,153,153,37022,30255,52086,153,52126,24836,153,20144,
753,153,153,153,153,153,153,153,153,153,153,17079,19212,43696,30987,34006,153,153,153,153,45402,
754,153,153,153,153,153,153,153,153,153,153,45101,23775,153,14531,53175,153,46821,37346,11574,153,
755,153,153,153,153,153,153,153,153,153,153,10361,18241,18453,50577,153,47873,153,30852,153,838,
756,153,153,153,153,153,35711,153,1480,153,153,10970,31970,23988,60117,25559,153,39309,153,24508,15158,
757,153,153,153,8100,153,153,153,153,153,153,153,4206,43829,45442,27352,21974,26584,16899,13745,34947,
758,153,153,153,153,153,153,153,153,153,153,41964,153,153,51568,14701,12407,153,14058,153,153,
759,153,153,153,153,153,153,153,153,153,153,153,13923,13167,34548,153,14207,36352,48522,153,153,
760,153,153,153,153,153,153,153,153,153,153,32140,20060,5143,153,153,25681,14943,153,741,29150,
761,153,153,153,153,153,153,153,153,153,153,153,26768,12258,50145,153,23644,153,153,153,153,
762,153,153,153,153,153,153,153,153,153,153,153,153,10137,153,33410,40739,153,46324,153,33986,
763,153,153,153,153,153,153,153,153,153,153,19771,51104,31793,22678,10915,153,30225,38051,32990,5023,
764,153,153,153,153,153,153,153,153,153,153,7964,43906,153,34098,33789,49298,13251,26248,19154,56579,
765,153,153,153,153,153,153,153,153,153,153,40955,23482,29691,55728,153,153,35942,17021,40047,32762,
766,153,153,153,153,153,153,153,153,12093,153,58252,5902,153,153,30556,16525,153,25066,54013,33217,
767,153,153,153,153,153,153,153,153,153,153,19179,58464,51827,153,15001,29689,36501,16903,17468,153,
768,153,153,153,153,153,153,153,153,153,153,153,42627,50500,153,13205,12353,153,52903,153,153,
769,153,153,153,153,153,153,153,153,153,153,153,27659,153,9120,153,153,1815,153,153,12863,
770,153,153,153,153,153,153,153,153,153,153,42779,153,153,23633,46150,36175,12816,153,21399,30785,
771,153,153,153,153,153,153,153,153,153,153,38375,43281,6753,44629,153,153,153,153,3696,50523,
772,153,153,153,153,153,153,153,153,153,153,153,36109,43025,28387,11817,14396,26694,153,33852,16165,
773,153,153,153,153,153,153,153,153,153,153,54790,42630,55505,56322,12100,153,35555,36046,153,15024,
774,153,153,153,153,153,153,32165,153,153,153,153,31943,153,56878,153,36593,153,153,153,49823,
775,153,153,1890,153,153,153,153,13899,153,153,55370,23939,43353,153,33948,20312,32124,42014,153,32621,
776,153,153,153,153,153,1331,153,153,153,1331,153,50047,18447,153,3035,52031,33136,52414,31854,153,
777,153,153,153,153,153,153,153,153,153,153,24365,153,35300,24515,153,153,41382,22569,153,56818,
778,153,153,153,153,153,153,153,153,153,153,32480,9237,153,22634,34645,22919,2342,14131,153,59574,
779,153,153,153,153,153,153,153,153,153,153,1067,153,153,40907,46681,40944,153,46362,1765,23191,
780,153,153,153,153,153,153,153,153,153,153,25270,53894,59600,153,153,42451,40825,31905,1485,46569,
781,153,153,153,153,153,153,153,153,153,153,26079,153,35959,153,49062,153,26980,153,37326,7752,
782,153,153,153,153,153,153,153,153,153,153,52748,8014,153,51960,153,19115,35893,153,37518,29985,
783,153,153,153,153,153,153,14968,153,153,153,153,30122,44748,34484,15040,32332,33355,48918,153,153,
784,153,153,153,153,153,153,153,153,153,153,153,153,11582,153,15544,153,35554,153,43269,5516,
785,153,153,153,153,153,153,153,153,153,153,34766,153,153,35286,12115,17041,57681,153,27743,13541,
786,153,153,153,153,153,153,153,153,153,153,51059,42506,153,38148,153,153,1137,24856,22885,41636,
787,153,153,153,1174,153,153,153,153,153,153,41435,32674,153,153,153,153,153,14403,29404,17939,
788,153,153,153,153,153,153,153,153,153,153,153,10990,43547,30800,38536,50230,17356,153,153,49124,
789,153,153,153,153,153,153,153,153,153,153,153,153,47658,153,60182,39575,55424,14821,48885,35678,
790,153,153,153,153,153,153,153,153,153,153,153,33852,22844,153,153,153,33375,37222,30482,153,
791,153,153,153,153,153,5524,153,153,153,153,6337,6790,47671,153,26564,18117,153,153,48432,22929,
792,153,153,153,153,153,153,21587,153,153,153,40873,41623,13455,153,43750,153,47982,31259,51804,17086,
793,153,153,153,153,153,153,153,153,153,153,153,153,10417,51007,28591,27807,48367,31841,34688,55991,
794,153,153,153,153,153,153,153,153,153,153,47833,44006,27037,23665,153,50223,153,18699,153,18575,
795,153,153,153,153,153,153,14207,153,153,153,26119,153,153,35313,35218,153,19244,16668,24331,153,
796,153,153,153,153,153,153,153,153,153,153,153,23252,38677,34560,153,31181,39895,33300,19224,153,
797,153,153,153,153,153,153,153,153,153,153,26319,16208,55661,153,48790,40438,2500,45266,36491,17099,
798,153,153,153,153,153,153,153,153,153,153,153,56093,153,36674,20304,17359,58569,153,12176,153,
799,153,153,153,153,4517,153,153,153,153,153,19400,57985,20037,2112,52757,37175,24259,45841,47547,22842,
800,153,153,153,15773,19921,153,153,153,153,153,37266,153,47872,153,153,153,677,42291,30066,153,
801,153,153,153,153,153,153,153,153,153,153,48680,30738,153,153,153,153,28842,19211,53713,153,
802,153,153,153,153,153,153,153,153,153,153,48806,47446,4621,38031,43484,54533,24992,40333,13357,41537,
803,153,153,153,153,153,153,153,153,153,153,153,13608,1651,9176,39099,41243,41525,10888,4347,42096,
804,153,153,153,153,153,153,26192,153,153,153,28252,24795,44168,153,22189,51060,55063,32843,17231,14995,
805,153,153,153,153,153,153,153,153,153,153,53552,20680,38604,26686,153,153,9125,36145,153,153,
806,153,153,1409,153,153,153,153,153,153,153,13670,12521,41996,27075,11908,26959,5866,42230,23540,14295,
807,153,153,153,153,153,153,153,153,153,153,153,153,153,45048,14387,31699,52662,47137,15391,153,
808,153,153,153,153,153,153,153,153,153,153,28088,32150,9118,33264,153,47441,30434,153,27883,40174,
809,153,153,153,153,153,153,153,153,153,153,32910,34577,45707,153,18117,32805,26293,14733,50237,45354,
810,153,153,153,153,153,488,153,153,153,153,153,153,153,20899,43249,153,13516,55661,37986,22647,
811,153,153,153,153,153,153,153,153,153,153,6936,48069,153,153,26964,153,50644,153,153,153,
812,153,153,153,153,153,153,153,153,153,153,35910,13483,38822,43831,33752,153,153,25726,27122,43041,
813,153,153,153,153,153,153,153,15531,153,153,153,31580,30368,153,153,55377,31469,153,153,28096,
814,153,153,153,153,17328,153,153,153,153,153,27517,153,52940,153,34892,5405,153,13660,153,43367,
815,153,153,153,153,153,153,153,153,153,153,48420,153,45056,18599,153,153,46512,41071,41056,33693,
816,153,153,153,153,153,153,153,153,153,153,35811,2240,153,19096,10996,28912,43687,153,153,28921,
817,153,153,153,153,153,153,153,153,153,153,52376,34405,51125,153,43991,52769,39467,36104,153,30597,
818,153,153,20629,153,153,153,153,153,153,153,51509,153,153,28049,47073,51617,153,153,43516,30908,
819,153,153,153,153,153,153,153,153,153,153,24336,153,37029,37403,33720,153,29615,54640,40261,53609,
820,153,153,153,153,153,153,36044,153,153,153,47358,11828,44861,153,153,153,57232,29270,4661,27356,
821,153,153,153,153,153,153,153,153,153,153,153,153,36317,34207,39829,32197,35191,153,153,153,
822,153,153,153,153,153,153,153,153,153,153,153,1504,55241,153,153,31576,41434,9614,20653,19074,
823,153,153,153,153,153,153,153,153,153,153,153,43051,153,19852,27205,48124,153,13192,21135,20441,
824,153,153,153,153,153,153,153,153,153,153,40209,17065,21765,51153,33152,153,45711,44624,48404,153,
825,153,153,153,153,153,153,153,153,153,153,16762,29871,153,153,153,39621,33328,13164,153,37759,
826,153,153,153,153,153,153,153,153,2581,153,7254,34308,153,153,15383,153,153,41374,153,153,
827,153,153,153,153,153,153,153,153,153,3125,13333,153,37792,34612,42704,153,21306,153,17479,14142,
828,153,153,153,153,153,3314,153,153,31772,153,27955,42292,26037,46108,25272,153,153,27106,153,153,
829,153,153,153,153,153,153,153,153,153,153,36291,16481,8519,153,26205,31297,25376,34720,153,37167,
830,153,153,153,153,153,153,153,19854,153,153,153,153,153,153,45382,21223,153,25417,153,37798,
831,153,153,153,1846,153,153,153,153,153,153,35188,24496,45246,48037,153,9804,31305,2670,39789,153,
832,153,153,153,153,153,153,153,153,153,153,17584,53196,5198,26057,153,43588,25439,153,37392,153,
833,153,153,153,153,153,153,153,153,153,153,47831,43759,36226,54382,153,153,45012,49678,1987,34381,
834,153,153,153,153,4049,153,153,153,153,153,10688,153,22498,153,153,53660,153,153,25564,27404,
835,153,153,153,153,153,10939,153,153,153,153,153,20046,43449,18971,153,50514,153,153,153,34009,
836,153,153,153,153,153,153,153,153,153,153,32203,30985,37893,38572,29317,153,153,5919,153,153,
837,153,153,153,153,153,153,153,153,153,153,153,10551,153,1138,22066,30195,153,28361,153,35529,
838,153,153,153,153,153,153,153,153,153,153,153,31036,35147,10996,153,20679,31302,153,33723,153,
839,153,153,153,153,153,153,153,153,153,153,153,153,56014,48146,42703,153,22480,20913,153,13716,
840,153,153,153,153,153,153,153,153,153,153,50485,153,6897,153,40302,22449,153,153,44610,34800,
841,153,153,153,153,153,153,153,153,153,153,46709,153,153,55616,24704,153,153,153,12679,153,
842,153,153,153,153,153,153,153,153,153,153,35058,49257,50457,153,24029,775,20261,4205,153,15545,
843,153,153,153,153,153,153,153,153,153,153,38084,153,153,14323,153,13711,153,40457,59897,153,
844,153,153,153,153,153,153,153,153,153,153,19405,153,3270,43568,29870,25485,41128,26846,153,153,
845,153,153,153,153,153,153,153,153,153,153,6387,153,38850,153,46047,153,153,10680,153,49430,
846,153,153,153,153,153,153,153,153,153,153,21837,42990,56562,153,153,153,1723,2205,48802,153,
847,153,153,153,153,153,153,153,153,153,153,153,153,153,153,31503,153,153,153,52712,44179,
848,153,153,153,153,7857,153,153,153,153,153,153,153,153,15167,153,48987,48207,1063,153,51260,
849,153,153,153,153,153,153,153,153,153,153,5565,41741,23116,51012,30275,44416,54948,18984,31738,12437,
850,153,153,153,153,153,153,153,153,153,153,15651,153,49317,14438,3889,29211,49236,26575,5253,26298,
851,153,153,153,153,153,153,153,153,40012,153,1302,45846,153,46402,153,18844,39637,153,45382,47269,
852,153,153,153,153,153,153,153,153,153,153,42945,153,153,40598,19312,47937,153,153,44487,153,
853,153,153,153,153,153,153,153,153,153,153,153,27335,36405,153,8685,153,27381,153,40891,153,
854,153,153,153,153,153,153,153,153,153,153,17873,153,30480,153,153,41152,153,53041,29299,37880,
855,153,153,153,153,153,153,153,153,153,153,17760,31802,447,10464,45821,153,33803,153,43252,45672,
856,153,153,153,153,153,153,153,153,153,153,23232,17016,55085,32041,43917,34748,587,47974,11056,21122,
857,153,153,153,153,153,153,153,153,153,20520,43379,153,153,19582,37435,41823,26175,10860,153,42211,
858,153,153,153,153,153,153,153,153,153,153,20635,37763,153,26982,34649,37204,153,10645,153,31260,
859,153,153,153,153,153,153,153,153,153,153,153,17748,33688,153,845,153,13500,43460,10812,1344,
860,153,153,153,153,153,153,153,153,153,153,10009,31748,153,18816,37135,37291,16796,153,153,42578,
861,153,153,153,153,153,153,153,153,153,153,153,153,49741,153,213,17279,22714,153,8968,11144,
862,153,153,153,153,153,153,153,153,153,153,153,153,9060,153,29839,17216,52979,48688,25432,153,
863,153,153,153,153,153,153,153,153,153,153,13706,153,51333,49048,31015,10912,35569,153,153,41817,
864,153,153,153,153,9919,6475,153,153,17946,153,50549,13855,153,33671,47657,41680,153,21380,153,153,
865,153,153,153,153,153,153,153,153,153,153,18760,153,46482,153,31811,153,19650,10649,24086,153,
866,153,153,153,153,153,153,153,153,153,153,153,27731,153,22687,3250,29289,23151,47214,16339,26922,
867,153,153,153,153,153,153,153,153,153,153,17912,15051,47578,33189,153,38673,153,30812,17381,39150,
868,153,153,153,153,153,153,153,16591,153,153,153,20240,35746,24970,7772,153,37579,48974,153,35451,
869,153,153,153,153,153,153,153,153,153,153,38982,26451,153,50516,153,11023,153,153,52843,48813,
870,153,153,153,153,153,153,153,153,153,153,153,52139,33997,35797,13202,153,25957,28438,33946,44266,
871,153,153,153,153,153,153,153,153,153,153,13041,153,30187,153,153,153,153,55381,40884,53218,
872,153,153,5466,153,153,153,2689,153,153,153,153,29932,153,153,30796,7998,28197,32954,30554,153,
873,153,153,153,153,153,153,153,153,153,153,40740,153,153,153,41506,153,153,41146,45016,25534,
874,153,153,153,153,153,153,153,153,153,153,60283,9950,30672,10539,32739,31377,51885,48299,153,153,
875,153,153,153,153,153,153,153,153,153,153,19111,18801,153,45853,153,21992,35111,153,25549,33141,
876,153,153,153,153,153,153,153,153,153,153,36766,29377,153,153,7101,56360,52394,41338,46541,11564,
877,153,153,153,153,153,153,153,153,153,8194,153,153,153,37327,21096,153,39534,153,59607,53812,
878,153,153,153,153,153,153,153,153,153,153,29362,153,11938,32544,153,54470,43173,46570,7589,5880,
879,153,153,153,153,153,153,153,153,153,153,43871,15867,36488,153,6883,28677,45951,4886,41080,42279,
880,153,153,153,153,153,153,153,153,14260,153,22636,1332,22193,40922,1272,26844,56457,43874,153,153,
881,153,153,153,153,153,153,153,153,153,10909,28004,24615,153,153,35347,153,153,153,41924,44999,
882,153,153,153,153,153,153,153,153,153,153,47971,11262,9945,41166,22927,153,153,46513,39746,45746,
883,153,153,153,153,153,153,153,153,153,153,153,42862,44872,47311,153,153,1420,34259,153,25689,
884,153,153,153,153,153,153,153,153,153,153,31041,153,49673,153,35704,18366,13857,6166,58998,153,
885,153,153,153,153,153,153,153,153,153,17026,37532,153,153,29222,1155,153,153,153,15406,43412,
886,153,153,153,153,153,153,153,153,153,153,153,55501,153,13544,24337,43327,153,153,15905,11091,
887,153,153,153,153,153,153,153,153,153,153,153,51508,21810,36394,20983,153,153,153,153,40532,
888,153,153,153,153,153,153,153,153,153,153,153,153,38852,22297,153,10323,34459,48210,29910,153,
889,153,153,153,153,153,153,153,153,153,153,26072,40415,57695,8732,153,23557,153,153,59175,153,
890,153,153,153,153,153,153,153,153,153,153,153,19410,33002,51272,12550,153,26201,39852,153,26744,
891,153,153,153,153,153,153,153,153,153,153,38984,37561,9109,19331,22999,12625,37672,34606,42550,153,
892,153,153,153,153,153,153,153,153,153,153,153,48666,13546,35531,153,28763,44269,27232,11600,153,
893,153,153,153,153,153,153,153,153,153,153,15612,153,153,153,22104,32084,53346,153,52840,153,
894,153,153,153,153,153,153,153,153,153,153,46011,37969,48755,153,16083,20399,32393,153,153,27926,
895,153,153,153,12057,153,153,153,45178,153,153,153,54729,153,5702,153,3869,153,32134,153,43508,
896,153,153,153,153,153,16649,153,153,153,153,41793,153,49622,153,55658,52800,153,20071,153,20669,
897,153,153,153,153,153,153,153,153,153,153,153,153,35583,153,17522,44251,153,3825,153,153,
898,153,153,153,153,153,153,153,153,153,153,4816,153,24712,23330,153,20424,14274,23507,25638,20354,
899,153,153,153,153,153,153,153,153,153,153,153,44215,44496,153,41312,35785,35559,20670,38024,153,
900,153,153,153,153,153,153,153,153,153,29208,42301,26096,36487,153,19521,153,26789,1275,50375,48645,
901,153,153,153,153,153,153,153,153,153,153,153,30551,44931,5492,153,39576,32769,13889,153,44763,
902,153,153,153,153,153,153,153,153,153,153,20879,24185,7415,44092,40861,34829,153,153,18169,153,
903,153,153,153,153,153,153,153,153,153,153,153,17635,23185,153,153,153,29174,18687,26421,19397,
904,153,153,153,153,153,153,153,153,153,153,6387,153,51756,153,24242,153,50264,41995,9161,153,
905,153,153,153,153,153,153,153,153,153,153,153,153,153,33822,153,153,45997,153,16611,28612,
906,153,153,153,153,153,153,153,153,153,133,47923,153,153,153,35427,5303,4565,22679,10965,153,
907,133,153,153,153,153,153,153,153,153,133,153,153,41193,31164,153,39978,153,42711,31826,44444,
908,133,133,153,153,133,153,153,153,153,153,24945,153,153,21376,12924,23392,56490,58556,153,153,
909,133,133,153,133,153,133,133,133,153,153,36538,53196,24066,45603,32575,31551,33281,24203,43592,56176,
910,133,133,133,133,29410,133,133,133,153,133,23820,16940,133,38486,28648,133,13210,20438,58508,247,
911,133,133,133,133,133,133,6573,133,133,133,43740,13670,18152,20142,133,52472,133,54353,36100,24156,
912,133,133,133,133,133,133,133,133,133,133,36602,8987,133,12442,48214,23533,133,133,12760,10246,
913,133,133,133,133,133,133,133,133,133,133,12822,38593,133,26957,133,27475,36343,133,24780,44396,
914,133,133,133,133,133,133,133,133,133,133,35554,133,52666,15770,19244,29429,54068,133,2449,42233,
915,133,133,133,133,133,133,133,133,133,133,133,133,17868,133,133,37551,23826,19050,133,46012,
916,133,133,15256,133,133,133,133,133,133,133,49329,24137,38981,133,133,42418,47244,133,133,133,
917,133,133,133,133,133,133,133,133,133,133,133,133,42233,47137,6053,10323,28352,30587,57075,133,
918,133,133,133,133,133,133,133,133,133,133,133,21423,15482,21830,40790,40354,36947,42750,133,14898,
919,133,133,133,133,133,133,133,133,133,133,55497,30082,133,44533,133,41890,44906,31529,133,133,
920,133,133,133,133,133,133,133,133,133,133,31054,38078,50033,41345,41576,37623,6311,133,13583,36669,
921,133,133,133,133,133,133,133,133,133,133,133,22496,133,133,18800,26768,133,133,133,44041,
922,133,133,133,133,11423,133,133,133,133,133,133,133,133,133,12077,133,15696,43488,133,133,
923,133,133,133,133,133,133,133,133,133,133,52481,12962,32203,43788,32689,57502,36030,18062,30131,14080,
924,133,133,133,133,19342,133,13505,133,133,133,133,133,32583,31095,35760,41157,39828,12229,133,14994,
925,133,133,133,133,133,133,133,133,133,133,42302,21887,26295,42201,27326,133,133,133,133,31981,
926,133,133,26090,133,133,133,133,133,133,133,22582,46144,133,133,49432,133,16783,56057,133,38023,
927,133,133,133,133,133,4619,133,133,133,21162,52201,40273,133,133,26114,24305,10306,44176,15156,133,
928,133,133,133,133,133,133,133,133,133,133,133,27000,55342,42601,26199,50577,42023,13259,133,26697,
929,133,133,133,19897,133,133,133,133,133,133,40933,44156,11617,20960,133,28560,12435,133,28787,48373,
930,133,133,133,133,133,133,133,133,133,133,46193,18262,133,39619,47770,27559,8782,28333,133,10154,
931,133,133,133,133,133,10408,133,133,133,133,133,11254,133,133,9084,44348,11593,41846,133,49489,
932,133,133,133,3984,133,133,133,133,133,133,133,24290,39941,133,27066,133,133,14108,133,133,
933,133,133,133,133,133,133,133,133,133,133,53274,133,11499,14846,133,27630,133,17457,52167,38814,
934,133,133,133,133,133,133,133,133,133,133,45492,12856,3491,133,22401,42528,133,16857,23800,133,
935,133,133,23050,133,133,133,133,133,133,133,46705,25986,16055,133,25905,10885,133,133,12896,133,
936,133,133,133,133,133,133,10885,133,322,133,48233,41063,35394,43181,5950,133,41692,5463,32038,133,
937,133,133,133,133,133,133,133,133,133,133,1370,133,133,11862,133,133,16276,26757,33934,30349,
938,133,133,133,133,133,133,133,133,133,133,3210,28132,33154,133,133,33720,9346,133,32895,58275,
939,133,133,133,133,29222,133,133,133,133,133,8086,133,22443,133,20334,33539,36783,46548,25963,12455,
940,133,133,133,133,133,133,133,133,133,133,34602,133,15848,1487,33292,9383,39456,44188,57682,33250,
941,133,133,133,15217,133,133,133,133,133,133,133,133,31580,26688,51936,54904,133,38054,133,10066,
942,133,133,133,133,133,133,133,133,21831,133,28393,1957,133,133,15359,8289,133,34954,8003,10771,
943,133,133,133,133,133,133,133,133,133,133,59892,4848,13705,14419,44912,37736,57317,34800,32504,133,
944,133,133,133,133,133,133,133,133,133,133,133,39288,133,34028,12534,25280,22342,36178,133,133,
945,133,133,133,133,133,133,133,133,133,133,45866,25842,42673,133,30757,133,33545,31103,11888,133,
946,133,133,133,133,133,36957,5981,133,15095,133,133,32331,133,46499,133,18984,21589,50274,47200,53507,
947,133,133,133,133,133,133,133,55238,133,133,12648,133,47470,133,48240,133,133,133,33253,133,
948,133,133,133,133,133,133,133,133,133,133,42773,39200,133,133,19672,14490,48404,51362,133,133,
949,133,133,133,133,133,133,133,133,133,133,8947,44478,133,52963,133,17065,15577,133,18054,33549,
950,133,133,133,133,133,133,133,133,133,133,2226,14387,15156,20371,28526,133,133,133,50623,39424,
951,133,133,133,133,133,133,133,133,133,133,133,133,18744,133,133,18145,34068,32102,133,54411,
952,133,133,133,133,133,133,133,133,133,133,133,48847,14630,11509,13360,10661,133,133,17735,24907,
953,133,133,133,133,133,133,133,133,133,133,626,133,24655,44408,21867,133,36655,23472,17026,46459,
954,133,133,133,133,133,133,133,20773,133,133,21461,133,53881,33961,133,133,133,19315,133,36635,
955,133,133,133,133,133,133,133,133,133,133,14455,133,133,14266,133,133,38906,133,51363,30079,
956,133,133,133,133,133,133,133,133,133,133,58209,9408,29944,133,43570,60849,47701,133,43788,43603,
957,133,133,133,133,133,133,133,133,133,133,29205,55513,133,133,11352,24551,133,133,31863,21685,
958,133,133,133,133,133,133,133,133,133,133,5742,133,29328,42824,133,17680,39941,133,133,12393,
959,133,133,133,133,133,133,133,133,133,133,37936,45826,12186,133,133,133,29567,8643,133,13386,
960,133,133,133,133,133,133,133,133,133,133,133,33682,133,20845,133,44680,133,133,40160,30766,
961,133,133,133,133,133,13371,133,133,133,133,28058,15391,51733,38448,22881,17336,133,133,30128,14566,
962,133,133,133,133,133,133,133,133,133,133,44623,36190,44904,54500,54310,36867,15297,133,41871,48372,
963,133,133,133,133,133,133,133,133,133,133,18393,31309,133,36105,133,29494,2010,20469,29871,40192,
964,133,133,133,133,133,133,133,133,133,133,133,30102,22272,48497,41842,19987,133,28204,133,133,
965,133,133,133,133,133,133,133,133,133,133,40564,133,10811,133,133,133,24408,57669,133,47766,
966,133,133,133,133,133,133,133,133,133,1046,133,35340,17492,133,133,932,25449,133,133,42864,
967,133,133,133,133,133,133,133,133,133,133,19425,20579,133,16847,54160,25458,133,133,133,39665,
968,133,133,133,133,133,133,133,133,133,133,43155,133,29230,133,10875,133,40263,13164,19953,133,
969,133,133,133,133,133,133,133,133,133,133,39664,10268,31044,16288,133,133,42009,44979,48189,21923,
970,133,133,133,21640,133,133,133,133,133,133,41770,133,133,133,26955,5295,12944,133,9999,47345,
971,133,133,133,133,133,133,133,133,133,133,53635,43593,25774,21192,31944,4645,133,35156,21523,44761,
972,133,133,133,133,133,133,133,133,133,133,22899,133,133,47401,1944,40889,29917,9309,40867,133,
973,133,133,133,133,133,133,133,133,133,133,1605,45829,47730,133,49069,133,9780,23472,11837,33018,
974,133,133,133,133,133,133,133,133,133,133,26455,24872,133,15809,58877,133,1630,38603,133,40425,
975,133,133,133,133,133,133,133,133,133,133,133,3385,20716,133,17231,133,29179,16235,25049,15293,
976,133,133,133,133,133,133,133,133,133,133,133,133,12441,133,32333,133,133,133,133,133,
977,133,133,133,133,133,133,133,133,133,133,133,133,133,133,17427,35829,133,21569,133,133,
978,133,133,133,133,133,133,133,133,133,133,133,133,37898,17277,38349,133,2814,53239,133,133,
979,133,133,133,133,133,133,133,133,133,133,29625,26458,21934,133,37198,133,27687,49353,11284,39853,
980,133,133,133,133,133,133,133,133,133,133,8400,133,133,133,133,133,133,46989,18959,133,
981,133,133,4633,133,133,133,133,133,133,2175,18461,133,17945,44989,43062,133,25707,55572,133,43980,
982,133,133,133,133,133,133,133,133,133,5297,12475,133,47566,19248,133,57806,133,133,133,133,
983,133,133,133,133,133,133,133,133,133,133,1084,20165,284,133,50041,133,893,133,5822,30206,
984,133,133,133,133,133,133,133,133,133,133,17019,11640,133,1654,19870,11660,133,133,57421,133,
985,133,133,133,133,133,133,133,133,4680,133,41661,133,133,37162,49550,25719,133,133,41011,133,
986,133,133,133,133,133,5721,133,133,133,133,133,15745,33488,133,57491,19050,11517,133,41513,133,
987,133,133,133,133,133,133,133,133,133,133,52357,133,133,133,18221,54154,133,44533,133,22518,
988,133,133,133,133,133,133,133,133,133,133,133,46343,49203,31078,31726,133,133,133,48197,133,
989,133,133,133,133,133,133,133,133,133,133,12263,17338,133,30352,133,43776,133,47015,52625,33344,
990,133,133,133,133,133,133,133,133,133,133,38472,45193,36131,13353,133,39666,133,4106,4569,30164,
991,133,133,133,133,133,133,133,133,133,133,32841,12419,21634,5733,49249,20217,133,133,14830,34909,
992,133,133,133,133,133,133,133,133,133,133,54231,59206,55693,133,133,44589,45743,22084,33356,7049,
993,133,133,133,133,133,133,133,133,133,133,133,133,133,44963,9015,15255,56396,13135,14709,133,
994,133,133,133,133,133,470,133,133,133,133,133,53552,55794,133,18127,26911,133,133,45369,133,
995,133,133,133,133,133,133,133,133,133,10929,14152,57469,133,24607,43080,133,50546,1137,49746,133,
996,133,133,133,133,26358,133,133,133,133,133,12357,27753,133,37560,46333,133,133,28005,133,39841,
997,133,133,133,133,133,133,133,133,133,133,41282,133,133,47500,36021,133,45421,45271,133,17053,
998,133,133,133,133,133,133,133,133,133,133,1758,12697,28158,43200,48381,43595,27828,35547,133,16453,
999,133,133,133,133,133,133,133,133,133,2180,20202,133,20721,133,18281,133,42547,18626,133,51802,
1000,133,133,7404,133,133,133,133,133,133,133,133,34285,133,133,8320,47475,38215,133,38948,23107,
