1,4112,49422,49552,29488,15586,10555,20898,47637,33763,43556,46606,7684,11613,27688,14637,14449,15093,1721,47548,28821,
2,1721,1721,1054,2745,3721,921,1805,964,1168,584,7505,144,432,6841,20422,8417,592,7043,11421,13825,
3,144,144,144,584,921,584,584,144,584,730,18844,47288,38293,972,30424,19087,6267,144,35631,47301,
4,144,144,144,144,144,584,144,144,144,144,6628,28733,144,44379,42526,129,41539,49823,144,42761,
5,129,144,144,144,129,144,144,144,129,144,45240,144,144,44285,12246,12829,55596,42302,129,25204,
6,129,129,129,144,144,144,144,129,129,144,5502,129,144,129,144,129,45741,49596,46896,19181,
7,129,129,129,144,129,129,129,129,129,144,1797,129,11034,43631,144,129,41394,2995,23734,18991,
8,129,129,129,129,129,129,129,129,129,144,129,41680,129,41811,129,35194,49046,129,49979,29559,
9,129,129,129,129,129,129,129,129,129,129,129,43637,129,42441,59375,129,129,35057,20877,50467,
10,129,129,129,129,129,129,129,129,129,129,30759,20391,16518,129,44990,28838,36321,129,25853,16401,
11,129,129,129,129,129,129,129,129,129,129,25300,129,129,129,57333,30738,49029,13850,41411,129,
12,129,129,129,129,129,129,129,129,129,129,129,45605,129,129,20631,2171,15556,129,11275,25712,
13,129,129,129,129,129,129,129,129,129,129,129,19846,8994,129,284,45532,34433,129,129,17673,
14,129,129,129,129,129,129,129,129,129,4458,957,129,41285,35822,42300,15039,129,2143,3553,38846,
15,129,129,129,129,129,11879,129,129,129,129,129,33685,33309,40083,48633,2411,37911,10779,129,45907,
16,129,129,129,129,129,129,129,14897,129,129,53971,2922,14941,43548,28412,129,13426,129,37742,49600,
17,129,129,129,129,129,129,129,129,129,129,27274,129,129,129,129,37643,38019,129,129,12442,
18,129,129,129,129,129,129,129,129,129,129,33765,129,129,129,58620,129,33489,129,35675,44940,
19,129,129,129,129,129,129,129,129,129,129,40431,35030,129,33680,28648,9905,34861,16544,37243,129,
20,129,129,129,129,129,129,129,129,129,129,42811,129,22868,12139,129,22655,129,27415,47891,45245,
21,129,129,129,129,129,129,129,129,14411,129,129,45222,32191,41506,129,3536,129,129,129,45674,
22,129,129,129,129,129,129,129,129,129,129,51011,129,129,43364,30197,17098,129,129,34734,57790,
23,129,129,129,129,4643,129,129,129,129,129,129,18005,16681,51930,129,48472,17110,9997,25988,129,
24,129,129,129,129,129,129,129,129,129,129,129,38030,129,58314,12585,41783,129,15692,14426,40930,
25,129,129,129,129,129,129,129,129,129,129,129,14836,129,129,129,53481,57867,129,954,1733,
26,129,129,129,129,129,129,129,129,129,129,58812,40007,51968,129,129,43539,31838,38650,32599,52964,
27,129,129,129,129,129,129,129,129,129,129,28120,24436,58138,43749,129,20366,57150,11973,17787,28175,
28,129,129,129,129,129,129,129,129,129,129,23652,3115,129,38762,13674,10898,129,13078,38071,30245,
29,129,129,129,129,129,129,129,129,129,129,14758,42183,48922,129,129,129,10216,129,45068,34109,
30,129,129,129,129,129,129,129,129,129,129,129,51094,129,11091,129,56861,129,46381,129,1924,
31,129,129,129,15995,129,129,129,129,129,129,129,52283,40063,129,49873,129,129,44573,129,129,
32,129,129,129,16824,129,129,19211,129,129,129,129,29438,53469,46252,45316,129,56965,56040,129,129,
33,129,129,129,129,129,129,16835,129,17000,129,41753,35180,33014,129,129,129,22834,49365,45818,14952,
34,129,129,129,129,129,129,129,129,129,129,5143,57258,129,2956,32014,11155,129,56468,129,56059,
35,129,129,129,129,17733,129,129,129,129,129,14540,22010,23743,55812,7009,129,129,129,24881,18969,
36,129,129,129,129,129,129,129,129,129,129,41050,24544,30816,28443,40751,129,22757,129,32018,129,
37,129,129,129,129,129,129,129,129,129,129,5256,42088,129,21148,53395,54328,33360,129,129,46669,
38,129,129,129,129,129,129,129,129,129,129,129,46087,129,18181,129,129,21336,21293,31536,129,
39,129,129,129,129,129,129,129,129,129,129,52844,26211,29654,36031,41237,15401,21128,129,16293,21136,
40,129,129,129,129,129,129,129,129,129,129,129,10311,129,54962,18992,19019,46577,42251,53556,44723,
41,129,129,129,129,129,129,129,129,129,129,129,129,11182,30292,129,1811,38912,129,14738,27782,
42,129,129,129,129,129,129,129,129,129,129,46015,129,37428,52356,129,129,129,129,129,48201,
43,129,129,129,129,129,129,129,129,129,129,207,129,32249,30216,58091,26193,12728,21082,54814,129,
44,129,129,129,129,129,129,129,129,129,129,18136,1350,60381,16930,129,20886,129,59519,129,129,
45,129,129,129,129,129,129,129,129,129,129,129,129,129,16595,129,51632,38969,129,129,48443,
46,129,129,129,129,129,129,2706,129,129,129,47859,129,3450,34394,26641,21305,129,28855,129,39466,
47,129,129,129,129,129,129,129,129,129,129,39492,53005,16790,16310,129,129,129,21574,24955,52983,
48,129,129,129,129,129,129,129,129,129,129,129,47510,20034,34786,129,129,129,17849,31852,129,
49,129,129,129,129,129,129,129,129,129,129,23569,129,129,4651,44489,22376,56953,10296,129,31957,
50,129,129,129,129,129,129,129,129,129,129,33915,129,13529,49026,27001,33117,47937,129,44898,21267,
51,129,129,129,129,129,129,129,129,129,129,129,129,129,33995,7807,50204,129,129,129,48552,
52,129,129,129,129,129,129,129,129,129,129,129,129,45990,14239,129,5170,129,129,51268,43028,
53,129,129,129,6252,129,129,129,129,129,129,129,129,20141,129,13187,45436,33568,129,129,46432,
54,129,129,129,129,129,129,129,129,129,129,129,54897,53416,37946,31909,245,129,18878,39385,129,
55,129,129,129,129,129,129,129,129,129,129,129,58898,12112,129,43347,29343,28673,47533,4030,51235,
56,129,129,129,129,129,129,129,129,129,129,129,129,129,57503,46736,129,129,28911,35334,35002,
57,129,129,129,129,129,129,129,129,129,129,28849,22387,129,23425,45217,18488,46256,46426,50025,49220,
58,129,129,129,129,129,129,129,129,129,129,27083,16213,129,129,15448,8801,59176,1345,58851,9294,
59,129,129,129,129,129,129,129,129,129,129,37821,9816,13092,50701,129,48798,44243,31245,129,55816,
60,129,129,129,2175,129,129,129,129,129,129,129,29783,39441,26164,13597,129,24435,52415,43306,47459,
61,129,129,129,129,129,129,129,129,129,129,2598,11851,129,129,129,41009,129,44917,129,129,
62,129,129,129,129,129,129,129,129,129,129,18446,43228,129,129,46588,25046,5024,129,15242,43128,
63,129,129,129,129,129,129,129,129,129,129,5157,11044,52913,52735,129,129,129,129,129,42037,
64,129,129,129,129,129,129,129,129,129,129,45735,45038,21426,38510,25811,129,35560,47380,13691,46995,
65,129,129,129,129,129,129,129,129,129,129,2258,31387,129,54942,28309,11436,34997,51714,25226,48304,
66,129,129,129,129,129,129,129,129,129,129,24463,39415,54702,24026,49115,36730,10939,33674,37185,36411,
67,129,129,129,129,129,129,9008,129,129,129,129,5794,42528,129,30236,129,43319,45063,15482,129,
68,129,129,129,129,129,129,129,129,129,129,39487,55963,33466,13722,129,46772,17122,44840,50161,43595,
69,129,129,129,129,129,129,129,129,129,129,129,40297,7319,38872,40546,46737,42898,129,31778,42996,
70,129,129,129,129,129,129,129,129,129,129,129,129,129,50202,48404,129,25361,48454,21314,129,
71,129,129,129,129,129,129,129,129,129,129,129,28380,129,29034,6370,46613,44221,5436,129,129,
72,129,129,129,129,129,129,129,129,129,129,129,129,31882,129,129,129,7540,18048,43001,129,
73,129,129,129,129,129,129,129,129,129,129,36993,27898,54809,129,48682,45229,32972,3493,129,33582,
74,129,129,129,129,129,129,129,129,129,129,46534,14472,129,24221,129,13926,129,45551,129,21128,
75,129,129,129,129,129,129,129,129,129,129,51527,30481,34748,16118,41055,129,20347,25618,13598,49068,
76,129,129,129,129,129,129,129,129,129,129,50489,129,40194,15581,40884,42123,46721,59627,129,20643,
77,129,129,129,129,129,129,129,129,129,129,41729,129,23234,58122,129,129,23644,9875,47744,129,
78,129,129,129,129,129,129,129,129,129,129,3017,23092,129,129,129,48626,47405,129,29759,30501,
79,129,129,129,129,129,129,129,129,129,129,129,53518,58467,56117,24634,33109,46571,14678,129,59234,
80,129,129,129,129,129,129,129,129,129,129,33143,27958,129,57132,36701,53563,28558,38391,17796,35710,
81,129,129,129,129,129,129,129,129,129,129,29827,129,39467,30612,53709,129,19418,36993,9606,129,
82,129,129,129,129,129,129,129,129,129,129,14463,129,10985,32090,47975,28615,52432,41424,5749,129,
83,129,129,129,129,129,129,129,129,129,129,16163,129,56311,129,25475,129,56034,43658,29004,129,
84,129,129,129,129,129,129,129,129,129,129,129,22092,35176,129,34205,5336,129,129,129,54449,
85,129,129,12841,129,129,129,129,129,129,129,43269,44221,51560,19371,36486,129,129,57839,36184,3989,
86,129,129,129,129,129,129,129,129,129,129,48974,129,129,37020,129,13528,11458,16922,33932,129,
87,129,129,129,129,129,129,129,129,129,129,129,34696,9259,49858,129,29799,129,13721,24615,129,
88,129,129,13486,129,129,129,129,129,129,129,56312,129,59621,129,129,129,129,129,18874,16315,
89,129,129,129,129,129,129,129,129,129,129,129,58193,129,14898,129,129,46746,42046,129,54863,
90,129,129,129,129,129,129,129,18540,129,129,129,37662,129,46751,129,129,129,9722,36536,129,
91,129,129,129,129,129,129,129,129,129,129,129,39086,15473,44574,129,48462,34368,44097,52902,46911,
92,129,129,129,129,129,11744,129,129,11744,129,129,129,13671,11857,42829,129,129,129,129,129,
93,129,129,129,129,129,129,129,8156,129,129,129,129,24307,11425,57483,30653,39462,26704,24481,45545,
94,129,129,129,129,129,129,129,129,129,129,55154,129,129,2673,34887,129,55621,129,58111,47068,
95,129,129,129,129,129,129,129,129,129,129,37316,129,34058,28419,18323,129,129,42997,30554,129,
96,129,129,129,129,129,129,129,129,129,129,708,129,56487,129,43725,26787,16971,45285,129,37645,
97,129,129,129,129,129,129,129,129,129,129,27890,44515,7878,43147,45985,9394,39311,129,22682,23614,
98,129,129,129,129,129,129,129,129,129,129,129,129,35896,10461,43227,129,57989,45554,29789,129,
99,129,129,129,129,129,129,129,129,129,129,129,129,16268,13426,129,129,129,10487,129,11973,
100,129,129,129,129,129,129,129,129,129,129,37663,1294,27027,6770,129,10780,25342,11678,41546,44884,
101,129,129,129,129,129,129,129,129,129,129,54677,45488,26371,21524,23438,27466,483,129,40775,17560,
102,129,129,129,129,129,129,129,129,129,129,19948,16262,30743,45853,12225,129,41084,35861,13081,1117,
103,129,129,3867,129,129,129,129,3867,129,129,2796,37412,129,2271,3886,14660,129,129,30872,129,
104,129,129,129,129,129,129,129,129,129,129,37116,11874,56627,37836,129,38693,129,19842,129,36137,
105,129,129,129,129,129,129,129,129,129,129,129,52770,12169,129,10131,129,129,14711,51001,129,
106,129,129,129,129,129,129,129,129,129,129,129,58731,17641,129,28634,129,4077,129,129,129,
107,129,129,129,129,129,129,129,129,129,129,12312,129,19355,10426,129,14286,129,129,129,26622,
108,129,129,129,129,129,129,129,129,129,129,129,58783,129,60320,129,26840,16353,48302,35050,50548,
109,129,129,129,129,129,129,129,129,129,129,54112,129,39231,129,16699,5332,129,129,13407,46804,
110,129,129,129,129,129,129,129,129,129,129,129,18589,38558,129,45336,19275,129,10872,129,38549,
111,129,129,129,129,129,129,129,129,129,129,45462,47226,23611,56577,22057,24244,59048,49116,49573,11305,
112,129,129,129,129,129,129,129,129,129,129,129,17029,49044,27881,52717,129,129,26105,31946,9814,
113,129,129,129,129,129,129,129,129,129,129,45542,40510,50916,129,41897,129,43425,57846,20815,17405,
114,129,129,129,129,129,129,129,129,129,129,25550,32277,42044,129,34607,10949,16605,129,44086,8966,
115,129,129,129,129,129,129,129,129,129,129,15825,42986,129,14739,129,9863,27760,32204,59444,129,
116,129,129,129,129,129,129,129,129,129,129,12122,33531,129,51558,129,2295,47699,129,129,21871,
117,129,129,129,129,129,129,129,129,129,129,23386,10154,51350,129,51913,11079,22939,129,129,129,
118,129,129,129,129,129,129,129,129,129,129,129,23053,41858,55671,730,46107,129,129,39176,129,
119,129,129,129,129,129,129,129,129,129,129,129,47870,129,24412,17869,129,129,129,45334,129,
120,129,129,129,129,129,129,129,129,129,129,129,37767,48725,47567,37432,43010,41969,49988,53621,129,
121,129,129,129,129,129,129,129,129,129,129,34935,129,23072,129,129,129,129,10574,32025,129,
122,129,129,129,129,129,129,129,129,129,129,129,129,129,129,57073,42603,45871,8433,7516,129,
123,129,129,129,129,129,129,129,129,129,129,129,21565,27534,44063,129,35024,32285,129,36030,11745,
124,129,129,129,129,129,129,129,129,129,129,56349,129,129,28893,45961,30440,129,41015,129,129,
125,129,129,129,129,129,129,129,129,129,129,129,1901,47816,10774,29759,129,32354,129,49326,129,
126,129,129,129,129,129,129,129,129,129,129,129,3412,129,48402,476,129,44779,129,37573,129,
127,129,129,129,129,129,129,129,622,129,129,11521,35446,129,38682,45940,129,21693,29311,21833,129,
128,129,129,129,129,129,129,129,129,129,129,45361,59280,41106,129,14738,36639,44445,129,50599,11923,
129,129,129,129,129,129,129,129,129,129,129,58778,129,59590,50319,12410,22431,42434,26917,58467,35159,
130,129,129,129,129,129,129,129,129,129,129,23955,44921,8891,129,20443,57681,129,59115,20088,19064,
131,129,129,129,129,129,129,129,129,129,2685,129,41178,12210,129,129,39672,47217,32717,53965,11246,
132,129,129,129,129,129,129,129,129,129,129,59033,12556,129,3886,129,44931,42076,38704,45261,19817,
133,129,129,129,129,129,129,129,129,129,129,129,129,129,129,129,129,29442,17033,129,46095,
134,129,129,129,129,129,129,129,129,129,129,54555,46067,129,38692,129,129,593,31959,55387,4907,
135,129,129,129,129,129,129,129,129,129,129,129,15281,129,13562,43967,129,19991,129,16270,16343,
136,129,129,129,129,129,129,129,129,129,129,35786,55885,40502,129,24971,13434,129,11635,48841,56619,
137,129,129,129,129,129,129,129,129,129,129,17000,53623,23677,19519,129,27092,2682,129,20724,16782,
138,129,129,129,129,129,129,129,129,129,129,11083,51682,41477,11732,129,3027,129,129,129,59349,
139,129,129,129,129,129,129,129,129,129,129,129,45507,46872,129,129,129,129,30058,21221,23230,
140,129,129,129,129,129,129,129,129,129,129,129,19618,129,129,129,22942,129,10920,9965,31282,
141,129,129,129,129,129,129,129,129,129,129,129,37557,10313,14093,129,37615,19978,30704,29544,53965,
142,129,129,129,129,129,129,129,129,129,129,129,129,129,129,129,129,129,129,16053,35964,
143,129,129,129,129,129,129,129,129,129,129,129,129,13004,18043,32771,129,129,38828,129,9803,
144,129,129,129,129,129,129,129,129,129,129,1297,129,52383,129,13040,129,129,129,16894,129,
145,129,129,129,129,129,129,129,129,129,129,129,51427,129,32854,15945,54179,32519,879,6054,17816,
146,129,129,129,129,129,129,129,129,129,129,129,5862,24985,47870,129,21895,129,129,17090,33384,
147,129,129,129,129,129,129,129,129,129,129,13069,52136,30564,129,55624,44757,129,11876,24919,36721,
148,129,129,129,129,129,129,129,129,129,129,38117,45344,12620,129,26526,129,129,23381,7424,29290,
149,129,129,129,129,129,129,129,129,129,129,129,129,39076,129,129,54381,20711,129,45108,129,
150,129,129,129,129,129,129,129,129,129,129,129,26187,22461,129,24402,18882,18367,40324,49339,27421,
151,129,129,129,129,129,129,129,129,129,129,24630,47416,39354,15944,44411,10922,129,39796,14640,129,
152,129,129,129,129,129,129,129,129,129,129,41035,129,129,129,129,129,9156,129,129,46552,
153,129,129,129,129,129,129,129,129,129,129,46685,58317,46061,56993,129,24782,21134,12559,129,55901,
154,129,129,129,129,129,129,129,129,129,129,129,31882,32244,129,129,129,50968,4154,57510,19015,
155,129,129,129,129,129,129,129,129,129,129,43803,55200,20013,58590,47070,129,23696,57195,129,43380,
156,129,129,129,129,129,129,129,129,129,129,129,129,42715,129,37876,35218,56258,54145,4892,129,
157,129,129,129,129,129,129,129,129,129,129,129,30686,43479,57550,129,12869,10187,10177,129,16536,
158,129,129,129,129,129,129,129,129,129,129,129,129,21911,129,129,129,52839,11731,48749,46306,
159,129,129,129,129,129,129,129,129,129,129,19463,5642,27519,41401,13779,39179,22250,5016,20260,44906,
160,129,129,129,129,129,129,129,129,129,129,32910,20976,11836,24540,36896,25856,50594,39561,48390,5848,
161,129,129,13590,129,129,129,129,129,129,129,129,24728,129,20011,129,36053,16611,48949,28903,48961,
162,129,129,129,129,129,129,129,129,129,129,58943,6721,30102,129,129,54377,46135,15278,45746,37685,
163,129,129,129,129,129,129,129,129,129,129,39309,20184,48314,40581,22894,15154,51733,129,129,129,
164,129,129,129,129,129,129,129,129,129,129,28341,129,129,129,53544,5137,38606,30522,129,18958,
165,129,129,129,129,129,129,129,129,129,129,8047,129,11818,129,129,12100,36008,28264,129,38095,
166,129,129,129,129,129,129,129,129,129,129,47184,58517,22591,129,18792,25328,40693,129,129,40259,
167,129,129,129,129,129,129,129,129,129,129,129,37964,32386,19405,44302,54398,129,40539,25466,34648,
168,129,129,129,129,129,129,129,129,129,129,129,13578,38409,11429,16165,129,37661,40980,35002,46736,
169,129,129,129,129,129,129,129,129,129,129,27968,129,36920,129,129,129,47286,16584,3544,37281,
170,129,129,129,129,129,129,129,129,129,129,129,12368,6468,41174,29402,29759,129,129,129,14226,
171,129,129,129,129,129,129,129,129,129,129,16504,129,129,129,43914,129,21086,7750,42966,129,
172,129,129,129,129,129,129,129,129,129,129,11040,31808,38159,28304,129,129,42349,10791,46256,13063,
173,129,129,129,129,129,129,129,129,129,129,29984,43656,5118,129,13244,129,51597,55488,10292,25137,
174,129,129,129,129,129,129,129,129,129,129,29572,57327,129,34047,48941,14882,41825,129,43456,40380,
175,129,129,129,8486,129,129,129,129,129,129,129,9560,56728,1821,35617,44787,36911,129,17979,129,
176,129,129,129,129,129,129,129,129,129,129,11645,59522,129,54658,129,129,27254,53869,21724,129,
177,129,129,129,129,129,129,129,129,129,129,30024,129,47929,39874,129,129,129,129,14148,129,
178,129,129,129,129,129,129,129,129,129,129,56930,129,50234,129,36101,55195,34212,129,49570,129,
179,129,129,129,129,129,129,129,129,129,129,129,23935,35951,2980,42187,49288,43820,14824,55151,47090,
180,129,129,129,129,129,129,129,129,129,129,129,8746,45404,129,129,24207,129,14597,16674,53029,
181,129,129,129,129,129,129,129,129,129,129,47676,23601,55217,129,25666,21899,36618,32336,129,41739,
182,129,129,129,129,129,129,129,129,129,129,129,45075,42259,39204,51502,48949,15388,129,18225,129,
183,129,129,129,129,129,129,129,129,129,129,7323,129,129,129,129,13505,42897,129,129,42435,
184,129,129,129,129,129,129,129,129,129,129,41569,34989,129,129,129,129,20789,35933,14997,129,
185,129,129,129,129,129,129,129,129,129,129,25798,22597,12391,129,15311,34957,22816,129,17562,23062,
186,129,129,129,129,129,129,129,129,129,129,22815,5171,129,129,129,129,12174,129,21480,27606,
187,129,129,129,129,129,129,129,129,129,129,129,129,32295,11867,36602,45763,57144,48818,129,129,
188,129,129,129,129,129,129,129,129,129,129,23207,40677,129,42782,41599,22675,13985,129,55390,129,
189,129,129,129,129,129,129,129,129,129,129,37314,129,129,45248,18762,129,4376,55601,21963,24525,
190,129,129,129,129,129,129,129,129,129,129,37511,38872,51064,44534,44384,17976,129,36978,49102,129,
191,129,129,129,129,129,129,129,129,129,129,5780,47270,8405,55120,43598,33889,129,30430,12443,22045,
192,129,129,129,129,129,129,129,129,129,129,129,15958,10696,54214,5722,129,21108,129,20328,129,
193,129,129,129,129,129,129,129,129,129,129,37441,48811,129,12690,31431,129,42599,41934,129,129,
194,129,129,129,129,129,129,129,129,129,129,42041,42348,129,41184,19638,59591,19059,34041,129,25932,
195,129,129,129,129,129,129,129,129,129,129,40848,129,14389,5606,4468,13736,43420,34162,129,37198,
196,129,129,129,129,129,129,129,129,129,129,129,45650,129,32781,51526,129,5835,129,46107,40924,
197,129,129,129,129,129,129,129,129,129,129,7650,31355,58672,13569,129,42194,129,20275,43297,18361,
198,129,129,129,129,129,129,129,129,129,129,129,49059,129,129,20083,33515,7595,129,129,39943,
199,129,129,129,129,129,129,129,129,129,129,5697,54159,6853,42228,37809,39880,27255,20908,30793,129,
200,129,129,129,129,129,129,129,129,129,129,129,129,129,30590,129,42197,129,13037,129,59134,
201,129,129,129,129,129,129,129,129,129,129,21093,56771,12148,5640,129,33001,32113,10814,129,972,
202,129,129,129,129,129,129,129,129,129,129,20018,41003,56147,36068,129,22845,129,7043,34460,55157,
203,129,129,129,129,129,129,10985,129,129,129,15010,9910,28611,26751,35396,129,28675,129,27808,46353,
204,129,129,129,129,129,129,129,129,129,129,52469,42784,37515,129,46822,12281,12333,48277,129,129,
205,129,129,129,129,129,129,129,129,129,129,129,129,38230,22880,27431,59005,53878,129,9230,25287,
206,129,129,129,129,129,129,129,129,129,129,129,47814,4884,42681,37491,129,129,40600,46902,12293,
207,129,129,129,129,129,129,129,129,129,129,45983,59348,11167,129,10367,56455,11696,35971,129,129,
208,129,129,129,129,129,129,129,129,129,129,129,6693,48809,129,18505,129,40582,129,56351,58405,
209,129,129,129,129,129,129,129,129,129,129,129,19166,44955,6719,129,6364,20535,46579,33478,129,
210,129,129,129,129,129,129,129,129,129,129,32433,27970,26533,34656,47292,19271,11093,16544,129,17783,
211,129,129,129,129,129,129,129,129,129,129,44559,7752,34089,53804,28864,25653,129,129,44797,129,
212,129,129,129,129,129,129,129,129,129,129,129,17513,129,58921,30774,40120,35076,38771,129,21611,
213,129,129,129,129,129,12836,129,12836,129,129,15737,129,49077,12120,129,129,129,55870,13835,129,
214,129,129,129,129,129,3257,129,129,129,129,29078,11162,129,58275,23307,129,129,129,31913,34953,
215,129,129,129,129,13460,5317,129,129,129,129,129,27814,41058,28880,11407,48016,39041,129,58858,50808,
216,129,129,129,129,129,129,129,129,129,129,12162,129,45032,129,47993,34293,8172,46279,129,36646,
217,129,129,129,129,129,129,129,129,129,129,55810,45740,15438,30404,20418,129,44582,129,129,43317,
218,129,129,129,129,129,129,129,129,129,129,5568,22575,53321,2563,16957,57645,59569,129,129,11448,
219,129,129,129,129,129,129,129,129,129,129,36676,35261,46114,46237,11570,129,48328,56455,50970,45582,
220,129,129,129,129,129,129,129,129,129,129,3008,9085,129,14909,3737,12054,129,129,59309,129,
221,129,129,129,129,129,129,129,129,129,129,43395,129,24271,129,49121,46063,129,25970,26998,45969,
222,129,129,1503,129,129,129,129,129,129,129,129,129,129,32314,129,33215,17383,129,129,39650,
223,129,129,129,129,129,129,129,129,129,129,32981,129,18267,44884,129,129,51218,32219,56249,34591,
224,129,129,129,129,129,129,129,129,129,129,56377,57063,129,129,23290,45433,129,40487,31787,27407,
225,129,129,129,129,129,129,129,129,129,129,24342,46245,13728,129,129,22893,44209,53670,17535,11730,
226,129,129,129,129,129,129,129,129,129,129,40491,38923,50316,11135,129,57607,36427,58951,30760,30209,
227,129,129,129,129,129,129,129,129,129,129,129,21622,129,32126,47404,129,129,45082,5310,16257,
228,129,129,129,129,129,129,129,129,129,129,20283,2423,45546,33014,29420,129,30538,129,39258,49000,
229,129,129,129,129,129,129,129,129,2702,129,42538,51316,54196,27531,129,7097,38133,129,34476,129,
230,129,129,129,129,129,129,129,129,129,129,129,4712,57431,27871,55424,27440,25044,129,20675,15464,
231,129,129,129,129,129,129,129,129,129,129,129,15364,13298,129,6417,43421,40407,39405,129,129,
232,129,129,129,129,129,129,129,129,129,129,129,17742,129,129,129,129,129,54450,129,44637,
233,129,129,129,129,129,129,129,129,129,129,33472,129,14669,129,33302,129,18984,129,31690,43060,
234,129,129,129,129,129,129,129,129,129,129,43611,32182,28354,129,129,129,47861,129,11547,23969,
235,129,129,129,129,129,129,129,129,129,129,129,33449,129,35225,33611,21891,29528,129,19514,29190,
236,129,129,129,129,129,129,129,129,129,129,129,25293,129,17302,129,129,46688,12318,48356,129,
237,129,129,129,129,129,129,129,129,129,129,6486,47699,129,129,43892,55584,47356,20643,2379,36136,
238,129,129,129,129,129,129,129,129,129,129,129,38338,129,129,129,47480,54858,27921,58648,6610,
239,129,129,129,129,129,129,129,129,129,129,33603,17336,55803,129,7874,4106,129,39247,49430,7447,
240,129,129,129,129,129,129,129,129,129,129,129,20477,24957,129,23130,129,129,47495,41131,40545,
241,129,129,129,129,129,129,129,129,129,129,129,129,44464,129,35299,29911,45116,46653,491,47059,
242,129,129,129,129,129,129,129,129,129,129,33952,129,2827,129,129,10583,6295,22698,18691,129,
243,129,129,129,129,129,129,129,129,129,129,1948,23161,12738,46430,57736,55145,24108,36451,23061,129,
244,129,129,129,129,129,129,129,129,129,129,44937,1666,129,27685,129,21455,129,129,57393,13864,
245,129,129,129,129,129,129,129,129,129,129,129,37394,129,8721,47453,12723,129,37267,56074,129,
246,129,129,129,129,129,129,129,129,129,129,41558,17450,36360,57971,41806,129,129,35348,129,52848,
247,129,129,2007,129,129,129,129,129,2007,129,45708,22591,27167,45984,13100,46295,129,129,16727,27445,
248,129,129,129,8740,12165,129,129,129,129,129,129,30756,40508,45704,129,42801,20516,19566,21397,11923,
249,129,129,129,129,129,129,129,129,129,129,129,9471,129,129,24061,20589,4773,836,48843,29613,
250,129,129,129,129,129,129,129,129,129,129,44399,9324,129,129,52465,18279,43593,129,48075,49666,
251,129,129,129,129,129,129,129,129,129,129,129,35963,48186,42703,129,45999,48662,21743,49324,8969,
252,129,129,129,129,129,129,129,129,129,129,43587,60212,37012,13898,129,31767,129,129,45241,24568,
253,129,129,129,129,129,129,10186,129,129,129,129,35227,28506,13297,129,54557,129,25116,54379,129,
254,129,129,129,129,129,129,129,129,129,129,129,57993,129,8848,129,25143,44924,129,56886,129,
255,129,129,129,129,129,129,129,129,129,129,129,129,129,29023,57242,32751,48806,50592,24265,129,
256,129,129,129,129,129,129,129,129,129,129,52845,14319,359,17932,44533,48280,43918,1277,129,53082,
257,129,129,129,129,21667,129,129,11165,129,129,4001,16141,15230,39639,2477,21080,32834,18515,31630,45041,
258,129,129,129,129,129,7759,129,129,129,129,129,14843,129,129,43372,33750,18470,48692,18134,129,
259,129,129,129,129,129,129,129,129,129,129,11684,20159,129,3717,40410,129,129,32914,26956,3948,
260,129,129,129,13952,129,129,129,129,129,129,129,18866,15094,129,40078,129,129,48899,129,129,
261,129,129,129,129,129,129,129,129,129,129,129,45961,53952,50275,7216,21565,9678,129,12668,129,
262,129,129,129,129,129,129,129,129,129,129,55251,129,40543,59497,129,49445,9864,8193,48711,45150,
263,129,129,129,129,129,129,129,129,129,129,129,36302,129,26200,40211,30708,129,12465,34917,24895,
264,129,129,129,129,129,129,129,129,129,129,32230,129,18265,54519,15101,5454,129,129,129,47346,
265,129,129,129,129,129,129,129,129,129,129,129,41676,24087,26819,129,25368,44597,56128,6751,129,
266,129,129,129,129,129,129,129,129,129,129,129,129,27545,129,7536,18632,33502,129,61465,129,
267,129,129,129,129,129,129,129,129,129,129,58120,129,46833,129,28575,19229,29967,16185,48592,49175,
268,129,129,129,129,129,129,129,129,129,129,39516,11887,35594,129,46854,34973,46166,44410,15056,14093,
269,129,129,129,129,129,129,129,129,129,129,31366,129,45742,46215,129,129,129,129,129,57758,
270,129,129,129,129,129,129,129,129,129,129,3934,129,129,24049,44439,129,14975,129,129,5402,
271,129,129,129,129,129,129,129,129,129,129,26256,129,129,17477,129,21464,129,129,129,18001,
272,129,129,129,129,129,129,129,129,129,129,129,21175,129,262,10900,129,45134,33044,129,37176,
273,129,129,129,129,129,129,129,129,129,129,31701,129,129,23087,129,2440,11270,47333,129,129,
274,129,129,129,129,129,129,129,129,129,129,129,129,129,129,46401,7243,14051,129,30994,129,
275,129,129,129,129,129,129,129,129,129,129,15183,129,26741,39119,129,129,129,8650,19466,18491,
276,129,129,129,129,129,129,129,129,129,129,7108,28459,14945,129,8124,129,129,27140,129,129,
277,129,129,129,129,129,129,129,129,129,129,55043,49569,25406,41832,47985,3568,30795,129,16105,40744,
278,129,129,129,129,129,129,129,129,129,129,44423,4262,14569,129,11500,38270,12553,22677,42450,40834,
279,129,129,129,129,129,129,129,129,129,129,55435,26497,34072,129,35749,46216,35329,129,129,40374,
280,129,129,129,13897,129,129,129,129,129,129,53898,25367,23667,10754,16682,129,129,27965,129,129,
281,129,129,129,129,129,129,129,129,129,129,45368,29398,129,129,57169,32839,49393,15901,47158,129,
282,129,129,129,129,129,129,129,129,129,129,23312,129,129,56525,129,129,129,48969,37750,33305,
283,129,129,129,129,129,129,129,129,129,129,20755,129,129,13110,56353,25343,129,11681,13190,38000,
284,129,129,129,129,129,129,129,129,129,129,46722,18167,26934,11736,38429,129,53645,53054,57761,3143,
285,129,129,129,129,129,129,129,129,129,129,38874,129,39160,129,17175,58015,40175,53537,129,12468,
286,129,129,129,129,129,129,129,129,129,129,11055,33991,129,47782,18537,47354,129,129,26649,15371,
287,129,129,129,129,129,652,129,129,129,129,55044,49651,15736,32910,45864,46240,61321,57214,18088,10531,
288,129,129,129,129,129,129,129,129,129,1910,32852,41906,57329,129,21942,41666,40526,14179,129,46519,
289,129,129,129,129,129,129,129,129,129,129,46731,43956,37135,29424,51279,129,16132,129,17273,20133,
290,129,129,129,129,129,129,129,129,129,129,40410,44339,9467,11653,57013,129,129,43192,1035,13834,
291,129,129,129,129,129,129,129,129,129,129,49736,26856,129,2063,21198,129,10423,31645,129,129,
292,129,129,129,129,129,129,129,129,129,129,129,129,58160,3498,21240,14297,42857,17531,9354,45320,
293,129,129,129,129,129,129,129,129,129,129,129,30890,20288,12089,11416,129,129,129,20836,129,
294,129,129,129,129,129,129,129,129,129,129,39267,47537,33695,43617,9342,44844,52643,58378,16316,19080,
295,129,129,129,129,129,129,129,129,129,129,18343,53568,28560,17984,11643,30383,129,5330,129,43473,
296,129,129,129,129,129,129,129,129,129,129,36404,129,46827,20670,129,48167,129,37936,34236,129,
297,129,129,129,129,129,129,129,129,129,129,19580,129,21047,129,56431,35675,24056,501,43032,129,
298,129,129,129,129,129,129,129,129,129,7744,40173,43065,129,129,19181,129,129,20790,43637,129,
299,129,129,129,129,129,129,129,129,129,129,30849,129,20637,53679,39903,129,31421,54393,30474,31872,
300,129,129,129,129,129,129,129,129,129,129,129,129,25594,129,1064,129,129,129,129,129,
301,129,129,129,129,129,129,129,129,129,129,17192,129,29783,129,129,129,129,41804,129,129,
302,129,129,129,129,129,129,129,129,129,129,47653,44705,129,49635,24035,12552,44699,15168,129,48980,
303,129,129,129,129,129,129,129,129,129,129,54166,129,38616,21320,18358,42412,129,129,28749,129,
304,129,129,129,129,129,129,129,129,129,129,24283,28447,47856,44773,2050,12334,42188,129,129,47408,
305,129,129,129,129,129,129,129,129,129,129,32225,44464,129,16914,48337,129,43723,11674,23610,129,
306,129,129,129,129,129,129,129,129,129,129,42899,17347,7081,129,129,59668,129,129,45967,48171,
307,129,129,129,129,129,129,129,129,129,129,129,129,129,33727,40683,129,129,22751,41271,14187,
308,129,129,129,129,129,129,129,129,129,129,129,42593,41650,28702,129,129,25973,45886,129,129,
309,129,129,129,129,129,129,129,129,129,129,46245,48331,129,129,55576,22581,40564,25721,10207,129,
310,129,129,129,129,129,129,129,129,129,129,48701,18630,11382,51401,6307,54577,41594,129,11193,57335,
311,129,129,129,129,4387,129,129,129,129,129,28264,41044,129,54318,129,21997,2999,49401,45046,57922,
312,129,129,129,129,129,13988,129,129,129,129,45297,59710,12874,58251,42866,129,58815,12537,129,11460,
313,129,129,129,129,129,129,129,129,129,129,129,5699,129,21755,129,129,17384,129,129,34672,
314,129,129,129,129,129,129,129,129,2041,129,37839,19660,9059,9524,23640,52977,129,15356,129,40678,
315,129,129,129,129,129,129,129,129,129,129,21969,129,129,2600,48908,129,129,13457,18443,15521,
316,129,129,129,129,129,129,129,129,129,129,14350,43614,33888,57687,17034,44187,47712,129,32405,129,
317,129,129,129,129,129,129,129,129,129,129,33874,39053,58648,129,1897,38880,29081,29407,129,129,
318,129,129,129,8101,17185,129,129,129,12253,129,34936,58320,129,53411,129,39567,129,31088,129,129,
319,129,129,129,129,129,129,129,129,129,129,129,129,4345,129,129,46935,129,46912,59579,129,
320,129,129,129,129,129,129,129,129,129,15997,129,129,49080,13813,42853,35779,42375,49914,44795,129,
321,129,129,129,129,129,129,129,129,129,129,45683,129,27397,30056,53341,17155,129,129,129,58420,
322,129,129,129,129,129,129,129,129,129,129,129,48641,26927,37453,15012,48298,58852,129,34990,28072,
323,129,129,129,129,129,129,129,129,129,129,19735,50491,14286,129,13487,30180,129,19607,129,56568,
324,129,129,129,129,129,129,129,129,129,129,20275,47569,129,129,129,54632,129,129,7170,129,
325,129,129,129,129,129,129,129,129,129,129,129,40937,43796,27134,59116,27598,44447,13188,129,21653,
326,129,129,129,1602,129,129,129,129,129,129,52025,129,33197,57637,48429,14819,49630,129,129,53209,
327,129,129,129,129,129,129,129,129,129,129,129,39899,129,18147,45795,50459,129,13214,42980,129,
328,129,129,129,129,129,129,129,129,129,129,46666,129,129,129,129,30712,129,35843,9524,49726,
329,129,129,129,129,129,129,129,129,129,129,3909,129,37984,129,34885,129,50334,129,4466,7373,
330,129,129,129,129,129,129,129,129,129,129,16156,129,13237,129,981,20283,129,52620,129,37511,
331,129,129,129,129,129,129,129,129,129,129,15400,31571,129,129,129,37959,129,6023,12133,15327,
332,129,129,129,129,129,129,129,129,129,129,129,129,47732,46725,49278,20979,129,58716,46018,36528,
333,129,129,25510,129,129,129,129,129,129,129,49446,5680,129,22912,14644,129,35587,129,129,16413,
334,129,129,129,129,129,129,129,129,129,129,48886,35600,50834,129,129,50162,129,129,129,129,
335,129,129,129,129,129,129,129,129,129,129,6417,25824,14230,129,6292,129,129,53860,129,58264,
336,129,129,129,129,129,129,129,129,129,129,50386,129,129,13923,47306,129,10844,13164,129,43572,
337,129,129,129,129,129,129,129,129,129,129,129,129,40129,14938,8723,129,129,17727,12924,43714,
338,129,129,129,129,129,129,129,129,129,129,35006,49244,24280,21166,129,53597,129,45111,53393,30801,
339,129,129,129,129,129,129,129,129,129,129,39720,54082,6956,44645,4090,10217,41577,59243,11187,129,
340,129,129,129,129,129,129,129,129,129,129,129,39616,129,11536,30692,59025,11333,15263,7133,36215,
341,129,129,129,129,129,129,129,129,129,129,42024,6562,4184,35239,57801,22597,46118,129,16883,42710,
342,129,129,129,129,129,129,129,129,129,129,41288,55920,129,44959,39490,129,129,11703,129,59944,
343,129,129,129,129,129,129,129,129,129,129,53011,129,129,25261,27329,27063,129,36294,49448,19329,
344,129,129,129,129,129,129,129,129,129,129,29308,30939,129,19949,21623,129,21320,15120,52576,48356,
345,129,129,129,129,129,129,129,129,129,129,129,129,2702,129,30607,24665,17186,11651,44945,60946,
346,129,129,129,129,129,129,129,129,129,129,18862,129,47520,20128,49779,129,129,129,129,37865,
347,129,129,129,129,129,129,129,129,129,129,129,129,44533,129,129,32057,38664,44918,49346,45983,
348,129,129,129,129,129,129,129,129,129,129,129,49048,52017,129,129,36744,29103,129,129,129,
349,129,129,129,129,129,129,129,129,129,129,129,129,11688,46775,55551,20288,34448,129,39170,129,
350,129,129,129,129,129,129,129,129,129,129,22035,129,55760,129,28992,129,1060,42428,2163,13418,
351,129,129,129,129,129,129,129,129,129,129,15408,129,11501,44970,129,129,129,33763,43335,46078,
352,129,129,129,129,129,129,129,129,129,129,129,6698,18484,17569,25450,129,25572,129,39513,1643,
353,129,129,129,129,129,129,129,129,129,129,129,129,31093,52096,12535,129,129,52039,12338,129,
354,129,129,129,129,129,129,129,129,129,129,129,129,41273,39228,129,35513,48136,129,45332,129,
355,129,129,129,129,129,129,129,129,129,129,129,15480,37401,25913,45661,129,40805,129,45648,35644,
356,129,129,129,129,129,129,129,129,129,129,10078,2363,129,48188,48138,38356,129,50655,46422,129,
357,129,129,129,129,129,129,129,129,129,129,46144,129,26858,26335,46649,129,129,34655,129,28353,
358,129,129,129,129,129,129,129,129,129,129,129,129,27593,56488,12228,129,10585,19711,40981,44462,
359,129,129,129,129,129,129,129,129,129,129,57044,30608,38850,51449,129,20118,18570,1140,47921,53153,
360,129,129,129,129,129,129,1710,1710,1710,129,14129,129,129,19031,129,21455,4325,32685,28197,129,
361,129,129,129,129,9028,129,129,129,129,129,45697,26977,129,21250,17622,40819,25512,52378,37540,49027,
362,129,129,129,129,129,129,129,129,129,129,129,129,4667,40963,129,129,41709,52152,52950,58475,
363,129,129,129,129,129,129,129,129,129,129,32843,129,43471,129,33241,129,32624,54670,7654,44021,
364,129,129,129,129,129,129,129,129,129,129,41392,129,27074,129,10710,129,129,4678,31400,129,
365,129,129,129,129,129,129,129,129,15838,129,33774,129,27920,129,48732,12413,35909,129,5206,129,
366,129,129,129,129,129,129,129,129,129,129,129,129,39526,129,30766,129,29508,14789,129,55529,
367,129,129,129,129,129,129,129,129,129,129,129,129,43667,129,129,129,29923,20809,15858,50792,
368,129,129,129,129,129,129,129,129,129,129,56974,129,129,129,57704,129,129,36444,56493,129,
369,129,129,129,129,129,129,129,129,129,129,129,22423,54823,53510,129,56345,31946,30761,39271,30393,
370,129,129,129,129,129,129,129,129,129,129,129,36057,129,31526,34963,129,58116,129,54970,42749,
371,129,129,129,129,129,129,129,129,129,129,15130,28259,46748,47467,129,129,46236,52993,24108,129,
372,129,129,129,129,129,129,129,129,129,129,129,38033,40745,38774,40044,22666,47141,55266,21401,129,
373,129,129,129,129,129,129,129,129,129,129,129,129,129,46569,30258,55812,129,129,16529,47226,
374,129,129,129,129,129,129,129,129,129,129,38034,53550,42796,129,27304,39654,44547,23265,43888,129,
375,129,129,129,129,129,129,129,129,129,129,6924,42355,129,47490,31943,11841,129,129,129,57771,
376,129,129,129,129,129,129,129,129,129,129,129,18320,129,129,27367,30754,25041,129,129,36183,
377,129,129,129,129,129,129,129,129,129,129,4445,19079,53441,50569,60578,129,129,27253,53355,26425,
378,129,129,129,129,129,129,129,129,129,129,13536,9628,59086,129,129,26278,129,55583,129,129,
379,129,129,129,129,129,129,129,129,129,129,17272,45645,129,129,129,45452,20258,46717,37645,34634,
380,129,129,129,129,129,129,129,129,129,129,129,21973,129,19137,26744,129,31111,37097,21393,45982,
381,129,129,129,129,129,129,129,129,129,129,129,129,129,20519,51685,129,129,43404,23158,129,
382,129,129,129,129,129,129,129,129,129,129,42155,26041,47915,129,58807,129,129,38312,129,129,
383,129,129,129,11872,129,129,129,129,129,129,25688,55439,129,31712,50721,16685,129,45854,13641,57110,
384,129,129,129,129,129,129,129,129,129,129,56502,26371,129,129,41386,129,31797,9392,1082,129,
385,129,129,129,129,129,129,129,129,129,129,33049,57571,59839,30113,30273,28187,129,19335,129,47126,
386,129,129,129,129,129,129,129,129,129,129,129,47836,21215,26881,17590,36626,18820,21065,129,50206,
387,129,129,129,129,129,129,129,129,129,129,54917,50487,35909,129,6850,129,129,33972,15700,13611,
388,129,129,129,129,129,129,129,129,129,129,41825,129,54240,3557,129,31935,19614,129,58829,34549,
389,129,129,129,129,129,129,129,1633,129,129,12935,33328,129,36016,129,22820,129,4371,11213,17813,
390,129,129,129,129,129,129,129,129,129,129,129,129,129,129,3763,36487,129,129,129,129,
391,129,129,129,129,129,129,129,129,129,129,129,18962,129,43149,3122,129,58037,49258,42000,56813,
392,129,129,129,129,129,129,129,129,129,129,17317,11932,129,35277,26776,129,22282,129,11928,129,
393,129,129,129,129,129,129,129,129,129,129,34535,129,10302,129,39367,55873,129,44656,129,129,
394,129,129,129,129,129,129,129,129,129,129,56979,46999,44625,129,49312,39636,37867,129,14780,54478,
395,129,129,129,129,129,129,129,129,458,129,37349,22486,458,34392,48728,30557,37565,57988,57170,16175,
396,129,129,129,129,129,129,129,129,129,129,46209,129,129,129,40406,55110,16578,42342,44976,32748,
397,129,129,129,129,129,129,129,129,129,129,51607,129,40658,41723,14450,17586,129,50775,52581,129,
398,129,129,129,129,129,129,129,129,129,129,34633,129,13819,42804,129,129,129,49258,31025,7406,
399,129,129,129,129,129,129,129,129,129,129,12025,129,35154,51593,129,15542,16116,129,55249,129,
400,129,129,129,129,129,129,129,129,129,129,43910,51380,17614,4965,129,54140,20375,31824,35920,39867,
401,129,129,129,129,129,129,129,129,129,129,129,42316,40709,32410,129,129,41894,41910,12008,10544,
402,129,129,129,129,129,129,129,129,129,129,32141,33636,26051,2535,129,13032,129,49329,46626,35435,
403,129,129,129,129,129,129,129,129,129,10423,25465,24252,129,47550,11976,48016,21238,5181,47607,29584,
404,129,129,129,129,129,129,129,129,129,129,129,129,4153,40868,129,13902,30030,5174,1710,129,
405,129,129,129,129,129,129,129,129,129,129,18715,42118,18450,129,129,129,55250,129,129,129,
406,129,129,129,129,129,129,129,129,129,129,129,24190,48810,129,37939,129,26323,129,8474,54148,
407,129,129,129,129,129,129,129,129,129,129,60292,129,29812,129,47271,129,52366,46528,30395,21752,
408,129,129,5023,129,129,129,129,129,129,129,129,36558,34322,129,46471,129,22690,29362,39846,129,
409,129,129,129,129,129,129,129,129,129,129,58257,129,21891,8866,1709,129,15813,129,56174,54327,
410,129,129,129,129,129,129,129,6668,129,129,129,19653,129,129,16193,47605,31585,129,20829,7799,
411,129,129,129,129,129,129,129,129,129,129,27242,56445,129,32229,33778,12587,19460,6868,35574,129,
412,129,129,129,129,129,129,129,129,129,129,129,46088,12494,30274,11366,31598,129,49465,28890,21636,
413,129,129,129,129,129,129,129,129,129,129,28687,10251,129,52791,9410,39320,129,39803,57096,129,
414,129,129,6898,129,129,129,129,129,129,129,58579,129,12981,129,29742,28681,129,129,47741,129,
415,129,129,129,129,129,129,129,129,129,129,28382,129,129,37837,21527,129,50373,3367,129,129,
416,129,129,129,129,129,129,129,129,129,129,55048,129,19989,34658,129,11123,48035,47052,129,21779,
417,129,129,129,129,129,129,129,129,129,129,4400,36601,45417,16541,45625,43877,54608,39425,4345,52513,
418,129,129,129,129,129,129,129,129,129,129,48999,59559,46534,129,129,485,10256,129,129,53424,
419,129,129,129,129,129,129,8092,129,129,17519,129,129,22046,129,7055,129,7037,129,17717,45100,
420,129,129,129,129,129,129,129,129,129,129,45348,754,8760,129,45763,129,13041,129,36800,44618,
421,129,129,129,129,129,129,129,129,1486,129,23501,34706,43720,129,15602,34903,48216,20122,41500,129,
422,129,129,129,129,129,129,129,129,129,129,49346,17245,18206,129,129,24475,36408,37577,39232,129,
423,129,129,129,129,129,129,129,129,508,129,45823,31620,55397,21098,48872,129,129,129,53271,23291,
424,129,129,129,129,129,129,129,129,129,129,43234,48427,3042,129,36278,48550,129,24205,56956,38043,
425,129,129,129,129,129,129,129,129,129,129,28290,44646,13082,28096,129,129,22542,36396,36145,59329,
426,129,129,129,129,129,129,129,129,129,129,24138,129,31249,129,54733,25132,12475,37429,129,14509,
427,129,129,129,129,129,129,129,129,129,129,32021,129,1943,129,22806,129,129,55232,2659,4533,
428,129,129,129,129,129,129,129,129,129,129,16848,43153,43099,58022,52012,44415,39914,129,50184,11387,
429,129,129,129,129,129,129,129,129,129,129,32715,35041,129,129,129,129,31754,45626,129,1513,
430,129,129,129,129,129,129,129,129,129,129,46783,48103,55374,2098,32413,31452,129,47936,11579,22176,
431,129,129,129,129,129,129,129,129,129,129,47901,16113,129,21285,129,129,59133,22264,129,494,
432,129,129,129,129,129,129,129,129,129,129,129,38850,10249,42045,129,129,28769,16729,42385,16663,
433,129,129,129,129,129,129,129,129,129,129,48342,129,129,38411,36381,45662,129,20805,129,16257,
434,129,129,129,129,129,129,129,129,129,129,129,129,129,129,129,129,13477,39844,19525,129,
435,129,129,129,129,129,129,129,129,129,129,14584,129,55448,60234,129,31211,129,52131,14958,2684,
436,129,129,129,129,129,129,11982,129,129,129,129,129,37990,129,26655,32053,6219,49097,1622,55047,
437,129,129,129,129,129,129,129,129,129,129,54048,32989,16997,35733,16953,129,129,13071,39485,50178,
438,129,129,129,129,129,129,129,129,129,129,129,44663,129,14065,48471,129,49096,129,129,41186,
439,129,129,129,129,129,129,129,129,129,129,6300,43849,36432,14804,129,129,50837,30144,13984,48587,
440,129,129,129,129,129,129,129,129,129,129,129,129,15188,50193,25132,40586,29421,33858,47206,20489,
441,129,129,129,129,129,129,129,129,129,129,57991,38842,55036,37984,129,45389,25316,33138,58465,45629,
442,129,129,129,129,129,129,129,129,129,129,32849,129,40419,15785,51052,15264,54283,57160,45522,4014,
443,129,129,129,129,129,129,129,129,129,129,129,22993,53448,57963,129,48520,14934,129,39832,13322,
444,129,129,129,129,129,129,129,129,129,129,46302,11305,129,16901,38504,129,52053,52231,29353,6690,
445,129,129,129,129,129,129,129,129,129,129,129,129,129,129,15581,19208,57989,5110,129,54828,
446,129,129,553,129,129,129,129,129,129,129,10177,129,48989,45045,57514,42256,129,26123,47944,11183,
447,129,129,129,129,129,129,129,129,129,129,38257,45784,129,34168,21095,10501,43271,27317,44362,10857,
448,129,129,129,129,129,129,129,129,129,129,850,129,15556,43076,48556,129,27836,47189,24687,129,
449,129,129,3998,129,129,129,129,129,129,129,24292,129,2029,129,25499,20953,31202,129,129,1688,
450,129,129,129,129,129,129,129,129,129,129,129,47052,129,56549,46750,33050,50768,49620,53288,129,
451,129,129,129,129,129,129,129,129,129,129,129,525,129,28521,49198,129,1287,16607,129,129,
452,129,129,129,129,129,129,129,129,129,129,129,129,52409,18433,129,129,34423,129,129,30884,
453,129,129,129,129,129,129,129,129,129,129,129,49889,27928,28100,17368,46791,14780,6582,42400,129,
454,129,129,129,129,129,129,129,129,129,129,129,52300,129,129,29203,10823,53711,129,129,129,
455,129,129,129,129,129,129,129,129,129,129,46114,8590,43698,45057,129,129,129,129,32768,48395,
456,129,129,129,129,129,129,129,129,129,129,28609,58828,129,129,39239,24728,129,29298,129,129,
457,129,129,129,129,4247,129,129,129,129,129,31041,33295,34724,129,35691,20988,7003,50331,129,40469,
458,129,129,129,129,129,129,129,129,129,129,129,17068,129,48834,14669,34070,8778,13267,27182,43642,
459,129,129,129,129,129,129,129,129,129,129,21828,42706,129,129,129,17385,129,34807,16259,47103,
460,129,129,129,129,129,129,129,129,129,129,50481,51059,1875,2170,28463,129,37072,129,129,28216,
461,129,129,129,129,129,129,129,129,129,129,56856,129,129,129,129,59372,47954,42134,24643,37274,
462,129,129,129,129,129,129,129,129,129,129,129,25943,129,48610,31763,30984,129,33661,129,129,
463,129,129,129,129,129,129,129,129,129,129,38921,29722,129,129,26931,28833,53453,129,129,51395,
464,129,129,129,129,129,129,129,129,129,129,129,42540,43202,34405,48017,1841,46701,1875,129,59765,
465,129,129,129,129,129,129,6446,129,129,129,52547,15908,129,1518,14482,129,34840,129,32412,36759,
466,129,129,129,129,129,129,129,129,129,129,26217,15815,129,22577,129,50809,129,129,15211,21588,
467,129,129,129,129,129,129,129,129,129,4762,129,129,19771,14443,129,44259,3845,27671,129,53234,
468,129,129,129,129,129,129,129,129,129,129,129,49240,129,129,17274,129,23400,36526,47335,129,
469,129,129,129,129,129,129,129,129,129,129,129,21318,45265,51534,129,31412,54933,16687,19981,20095,
470,129,129,129,129,129,129,129,129,129,129,47538,129,129,129,48629,29830,34210,129,36169,44316,
471,129,129,129,129,129,129,129,129,129,129,11374,45962,12069,129,12569,5904,27253,33001,14800,129,
472,129,129,129,129,129,129,129,129,129,129,129,28328,59017,42343,47255,22214,129,51669,129,45345,
473,129,129,129,129,129,129,129,129,129,129,129,58477,28217,54939,129,129,129,52572,48093,129,
474,129,129,129,129,129,129,129,129,129,129,129,895,15826,45974,21064,49942,11519,129,129,129,
475,129,129,129,129,129,129,129,129,129,129,129,10520,129,129,129,5142,129,48098,129,129,
476,129,129,129,129,129,129,129,129,129,129,55410,13175,43313,129,13119,41545,51501,129,129,37859,
477,129,129,129,129,129,129,129,129,129,129,13841,38467,8505,29998,24056,129,23106,129,129,55105,
478,129,129,129,129,129,129,129,129,129,129,53340,50488,129,44871,129,43288,32100,20294,40085,129,
479,129,129,129,129,129,129,129,10324,129,129,52759,13584,19984,6813,45870,49197,12509,129,19551,129,
480,129,129,129,129,129,129,129,129,129,129,35877,48089,27916,40619,11570,48418,28575,52713,129,47272,
481,129,129,129,129,129,129,129,129,129,129,34318,23759,1231,37352,129,31787,47417,37074,7928,129,
482,129,129,129,129,129,129,129,13815,129,129,20824,35099,39452,129,11592,20486,15824,42782,129,20201,
483,129,129,129,129,129,129,129,129,129,129,47136,50228,54462,45866,129,58684,41345,40445,16343,56055,
484,129,129,129,129,129,129,129,129,129,129,3151,31377,8911,129,25314,49334,39448,27815,51098,46070,
485,129,129,129,129,129,129,129,129,7258,129,3848,16640,40600,129,56036,43328,40981,14943,129,129,
486,129,129,129,129,129,129,129,129,129,129,129,37848,54826,14478,19782,47557,30676,26811,129,23153,
487,129,129,129,129,129,129,129,129,129,129,37679,4689,50946,5549,129,129,129,39463,4814,129,
488,129,129,129,129,129,129,129,129,129,129,45695,33563,129,28405,129,28260,47489,29271,129,14180,
489,129,129,129,129,129,129,129,129,129,129,46089,129,39458,25380,8850,18215,47897,19943,34022,15969,
490,129,129,129,129,129,129,129,129,129,129,42928,41741,17834,12432,36874,19794,59696,129,129,50559,
491,129,129,129,129,129,129,129,129,129,129,25312,33006,10254,18575,54124,45953,129,129,57922,129,
492,129,129,129,129,129,129,129,129,129,129,20638,20710,43357,129,36046,129,129,35045,36232,12743,
493,129,129,129,9357,129,129,129,129,129,129,129,129,45911,129,39980,129,41790,58261,46503,129,
494,129,129,129,129,129,129,129,129,129,129,129,129,23865,29325,52703,20090,129,129,36325,42041,
495,129,129,129,129,129,129,129,129,129,129,59990,16293,30986,129,34882,52274,48543,129,33167,1531,
496,129,129,129,129,129,129,129,129,129,129,3009,32281,29256,129,42630,27640,28057,51088,19252,129,
497,129,129,129,129,129,129,129,129,129,129,21987,43663,15502,129,129,7439,49773,129,3651,20972,
498,129,129,129,129,129,129,129,129,129,129,18072,35846,28392,30022,129,10447,42840,129,40300,129,
499,129,129,4239,129,129,129,129,129,129,129,39222,26027,129,19641,129,13918,129,49009,13357,11955,
500,129,129,129,129,129,129,129,129,129,129,129,41916,22108,129,36437,45675,18610,129,129,129,
501,129,129,129,129,129,129,129,129,129,129,14027,45965,25681,19848,17898,56076,16302,13626,25457,12330,
502,129,129,129,129,129,2078,129,324,129,2078,38827,12410,324,58171,55814,129,129,43361,35503,129,
503,129,129,129,129,129,129,129,129,129,129,17612,19681,25941,48552,46062,129,129,41620,37373,32150,
504,129,129,129,129,129,129,129,129,129,129,13490,129,57759,129,15233,129,129,4820,4917,40893,
505,129,129,129,129,129,129,129,129,129,129,28130,129,42736,129,20519,129,41779,32781,129,44053,
506,129,129,129,129,129,129,129,129,129,129,53628,129,129,10325,27189,39581,129,129,27047,129,
507,129,129,129,129,129,129,129,129,129,129,47288,129,129,129,33660,129,47051,49361,57147,47871,
508,129,129,129,129,129,129,129,129,129,129,22988,45841,129,20561,129,58178,54124,19079,4256,12627,
509,129,129,129,129,129,129,129,129,129,129,37184,129,19362,129,12786,129,44990,129,16902,51542,
510,129,129,129,129,129,129,129,129,129,129,38884,51971,129,129,129,698,129,28295,41369,129,
511,129,129,129,129,129,129,129,129,129,129,41902,18704,129,3722,129,13755,47386,129,129,36609,
512,129,129,129,129,129,129,129,129,129,129,129,129,129,46191,48257,129,129,44534,23539,17393,
513,129,129,129,129,129,129,12133,129,129,129,2680,14381,129,16771,38391,39933,37878,129,50337,38742,
514,129,129,129,129,129,129,129,129,129,129,129,54662,27506,43798,38506,21823,129,129,33239,129,
515,129,129,129,129,129,129,129,129,129,129,4554,19588,48285,26684,129,48789,129,12839,30106,17406,
516,129,129,129,129,129,129,129,129,129,129,54326,32897,22074,129,12203,4639,57364,2889,41699,129,
517,129,129,129,129,129,129,129,129,129,129,1303,48608,129,2061,43964,46721,129,34160,52035,48210,
518,129,129,129,129,129,129,129,129,129,129,22625,129,129,29949,17000,38416,43051,129,31056,27809,
519,129,129,129,129,129,129,129,129,129,129,129,54760,129,26218,35190,46255,29214,29325,129,43150,
520,129,129,129,129,129,129,13687,129,129,129,12927,129,129,14171,129,27562,129,129,44729,129,
521,129,129,129,129,129,129,129,129,129,129,129,36464,44789,12653,10713,30785,129,53932,129,55523,
522,129,129,129,129,129,129,129,129,129,129,129,35732,10778,129,51663,15251,30706,46553,31648,129,
523,129,129,129,129,129,129,129,129,129,4433,11680,48890,5757,129,19599,33299,59300,34237,129,42976,
524,129,129,129,129,129,129,129,129,129,129,43052,45233,33646,45431,48064,31180,129,26606,26045,7595,
525,129,129,129,129,129,129,129,129,129,129,1518,29600,3887,129,14545,129,4343,129,129,129,
526,129,129,129,129,129,129,129,129,129,129,15000,28279,37760,2786,129,129,129,129,59485,129,
527,129,129,129,129,129,9775,129,129,129,129,56338,22174,129,12847,22180,26982,32615,33876,24743,129,
528,129,129,129,129,129,129,129,129,129,129,129,10721,16845,33399,129,129,22052,38573,58725,129,
529,129,129,129,129,129,129,129,129,129,129,59152,129,16789,129,129,17324,17376,49694,129,48140,
530,129,129,129,129,129,129,129,129,129,129,44862,129,26436,14840,5798,42114,36228,12993,129,129,
531,129,129,129,129,129,129,129,129,129,129,129,129,31033,129,129,129,129,25455,22511,27509,
532,129,129,129,129,129,129,129,129,129,129,129,129,36306,129,129,129,22660,39849,129,25700,
533,129,129,129,129,129,129,129,129,129,129,129,129,53279,19942,19320,47064,11881,12927,19035,129,
534,129,129,129,129,129,129,129,129,129,129,46521,129,42940,47817,45311,49873,37193,38567,33288,36561,
535,129,129,129,129,129,129,129,129,129,129,45409,31177,11406,33899,56499,45182,129,16590,21536,57718,
536,129,129,129,129,129,129,129,129,129,129,46454,41400,46818,129,129,45937,59765,24294,43245,129,
537,129,129,129,732,129,129,129,129,129,129,4140,5045,47448,28971,35856,37275,13129,47631,129,24987,
538,129,129,129,129,129,129,129,129,129,129,129,54007,58270,29369,6247,20186,11941,49863,19451,26166,
539,129,129,129,129,129,129,129,129,129,129,129,129,129,129,129,24980,42511,129,49577,129,
540,129,129,158,129,129,129,129,129,129,158,158,22920,158,55203,39295,129,56839,42169,50957,41182,
541,129,129,129,129,129,129,129,129,129,129,45083,129,129,129,129,56340,129,129,129,54180,
542,129,129,129,129,129,129,129,129,129,129,49255,54447,129,36972,129,6642,47530,129,129,24360,
543,129,129,129,129,129,129,129,129,129,129,42800,129,129,129,129,23187,41488,28190,42395,20346,
544,129,129,129,129,129,129,129,129,129,129,390,129,44144,129,30569,15610,129,43968,48763,26067,
545,129,129,129,129,18343,129,129,129,129,129,29169,16441,51176,129,31974,129,12428,18937,34430,44757,
546,129,129,129,129,129,129,129,129,129,129,36461,47742,7779,11256,45271,41002,43120,129,15856,46796,
547,129,129,129,129,129,129,129,129,129,129,45352,50093,55907,129,129,129,11219,53340,50480,37425,
548,129,129,129,129,129,129,129,129,129,129,8404,27799,59225,11091,129,129,129,35400,11682,18054,
549,129,129,129,129,129,129,129,13936,129,129,47108,49269,129,15831,129,59552,129,58127,37576,39044,
550,129,129,129,129,129,129,129,129,129,129,47849,129,49100,25475,17490,129,129,129,129,48094,
551,129,129,129,129,129,129,129,129,129,129,57361,32630,53901,4205,129,129,3289,47373,129,129,
552,129,129,11021,129,129,129,129,129,129,129,41113,129,49431,32224,47947,46169,35290,38258,44861,129,
553,129,129,129,129,129,129,129,129,129,129,377,129,58273,129,129,7534,129,14686,24727,24088,
554,129,129,129,129,129,129,129,129,129,129,31723,129,22118,53673,129,47709,22412,43650,129,24619,
555,129,129,129,129,129,129,129,129,129,129,47136,59047,16566,129,34425,21805,34238,28887,129,129,
556,129,129,129,129,12892,129,129,129,129,129,7886,4376,21959,28000,129,16760,129,52544,28843,129,
557,129,129,129,129,129,129,129,12113,129,129,34076,10698,46142,47429,129,12954,129,129,30307,18982,
558,129,129,129,129,129,129,129,129,129,129,44330,26731,38567,36884,129,20214,26958,41554,42882,129,
559,129,129,129,129,129,129,129,129,129,129,54415,35147,28462,11413,19353,48781,24213,42891,14238,39286,
560,129,129,129,304,129,129,129,129,3372,129,129,32074,55249,14073,48096,34762,50864,27978,129,129,
561,129,129,129,129,129,129,129,129,129,129,35184,4280,129,129,41004,11631,129,50871,29318,129,
562,129,129,129,129,129,129,129,129,129,129,24366,24993,17952,29167,129,24434,11414,41890,42420,56638,
563,129,129,129,129,129,129,129,129,129,129,129,58489,24890,2583,129,38453,18974,14845,42698,37092,
564,129,129,129,129,129,129,129,129,129,129,44679,677,16620,55406,45494,129,129,55448,46093,14744,
565,129,129,129,129,129,129,129,1885,129,129,57681,33377,908,129,43894,26636,20007,5917,40496,45696,
566,129,129,129,129,129,129,129,129,129,129,129,36412,129,28371,33636,38386,25230,56211,16857,129,
567,129,129,129,129,129,129,129,129,129,129,33324,25263,43936,56879,43326,129,45987,129,48915,39388,
568,129,129,129,129,129,129,129,129,129,129,34446,39471,129,46605,57034,5412,129,50209,17321,129,
569,129,129,129,129,129,129,129,129,129,129,41782,30708,129,58405,54670,34439,55035,48194,46694,129,
570,129,129,129,129,129,129,129,129,129,129,46139,52525,129,45983,46932,34236,33854,2272,22522,20997,
571,129,129,129,129,129,129,129,129,129,129,48945,129,129,32771,28907,29010,21310,23709,6987,24883,
572,129,129,129,129,129,129,129,129,129,129,55983,30228,38289,6926,129,13726,37210,129,42150,42215,
573,129,129,129,129,129,129,129,129,129,129,58233,129,129,37653,6367,37033,12681,129,43471,37156,
574,129,129,129,129,129,129,129,129,129,129,129,19622,45956,129,33279,129,15283,129,34832,129,
575,129,129,129,129,129,129,129,129,129,129,47312,48029,30392,9159,26684,129,23595,129,129,129,
576,129,129,129,129,129,129,129,129,129,129,16155,129,37670,42727,38669,7086,129,58126,129,19503,
577,129,129,129,129,129,129,129,129,129,129,14995,129,45358,129,19752,10366,44937,19864,55199,41958,
578,129,129,129,129,129,129,129,129,129,129,36474,47392,129,43277,129,21652,37967,129,129,129,
579,129,129,129,129,129,129,129,129,129,129,42757,33644,42499,39877,7589,11359,129,42561,129,42998,
580,129,129,129,129,129,129,129,129,129,129,37240,19789,38041,35761,15340,54202,52165,4964,29973,33928,
581,129,129,129,129,129,129,129,129,129,129,44763,129,27976,129,43787,42133,20519,43707,35293,129,
582,129,129,129,129,129,129,129,129,129,129,10310,129,129,13079,8171,33838,129,42394,129,21022,
583,129,129,129,129,129,129,129,129,129,129,22616,129,32701,129,129,129,129,21190,129,12185,
584,129,129,129,129,129,129,129,129,129,129,38494,129,29183,129,9859,129,129,45737,27615,19028,
585,129,129,129,129,129,129,129,129,129,129,38907,59217,129,48692,19746,44344,37119,40280,25691,50155,
586,129,129,129,129,129,129,129,129,129,129,14996,39858,28646,129,129,24288,39214,37684,44369,7205,
587,129,129,129,129,129,129,129,129,129,129,57786,129,22499,19668,47636,15396,47134,37636,129,7846,
588,129,129,129,129,129,129,129,129,129,129,17145,129,50708,129,16545,14554,129,129,129,129,
589,129,129,129,129,129,129,129,129,129,129,129,25630,37488,129,129,52172,129,129,39237,47141,
590,129,129,129,129,129,129,129,129,129,129,129,129,44767,41704,129,10930,40691,6323,129,129,
591,129,129,129,129,129,129,129,129,129,129,129,14841,17363,53614,129,4726,30237,129,129,7977,
592,129,129,129,129,129,129,129,129,129,129,49628,26143,129,38344,15978,4183,53857,129,21274,41369,
593,129,129,129,6016,129,129,129,129,129,129,55817,34611,46358,48793,36692,46316,129,28414,35608,20737,
594,129,129,129,129,129,129,6016,129,129,129,129,22690,129,129,51388,48318,53456,129,55848,56223,
595,129,129,129,129,129,129,129,129,129,129,57906,11476,3388,129,18635,129,129,129,129,46962,
596,129,129,129,129,129,129,129,129,129,129,322,39749,129,33157,129,33358,15418,49824,129,129,
597,129,129,129,129,129,129,129,129,129,129,129,51409,38274,56939,27567,21953,129,129,265,31072,
598,129,129,129,129,129,129,129,129,129,129,24283,36034,129,41767,129,11736,38548,129,56910,21826,
599,129,129,129,129,129,129,129,9585,129,129,25837,37342,45895,24189,129,21197,129,46021,56633,129,
600,129,129,129,129,129,129,129,129,129,129,48575,129,129,47922,34996,129,1472,129,129,17354,
601,129,129,129,129,129,4967,129,129,129,129,24798,56485,129,39945,30332,30242,26589,6476,129,360,
602,129,129,129,129,129,129,129,129,129,129,43453,45879,40436,27320,17228,129,129,41301,129,129,
603,129,129,129,129,129,129,129,129,129,129,16574,129,927,51112,20348,45550,11462,57463,25621,51544,
604,129,129,129,129,129,129,129,129,129,129,40338,48083,43915,45387,19833,129,36611,35866,12669,129,
605,129,129,129,129,129,129,129,129,129,129,38720,129,38459,39568,51575,37864,129,56004,129,30070,
606,129,129,129,129,129,129,129,129,129,129,10566,40913,129,129,40910,44284,129,129,60584,58177,
607,129,129,129,129,129,129,129,129,129,129,33331,34623,27471,12688,129,129,2782,129,55383,129,
608,129,129,129,129,129,129,129,129,129,129,129,129,4448,129,41479,52402,49260,38064,129,129,
609,129,129,129,129,129,129,129,129,129,129,52605,19663,25110,129,129,49810,7539,129,129,129,
610,129,129,129,129,129,129,129,129,13372,8390,41175,44545,11208,3164,2053,129,18401,32670,52870,129,
611,129,129,129,129,129,129,129,129,129,129,44631,129,129,19097,5372,14632,129,129,19979,53583,
612,129,129,129,129,129,129,129,129,129,129,129,12974,3667,129,129,27025,59531,36315,56125,129,
613,129,129,129,129,129,129,129,129,11974,129,129,17772,129,129,22683,129,37462,129,18656,11649,
614,129,129,129,129,129,129,129,129,129,129,55138,4510,6011,34066,129,58315,45996,129,44505,34432,
615,129,129,129,129,129,129,129,129,129,129,129,45325,54475,38448,12056,28243,16801,53584,17658,6820,
616,129,129,129,129,129,129,129,129,129,129,129,129,26419,40335,58683,129,47260,129,23606,129,
617,129,129,129,18095,129,129,129,129,129,129,41643,129,389,129,9889,259,43211,44343,129,40073,
618,129,129,129,129,129,129,129,129,129,129,49177,129,7987,15921,21616,129,33758,9803,49969,129,
619,129,129,129,129,129,129,129,129,129,129,55901,129,3889,129,27970,44670,55765,59507,20053,58633,
620,129,129,129,129,129,129,129,129,129,129,24729,25129,49495,30561,129,129,12060,55188,55338,36244,
621,129,129,129,129,129,129,129,129,129,129,129,53555,55335,129,47321,21844,20005,42467,51210,26696,
622,129,129,129,129,129,129,129,129,129,129,48465,23858,129,16319,46599,17291,129,29185,129,43983,
623,129,129,129,15882,129,129,129,129,129,129,39191,41889,20759,14212,19204,53686,129,28167,129,8898,
624,129,129,129,129,129,129,129,129,129,129,129,129,20318,129,13346,54935,27221,35841,129,44150,
625,129,129,129,129,129,129,129,129,129,129,33220,6286,129,21114,129,129,42839,129,49727,22766,
626,129,129,129,129,129,129,129,129,129,129,42895,129,129,50982,51696,17491,129,26772,129,129,
627,129,129,129,129,129,129,129,129,129,129,129,129,31412,42951,36102,129,59309,50452,39848,9924,
628,129,129,129,129,129,129,129,129,129,129,129,19483,47985,129,129,49304,129,28020,1535,12381,
629,129,129,129,129,129,129,129,129,129,129,4685,129,129,129,46143,47514,129,40867,13268,3468,
630,129,129,129,129,129,129,129,129,129,129,40464,129,18521,23659,21362,129,129,17387,129,26881,
631,129,129,129,129,129,129,129,129,129,129,33380,129,49000,129,26038,18314,35549,129,14838,50928,
632,129,129,129,129,129,129,129,129,129,129,129,17761,51026,129,129,4219,22886,41397,8738,54596,
633,129,129,129,129,129,129,129,129,129,129,57799,52092,32036,7228,129,56499,57647,10559,44348,11468,
634,129,129,129,129,129,129,129,129,129,129,15902,33999,51304,5279,129,25783,129,34028,129,28790,
635,129,129,129,129,129,129,129,129,129,129,16686,129,22491,37290,129,129,129,129,129,15188,
636,129,129,129,129,129,129,129,129,129,129,37826,43411,129,29225,129,36462,37381,59514,13656,55389,
637,129,129,129,129,129,129,129,129,129,129,129,20160,34000,20488,24706,129,34274,38410,129,47474,
638,129,129,129,24706,129,129,129,129,129,129,16319,11150,35399,18122,129,3874,11621,21721,61036,26061,
639,129,129,11114,129,129,129,129,129,129,129,17228,55314,129,129,14348,129,27267,129,129,54016,
640,129,129,129,129,129,129,129,129,129,129,25887,33709,26192,129,56870,129,15776,129,129,29195,
641,129,129,129,129,129,129,129,129,129,129,41046,38988,54924,34319,129,129,129,129,32332,972,
642,129,129,129,129,129,129,129,129,129,129,129,9059,46265,129,37545,129,129,9917,129,23827,
643,129,129,129,129,129,129,129,129,129,129,129,129,3163,43097,43001,44881,55595,44309,15639,16362,
644,129,129,129,129,129,129,129,129,129,129,51060,52789,36547,51437,51390,129,7597,29821,129,38854,
645,129,129,129,129,129,129,129,129,129,129,55428,7260,48581,129,3854,129,129,129,37723,20488,
646,129,129,129,129,129,129,129,129,129,129,24006,129,33438,4972,129,1671,129,129,129,129,
647,129,129,129,129,4584,129,129,129,129,129,129,24497,43044,56144,42868,129,49907,55778,129,129,
648,129,129,129,129,129,129,129,129,129,129,129,19980,35111,52098,32919,35393,46275,46892,129,129,
649,129,129,129,5145,129,129,129,129,129,129,129,129,32206,129,2782,45634,21156,42128,55840,58611,
650,129,129,129,129,129,129,129,129,129,129,32524,46773,24016,20551,9481,129,29894,129,129,49886,
651,129,129,129,129,129,129,129,129,129,129,46472,1281,20553,30877,12484,129,6367,129,24879,129,
652,129,129,129,129,129,129,129,129,129,129,37750,46566,17388,38164,57521,129,129,34789,34450,129,
653,129,129,129,5363,10110,129,129,129,129,129,48260,129,41486,129,23847,129,129,31414,12840,129,
654,129,129,129,129,129,129,129,129,129,129,56355,41816,56812,129,129,129,49812,39705,129,10130,
655,129,129,129,129,129,129,129,129,129,129,4489,32453,129,54649,5585,37308,129,129,30230,44767,
656,129,129,129,129,129,129,129,129,129,129,47286,37320,34790,129,31513,129,129,37363,28899,32569,
657,129,129,129,129,129,129,129,129,129,129,129,29703,36864,129,18235,47725,4075,129,10392,129,
658,129,129,129,129,129,129,129,129,129,129,129,10324,11621,48177,17911,36163,51049,33932,10077,19799,
659,129,129,129,129,129,129,129,129,129,129,22041,30715,36317,26324,129,11578,129,16289,22511,2660,
660,129,129,129,129,129,129,129,129,129,129,55370,6179,129,58740,36262,58295,129,55528,129,48550,
661,129,129,14149,129,129,129,129,129,129,129,41464,29415,55572,129,7455,129,16543,16022,40196,39024,
662,129,129,129,129,129,129,129,129,129,129,129,129,129,25712,31841,11997,41551,52445,4984,129,
663,129,129,129,129,129,129,129,129,129,129,129,129,41747,46624,44674,48995,42273,16479,129,40410,
664,129,129,129,129,129,21694,129,129,129,129,50374,129,129,15368,129,18596,47529,34711,16272,46540,
665,129,129,129,129,129,129,129,129,129,129,8928,38614,129,44560,53119,42030,129,22422,19137,58242,
666,129,129,129,17613,129,129,17613,129,129,129,28246,129,129,129,22061,129,53494,129,26162,6558,
667,129,129,129,129,129,129,129,129,129,129,129,129,129,129,129,50976,6984,24465,43190,129,
668,129,129,129,129,129,129,129,129,129,129,129,43542,129,129,129,53085,27527,36898,35381,16280,
669,129,129,129,129,129,129,129,129,129,129,49914,19910,129,26723,12128,129,27041,32908,42858,55433,
670,129,129,129,129,129,129,129,129,129,129,129,129,129,129,3509,45400,129,42944,129,19651,
671,129,129,129,129,129,12412,129,129,129,129,1148,4187,26296,40515,46621,16712,29060,38524,32009,129,
672,129,129,129,129,1773,129,129,129,129,129,25645,129,47395,41818,129,10583,129,53858,129,129,
673,129,129,129,129,129,129,129,129,129,129,17350,50967,49050,48608,36199,38504,6068,33812,43630,16874,
674,129,129,129,129,129,129,129,129,129,129,34925,17159,41061,129,129,129,37204,129,47728,24725,
675,129,129,129,129,129,129,129,129,129,129,27190,37542,129,56595,50852,7858,129,21060,50291,129,
676,129,129,129,129,129,129,129,129,129,129,129,129,8234,53367,30013,129,38568,38385,37171,31252,
677,129,129,129,129,129,129,129,129,129,129,43027,42629,41112,129,129,129,28874,56364,47420,35383,
678,129,129,129,16736,129,129,129,129,129,129,52398,42607,3900,129,34384,129,20831,21210,43431,35685,
679,129,129,129,129,129,129,129,129,129,129,129,16593,129,50494,14005,34556,129,129,58208,13079,
680,129,129,129,129,129,129,129,129,129,129,15697,129,45816,24267,18331,15793,129,38223,19035,27360,
681,129,129,129,129,129,129,129,129,129,129,44872,56222,56730,53354,41886,129,24689,16660,7453,13028,
682,129,129,129,129,129,129,129,129,129,129,129,57565,129,24590,19749,129,49589,129,39456,129,
683,129,129,129,129,129,129,129,129,129,129,39191,51134,25105,129,129,129,8493,53771,58569,37487,
684,129,129,129,129,129,129,129,129,129,129,1058,129,33383,129,37436,34457,129,129,39487,50031,
685,129,129,129,129,129,129,129,129,129,129,129,45341,129,129,129,16380,19204,50674,129,23145,
686,129,129,129,129,129,129,129,129,129,129,27027,129,26407,23013,129,28263,44587,45075,42302,129,
687,129,129,129,129,129,129,129,129,129,129,35148,24666,48423,129,129,129,24178,30275,45384,129,
688,129,129,129,129,129,129,129,129,129,129,129,129,4144,24831,58747,15035,129,31329,43213,16326,
689,129,129,129,129,129,129,129,129,129,129,28640,39068,37095,129,37148,15482,53562,43900,48300,48548,
690,129,129,129,129,129,129,129,129,129,129,47817,129,19432,129,49996,60484,42154,129,39794,18886,
691,129,129,129,129,129,129,129,129,129,129,41908,46545,25301,10136,129,129,27776,28249,129,58944,
692,129,129,129,129,129,129,129,129,129,129,48345,44589,9242,48357,52650,129,129,31821,129,129,
693,129,129,129,129,129,129,129,129,129,129,129,129,129,129,129,30421,53357,40951,12425,129,
694,129,129,129,129,129,129,129,129,129,129,11383,58049,129,44467,27279,43898,41445,129,129,26938,
695,129,129,129,129,129,129,129,129,129,129,18855,129,129,8291,21630,129,18407,129,129,129,
696,129,129,129,129,129,129,129,129,129,129,129,129,129,21804,42163,14451,37227,42787,129,24231,
697,129,129,129,129,129,129,129,129,129,129,129,129,42700,56923,129,129,47946,129,129,40796,
698,129,129,129,129,129,129,129,129,129,129,129,129,25923,129,20310,14452,129,5170,129,16507,
699,129,129,129,129,129,129,129,129,129,129,44911,50217,25328,57346,21997,36815,129,34990,5286,24065,
700,129,129,129,129,129,129,129,129,129,129,44257,55116,24965,129,42913,11406,129,35101,25691,17188,
701,129,129,129,129,129,129,129,129,129,129,57557,47761,52698,129,38670,22369,129,56575,41404,129,
702,129,129,129,129,129,129,129,129,129,129,25295,48782,42273,23954,22332,41377,129,57069,59718,129,
703,129,129,129,129,129,129,129,129,129,129,51383,5873,6533,129,56956,5426,129,24892,129,129,
704,129,129,129,129,129,129,129,129,129,129,8900,11356,30877,32868,39787,129,129,129,40942,31824,
705,129,129,129,129,129,129,129,129,129,129,38964,48008,48458,129,60501,20444,20880,4488,24262,36268,
706,129,129,129,129,129,129,129,129,129,129,129,22814,44057,11705,129,129,19093,41981,34189,40783,
707,129,129,129,129,129,129,129,129,6306,129,48344,22202,52890,129,51795,30282,129,14748,129,129,
708,129,129,129,129,129,129,10696,129,129,129,129,129,28740,129,12292,129,10375,25789,129,33841,
709,129,129,129,129,129,129,129,129,129,129,38882,129,3629,25018,44116,46373,36782,50987,129,22908,
710,129,129,129,129,129,129,484,129,129,1024,20436,41686,24770,27241,31388,129,129,40236,40811,9318,
711,129,129,129,129,129,129,129,129,129,129,129,129,3163,9536,46453,22775,129,25188,129,28239,
712,129,129,129,129,129,129,129,129,129,129,44699,41822,45093,38057,22620,40189,54802,15792,129,129,
713,129,129,129,129,129,129,129,129,129,129,129,129,31652,129,30004,129,39044,57800,129,129,
714,129,129,129,129,129,129,129,129,129,129,675,27499,129,129,25503,27895,42015,55022,43508,23306,
715,129,129,129,129,129,129,129,129,129,129,29744,39800,129,129,35225,47759,36358,129,129,54562,
716,129,129,129,129,129,129,129,129,129,129,129,16186,32458,129,17109,873,129,27464,23728,129,
717,129,129,129,129,129,129,129,129,129,129,57921,42164,57993,129,57346,13036,11371,129,51783,21599,
718,129,129,129,129,129,129,129,129,129,129,31941,10464,129,36184,129,8550,57758,129,39546,19325,
719,129,129,129,129,129,129,8177,129,129,129,42487,129,129,129,20727,57654,129,26627,129,47126,
720,129,129,129,129,129,129,129,129,129,129,47675,8657,18943,13565,129,129,55754,57201,19632,6463,
721,129,129,129,8870,129,129,129,129,129,129,129,1249,129,38919,33070,44868,129,48476,46767,46404,
722,129,129,129,129,129,129,129,129,129,129,129,41649,129,35015,44149,43466,56540,47018,129,41774,
723,129,129,129,129,129,129,129,129,129,10491,129,129,129,31017,129,52249,52229,59190,22872,28753,
724,129,129,129,129,129,129,129,129,129,129,23262,14552,38718,129,30726,59468,44226,46556,48198,5647,
725,129,129,129,129,129,129,129,129,129,129,29034,129,129,33135,129,129,24572,22289,20406,40540,
726,129,129,129,129,129,129,129,129,129,129,1975,33382,129,57592,25886,16119,129,33640,33967,19094,
727,129,129,129,129,129,129,129,129,129,129,41203,37976,7697,129,20260,39850,48320,37128,129,25662,
728,129,129,129,129,129,129,129,129,129,129,3826,54885,129,129,129,129,5232,7754,28139,51783,
729,129,129,129,129,129,129,129,129,129,129,129,32092,129,18723,21524,50303,12566,129,129,41871,
730,129,129,129,129,129,129,129,129,129,129,129,129,14508,6581,129,42334,25567,129,55060,57094,
731,129,129,129,129,129,129,129,129,129,129,13298,43670,4050,129,129,129,28223,30505,18790,129,
732,129,129,129,129,129,129,129,129,129,129,129,129,13053,43752,56842,21212,129,545,129,129,
733,129,129,129,129,129,129,129,129,129,129,48467,129,129,13988,41457,18927,129,11237,129,129,
734,129,129,129,129,129,129,129,129,129,129,33467,129,129,129,31381,33717,17519,56455,12468,129,
735,129,129,129,129,129,129,129,129,129,129,12486,129,129,129,129,129,35381,19777,45357,13764,
736,129,129,129,129,129,129,129,129,129,129,42412,129,129,129,129,42140,42563,129,39537,18896,
737,129,129,129,18799,129,129,129,129,129,129,15891,26229,16925,129,22895,129,129,37494,47849,129,
738,129,129,129,129,129,129,129,129,129,129,47641,15249,35861,129,129,37818,43955,129,44884,39453,
739,129,129,129,129,129,129,129,129,129,129,39734,26166,35458,37912,19473,129,48435,129,14899,59037,
740,129,129,129,129,129,129,129,129,129,129,33250,27657,23856,4655,129,39784,24000,37892,129,47792,
741,129,129,129,129,129,129,129,129,129,129,129,17242,129,24013,59031,43322,14326,16667,129,26923,
742,129,129,129,129,129,129,129,129,129,129,129,48618,129,45479,46111,38653,21951,45673,129,9568,
743,129,129,129,129,129,129,129,129,129,129,129,10879,33592,129,129,129,11861,38595,13759,38277,
744,129,129,129,129,129,129,129,129,129,129,129,129,129,44419,32218,129,2812,22908,129,11309,
745,129,129,129,129,129,129,129,129,129,129,24548,27250,129,44471,129,129,56134,129,47730,13360,
746,129,129,129,129,129,129,129,129,129,129,54343,23955,40995,129,50361,129,53225,57117,24966,56117,
747,129,129,129,129,129,129,129,129,129,129,24104,24609,51398,129,32561,609,49880,129,32368,56040,
748,129,129,129,129,129,129,129,129,129,129,129,129,129,12880,129,29536,43131,45572,129,43871,
749,129,129,129,129,129,129,15988,129,129,4800,23650,5535,49672,45693,57331,45456,4629,51294,29622,55166,
750,129,129,129,129,129,129,129,129,129,129,129,24324,56538,24758,47566,129,129,3856,34044,129,
751,129,129,129,129,129,129,129,129,129,129,129,31181,53597,19895,40634,15245,26846,33905,36560,52707,
752,129,129,129,129,129,129,129,129,129,129,55673,129,129,129,129,129,46663,41662,30544,36834,
753,129,129,129,129,129,129,129,129,129,129,20580,47790,38346,43159,9035,129,129,44277,48448,58891,
754,129,129,129,129,129,129,129,129,129,129,12616,1533,34345,45111,129,20246,1434,37620,45923,129,
755,129,129,129,129,129,129,129,129,129,129,28063,129,7442,48619,129,6064,129,129,28833,25280,
756,129,129,129,129,129,129,129,129,129,129,34202,24641,48897,14285,17975,58538,129,129,22582,129,
757,129,129,129,129,129,129,129,129,129,129,17872,43133,49649,129,43452,129,129,53988,129,21418,
758,129,129,129,129,129,129,129,129,129,129,33005,27332,129,19705,30956,129,28191,30444,129,44410,
759,129,129,129,129,129,129,129,129,129,129,129,30922,48430,23122,129,21362,32474,12987,45939,129,
760,129,129,129,129,129,129,129,129,129,129,15821,6158,50373,40205,129,13426,14256,59361,4180,129,
761,129,129,129,129,129,129,129,129,129,129,129,9216,36381,129,5100,129,24688,129,37006,38269,
762,129,129,129,129,129,129,129,129,129,129,10678,22583,129,29437,129,49849,33818,8601,13152,129,
763,129,129,129,129,129,129,129,129,129,129,21993,10794,12470,16679,129,129,129,4307,459,129,
764,129,129,129,129,129,129,129,129,129,129,42983,29115,14697,129,35202,3930,36668,44810,11415,43688,
765,129,129,129,129,129,129,129,129,129,129,129,47545,129,12449,21232,23817,43440,11924,129,44697,
766,129,129,129,129,129,129,129,129,129,129,41280,41812,22944,129,129,15162,129,129,32796,129,
767,129,129,129,129,129,129,129,129,129,129,129,8682,56855,19812,31724,55793,17238,35095,17487,15197,
768,129,129,129,129,129,129,129,129,129,129,59097,129,32728,40225,129,50174,45791,44654,13247,7606,
769,129,129,129,129,129,129,129,129,129,129,57843,4064,46364,51589,129,33073,42622,46901,129,129,
770,129,129,3414,129,129,3414,129,129,129,129,38267,59621,10378,58211,20623,37112,24239,38023,5804,27044,
771,129,129,129,129,129,129,129,129,129,129,18486,129,46662,56684,129,9868,54432,25291,45877,40401,
772,129,129,129,129,129,129,129,129,129,129,45586,129,23020,129,129,129,23249,46850,4514,28539,
773,129,129,129,129,129,129,129,129,129,129,129,18906,129,129,16958,21811,55794,129,16910,37291,
774,129,129,129,129,129,129,129,129,129,129,36455,27482,36951,34126,6272,129,14328,30048,19263,41637,
775,129,129,129,129,129,129,129,129,129,129,21299,24931,129,129,129,129,9097,129,16175,21496,
776,129,129,129,129,129,129,129,129,129,129,55528,37972,25570,32090,23629,36857,45657,129,46327,18779,
777,129,129,129,129,129,129,129,129,129,129,129,6351,129,129,58360,11784,129,18196,27982,27076,
778,129,129,129,129,129,129,129,129,129,129,14414,43611,26974,129,16294,60660,5850,129,16020,47391,
779,129,129,129,129,129,129,129,129,129,129,5567,49038,45260,35950,36543,16570,129,20960,27348,11531,
780,129,129,129,129,129,129,129,129,129,129,129,11370,32737,22625,59271,39930,32871,47118,49495,30933,
781,129,129,129,129,129,129,129,129,129,129,50199,20545,23511,129,54355,35571,47723,43098,129,48416,
782,129,129,129,129,129,129,129,129,129,129,47765,2933,17969,26361,129,129,129,41140,129,129,
783,129,129,129,129,129,129,129,129,129,129,129,44728,38345,30343,129,129,14330,7667,129,13216,
784,129,129,129,129,129,129,129,129,129,129,55951,129,129,46163,129,55920,129,129,129,30595,
785,129,129,129,129,129,129,129,129,129,129,5197,129,129,23045,129,129,60454,129,129,129,
786,129,129,129,129,129,129,129,129,129,129,45262,129,129,129,19815,10094,58510,21120,44489,44377,
787,129,129,129,129,129,129,129,129,129,129,129,32770,26341,129,31572,19048,15890,129,52701,43397,
788,129,129,129,129,129,129,129,129,129,129,129,37646,25593,47390,49561,21107,129,48776,26333,19556,
789,129,129,129,129,129,129,129,129,129,129,48555,129,36959,26488,54342,129,49115,7070,5694,129,
790,129,129,129,129,129,129,129,129,129,129,129,45643,129,54683,43083,2876,129,47964,14403,18362,
791,129,129,129,129,129,129,129,129,129,4062,129,41545,52185,48904,15308,32522,13600,129,54755,129,
792,129,129,129,129,129,129,129,129,129,129,129,26925,38483,42319,16429,35481,129,51275,13823,129,
793,129,129,129,129,129,129,129,129,129,129,28464,43622,15933,129,43416,56758,129,129,37319,129,
794,129,129,129,129,129,129,129,129,129,129,17758,11327,129,40047,48460,45007,35179,41125,50775,35538,
795,129,129,129,129,129,129,129,129,129,129,129,50990,129,129,22778,129,28443,4629,129,15844,
796,129,129,129,129,129,129,129,129,129,22879,45716,9317,129,43234,31117,38965,37504,32411,129,129,
797,129,129,129,129,129,129,129,129,129,129,35936,129,29973,129,34589,129,129,9049,129,43528,
798,129,129,129,129,129,10125,129,129,129,129,25959,129,29043,45163,31658,25559,129,26441,47675,129,
799,129,129,129,129,129,129,129,129,129,129,129,129,129,50536,129,61063,129,129,129,129,
800,129,129,129,129,129,129,129,129,129,129,47353,129,129,129,9984,42295,18239,129,41713,56401,
801,129,129,129,129,129,129,129,129,129,129,41089,11304,44979,129,129,129,129,2368,129,35391,
802,129,129,129,129,129,129,129,129,129,129,46724,129,32994,129,29261,57251,47930,43156,57694,129,
803,129,129,129,129,129,129,129,129,129,129,51008,48623,48764,54160,30384,28500,18791,129,56339,47740,
804,129,129,129,129,129,129,129,129,129,129,35354,129,50153,57118,129,9117,54041,129,46421,11606,
805,129,129,129,129,129,129,129,129,129,129,2285,49289,41649,21603,13033,129,671,21497,36896,13974,
806,129,129,129,129,129,129,129,129,129,129,129,22826,129,129,45648,129,129,49259,6532,12541,
807,129,129,129,129,129,129,129,129,129,129,45373,129,129,40575,129,129,45646,47846,129,40514,
808,129,129,129,129,129,129,129,129,129,129,16780,19618,17975,44414,44008,10876,27397,36762,129,31096,
809,129,129,129,129,129,129,129,129,129,129,129,43185,129,51719,26701,129,23726,129,58924,45504,
810,129,129,129,129,129,129,129,129,129,129,38741,28447,129,129,58793,21554,31984,129,2979,6905,
811,129,129,129,129,129,129,129,129,129,129,50416,129,129,129,10729,26366,44531,35979,50311,12263,
812,129,129,129,129,129,129,129,129,129,129,34423,57389,54125,23316,25862,46883,15422,129,44639,22573,
813,129,129,129,129,129,129,129,129,129,129,129,25540,41103,129,129,23187,129,129,44966,27325,
814,129,129,129,129,129,129,129,129,12462,129,49017,30955,18004,129,129,129,129,129,129,129,
815,129,129,129,129,129,129,129,129,129,129,129,12168,32447,129,50234,20463,58626,32341,47678,57881,
816,129,129,129,129,129,129,129,129,129,129,30597,35379,45699,41094,47497,18061,129,22248,129,29311,
817,129,129,129,129,129,129,129,129,129,129,51826,129,129,129,41543,16170,39214,27508,45078,24289,
818,129,129,129,129,15833,129,129,129,129,129,129,129,27371,59126,48853,12795,36340,129,129,45902,
819,129,129,129,129,129,129,129,129,129,129,38764,37970,47112,19500,57797,41585,129,23207,129,129,
820,129,129,129,129,129,129,7290,129,129,129,129,55641,37851,129,129,129,33488,129,129,129,
821,129,129,129,129,129,129,129,129,129,129,129,13008,13440,129,51161,129,3237,26333,47434,129,
822,129,129,129,129,129,129,129,129,129,129,129,129,52559,129,129,29492,30040,47647,10421,129,
823,129,129,129,129,129,129,129,129,129,129,3335,45631,129,129,33173,51227,129,129,14072,4028,
824,129,129,129,129,129,129,129,129,129,129,129,40230,48494,42794,43457,30399,42336,129,11869,34328,
825,129,129,129,129,129,129,129,129,129,129,4468,39875,58532,129,47378,129,46307,38910,16981,57724,
826,129,129,129,129,129,129,129,129,129,129,37610,28922,50569,42367,48112,40193,129,49169,129,129,
827,129,129,9457,129,129,129,129,129,129,129,20798,46734,40127,27596,4753,52479,129,129,129,129,
828,129,129,129,129,129,129,129,129,129,129,129,1818,129,18843,52142,43972,129,129,129,27944,
829,129,129,129,129,129,129,129,129,129,129,34801,54774,129,129,129,16385,9222,129,129,32476,
830,129,129,129,129,129,129,129,129,129,129,27751,18784,55324,53653,129,129,24849,31899,43856,37000,
831,129,129,129,129,129,129,129,129,129,129,15491,32204,36605,129,129,11251,44062,32949,129,129,
832,129,129,129,129,129,129,129,129,129,129,36515,129,20883,35449,129,53887,657,129,129,11881,
833,129,129,129,129,129,129,129,129,129,129,11696,14879,20419,20644,58937,50534,50941,129,36052,12042,
834,129,129,129,129,129,129,129,129,129,129,2267,50927,48494,129,29162,601,129,28720,22140,53662,
835,129,129,129,129,129,129,129,129,129,129,18382,129,31709,38290,129,46547,1880,35090,129,4545,
836,129,129,129,129,129,129,129,129,129,129,49598,46557,129,129,129,59363,41430,21703,30093,129,
837,129,129,129,129,129,129,129,129,129,129,129,58486,25889,129,6326,1112,129,129,129,129,
838,129,129,129,129,129,129,129,129,129,129,36427,49038,54905,22941,10212,44772,129,129,129,11024,
839,129,129,129,129,129,129,129,129,129,129,13925,17607,129,129,56688,129,18355,25492,38483,24608,
840,129,129,129,129,129,129,129,129,129,129,129,44348,16340,129,25923,10156,32242,129,129,38210,
841,129,129,129,129,129,129,129,129,129,129,129,129,35009,39365,23114,129,38862,4480,129,129,
842,129,129,129,129,16061,129,129,129,129,129,129,129,15243,13703,129,129,35690,129,26767,3596,
843,129,129,129,129,129,129,129,129,129,129,51067,16925,129,129,38744,34872,34032,39324,57908,129,
844,129,129,129,129,129,129,23060,129,129,129,129,51099,46787,40102,129,129,38312,41890,129,43820,
845,129,129,129,129,129,17369,129,129,129,129,53460,129,129,129,129,16720,35483,21340,25404,54428,
846,129,129,129,129,129,129,129,129,129,129,31042,49775,129,23149,129,129,129,47589,43099,57997,
847,129,129,129,129,129,129,129,129,129,129,42827,44961,39294,33812,129,129,49259,55006,129,129,
848,129,129,129,129,129,129,129,129,129,129,23624,129,3434,129,129,58367,8631,44435,129,30319,
849,129,129,129,129,129,129,129,129,129,129,129,10250,13945,26093,129,26476,129,129,129,42055,
850,129,129,129,129,129,129,129,129,129,129,38988,50080,44636,51061,129,7860,129,25417,20088,35758,
851,129,129,129,129,129,129,129,129,129,129,37295,46530,129,129,11817,972,38985,16480,16779,42267,
852,129,129,129,129,129,129,129,129,129,129,11518,35980,30970,24199,10235,129,129,129,34619,129,
853,129,129,129,129,129,129,129,129,129,129,129,129,43321,129,129,129,129,129,15132,129,
854,129,129,129,129,129,129,129,129,129,129,47448,35219,129,32922,129,35285,129,129,54774,45109,
855,129,129,129,129,129,129,129,129,129,129,32861,16125,59096,4491,1231,129,18688,129,46196,36914,
856,129,129,129,129,129,129,129,129,129,129,17811,129,24332,51426,47793,10336,48125,48833,56598,129,
857,129,129,129,129,129,129,129,129,129,129,22572,1226,129,47667,10748,45539,129,129,18960,6713,
858,129,129,129,129,129,129,129,129,129,2456,129,45835,129,129,26184,2164,129,57440,36496,45943,
859,129,129,23751,129,129,129,23751,23751,129,129,129,15229,43858,129,129,36913,28820,129,39326,129,
860,129,129,129,129,129,129,129,129,129,129,49261,129,58654,129,129,17090,129,48577,129,30870,
861,129,129,13850,129,129,129,129,129,129,129,10184,19466,47325,129,36078,48171,27336,23175,35386,129,
862,129,129,129,129,129,129,129,129,129,129,10956,9866,29228,129,56695,49922,129,129,129,129,
863,129,129,129,129,129,129,129,129,129,129,31012,129,129,688,56540,40586,13728,129,14281,19575,
864,129,129,129,129,129,129,129,129,129,129,37606,51740,23788,26255,19561,57001,129,16428,49225,28265,
865,129,129,129,129,129,129,129,129,129,129,13571,129,22862,57424,34775,129,46993,57685,15789,47557,
866,129,129,129,129,129,129,129,129,129,129,44243,14121,129,42676,32128,39954,53426,129,129,129,
867,129,129,129,129,129,129,129,129,129,129,19036,30803,43440,129,46315,129,45654,129,129,20423,
868,129,129,129,129,129,129,129,129,129,129,129,11536,47198,129,53691,129,55818,58534,12493,129,
869,129,129,129,129,129,129,129,129,129,129,129,129,129,129,129,129,32386,129,15274,31539,
870,129,129,129,129,129,129,129,129,129,129,21751,129,49653,45697,129,25501,48403,129,37360,4223,
871,129,129,129,129,129,129,129,129,129,129,57137,129,52308,18983,56943,129,129,27667,46212,3424,
872,129,129,129,129,129,129,129,129,129,129,24437,43426,25391,39911,37393,7342,34051,129,129,129,
873,129,129,129,129,129,129,129,129,129,129,129,129,129,41151,129,13940,1311,1108,42815,129,
874,129,129,129,129,129,129,129,129,129,129,129,19045,43835,23390,44929,23335,129,129,54299,850,
875,129,129,129,129,129,129,129,129,15396,129,129,31138,24269,13917,27041,129,59516,129,2209,23671,
876,129,129,129,129,129,129,129,129,129,129,19880,16468,50792,129,14961,129,23123,2370,38128,11663,
877,129,129,129,129,129,129,129,129,129,129,37459,49653,129,129,1034,41982,53455,59468,42311,129,
878,129,129,129,129,129,129,129,129,129,129,35337,22243,36808,5766,129,3034,26178,129,129,129,
879,129,129,129,129,129,129,129,129,129,129,58886,129,25123,129,59583,129,129,29328,14967,41693,
880,129,129,129,129,129,129,129,129,129,129,26231,39629,19125,44930,46789,41070,19730,50814,37888,35916,
881,129,129,129,129,129,129,129,129,129,129,21735,31689,129,129,129,21636,24654,11200,47142,33641,
882,129,129,129,129,129,129,129,129,129,129,129,129,6179,53250,50310,129,40887,3396,48586,129,
883,129,129,129,129,129,129,129,129,129,129,52176,47047,57032,10601,47443,44327,25976,34616,20522,129,
884,129,129,129,129,129,129,129,129,129,129,52914,55174,52023,129,129,3579,23346,34285,18775,46671,
885,129,129,129,129,129,129,129,129,129,129,47744,129,59731,14270,14710,129,25593,57804,18877,15664,
886,129,129,129,129,129,129,129,129,129,129,35714,42889,129,129,335,7924,11646,129,20835,12039,
887,129,129,129,129,129,129,129,129,129,129,15350,16461,36656,46736,46982,5133,129,23099,49799,129,
888,129,129,129,129,129,129,129,129,129,129,34728,11562,51327,41231,2104,5819,34470,45853,17022,57882,
889,129,129,129,129,129,129,129,129,129,129,23798,129,57805,4614,129,12551,129,16827,41101,22645,
890,129,129,129,129,129,129,129,129,129,129,17468,56691,57075,129,44675,57744,129,41258,44120,129,
891,129,129,129,129,129,129,129,129,129,8316,1472,44210,129,37725,32015,129,29329,24929,33256,129,
892,129,129,129,129,129,129,129,129,129,129,54388,14742,129,129,10942,25656,43209,129,50336,129,
893,129,129,129,129,129,129,129,129,129,129,129,129,129,44377,51902,54486,39820,8334,37018,47405,
894,129,129,12598,129,129,129,129,129,129,129,129,129,45873,58168,129,52423,129,28179,129,53652,
895,129,129,129,129,129,129,129,129,129,129,32700,11951,28073,129,129,129,24919,3654,129,129,
896,129,129,129,129,129,129,129,129,129,129,33129,15664,129,47206,42953,55935,129,129,11198,46516,
897,129,129,129,129,129,129,129,129,129,129,40204,10804,59659,43864,34119,4366,23231,57835,54803,50632,
898,129,129,129,129,129,14053,129,129,129,129,129,48133,22545,47744,34161,28001,42072,48869,33358,50240,
899,129,129,129,129,129,10572,129,129,129,129,58157,129,129,48622,18086,45939,129,54752,47444,129,
900,129,129,129,129,129,129,129,129,129,129,45313,21541,129,36221,14367,44046,129,129,11562,129,
901,129,129,129,129,129,129,129,129,129,129,47980,11523,13518,129,39698,129,35780,55453,20213,44827,
902,129,129,129,129,129,129,129,129,129,129,10948,14152,10598,57221,14576,36397,38162,15686,11287,129,
903,129,129,129,129,129,129,129,129,129,129,129,54181,129,30969,129,129,22064,54488,49152,47154,
904,129,129,129,129,129,129,129,129,129,129,20432,129,57602,53071,129,17895,129,129,129,129,
905,129,129,129,129,129,129,129,129,129,129,3738,1663,46012,26739,129,129,21186,59236,6709,18761,
906,129,129,129,129,129,129,129,129,129,129,52537,129,40643,129,129,48416,35754,129,34321,41156,
907,129,129,129,129,129,129,129,129,129,129,35233,55226,7969,49022,10713,56738,18453,129,129,129,
908,129,129,129,129,129,129,129,129,129,129,129,18024,47828,129,47108,54245,31461,129,48434,44115,
909,129,129,129,129,129,129,129,129,129,129,129,13524,46507,57296,12542,129,23863,37482,129,44431,
910,129,129,129,129,129,129,129,129,129,129,11452,19805,20680,7791,47477,24860,56920,55608,11799,129,
911,129,129,129,129,129,129,129,129,129,129,17747,129,129,1404,129,129,129,12335,129,129,
912,129,129,129,129,129,129,129,129,129,129,2676,29019,48573,129,129,3891,129,129,17689,40305,
913,129,129,129,129,129,129,129,129,8773,129,14452,31748,129,54160,129,49441,20330,12752,13141,46260,
914,129,129,129,129,129,129,129,129,129,129,17959,129,51449,129,129,27824,44182,56182,4160,14624,
915,129,129,129,129,129,129,129,129,129,129,129,54283,129,13147,51848,40424,26091,16361,129,7124,
916,129,129,129,129,129,129,129,129,129,129,129,129,45505,129,129,28507,32758,129,22033,49171,
917,129,129,129,129,129,129,129,129,129,129,129,45221,129,46997,49792,129,26079,43116,4661,129,
918,129,129,129,129,129,129,129,129,129,129,129,38563,53407,129,129,41390,129,4488,23924,129,
919,129,129,129,129,129,129,129,129,129,129,129,129,33095,1949,129,13327,129,57369,58509,44006,
920,129,129,129,129,129,129,129,129,129,129,47836,129,129,43056,34850,129,129,24747,18985,129,
921,129,129,129,129,129,129,129,129,129,129,129,129,18604,53586,41488,129,20691,9265,32750,25806,
922,129,129,129,129,129,129,129,129,129,129,26539,41608,129,57034,25263,129,44595,129,59177,25321,
923,129,129,129,129,129,129,129,5064,129,129,129,11758,20450,45419,129,129,2928,2059,34783,58814,
924,129,129,129,129,129,129,129,129,129,129,32583,21421,57282,50235,24682,34591,20411,129,42915,41646,
925,129,129,129,129,129,129,129,129,129,129,129,129,129,129,30619,13362,21879,29554,31251,25485,
926,129,129,129,129,129,129,129,129,129,129,28028,39307,129,10928,129,50724,33497,129,129,43785,
927,129,129,129,129,129,129,129,129,129,129,51604,60299,129,37269,38685,5999,2747,10428,29530,29836,
928,129,129,129,129,129,129,129,129,129,129,129,129,38708,6262,60670,54879,48600,41132,31245,129,
929,129,129,129,129,129,129,129,129,129,129,45129,129,4371,34753,129,56771,39500,32170,47454,8614,
930,129,129,129,129,129,129,129,129,129,129,129,29055,57278,35875,43158,129,15814,1719,17799,22683,
931,129,129,129,129,129,129,129,129,129,129,26672,129,129,612,39101,129,129,129,129,38677,
932,129,129,129,129,129,129,129,129,129,129,51130,129,129,38390,27048,28710,56135,15387,41538,47801,
933,129,129,129,129,129,129,129,129,129,129,58792,26634,129,7168,55279,129,38388,129,129,55155,
934,129,129,129,129,129,129,129,129,129,129,129,129,129,49938,129,129,129,308,129,42617,
935,129,129,129,129,129,129,129,129,129,129,44557,23432,129,43412,129,47419,129,59104,19706,129,
936,129,129,129,129,129,129,129,129,129,129,34579,129,39089,42088,129,5976,129,37825,129,129,
937,129,129,129,129,129,129,129,129,129,129,129,129,129,10552,129,5836,51968,52222,129,16096,
938,129,129,129,129,129,129,129,129,129,4801,14840,48868,32225,35234,44558,34378,129,35530,129,46887,
939,129,129,129,129,129,129,129,129,129,129,38148,129,56774,129,29324,23237,129,32163,10235,9562,
940,129,129,129,129,129,129,25367,129,129,129,32943,129,57602,56747,36943,129,54690,33274,7936,30581,
941,129,129,129,129,129,129,129,129,129,129,129,129,33552,129,16273,16376,1591,38816,129,46297,
942,129,129,129,129,129,129,129,129,129,129,57959,48614,461,36588,129,39869,129,129,36326,35402,
943,129,129,129,129,129,129,129,19673,129,129,28543,52164,47037,34524,8105,17934,42345,129,26073,129,
944,129,129,129,129,129,129,129,129,129,129,57892,129,32465,29572,129,8227,11173,22947,53104,48928,
945,129,129,129,129,129,129,129,129,129,129,1119,129,129,40590,129,3011,36279,21136,129,46751,
946,129,129,129,129,129,129,129,129,129,129,129,129,29883,56235,129,36876,37191,51391,129,129,
947,129,129,129,129,129,129,129,129,129,129,129,129,44762,39284,35991,14750,30924,21651,1952,31211,
948,129,129,129,129,129,129,129,129,129,129,129,129,9741,10541,38310,8845,34643,12657,129,42793,
949,129,129,129,129,129,129,129,129,129,129,11822,49335,129,33903,54038,24809,30302,129,52910,14928,
950,129,129,129,129,129,129,129,129,129,129,52363,40892,16812,3499,129,129,129,48640,129,26564,
951,129,129,129,129,129,129,129,129,129,129,36246,129,39838,129,47409,8136,16263,11354,129,3821,
952,129,129,129,8546,129,129,129,129,129,129,45706,31648,43770,129,46554,40770,129,1840,49775,41621,
953,129,129,129,129,129,129,129,129,129,129,54159,129,129,129,129,23951,36411,129,129,12748,
954,129,129,129,129,129,129,129,129,129,129,9043,57799,55350,31513,129,129,129,129,129,129,
955,129,129,129,129,129,129,129,129,129,129,43921,59423,129,129,7651,52458,32073,10988,14521,32596,
956,129,129,129,129,129,129,129,129,129,129,129,39263,14733,129,4155,3513,11138,56065,48951,129,
957,129,129,129,129,14710,129,129,129,129,129,2990,129,129,44819,129,129,12752,14332,51065,129,
958,129,129,129,129,129,129,129,129,129,129,59690,38717,16929,129,129,129,129,1755,2176,129,
959,129,129,129,129,129,129,129,129,129,129,32232,14414,48176,52833,129,32506,303,129,4830,12871,
960,129,129,129,129,129,129,129,129,129,129,55997,32527,129,129,19091,47730,18362,129,25468,44201,
961,129,129,129,129,44403,129,129,129,129,129,58758,50489,47392,48097,19105,129,47397,20027,56210,20665,
962,129,129,129,11206,129,129,129,129,129,129,51485,12294,129,11392,835,129,31922,44385,49232,38674,
963,129,129,129,129,129,129,129,129,129,129,38103,58185,12501,129,42108,18905,129,20008,39614,129,
964,129,129,129,129,129,129,129,129,129,129,40175,129,38223,37151,15039,129,129,13116,6072,129,
965,129,129,129,129,129,129,129,129,129,129,6062,59333,129,129,6881,55676,56725,32193,129,44109,
966,129,129,129,129,129,129,129,129,129,129,19596,45337,14267,24504,20872,129,54206,31655,47345,8379,
967,129,129,129,129,129,129,129,129,129,129,30248,25131,8624,47525,40369,22234,129,48534,57232,38316,
968,129,129,129,129,129,129,129,129,129,129,29599,48474,39904,53111,7380,129,129,26971,129,129,
969,129,129,129,129,129,129,129,129,129,129,129,38293,129,129,54180,129,22927,129,51866,129,
970,129,129,129,129,129,129,129,129,129,129,51204,36128,129,37922,48602,57318,6603,48887,129,18348,
971,129,129,129,129,129,129,129,129,129,129,59536,129,129,54880,10459,25514,129,11442,22733,129,
972,129,129,129,129,129,129,129,129,129,129,37412,17688,28707,16945,129,9333,129,129,51884,8392,
973,129,129,129,129,129,129,129,129,129,129,129,129,129,48885,45218,11726,46549,22280,32047,29262,
974,129,129,129,129,129,129,129,129,129,129,20867,39405,129,129,129,129,42156,43591,43664,129,
975,129,129,129,129,129,129,129,129,129,129,33101,57688,36471,129,129,5595,129,129,33774,129,
976,129,129,129,129,129,129,129,129,129,129,23671,30982,129,129,49864,46254,2477,52905,1328,39365,
977,129,129,129,129,129,129,129,10862,129,129,43608,129,129,10837,27367,41211,33666,798,33809,129,
978,129,129,129,129,129,129,129,129,129,129,46035,38204,46250,129,29122,129,16915,4149,129,13124,
979,129,129,129,129,129,129,129,129,129,129,44995,49786,24647,42491,129,37306,129,129,16282,129,
980,129,129,129,129,129,129,129,129,129,129,129,129,129,21246,4748,129,47751,42931,17386,129,
981,129,129,129,129,129,129,129,129,129,129,21098,1938,49470,47302,129,32284,129,129,54957,20204,
982,129,129,129,129,129,129,129,129,129,129,23919,29898,46008,129,59182,129,50121,42666,32837,43736,
983,129,129,129,129,129,129,129,12990,129,129,129,39582,11054,129,53513,129,7053,4531,129,47501,
984,129,129,129,129,129,129,129,129,129,129,46607,50236,129,129,43761,129,25939,129,45363,129,
985,129,129,129,129,129,129,129,129,129,129,52582,29701,29237,13097,129,129,129,18219,13283,26777,
986,129,129,129,129,129,129,129,129,129,129,27466,10116,129,129,56688,129,58794,30277,129,2749,
987,129,129,129,129,129,129,129,129,129,129,129,129,129,1197,3396,129,17406,18242,129,46434,
988,129,129,129,129,129,129,129,129,129,129,129,129,26718,28145,129,53012,129,31078,129,56188,
989,129,129,129,129,129,129,129,129,129,129,14926,57460,26153,28933,12613,129,4950,28594,129,48340,
990,129,129,129,129,129,129,129,129,129,129,129,129,46237,21493,129,23452,3056,25311,129,45760,
991,129,129,129,129,129,129,129,129,129,129,27714,42422,46680,53673,129,19861,54091,39017,129,129,
992,129,129,129,129,129,129,129,4988,9506,129,47453,53380,53942,18601,35392,11967,129,20545,53140,129,
993,129,129,43406,129,129,129,129,129,129,129,16609,129,129,25673,38430,7435,55370,129,129,59699,
994,129,129,129,129,129,129,129,129,129,129,129,16150,15058,27293,46617,57485,21725,10821,129,13505,
995,129,129,129,129,129,129,129,129,129,129,129,45483,129,3427,26571,129,23203,60741,129,55163,
996,129,129,129,129,129,129,129,129,129,129,129,129,45090,31104,21366,30103,129,129,129,129,
997,129,129,129,129,129,129,129,129,129,129,129,42237,43043,52752,48042,31249,6459,50328,41560,53615,
998,129,129,129,129,129,129,129,129,129,129,52656,37635,5088,129,27010,39470,29002,26921,129,23392,
999,129,129,129,129,129,129,129,129,129,129,129,36456,129,129,41391,46645,129,41082,45843,46454,
1000,129,129,129,129,129,129,129,129,129,129,3822,40121,57851,58116,129,25029,11879,49308,13687,9100,
