1,39915,16722,30219,9781,28945,35121,30192,7509,27207,41290,42227,8705,1144,27119,19282,16700,7862,40947,27963,10085,10527,45713,23124,45151,29482,34809,34256,474,29115,18109,35128,918,2426,13301,37207,28879,44832,26854,45809,16002,16921,25386,2808,45376,24641,42661,48362,44718,6505,15943,26937,32497,17212,33385,43906,16141,35494,32149,22368,31603,30895,30223,23575,39691,21997,32432,23539,686,6960,13564,464,18566,7343,32207,47589,49084,37359,46222,39074,37324,
2,39915,16722,30219,9781,28945,35121,30192,7509,27207,41290,42227,8705,1144,27119,19282,16700,7862,40947,27963,10085,10527,45713,23124,45151,29482,34809,34256,474,29115,18109,35128,918,2426,13301,37207,28879,44832,26854,45809,16002,17319,2837,38843,21819,5576,660,5872,1289,15643,19281,28103,17621,15096,4205,12971,7612,10578,30842,41198,5178,3076,23694,8210,21903,18182,14347,9458,23697,4125,2392,46376,3348,4746,1354,24297,9122,4156,24555,4772,2754,
3,39915,16722,30219,9781,28945,35121,30192,7509,27207,41290,42227,8705,1144,27119,19282,16700,7862,40947,27963,10085,10527,45713,23124,45151,29482,34809,34256,474,29115,18109,35128,918,2426,13301,37207,28879,44832,26854,45809,16002,22242,47869,4110,16424,6084,5212,3416,1757,12002,22757,2820,12078,29999,43370,22892,22162,18442,5525,1716,20591,18697,12438,5328,1803,15638,2140,10671,25112,11043,21221,15475,16082,7023,3853,34188,35289,4100,5330,1536,4402,
4,39915,16722,30219,9781,28945,35121,30192,7509,27207,41290,42227,8705,1144,27119,19282,16700,7862,40947,27963,10085,10527,45713,23124,45151,29482,34809,34256,474,29115,18109,35128,918,2426,13301,37207,28879,44832,26854,45809,16002,22093,30335,6924,17477,19560,11169,19009,16019,4563,18598,300,14017,29935,40245,30592,8900,14468,10682,8776,8422,2714,3917,11179,3273,8564,20268,5355,14387,9250,6675,13396,5344,43338,3066,5538,1882,20962,4226,7870,35690,
5,39915,16722,30219,9781,28945,35121,30192,7509,27207,41290,42227,8705,1144,27119,19282,16700,7862,40947,27963,10085,10527,45713,23124,45151,29482,34809,34256,474,29115,18109,35128,918,2426,13301,37207,28879,44832,26854,45809,16002,15746,4789,21030,914,9047,13397,8652,8772,17215,16008,8185,8893,3201,1922,18893,32793,6785,1984,20066,23154,23682,30802,36582,19995,40328,2964,23032,18590,6334,4954,34804,6475,30414,9863,2834,4864,57765,6223,8924,2755,
6,39915,16722,30219,9781,28945,35121,30192,7509,27207,41290,42227,8705,1144,27119,19282,16700,7862,40947,27963,10085,10527,45713,23124,45151,29482,34809,34256,474,29115,18109,35128,918,2426,13301,37207,28879,44832,26854,45809,16002,33645,4035,20478,41430,12033,5104,16164,3770,10221,18094,6764,3995,10774,2532,8411,3655,3307,4477,30692,16923,34498,34748,27743,4501,2662,16995,9993,47653,23908,735,22315,21368,36787,40283,25870,5953,10696,17937,1720,2137,
7,39915,16722,30219,9781,28945,35121,30192,7509,27207,41290,42227,8705,1144,27119,19282,16700,7862,40947,27963,10085,10527,45713,23124,45151,29482,34809,34256,474,29115,18109,35128,918,2426,13301,37207,28879,44832,26854,45809,16002,12998,38386,19296,2106,7448,29620,36112,934,1380,1266,24635,27525,30106,21111,14338,11794,11254,17008,4902,6498,2258,25698,12106,18200,19641,10956,31773,41266,28270,22544,17725,16126,23997,7306,39405,8543,28605,9946,990,4921,
8,39915,16722,30219,9781,28945,35121,30192,7509,27207,41290,42227,8705,1144,27119,19282,16700,7862,40947,27963,10085,10527,45713,23124,45151,29482,34809,34256,474,29115,18109,35128,918,2426,13301,37207,28879,44832,26854,45809,16002,18091,4288,1819,16099,16706,35207,8327,4346,35627,21267,11332,19945,1930,9560,8576,25948,657,20906,7921,6705,9556,2063,923,309,38,3115,10943,24643,5336,3057,31370,19151,15297,13212,1194,14141,10433,17268,36058,21669,
9,39915,16722,30219,9781,28945,35121,30192,7509,27207,41290,42227,8705,1144,27119,19282,16700,7862,40947,27963,10085,10527,45713,23124,45151,29482,34809,34256,474,29115,18109,35128,918,2426,13301,37207,28879,44832,26854,45809,16002,4220,29044,7755,1720,4256,2993,19092,22803,7396,4762,36692,1000,13562,23359,14336,22232,31002,2880,1168,22611,7569,6054,7370,30017,46275,44959,1389,12665,46313,14770,50554,10242,22840,23413,17387,40062,23470,7923,23755,520,
10,39915,16722,30219,9781,28945,35121,30192,7509,27207,41290,42227,8705,1144,27119,19282,16700,7862,40947,27963,10085,10527,45713,23124,45151,29482,34809,34256,474,29115,18109,35128,918,2426,13301,37207,28879,44832,26854,45809,16002,5855,39606,15862,1044,6440,25862,32283,18850,4998,24203,24849,25336,10325,30959,11892,948,23314,25293,8314,1473,8456,43813,28514,18073,13559,10857,23618,17689,51924,33832,55382,4366,12903,35331,32862,28994,46637,1762,16933,1377,
11,39915,16722,30219,9781,28945,35121,30192,7509,27207,41290,42227,8705,1144,27119,19282,16700,7862,40947,27963,10085,10527,45713,23124,45151,29482,34809,34256,474,29115,18109,35128,918,2426,13301,37207,28879,44832,26854,45809,16002,8273,190,10517,355,24369,9943,32962,387,6314,26749,15571,4193,21051,1634,2081,32503,26374,27576,9688,5556,254,31674,3037,3573,15339,20482,1796,20648,17421,2757,30534,14160,32136,31037,6883,5308,21640,31274,4118,27988,
12,39915,16722,30219,9781,28945,35121,30192,7509,27207,41290,42227,8705,1144,27119,19282,16700,7862,40947,27963,10085,10527,45713,23124,45151,29482,34809,34256,474,29115,18109,35128,918,2426,13301,37207,28879,44832,26854,45809,16002,13591,46615,7839,3548,14917,9630,2319,13929,13576,7598,5193,2975,19777,1634,8466,33557,34652,7745,1673,16610,39354,2180,9345,3573,10494,21730,6963,19652,37069,15934,14658,3724,2236,15101,13047,27358,33831,15014,20501,4071,
13,39915,16722,30219,9781,28945,35121,30192,7509,27207,41290,42227,8705,1144,27119,19282,16700,7862,40947,27963,10085,10527,45713,23124,45151,29482,34809,34256,474,29115,18109,35128,918,2426,13301,37207,28879,44832,26854,45809,16002,23773,22132,11041,16225,6478,2834,2225,7215,8544,12327,4324,10878,33437,4751,5661,26314,12004,4450,7509,6326,2411,2020,6741,10093,16996,8577,5172,50620,18026,7953,12928,19764,917,5971,27904,38392,11145,20248,10541,24751,
14,39915,16722,30219,9781,28945,35121,30192,7509,27207,41290,42227,8705,1144,27119,19282,16700,7862,40947,27963,10085,10527,45713,23124,45151,29482,34809,34256,474,29115,18109,35128,918,2426,13301,37207,28879,44832,26854,45809,16002,8563,28460,8466,8913,29930,12534,3416,4275,8274,3960,28796,24469,32363,15007,5239,7251,29515,8381,29754,12388,13557,828,19108,2041,11215,14823,13907,14338,11352,7058,17563,30803,15673,1087,3498,14849,11145,13803,20480,3904,
15,39915,16722,30219,9781,28945,35121,30192,7509,27207,41290,42227,8705,1144,27119,19282,16700,7862,40947,27963,10085,10527,45713,23124,45151,29482,34809,34256,474,29115,18109,35128,918,2426,13301,37207,28879,44832,26854,45809,16002,630,8309,4128,4109,27799,9216,11098,1513,2810,8727,11804,15973,15915,2651,8610,20961,43956,13570,37719,20743,5077,28433,12039,9184,15662,1585,14151,18887,13384,3350,11089,14512,17602,11051,2265,8927,44866,6646,35604,11500,
16,39915,16722,30219,9781,28945,35121,30192,7509,27207,41290,42227,8705,1144,27119,19282,16700,7862,40947,27963,10085,10527,45713,23124,45151,29482,34809,34256,474,29115,18109,35128,918,2426,13301,37207,28879,44832,26854,45809,16002,2635,26993,14047,15179,12750,27861,30166,35918,11848,12913,39871,16891,7852,6103,30598,1902,37484,2823,17400,36553,2509,21812,1480,8861,21831,1662,5071,39965,45190,3555,21327,1797,18081,20757,11939,2323,10531,32236,6740,27216,
17,39915,16722,30219,9781,28945,35121,30192,7509,27207,41290,42227,8705,1144,27119,19282,16700,7862,40947,27963,10085,10527,45713,23124,45151,29482,34809,34256,474,29115,18109,35128,918,2426,13301,37207,28879,44832,26854,45809,16002,3708,14759,3073,13438,9324,22424,42943,36229,25685,17316,16968,1277,13002,20353,989,36224,11477,341,846,4893,4282,6246,53912,21216,2475,2663,25252,24813,38785,33534,24473,21858,3554,7957,30447,9391,10531,11834,21147,2427,
18,39915,16722,30219,9781,28945,35121,30192,7509,27207,41290,42227,8705,1144,27119,19282,16700,7862,40947,27963,10085,10527,45713,23124,45151,29482,34809,34256,474,29115,18109,35128,918,2426,13301,37207,28879,44832,26854,45809,16002,6203,26176,10379,14895,37584,652,23847,4812,15669,21572,7343,4358,6120,16355,22340,2055,29073,7256,41913,2358,6445,12773,34292,28959,39847,32390,8848,11389,28354,24831,26203,23858,1787,22253,22767,12656,35745,5145,1288,35360,
19,39915,16722,30219,9781,28945,35121,30192,7509,27207,41290,42227,8705,1144,27119,19282,16700,7862,40947,27963,10085,10527,45713,23124,45151,29482,34809,34256,474,29115,18109,35128,918,2426,13301,37207,28879,44832,26854,45809,16002,27887,3723,5754,703,12236,2662,27960,10423,5647,10493,33326,8511,7694,11867,5233,28391,24214,24464,14371,21048,1657,12773,27400,19635,12960,26229,9409,44852,20459,47566,11287,11244,25666,9040,35424,20747,26383,3540,28132,29503,
20,39915,16722,30219,9781,28945,35121,30192,7509,27207,41290,42227,8705,1144,27119,19282,16700,7862,40947,27963,10085,10527,45713,23124,45151,29482,34809,34256,474,29115,18109,35128,918,2426,13301,37207,28879,44832,26854,45809,16002,796,3143,1051,489,30912,19397,29326,11951,19808,14012,4354,10359,35103,3573,13079,17747,14819,7262,18498,11888,1445,2251,28101,22218,1955,28298,2556,24627,33519,48289,19838,33393,25001,30847,5021,7364,10835,17524,4885,16969,
21,39915,16722,30219,9781,28945,35121,30192,7509,27207,41290,42227,8705,1144,27119,19282,16700,7862,40947,27963,10085,10527,45713,23124,45151,29482,34809,34256,474,29115,18109,35128,918,2426,13301,37207,28879,44832,26854,45809,16002,1486,7040,21664,489,30042,15810,26761,12243,4794,1276,8236,1216,18791,6815,5202,17385,30475,1866,11528,7513,6636,15204,24548,1009,31957,20238,4601,35783,19681,38496,12749,38726,15004,23066,13715,8320,34379,3310,10315,492,
22,39915,16722,30219,9781,28945,35121,30192,7509,27207,41290,42227,8705,1144,27119,19282,16700,7862,40947,27963,10085,10527,45713,23124,45151,29482,34809,34256,474,29115,18109,35128,918,2426,13301,37207,28879,44832,26854,45809,16002,5330,10633,28187,39838,23384,26095,9631,6045,41261,3839,9490,19672,2547,9599,16703,4047,14647,8235,11648,5506,6550,23031,11445,2277,33389,43396,22625,20288,17708,11823,13856,23904,316,3402,9764,17078,22741,26145,14381,18087,
23,39915,16722,30219,9781,28945,35121,30192,7509,27207,41290,42227,8705,1144,27119,19282,16700,7862,40947,27963,10085,10527,45713,23124,45151,29482,34809,34256,474,29115,18109,35128,918,2426,13301,37207,28879,44832,26854,45809,16002,18708,48065,48680,33175,35204,27085,38193,14214,6927,17778,40365,8727,26088,301,10702,4971,18751,33429,21715,665,11941,12023,28374,2546,39035,25949,19616,33930,24469,35228,38167,23373,748,5965,36760,18336,26325,6526,27574,6917,
24,39915,16722,30219,9781,28945,35121,30192,7509,27207,41290,42227,8705,1144,27119,19282,16700,7862,40947,27963,10085,10527,45713,23124,45151,29482,34809,34256,474,29115,18109,35128,918,2426,13301,37207,28879,44832,26854,45809,16002,706,5588,12477,33170,32942,1583,39377,9167,6972,38561,9909,24166,14783,31384,6893,20589,29543,17867,28209,3633,798,1957,37820,1724,1515,14500,2245,13773,36990,33737,31123,16420,748,33688,5041,6026,27163,2772,4702,23558,
25,39915,16722,30219,9781,28945,35121,30192,7509,27207,41290,42227,8705,1144,27119,19282,16700,7862,40947,27963,10085,10527,45713,23124,45151,29482,34809,34256,474,29115,18109,35128,918,2426,13301,37207,28879,44832,26854,45809,16002,1927,8052,458,18657,10545,14730,35880,24955,31271,17846,11937,20469,1534,700,11328,13459,45075,9351,28198,12611,30924,8510,34317,1624,29378,11997,30347,22366,11031,10744,20225,31159,32372,4020,17011,1294,17797,10325,11534,3800,
26,39915,16722,30219,9781,28945,35121,30192,7509,27207,41290,42227,8705,1144,27119,19282,16700,7862,40947,27963,10085,10527,45713,23124,45151,29482,34809,34256,474,29115,18109,35128,918,2426,13301,37207,28879,44832,26854,45809,16002,3356,24774,37142,10007,19187,20313,31158,6567,724,25014,13949,10535,31723,33582,5797,37504,12962,19713,15000,22468,12452,33876,39907,762,8012,7147,18790,35917,20156,16378,27781,12550,5379,2439,7105,3602,13271,2733,3428,22198,
27,39915,16722,30219,9781,28945,35121,30192,7509,27207,41290,42227,8705,1144,27119,19282,16700,7862,40947,27963,10085,10527,45713,23124,45151,29482,34809,34256,474,29115,18109,35128,918,2426,13301,37207,28879,44832,26854,45809,16002,15391,2056,39392,35258,21441,7398,26682,2549,45524,777,4644,33592,530,19881,23999,4543,11525,11039,34441,16923,17921,632,30487,762,21728,10891,6239,12675,14625,51736,21598,34191,23679,3353,12948,1333,54980,19028,11327,39691,
28,39915,16722,30219,9781,28945,35121,30192,7509,27207,41290,42227,8705,1144,27119,19282,16700,7862,40947,27963,10085,10527,45713,23124,45151,29482,34809,34256,474,29115,18109,35128,918,2426,13301,37207,28879,44832,26854,45809,16002,27203,4161,4405,20777,15962,30096,834,24414,18916,22915,17478,7081,8116,11390,2111,3886,22851,2725,13336,16309,11327,26036,13899,14974,30637,5737,11168,20275,12485,14549,17427,32161,5223,23058,24412,15044,18120,12852,976,22665,
29,39915,16722,30219,9781,28945,35121,30192,7509,27207,41290,42227,8705,1144,27119,19282,16700,7862,40947,27963,10085,10527,45713,23124,45151,29482,34809,34256,474,29115,18109,35128,918,2426,13301,37207,28879,44832,26854,45809,16002,18442,13348,36061,16124,16236,4652,4578,22059,32151,4933,31712,14969,16660,23054,5714,6510,28600,32067,12812,758,18981,6309,16018,959,9633,23788,3348,30525,51351,29744,42674,22486,10514,634,3546,16727,23092,2964,16869,4076,
30,39915,16722,30219,9781,28945,35121,30192,7509,27207,41290,42227,8705,1144,27119,19282,16700,7862,40947,27963,10085,10527,45713,23124,45151,29482,34809,34256,474,29115,18109,35128,918,2426,13301,37207,28879,44832,26854,45809,16002,8534,2816,9681,246,15016,2336,8365,23868,33033,9172,23528,1997,7765,39708,43052,22769,28037,2888,11975,1576,41143,383,44287,17423,4546,25832,20858,13786,12727,29220,15649,12331,13520,388,15481,30613,12196,6989,1671,8922,
31,39915,16722,30219,9781,28945,35121,30192,7509,27207,41290,42227,8705,1144,27119,19282,16700,7862,40947,27963,10085,10527,45713,23124,45151,29482,34809,34256,474,29115,18109,35128,918,2426,13301,37207,28879,44832,26854,45809,16002,17065,7640,25030,41487,33472,5790,4441,3395,37434,1243,1595,17946,10997,23262,6979,29821,10566,14026,17846,22610,23806,18361,19159,15450,42008,18638,4589,39853,12448,21966,10327,39728,9548,388,3483,2329,12985,3682,8932,17905,
32,39915,16722,30219,9781,28945,35121,30192,7509,27207,41290,42227,8705,1144,27119,19282,16700,7862,40947,27963,10085,10527,45713,23124,45151,29482,34809,34256,474,29115,18109,35128,918,2426,13301,37207,28879,44832,26854,45809,16002,8142,12595,29832,4199,46151,2489,17387,1419,19364,21588,5303,8893,1581,38370,6979,37967,48758,4143,30824,27204,32137,31577,37935,32767,21837,14988,25836,29090,29422,24316,33263,22352,10710,3645,1231,15574,30368,4781,11846,7473,
33,39915,16722,30219,9781,28945,35121,30192,7509,27207,41290,42227,8705,1144,27119,19282,16700,7862,40947,27963,10085,10527,45713,23124,45151,29482,34809,34256,474,29115,18109,35128,918,2426,13301,37207,28879,44832,26854,45809,16002,28021,10097,35651,10473,14679,1569,13292,1105,23179,11375,18665,3156,13773,18981,4818,13112,11735,41417,26091,32758,37263,14570,28132,25873,10139,10372,29842,20765,35550,12530,44459,27048,1667,5096,1231,6729,16462,7186,9606,6263,
34,39915,16722,30219,9781,28945,35121,30192,7509,27207,41290,42227,8705,1144,27119,19282,16700,7862,40947,27963,10085,10527,45713,23124,45151,29482,34809,34256,474,29115,18109,35128,918,2426,13301,37207,28879,44832,26854,45809,16002,31001,2825,10744,26356,13526,24633,38177,6256,20803,9652,6812,7658,11261,647,26198,47183,19453,37656,17816,2222,16647,3933,19308,7267,8128,19736,20531,28830,16921,37768,39320,25905,7348,21970,24356,12472,17184,15720,4866,11437,
35,39915,16722,30219,9781,28945,35121,30192,7509,27207,41290,42227,8705,1144,27119,19282,16700,7862,40947,27963,10085,10527,45713,23124,45151,29482,34809,34256,474,29115,18109,35128,918,2426,13301,37207,28879,44832,26854,45809,16002,6256,9087,4556,8474,29800,13993,23874,14446,13338,4493,14165,32277,2091,45614,5980,7133,42638,15614,12490,19278,18565,14895,13146,8326,30388,17624,25868,12375,26289,32275,24507,30613,21004,9110,24089,12602,17211,19447,12723,33763,
36,39915,16722,30219,9781,28945,35121,30192,7509,27207,41290,42227,8705,1144,27119,19282,16700,7862,40947,27963,10085,10527,45713,23124,45151,29482,34809,34256,474,29115,18109,35128,918,2426,13301,37207,28879,44832,26854,45809,16002,18153,11426,35324,34200,20616,9170,4270,5381,34684,16126,3862,22848,33624,20313,3219,40324,14964,4658,11749,9631,20097,27476,24849,7289,7850,17821,19406,22215,22611,24219,13113,13288,21205,1080,10338,16236,46191,31788,32117,14761,
37,39915,16722,30219,9781,28945,35121,30192,7509,27207,41290,42227,8705,1144,27119,19282,16700,7862,40947,27963,10085,10527,45713,23124,45151,29482,34809,34256,474,29115,18109,35128,918,2426,13301,37207,28879,44832,26854,45809,16002,29590,40852,2858,45518,19732,24844,22720,2575,16710,1129,17124,14559,9818,24466,12045,474,34178,34291,29403,2844,18996,22319,18085,2039,17399,25188,19542,27258,21224,13528,16480,53509,4610,3550,2016,27254,54118,20974,9915,895,
38,39915,16722,30219,9781,28945,35121,30192,7509,27207,41290,42227,8705,1144,27119,19282,16700,7862,40947,27963,10085,10527,45713,23124,45151,29482,34809,34256,474,29115,18109,35128,918,2426,13301,37207,28879,44832,26854,45809,16002,6000,1150,3959,23957,10967,16323,6450,37947,10794,25081,23737,13563,1994,10468,5405,474,18964,15067,13636,2449,42816,9550,26470,19833,2509,19837,22580,42384,16085,38722,22284,11216,58273,4180,735,6008,17581,16553,3615,895,
39,39915,16722,30219,9781,28945,35121,30192,7509,27207,41290,42227,8705,1144,27119,19282,16700,7862,40947,27963,10085,10527,45713,23124,45151,29482,34809,34256,474,29115,18109,35128,918,2426,13301,37207,28879,44832,26854,45809,16002,9355,1150,25477,5951,10940,5327,4615,27089,11861,3156,13681,19906,32931,10468,10436,45314,16382,23208,38258,8321,19938,11016,31371,4229,28083,22865,3779,12220,13054,24199,30659,29673,12876,6356,1891,1089,14331,5720,173,23264,
40,39915,16722,30219,9781,28945,35121,30192,7509,27207,41290,42227,8705,1144,27119,19282,16700,7862,40947,27963,10085,10527,45713,23124,45151,29482,34809,34256,474,29115,18109,35128,918,2426,13301,37207,28879,44832,26854,45809,16002,5211,12095,14991,11744,11254,12298,13951,16596,18151,7489,23141,17879,10580,22493,7504,4112,15802,16475,41538,31587,23396,8419,16845,4310,5255,29988,7540,41218,24899,41277,11956,30125,31862,5699,13449,27524,19718,3471,24402,20285,
41,39915,16722,30219,9781,28945,35121,30192,7509,27207,41290,42227,8705,1144,27119,19282,16700,7862,40947,27963,10085,10527,45713,23124,45151,29482,34809,34256,474,29115,18109,35128,918,2426,13301,37207,28879,44832,26854,45809,16002,3667,4604,11815,11135,49582,2898,5853,28105,11777,9460,301,13000,10191,13070,26136,30052,21765,16323,25472,4488,48004,9289,15185,8220,19797,11126,16313,15542,52046,11620,11117,19286,11335,7537,4592,17762,26866,2531,745,47588,
42,39915,16722,30219,9781,28945,35121,30192,7509,27207,41290,42227,8705,1144,27119,19282,16700,7862,40947,27963,10085,10527,45713,23124,45151,29482,34809,34256,474,29115,18109,35128,918,2426,13301,37207,28879,44832,26854,45809,16002,2053,3021,7005,8495,35950,9408,7181,27533,10946,14703,3728,27351,6189,50494,21282,31620,11155,9957,40901,2828,18254,8577,15406,14542,12474,21209,25788,12855,29799,18887,17676,24742,42399,7894,2464,38285,17409,2651,10582,23875,
43,39915,16722,30219,9781,28945,35121,30192,7509,27207,41290,42227,8705,1144,27119,19282,16700,7862,40947,27963,10085,10527,45713,23124,45151,29482,34809,34256,474,29115,18109,35128,918,2426,13301,37207,28879,44832,26854,45809,16002,21246,18489,22586,15793,12890,15941,14302,10473,34646,6291,10740,15186,25789,15756,11008,15175,18790,15096,39536,25304,22187,22525,24306,2175,25809,16331,9165,11129,13897,13418,10355,13642,21403,20647,21681,9655,10745,7028,21198,37518,
44,39915,16722,30219,9781,28945,35121,30192,7509,27207,41290,42227,8705,1144,27119,19282,16700,7862,40947,27963,10085,10527,45713,23124,45151,29482,34809,34256,474,29115,18109,35128,918,2426,13301,37207,28879,44832,26854,45809,16002,14752,142,659,16337,12195,5172,3055,50306,11873,18330,34469,13685,1927,18922,15082,30386,26461,1773,17156,14539,15678,6159,14485,3015,9546,12975,2325,11302,32758,31729,19119,24128,10417,18627,21372,4026,21467,22260,34422,21715,
45,39915,16722,30219,9781,28945,35121,30192,7509,27207,41290,42227,8705,1144,27119,19282,16700,7862,40947,27963,10085,10527,45713,23124,45151,29482,34809,34256,474,29115,18109,35128,918,2426,13301,37207,28879,44832,26854,45809,16002,8933,142,5356,14782,23952,5172,5104,45937,30418,10864,34522,14225,5873,37279,1360,32228,23383,13293,15446,3299,40110,21979,25231,5686,22628,12168,7682,14708,21491,25752,20194,42158,10417,3031,35156,4788,28375,26590,1747,44858,
46,39915,16722,30219,9781,28945,35121,30192,7509,27207,41290,42227,8705,1144,27119,19282,16700,7862,40947,27963,10085,10527,45713,23124,45151,29482,34809,34256,474,29115,18109,35128,918,2426,13301,37207,28879,44832,26854,45809,16002,23802,142,11625,7312,12651,17429,21009,36271,28225,3959,7349,15153,17283,36438,1601,26482,11918,23851,11219,19748,12799,1664,30875,13764,1474,39468,11074,10685,14305,26612,15257,13899,27678,14416,13723,4199,19634,4981,2882,20678,
47,39915,16722,30219,9781,28945,35121,30192,7509,27207,41290,42227,8705,1144,27119,19282,16700,7862,40947,27963,10085,10527,45713,23124,45151,29482,34809,34256,474,29115,18109,35128,918,2426,13301,37207,28879,44832,26854,45809,16002,3278,142,2998,15291,16395,732,2066,32122,26508,3658,41929,10966,17415,17036,5235,40988,14066,6931,38665,3643,10545,24555,30119,932,8109,17797,13058,11225,12480,32277,25320,28251,13828,38310,26108,16038,22152,14517,27796,19330,
48,39915,16722,30219,9781,28945,35121,30192,7509,27207,41290,42227,8705,1144,27119,19282,16700,7862,40947,27963,10085,10527,45713,23124,45151,29482,34809,34256,474,29115,18109,35128,918,2426,13301,37207,28879,44832,26854,45809,16002,5014,32587,3850,26647,13834,3352,11895,11090,35264,1558,271,11554,34106,37095,20228,24190,11689,10897,21324,23629,13837,24331,31675,15765,1132,18306,3581,57552,16281,19950,10924,14955,10088,24827,2979,22809,15381,664,1145,15518,
49,39915,16722,30219,9781,28945,35121,30192,7509,27207,41290,42227,8705,1144,27119,19282,16700,7862,40947,27963,10085,10527,45713,23124,45151,29482,34809,34256,474,29115,18109,35128,918,2426,13301,37207,28879,44832,26854,45809,16002,9407,21292,1075,6395,25515,11040,16855,25550,22180,21023,794,12605,4018,29107,15524,18492,12738,1580,14796,12297,10648,11642,18457,346,3294,14970,8704,10987,25177,15414,37739,10872,24441,8083,1238,3819,14099,5701,50073,19265,
50,39915,16722,30219,9781,28945,35121,30192,7509,27207,41290,42227,8705,1144,27119,19282,16700,7862,40947,27963,10085,10527,45713,23124,45151,29482,34809,34256,474,29115,18109,35128,918,2426,13301,37207,28879,44832,26854,45809,16002,4806,27111,1191,32028,58540,24954,23290,41724,15294,10537,11827,18167,41425,43544,815,23984,11437,4533,27582,7135,22744,15225,16235,21301,27289,29165,23836,15843,16434,33516,13310,12158,26557,3001,5062,8807,29308,30148,11270,23940,
51,39915,16722,30219,9781,28945,35121,30192,7509,27207,41290,42227,8705,1144,27119,19282,16700,7862,40947,27963,10085,10527,45713,23124,45151,29482,34809,34256,474,29115,18109,35128,918,2426,13301,37207,28879,44832,26854,45809,16002,17449,13575,4465,3007,14029,12062,4957,12696,30825,2967,37589,17076,5658,12593,38714,36069,23521,4820,13650,2429,13222,9125,14296,4877,17745,12891,12032,43366,14731,43718,18281,12158,30297,16366,15993,3913,26566,8716,27397,18754,
52,39915,16722,30219,9781,28945,35121,30192,7509,27207,41290,42227,8705,1144,27119,19282,16700,7862,40947,27963,10085,10527,45713,23124,45151,29482,34809,34256,474,29115,18109,35128,918,2426,13301,37207,28879,44832,26854,45809,16002,754,15899,8045,501,10340,27093,25213,14465,13584,18891,2714,35380,2102,20743,321,18903,19396,2256,11900,34657,18438,8927,21593,3191,36492,13077,41537,51754,29905,10964,18281,18999,32479,3632,21743,26079,16949,20628,16047,16490,
53,39915,16722,30219,9781,28945,35121,30192,7509,27207,41290,42227,8705,1144,27119,19282,16700,7862,40947,27963,10085,10527,45713,23124,45151,29482,34809,34256,474,29115,18109,35128,918,2426,13301,37207,28879,44832,26854,45809,16002,6942,10649,9266,501,28539,14501,23424,38198,28645,4494,9516,10763,12366,18958,8192,11709,30135,36162,24686,1737,32948,3248,47984,16270,32408,34861,2663,48881,25700,47771,46992,11408,12242,6665,5621,31677,31831,11225,26240,12239,
54,39915,16722,30219,9781,28945,35121,30192,7509,27207,41290,42227,8705,1144,27119,19282,16700,7862,40947,27963,10085,10527,45713,23124,45151,29482,34809,34256,474,29115,18109,35128,918,2426,13301,37207,28879,44832,26854,45809,16002,4843,23492,4255,37159,14282,4268,8028,36657,12782,6248,20426,37199,9979,15424,1884,13707,22570,17521,12784,486,31629,9231,12218,11950,22775,26799,3331,12755,14323,12694,36059,33235,15453,34395,13717,3841,11009,8405,13774,13087,
55,39915,16722,30219,9781,28945,35121,30192,7509,27207,41290,42227,8705,1144,27119,19282,16700,7862,40947,27963,10085,10527,45713,23124,45151,29482,34809,34256,474,29115,18109,35128,918,2426,13301,37207,28879,44832,26854,45809,16002,2852,14238,5898,10051,12714,20824,2938,22304,36926,5223,9240,16562,7100,25310,7349,19861,21680,13361,18518,42475,21013,19643,19327,3283,28268,17973,2878,12451,29247,20478,25690,42197,38414,5568,5389,17187,14711,1702,14997,47243,
56,39915,16722,30219,9781,28945,35121,30192,7509,27207,41290,42227,8705,1144,27119,19282,16700,7862,40947,27963,10085,10527,45713,23124,45151,29482,34809,34256,474,29115,18109,35128,918,2426,13301,37207,28879,44832,26854,45809,16002,5449,19439,22554,12307,42058,18070,33805,10420,28569,9810,4006,12038,268,10107,4498,16243,12733,24430,20901,8831,17302,3813,29879,14942,19470,12743,2878,22850,16885,10978,29928,31397,13959,2350,904,38141,13150,29805,27895,51519,
57,39915,16722,30219,9781,28945,35121,30192,7509,27207,41290,42227,8705,1144,27119,19282,16700,7862,40947,27963,10085,10527,45713,23124,45151,29482,34809,34256,474,29115,18109,35128,918,2426,13301,37207,28879,44832,26854,45809,16002,143,26577,13065,23490,28230,32214,32436,35912,13546,10825,50031,37904,16682,29787,41304,31845,11653,10701,11434,12543,24670,12593,15700,4391,20258,27332,9479,11057,19081,10599,34462,22514,23349,2844,1537,21048,26388,12317,13142,50539,
58,39915,16722,30219,9781,28945,35121,30192,7509,27207,41290,42227,8705,1144,27119,19282,16700,7862,40947,27963,10085,10527,45713,23124,45151,29482,34809,34256,474,29115,18109,35128,918,2426,13301,37207,28879,44832,26854,45809,16002,14295,19984,4048,24288,31972,1462,678,11685,18276,7266,32468,47337,12137,31306,9919,13664,10357,22269,42687,2956,17620,41978,20654,13643,19840,27088,25387,22116,12111,24283,12123,28998,12432,8044,38706,8177,47580,17416,15770,37443,
59,39915,16722,30219,9781,28945,35121,30192,7509,27207,41290,42227,8705,1144,27119,19282,16700,7862,40947,27963,10085,10527,45713,23124,45151,29482,34809,34256,474,29115,18109,35128,918,2426,13301,37207,28879,44832,26854,45809,16002,35726,29789,10455,39529,11312,1462,5666,13022,17305,453,33238,45881,6632,11761,15458,33624,37656,23674,13245,3004,13461,23830,30088,15515,1132,16731,24861,37512,13304,12811,19415,17978,13919,6462,14307,4680,35030,19363,15424,26077,
60,39915,16722,30219,9781,28945,35121,30192,7509,27207,41290,42227,8705,1144,27119,19282,16700,7862,40947,27963,10085,10527,45713,23124,45151,29482,34809,34256,474,29115,18109,35128,918,2426,13301,37207,28879,44832,26854,45809,16002,11098,10371,12676,7362,34320,540,12877,27009,23979,5020,31415,16131,11866,24163,8550,36827,36966,36647,12383,14408,18901,19741,11474,6492,2385,40929,14715,13032,27118,17131,17375,22517,11197,8503,42766,14368,13957,5255,29595,15409,
61,39915,16722,30219,9781,28945,35121,30192,7509,27207,41290,42227,8705,1144,27119,19282,16700,7862,40947,27963,10085,10527,45713,23124,45151,29482,34809,34256,474,29115,18109,35128,918,2426,13301,37207,28879,44832,26854,45809,16002,27267,10371,17932,19369,41787,35976,31967,24259,17385,29687,21454,32431,8039,24582,37409,15638,26384,5128,18042,8769,18453,4888,13285,5651,36364,24458,4185,15548,18064,39932,14507,12962,13485,16143,28662,5609,28794,6595,29697,11187,
62,39915,16722,30219,9781,28945,35121,30192,7509,27207,41290,42227,8705,1144,27119,19282,16700,7862,40947,27963,10085,10527,45713,23124,45151,29482,34809,34256,474,29115,18109,35128,918,2426,13301,37207,28879,44832,26854,45809,16002,23631,20853,16044,13631,21856,15689,1824,11653,21208,2711,12021,17058,15864,13557,3688,10806,28209,38055,13853,7813,10427,21464,44452,4714,16732,15443,1395,23029,10808,30604,12539,29890,46769,1453,14302,1353,10306,14883,22349,22417,
63,39915,16722,30219,9781,28945,35121,30192,7509,27207,41290,42227,8705,1144,27119,19282,16700,7862,40947,27963,10085,10527,45713,23124,45151,29482,34809,34256,474,29115,18109,35128,918,2426,13301,37207,28879,44832,26854,45809,16002,13474,15802,1531,5202,13137,16259,4438,16799,47973,9456,20963,19493,14824,13087,8312,54436,26116,961,44000,2822,42191,7137,24837,2305,29012,26445,24380,17030,10808,15823,31231,20271,24346,15212,10916,3904,53221,4101,15593,26082,
64,39915,16722,30219,9781,28945,35121,30192,7509,27207,41290,42227,8705,1144,27119,19282,16700,7862,40947,27963,10085,10527,45713,23124,45151,29482,34809,34256,474,29115,18109,35128,918,2426,13301,37207,28879,44832,26854,45809,16002,18084,13319,2786,27030,11102,3941,22463,11162,10612,636,22463,36110,4977,13087,9159,26454,11312,21436,39811,10505,14218,22067,22931,15907,10865,20869,4066,49717,35967,16129,15348,35265,20378,14152,31969,22887,21886,29466,36278,17756,
65,39915,16722,30219,9781,28945,35121,30192,7509,27207,41290,42227,8705,1144,27119,19282,16700,7862,40947,27963,10085,10527,45713,23124,45151,29482,34809,34256,474,29115,18109,35128,918,2426,13301,37207,28879,44832,26854,45809,16002,27887,23351,14843,16913,18485,10294,10397,32183,13189,26429,10355,37889,12480,29516,19812,10399,25701,1553,27969,18186,29902,17256,15011,25890,12445,17477,29193,10939,46816,33471,17501,11313,38499,7661,14181,24813,39605,5762,14232,23326,
66,39915,16722,30219,9781,28945,35121,30192,7509,27207,41290,42227,8705,1144,27119,19282,16700,7862,40947,27963,10085,10527,45713,23124,45151,29482,34809,34256,474,29115,18109,35128,918,2426,13301,37207,28879,44832,26854,45809,16002,44046,46151,6041,495,16622,2531,13968,13379,29520,25991,26967,38526,2491,44600,3294,10399,21929,7991,18217,9018,10865,28895,11326,11999,16565,15143,15186,21229,13805,12124,34758,34254,12922,4592,16984,16971,12172,41464,10695,24094,
67,39915,16722,30219,9781,28945,35121,30192,7509,27207,41290,42227,8705,1144,27119,19282,16700,7862,40947,27963,10085,10527,45713,23124,45151,29482,34809,34256,474,29115,18109,35128,918,2426,13301,37207,28879,44832,26854,45809,16002,14501,34202,8929,26522,10850,22815,7756,22701,14131,7597,11818,24957,27788,17805,41525,16854,38483,7775,13504,27412,25396,3988,23097,1505,16927,13123,5858,14495,30416,17906,29808,16325,40652,14310,18251,34747,38633,40433,11886,10873,
68,39915,16722,30219,9781,28945,35121,30192,7509,27207,41290,42227,8705,1144,27119,19282,16700,7862,40947,27963,10085,10527,45713,23124,45151,29482,34809,34256,474,29115,18109,35128,918,2426,13301,37207,28879,44832,26854,45809,16002,11819,20662,16018,15929,32349,19025,2464,12459,16588,2117,24884,45027,42502,18511,12261,10732,19847,1200,11101,874,37823,2670,38362,6598,35632,14949,29006,28523,21942,17582,40220,15705,25284,20036,25645,36377,22391,43419,11989,15460,
69,39915,16722,30219,9781,28945,35121,30192,7509,27207,41290,42227,8705,1144,27119,19282,16700,7862,40947,27963,10085,10527,45713,23124,45151,29482,34809,34256,474,29115,18109,35128,918,2426,13301,37207,28879,44832,26854,45809,16002,40092,17521,45726,16182,34398,7665,44657,35671,33680,1912,50021,25367,10731,35117,11752,13838,26355,28058,24759,872,18719,10537,24717,6145,25105,37030,27913,10381,40857,30215,13126,12658,28902,5568,40408,2011,17507,1197,51911,52541,
70,39915,16722,30219,9781,28945,35121,30192,7509,27207,41290,42227,8705,1144,27119,19282,16700,7862,40947,27963,10085,10527,45713,23124,45151,29482,34809,34256,474,29115,18109,35128,918,2426,13301,37207,28879,44832,26854,45809,16002,13618,18417,3650,9487,35286,8101,3485,12954,25314,2567,34233,16901,19128,41691,3196,45603,46501,4006,13645,872,37093,699,17326,16386,12426,27367,17169,12251,39128,14433,14573,16598,20223,904,18458,12007,40899,13597,36755,17804,
71,39915,16722,30219,9781,28945,35121,30192,7509,27207,41290,42227,8705,1144,27119,19282,16700,7862,40947,27963,10085,10527,45713,23124,45151,29482,34809,34256,474,29115,18109,35128,918,2426,13301,37207,28879,44832,26854,45809,16002,46759,38349,5495,1238,10732,31783,26549,11215,15591,28148,23993,11339,902,26181,9193,14267,12468,9202,12841,4145,13537,6967,12676,17500,17036,16061,4129,27637,18749,45739,43745,42718,16159,32465,16234,4047,12654,24825,36231,36259,
72,39915,16722,30219,9781,28945,35121,30192,7509,27207,41290,42227,8705,1144,27119,19282,16700,7862,40947,27963,10085,10527,45713,23124,45151,29482,34809,34256,474,29115,18109,35128,918,2426,13301,37207,28879,44832,26854,45809,16002,12358,19698,1604,23071,16816,26297,24005,22250,11514,11108,33143,17581,27006,21305,1234,24126,10193,10505,52689,4743,13933,15572,10397,8888,19157,23160,8747,20081,15041,20733,22302,16600,18378,17468,16765,31377,15309,14201,39659,10393,
73,39915,16722,30219,9781,28945,35121,30192,7509,27207,41290,42227,8705,1144,27119,19282,16700,7862,40947,27963,10085,10527,45713,23124,45151,29482,34809,34256,474,29115,18109,35128,918,2426,13301,37207,28879,44832,26854,45809,16002,12358,48660,3917,13222,16816,17169,11441,27192,24900,653,25893,33805,4846,17486,35512,10304,41508,11030,13317,35419,16404,4169,10397,3680,12210,35585,6241,19501,18322,10574,22374,11794,16101,32693,32560,26901,44015,3167,18129,10393,
74,39915,16722,30219,9781,28945,35121,30192,7509,27207,41290,42227,8705,1144,27119,19282,16700,7862,40947,27963,10085,10527,45713,23124,45151,29482,34809,34256,474,29115,18109,35128,918,2426,13301,37207,28879,44832,26854,45809,16002,11069,44343,34407,7526,21960,12134,38313,11904,31607,15147,12784,19109,4302,57048,26371,28303,18473,23041,51040,4781,32361,15875,44175,16100,23253,30882,8214,21213,11204,19306,33605,16353,48331,2858,13987,26772,11596,13845,15693,10861,
75,39915,16722,30219,9781,28945,35121,30192,7509,27207,41290,42227,8705,1144,27119,19282,16700,7862,40947,27963,10085,10527,45713,23124,45151,29482,34809,34256,474,29115,18109,35128,918,2426,13301,37207,28879,44832,26854,45809,16002,10044,11660,9260,35995,27162,22255,1694,22334,15413,4645,13232,12319,7495,10661,5197,25943,23987,22197,11890,8015,26328,4316,21329,18823,25818,28113,26198,13768,18421,39637,22188,13829,29595,34862,13504,16928,34231,10403,36375,10861,
76,39915,16722,30219,9781,28945,35121,30192,7509,27207,41290,42227,8705,1144,27119,19282,16700,7862,40947,27963,10085,10527,45713,23124,45151,29482,34809,34256,474,29115,18109,35128,918,2426,13301,37207,28879,44832,26854,45809,16002,38499,10178,9126,763,31567,16265,33061,31996,45539,23891,16127,27807,18448,31334,26706,15596,11539,5007,12640,14902,16733,12522,33894,3059,17360,28042,18422,20637,17620,14731,35264,18962,12294,23552,17734,24584,13014,10700,23890,11962,
77,39915,16722,30219,9781,28945,35121,30192,7509,27207,41290,42227,8705,1144,27119,19282,16700,7862,40947,27963,10085,10527,45713,23124,45151,29482,34809,34256,474,29115,18109,35128,918,2426,13301,37207,28879,44832,26854,45809,16002,46691,26470,45164,15887,15392,9371,10156,31006,21979,25373,10576,11670,2516,15907,8266,21816,20439,1189,12279,2719,15372,4744,35361,10125,11045,16833,2139,34576,34011,44456,20332,35203,27642,5970,20784,1320,23365,7153,23890,49239,
78,39915,16722,30219,9781,28945,35121,30192,7509,27207,41290,42227,8705,1144,27119,19282,16700,7862,40947,27963,10085,10527,45713,23124,45151,29482,34809,34256,474,29115,18109,35128,918,2426,13301,37207,28879,44832,26854,45809,16002,27264,24605,5087,3573,21055,3618,15729,23982,20175,3171,30913,25260,22349,16454,16266,32530,35916,14017,14029,29197,19130,26907,15233,9266,39436,22677,930,21791,58647,27411,31560,12735,50938,29371,12115,2478,21447,14665,29652,31628,
79,39915,16722,30219,9781,28945,35121,30192,7509,27207,41290,42227,8705,1144,27119,19282,16700,7862,40947,27963,10085,10527,45713,23124,45151,29482,34809,34256,474,29115,18109,35128,918,2426,13301,37207,28879,44832,26854,45809,16002,27683,19149,6153,4638,19125,2454,10002,30364,13436,1419,19953,25260,2185,32195,13364,12072,10749,41974,18700,9256,19443,19795,22742,18477,10338,10388,29077,39602,26254,21780,38894,20955,38727,7979,15376,30675,23206,2434,13095,30755,
80,39915,16722,30219,9781,28945,35121,30192,7509,27207,41290,42227,8705,1144,27119,19282,16700,7862,40947,27963,10085,10527,45713,23124,45151,29482,34809,34256,474,29115,18109,35128,918,2426,13301,37207,28879,44832,26854,45809,16002,34035,32479,3141,14465,31574,45249,3274,25591,50194,31999,24444,11192,14146,20783,12347,20132,25008,1900,13464,2516,38950,9040,11503,12142,44180,56047,3872,16663,14078,22033,24258,16601,54193,12394,11210,14606,26521,5095,14252,28786,
81,39915,16722,30219,9781,28945,35121,30192,7509,27207,41290,42227,8705,1144,27119,19282,16700,7862,40947,27963,10085,10527,45713,23124,45151,29482,34809,34256,474,29115,18109,35128,918,2426,13301,37207,28879,44832,26854,45809,16002,17023,22533,30746,1958,21044,25538,31013,26550,12171,11513,26591,30430,7720,42073,28983,15384,12696,10737,11710,2327,29260,12997,15015,12990,33814,11953,21309,12155,13272,16726,16238,27040,25789,33665,24307,4605,13494,13726,32674,13795,
82,39915,16722,30219,9781,28945,35121,30192,7509,27207,41290,42227,8705,1144,27119,19282,16700,7862,40947,27963,10085,10527,45713,23124,45151,29482,34809,34256,474,29115,18109,35128,918,2426,13301,37207,28879,44832,26854,45809,16002,17413,18705,25610,7589,12179,2053,21499,11847,20772,33118,12894,19860,14951,11277,16180,11445,18589,21769,44259,14540,27253,15046,32595,27320,22897,18641,13661,19291,14153,25137,35141,11278,41988,2177,13079,26310,51252,32710,23730,25322,
83,39915,16722,30219,9781,28945,35121,30192,7509,27207,41290,42227,8705,1144,27119,19282,16700,7862,40947,27963,10085,10527,45713,23124,45151,29482,34809,34256,474,29115,18109,35128,918,2426,13301,37207,28879,44832,26854,45809,16002,38947,17455,6197,11117,10897,4760,22245,22051,17765,30553,17673,19285,24693,51377,25798,25518,14903,18090,47631,28715,13883,19598,29144,23118,34918,16993,11147,22585,10930,35972,20347,39657,23804,39419,30550,8267,11045,16697,16917,36596,
84,39915,16722,30219,9781,28945,35121,30192,7509,27207,41290,42227,8705,1144,27119,19282,16700,7862,40947,27963,10085,10527,45713,23124,45151,29482,34809,34256,474,29115,18109,35128,918,2426,13301,37207,28879,44832,26854,45809,16002,10187,12312,28969,21598,11109,16387,4330,12779,33625,30099,18102,29765,15198,45106,32670,14175,22969,323,48080,24936,25796,793,13393,11782,16789,30663,13173,19388,35864,17216,31925,26764,44185,24841,25844,21636,17243,25497,24358,14937,
85,39915,16722,30219,9781,28945,35121,30192,7509,27207,41290,42227,8705,1144,27119,19282,16700,7862,40947,27963,10085,10527,45713,23124,45151,29482,34809,34256,474,29115,18109,35128,918,2426,13301,37207,28879,44832,26854,45809,16002,28625,30055,1309,20851,15513,7135,23763,13044,28167,27052,18498,28613,1380,13811,3888,14189,17138,2003,21300,1827,16920,5390,14131,8461,13690,27489,5227,41180,26910,27002,22359,14389,10786,21027,12809,25016,21940,9496,54732,15120,
86,39915,16722,30219,9781,28945,35121,30192,7509,27207,41290,42227,8705,1144,27119,19282,16700,7862,40947,27963,10085,10527,45713,23124,45151,29482,34809,34256,474,29115,18109,35128,918,2426,13301,37207,28879,44832,26854,45809,16002,18150,30216,5385,13671,11211,17468,503,18623,21900,8367,15445,14684,950,15310,21315,16733,16784,34547,12773,1630,39472,37267,12718,352,23871,17549,28992,27702,10585,15009,42156,23683,16755,1884,14873,1410,19410,17157,11360,12543,
87,39915,16722,30219,9781,28945,35121,30192,7509,27207,41290,42227,8705,1144,27119,19282,16700,7862,40947,27963,10085,10527,45713,23124,45151,29482,34809,34256,474,29115,18109,35128,918,2426,13301,37207,28879,44832,26854,45809,16002,19061,41183,41918,6780,12640,937,29455,18623,35620,12295,18024,27058,28032,12930,18676,29744,23618,21347,29273,264,40579,29736,30838,22035,21996,10354,1048,17725,10595,15889,37540,14445,24053,9523,17765,6759,30306,1076,15727,12741,
88,39915,16722,30219,9781,28945,35121,30192,7509,27207,41290,42227,8705,1144,27119,19282,16700,7862,40947,27963,10085,10527,45713,23124,45151,29482,34809,34256,474,29115,18109,35128,918,2426,13301,37207,28879,44832,26854,45809,16002,16882,33416,19571,3427,25328,40481,24523,43653,41480,13129,13474,31230,20628,28156,3145,15133,48251,15400,24227,27863,19197,13665,12008,11299,31599,37911,1533,23241,17671,27327,17965,12211,43218,22590,15135,3177,48868,17456,23991,21135,
89,39915,16722,30219,9781,28945,35121,30192,7509,27207,41290,42227,8705,1144,27119,19282,16700,7862,40947,27963,10085,10527,45713,23124,45151,29482,34809,34256,474,29115,18109,35128,918,2426,13301,37207,28879,44832,26854,45809,16002,19717,34737,30775,343,15417,28271,13006,28925,12997,21777,10144,48727,16491,25759,1104,26815,26256,5333,39068,1347,20694,17196,16267,851,14993,11130,1323,13627,12407,15725,39492,56619,23278,2375,47597,13357,22227,39744,39004,11591,
90,39915,16722,30219,9781,28945,35121,30192,7509,27207,41290,42227,8705,1144,27119,19282,16700,7862,40947,27963,10085,10527,45713,23124,45151,29482,34809,34256,474,29115,18109,35128,918,2426,13301,37207,28879,44832,26854,45809,16002,19717,13452,15039,343,12303,7626,5765,12774,21540,9084,24780,14325,7787,12120,6727,15239,28301,28963,22653,23973,10627,375,18623,11552,10503,21752,322,26154,28930,16365,11547,11736,18821,2738,14963,29623,29351,14604,32645,27791,
91,39915,16722,30219,9781,28945,35121,30192,7509,27207,41290,42227,8705,1144,27119,19282,16700,7862,40947,27963,10085,10527,45713,23124,45151,29482,34809,34256,474,29115,18109,35128,918,2426,13301,37207,28879,44832,26854,45809,16002,10570,14695,23415,54400,14278,2605,32640,48430,16887,2196,43928,20499,1031,41901,13170,16469,36106,9310,28519,3285,24383,44315,17577,20517,52312,16692,17803,22374,47532,14018,11850,18854,11426,5772,51723,21660,38533,1118,15518,14109,
92,39915,16722,30219,9781,28945,35121,30192,7509,27207,41290,42227,8705,1144,27119,19282,16700,7862,40947,27963,10085,10527,45713,23124,45151,29482,34809,34256,474,29115,18109,35128,918,2426,13301,37207,28879,44832,26854,45809,16002,53181,30902,31366,11868,14278,8976,12670,23590,14019,39638,29861,41313,9761,26772,2590,24181,17308,26845,19769,2901,10774,48842,13114,24268,24435,19330,47979,17110,13027,21264,19383,26803,12346,24336,15963,14491,38598,1118,50478,15570,
93,39915,16722,30219,9781,28945,35121,30192,7509,27207,41290,42227,8705,1144,27119,19282,16700,7862,40947,27963,10085,10527,45713,23124,45151,29482,34809,34256,474,29115,18109,35128,918,2426,13301,37207,28879,44832,26854,45809,16002,24288,10616,35388,41317,57095,32580,21842,15928,13413,1304,39385,16108,13214,53098,9078,21990,22655,13582,14745,5872,57545,35860,29835,22809,19983,23386,14574,11399,31776,15993,17378,12804,44829,35068,10082,22871,41992,13645,48750,32205,
94,39915,16722,30219,9781,28945,35121,30192,7509,27207,41290,42227,8705,1144,27119,19282,16700,7862,40947,27963,10085,10527,45713,23124,45151,29482,34809,34256,474,29115,18109,35128,918,2426,13301,37207,28879,44832,26854,45809,16002,21444,10616,21333,10666,12802,5310,7072,34070,11848,34784,23744,28131,6113,17631,3766,21896,41381,8444,15869,24017,15860,21110,46912,9369,17210,23363,25901,12515,35084,16652,11901,12605,26911,2265,10655,5378,46018,11241,19092,16850,
95,39915,16722,30219,9781,28945,35121,30192,7509,27207,41290,42227,8705,1144,27119,19282,16700,7862,40947,27963,10085,10527,45713,23124,45151,29482,34809,34256,474,29115,18109,35128,918,2426,13301,37207,28879,44832,26854,45809,16002,23700,27748,5169,16640,21961,8690,11248,10633,14139,27693,22030,32469,11198,32517,13638,21850,28471,11956,12496,33476,14197,13346,40758,25310,25207,46239,41922,14338,15703,14790,18227,15561,10973,24807,30224,13744,47163,3278,36911,16154,
96,39915,16722,30219,9781,28945,35121,30192,7509,27207,41290,42227,8705,1144,27119,19282,16700,7862,40947,27963,10085,10527,45713,23124,45151,29482,34809,34256,474,29115,18109,35128,918,2426,13301,37207,28879,44832,26854,45809,16002,18305,24370,19340,25658,11457,8904,11394,28202,37633,11143,45893,12155,2958,13298,16167,13953,18265,25530,48757,33106,18289,36480,12372,19441,28726,13736,14955,12662,11273,11122,42278,43022,11717,28788,17844,8243,48362,2218,24077,36890,
97,39915,16722,30219,9781,28945,35121,30192,7509,27207,41290,42227,8705,1144,27119,19282,16700,7862,40947,27963,10085,10527,45713,23124,45151,29482,34809,34256,474,29115,18109,35128,918,2426,13301,37207,28879,44832,26854,45809,16002,16220,10653,32682,12553,54327,3345,1538,36191,23745,24637,16417,28852,4202,34456,10564,30386,20290,1415,51345,11862,17623,10639,30564,24788,31521,49813,18386,11809,53323,19477,14888,28024,17053,5071,42146,1428,38767,26930,19741,15647,
98,39915,16722,30219,9781,28945,35121,30192,7509,27207,41290,42227,8705,1144,27119,19282,16700,7862,40947,27963,10085,10527,45713,23124,45151,29482,34809,34256,474,29115,18109,35128,918,2426,13301,37207,28879,44832,26854,45809,16002,24312,11107,14603,10967,23569,5924,13278,16602,46613,3777,14189,21222,10081,32535,3466,31309,25568,6620,16031,9866,12701,34857,33229,27537,26290,12503,11711,13190,40004,28449,33392,15850,12080,19597,36442,16750,41667,4028,17470,12206,
99,39915,16722,30219,9781,28945,35121,30192,7509,27207,41290,42227,8705,1144,27119,19282,16700,7862,40947,27963,10085,10527,45713,23124,45151,29482,34809,34256,474,29115,18109,35128,918,2426,13301,37207,28879,44832,26854,45809,16002,15038,48762,19601,11176,21731,1446,25196,11790,19532,2547,15833,23106,3290,45126,7759,13557,33702,10980,13114,19915,28349,51839,12644,35134,10786,12143,19043,19502,12041,15824,16191,12079,20243,10277,10353,5383,20241,4347,23972,13788,
100,39915,16722,30219,9781,28945,35121,30192,7509,27207,41290,42227,8705,1144,27119,19282,16700,7862,40947,27963,10085,10527,45713,23124,45151,29482,34809,34256,474,29115,18109,35128,918,2426,13301,37207,28879,44832,26854,45809,16002,12678,11525,1861,27486,14977,2491,4599,10596,41420,7547,29227,18313,25346,10115,13347,15761,49232,6219,33304,14697,40637,36533,10442,10603,33605,15832,30188,14632,16111,30037,40609,26577,33223,12970,13043,42742,28868,3391,46310,10393,
