1,19004,6021,12841,16464,37397,7918,44150,30407,10383,17672,46269,3242,15689,33346,31577,44302,32718,35746,44563,26204,
2,3242,6021,4411,2537,1678,2378,1690,3871,204,3914,1203,6512,1524,1206,3851,2942,2841,1206,9863,32495,
3,204,1203,1678,1206,1206,1524,1206,994,10974,2163,1206,1327,2601,10974,1206,1011,789,244,6688,23705,
4,204,244,891,244,1206,1296,244,244,1011,244,1206,244,891,1206,244,1203,4838,1206,6207,36787,
5,204,244,244,244,244,244,244,244,244,244,244,244,244,244,244,244,244,244,548,30336,
6,204,244,244,244,244,244,244,244,92,244,92,244,244,244,244,244,244,244,244,244,
7,92,92,244,244,244,92,244,92,244,92,244,92,244,92,92,244,244,92,92,20984,
8,92,92,92,92,92,92,92,92,92,92,92,92,92,92,92,92,244,92,45942,27557,
9,92,92,92,92,92,92,92,92,92,92,92,92,92,92,92,92,92,92,31438,92,
10,92,92,92,92,92,92,92,92,92,92,92,92,92,92,92,92,92,92,5503,13091,
11,92,92,92,92,92,92,92,92,92,92,92,92,92,92,92,92,92,92,40478,92,
12,92,92,92,92,92,92,92,92,92,92,92,92,92,92,92,92,92,92,92,92,
13,92,92,92,92,92,92,92,92,92,92,92,92,92,92,92,92,92,92,13462,48826,
14,92,92,92,92,92,92,92,92,92,92,92,92,92,92,92,14168,92,92,21836,14871,
15,92,92,92,92,92,92,92,92,92,92,92,92,92,92,92,92,92,92,46095,54081,
16,92,92,92,92,92,92,92,92,92,92,92,92,92,92,92,92,92,92,11701,15319,
17,92,92,92,92,92,92,92,92,92,92,92,92,92,92,92,92,92,92,92,36361,
18,92,92,92,92,92,92,92,92,92,92,92,92,92,92,92,92,92,92,46817,32306,
19,92,92,92,92,92,92,92,92,92,92,92,92,92,92,92,92,92,92,92,32308,
20,92,92,92,92,92,92,92,92,92,92,92,92,92,92,92,92,92,92,92,34767,
21,92,92,92,92,92,92,92,92,92,92,92,92,92,92,92,92,92,92,92,92,
22,92,92,92,92,92,92,92,92,92,92,92,92,92,92,92,92,92,92,25363,29590,
23,92,92,92,92,92,92,92,92,92,92,92,92,92,92,92,92,92,92,54286,92,
24,92,92,92,92,92,92,92,92,92,92,92,92,92,92,92,92,92,92,2275,17389,
25,92,92,92,92,92,92,92,92,4488,92,4488,92,92,92,92,92,92,92,92,40806,
26,92,92,92,92,92,92,92,92,92,92,92,92,92,92,92,92,92,92,13528,34868,
27,92,92,92,92,92,92,92,92,92,92,92,92,92,92,92,92,92,92,55224,32566,
28,92,92,92,92,92,92,92,92,92,92,92,92,92,92,92,92,92,92,26277,51748,
29,92,92,92,92,92,92,92,92,92,92,92,92,92,92,92,92,92,92,16481,17856,
30,92,92,92,92,92,92,92,92,92,92,92,92,92,92,92,92,92,92,35862,11596,
31,92,92,92,92,92,92,92,92,92,92,92,92,92,92,92,12573,92,92,14117,13110,
32,92,92,92,92,92,92,92,92,92,92,92,92,92,92,92,92,92,92,5500,28935,
33,92,92,92,92,92,92,92,92,92,92,92,92,92,92,92,92,92,92,5000,15085,
34,92,92,92,92,92,92,92,92,92,92,92,92,92,92,92,92,92,92,92,14073,
35,92,92,92,92,92,92,92,92,92,92,92,92,92,92,92,92,92,92,92,92,
36,92,92,92,92,92,92,92,92,92,92,92,92,92,92,92,92,92,92,3676,92,
37,92,92,92,92,92,92,92,92,92,92,92,92,92,92,92,92,92,92,40947,40660,
38,92,92,92,92,92,92,92,92,92,92,92,92,92,92,92,92,92,11242,92,49104,
39,92,92,92,92,92,92,92,92,92,92,92,92,92,92,92,92,92,92,4101,17283,
40,92,92,92,92,92,92,92,92,92,92,92,92,92,92,92,92,92,92,3574,92,
41,92,92,92,92,92,92,92,92,92,92,92,92,92,92,92,92,92,92,47933,1444,
42,92,92,92,92,92,92,92,92,92,92,92,92,92,92,92,92,92,92,3115,10476,
43,92,92,92,92,92,92,92,92,92,92,92,92,92,92,92,92,92,92,92,6105,
44,92,92,92,92,92,92,92,92,92,92,92,92,92,92,92,92,92,92,92,92,
45,92,92,92,92,92,92,92,92,92,92,92,92,92,92,92,92,92,92,92,3858,
46,92,92,92,92,92,92,92,92,92,92,92,92,92,92,92,92,92,92,92,32040,
47,92,92,92,92,92,92,92,92,92,92,92,92,92,92,92,92,92,92,92,24281,
48,92,92,92,92,92,92,92,92,92,92,92,92,92,92,92,92,92,92,37481,92,
49,92,92,92,92,92,92,92,92,92,92,92,92,92,92,92,92,92,92,29759,39360,
50,92,92,92,92,92,92,92,92,92,92,92,92,92,92,92,92,92,92,1905,92,
51,92,92,92,92,92,92,92,92,92,92,92,92,92,92,92,92,92,92,49794,92,
52,92,92,92,92,92,92,92,92,92,92,92,92,92,92,92,92,92,92,26573,48960,
53,92,92,92,92,92,92,92,92,92,92,92,92,92,92,92,92,92,92,27547,92,
54,92,92,92,92,92,92,92,92,92,92,92,92,92,92,92,92,92,92,97,13178,
55,92,92,92,92,92,92,92,92,92,92,92,92,92,92,92,92,92,92,29379,92,
56,92,92,92,92,92,92,92,92,92,92,92,92,92,92,92,92,92,92,15831,92,
57,92,92,92,92,92,92,92,92,92,92,92,92,92,92,92,92,92,92,23648,22361,
58,92,92,92,92,92,92,92,92,92,92,92,92,92,92,92,92,92,92,41292,14204,
59,92,92,92,92,92,92,92,92,92,92,92,92,92,92,92,92,92,92,13344,44244,
60,92,92,92,92,92,92,92,92,92,92,92,92,92,92,92,92,92,92,29110,92,
61,92,92,92,92,92,92,92,92,92,92,92,92,92,92,92,92,92,92,42732,92,
62,92,92,92,92,92,92,92,92,92,92,92,92,92,92,92,92,92,92,36519,4693,
63,92,92,92,92,92,92,92,92,92,92,92,92,92,92,92,92,92,92,1871,92,
64,92,92,92,92,92,92,92,92,92,92,92,92,92,92,92,92,92,92,21321,92,
65,92,92,92,92,92,92,92,92,92,92,92,92,92,92,92,92,92,92,43775,92,
66,92,92,92,92,92,92,92,92,92,92,92,92,92,92,92,92,92,92,11904,44620,
67,92,92,92,92,92,92,92,92,92,92,92,92,92,92,92,92,92,92,13542,92,
68,92,92,92,92,92,92,92,92,92,92,92,92,92,92,92,92,92,92,24207,55543,
69,92,92,92,92,92,92,92,92,92,92,92,92,92,92,92,92,92,92,92,47525,
70,92,92,92,92,92,92,92,92,92,92,92,92,92,92,92,92,92,92,92,41857,
71,92,92,17866,92,92,92,92,92,92,92,92,92,92,92,92,92,92,92,11306,9713,
72,92,92,92,92,92,92,92,92,92,92,92,92,92,92,92,92,92,92,92,45505,
73,92,92,92,92,92,92,92,92,92,92,92,92,92,92,92,92,92,92,41776,18998,
74,92,92,92,92,92,92,92,92,92,92,92,92,92,92,92,92,92,92,92,92,
75,92,92,92,92,92,92,92,92,92,92,92,92,92,92,92,92,92,92,30084,49527,
76,92,92,92,92,92,92,92,92,92,92,92,92,92,92,92,92,92,92,11330,33887,
77,92,92,92,92,92,92,92,92,92,92,92,92,92,92,92,92,92,2747,92,31996,
78,92,92,92,92,92,92,92,92,92,92,92,92,92,92,92,92,92,92,31765,37898,
79,92,92,92,92,92,92,92,92,92,92,92,92,92,92,92,92,92,92,2683,27122,
80,92,92,92,92,92,92,92,92,92,92,92,92,92,92,92,92,92,92,19199,57011,
81,92,92,92,92,92,92,92,92,92,92,92,92,92,92,92,92,92,92,92,7866,
82,92,92,92,92,92,92,92,92,92,3764,92,92,92,92,92,92,92,92,24139,19319,
83,92,92,92,92,92,92,92,92,92,92,92,92,92,92,92,92,92,92,92,31309,
84,92,92,92,92,92,92,92,92,92,92,92,92,92,92,92,92,92,92,35042,14988,
85,92,92,92,92,92,92,92,92,92,92,92,92,92,92,92,92,92,92,92,6445,
86,92,92,92,92,92,92,92,92,92,92,92,92,92,92,92,92,92,92,50518,48547,
87,92,92,92,92,92,92,92,92,92,92,92,92,92,92,92,92,92,92,22042,32308,
88,92,92,92,92,92,92,92,92,92,92,92,92,92,92,92,92,92,92,33408,92,
89,92,92,92,92,92,92,92,92,92,92,92,92,92,92,92,92,92,92,92,21075,
90,92,92,92,92,92,92,92,92,92,92,92,92,92,92,92,92,92,92,41611,40126,
91,92,92,92,92,92,92,92,92,92,92,92,92,92,92,92,92,92,92,44111,28373,
92,92,92,92,92,92,92,92,92,92,92,92,92,92,92,92,92,92,92,32085,28448,
93,92,92,92,92,92,92,92,92,92,92,92,92,92,92,92,92,92,92,53848,3866,
94,92,92,92,92,92,92,92,92,92,92,92,92,92,92,92,92,92,92,92,13768,
95,92,92,92,92,92,92,92,92,92,92,92,92,92,92,92,92,92,92,38759,26150,
96,92,92,10531,92,92,92,92,92,92,92,92,92,92,92,92,92,92,92,12915,92,
97,92,92,92,92,92,92,92,92,92,92,92,92,92,92,92,92,92,92,23324,45412,
98,92,92,92,92,92,92,92,92,92,92,92,92,92,92,92,92,92,92,44456,1155,
99,92,92,92,92,92,92,92,92,92,92,92,92,92,92,92,92,92,92,26180,92,
100,92,92,92,92,92,92,92,92,92,92,92,92,92,92,92,92,92,92,15282,44595,
101,92,92,92,92,92,92,92,92,92,92,92,92,92,92,92,92,92,92,50690,92,
102,92,92,92,92,92,92,92,92,92,92,92,92,92,92,92,92,92,92,3867,31585,
103,92,92,92,92,92,92,92,92,92,92,3554,92,92,92,92,92,92,92,7761,6292,
104,92,92,92,92,92,92,92,92,92,92,92,92,92,92,92,92,92,92,5877,23886,
105,92,92,92,92,92,92,92,92,92,92,92,92,92,92,92,92,92,92,34361,92,
106,92,92,92,92,92,92,92,92,92,92,92,92,92,92,92,92,92,92,40712,47048,
107,92,92,92,92,92,92,92,92,92,92,92,92,92,92,92,92,92,92,92,57540,
108,92,92,92,92,92,92,92,92,92,92,92,92,92,92,92,92,92,92,92,34037,
109,92,92,92,92,92,92,92,92,92,92,92,92,92,92,92,92,92,92,23575,92,
110,92,92,92,92,92,92,92,92,92,92,92,92,92,92,92,92,92,92,13581,30619,
111,92,92,92,3620,92,92,92,92,92,92,92,92,92,92,92,92,92,92,18940,25609,
112,92,92,92,92,92,92,92,92,92,92,92,92,92,92,92,92,92,92,92,36693,
113,92,92,92,92,92,92,92,92,92,92,92,92,92,92,92,92,92,92,37721,92,
114,92,92,92,92,92,92,92,92,92,92,92,92,92,92,92,92,92,92,46689,12171,
115,92,92,92,92,92,92,92,92,92,92,92,92,92,92,92,92,92,92,92,92,
116,92,92,92,92,92,92,92,92,92,92,92,92,92,92,92,92,92,92,92,41089,
117,92,92,92,92,92,92,92,92,92,92,92,92,92,92,92,92,92,92,28285,92,
118,92,92,92,92,92,92,92,92,92,92,92,92,92,92,92,92,92,92,92,11065,
119,92,92,92,92,92,92,92,92,92,92,92,92,92,92,92,92,92,92,22936,4280,
120,92,92,92,92,92,2294,92,92,92,92,92,92,92,92,92,92,92,92,39560,4299,
121,92,92,92,92,92,92,92,92,92,92,92,92,92,92,92,92,92,92,92,51196,
122,92,92,92,92,92,92,92,92,92,92,92,92,92,92,92,92,92,92,30454,597,
123,92,92,92,92,92,92,92,92,92,92,92,92,92,92,92,92,92,92,12083,32088,
124,92,92,92,92,92,92,92,92,92,92,92,92,92,92,92,92,92,92,92,16943,
125,92,92,92,92,92,92,92,92,92,92,92,92,92,92,92,92,92,92,14973,6025,
126,92,92,92,92,92,92,92,92,92,92,92,92,92,92,92,92,92,92,27127,28010,
127,92,92,92,92,92,92,92,92,92,92,92,92,92,92,92,92,92,92,18662,92,
128,92,92,92,92,92,92,92,92,92,92,92,92,92,92,92,92,92,92,29384,37057,
129,92,92,92,92,92,92,92,92,92,92,92,92,92,92,92,92,92,92,39314,51467,
130,92,92,92,92,92,92,92,92,92,92,92,92,92,92,92,92,92,92,12608,92,
131,92,92,92,92,92,92,92,92,92,92,92,92,92,92,92,92,92,92,29622,30715,
132,92,92,92,92,92,92,92,92,92,92,92,92,92,92,92,92,92,92,52039,47075,
133,92,92,92,92,13774,92,92,92,92,92,92,92,92,92,92,92,92,92,13193,92,
134,92,92,92,92,92,92,92,92,92,92,92,92,92,92,92,92,92,92,10177,12351,
135,92,92,92,92,92,92,92,92,92,92,92,92,92,92,92,92,92,92,53531,7292,
136,92,92,92,92,92,92,92,92,92,92,92,92,92,92,92,92,92,92,11831,28195,
137,92,92,92,92,92,92,92,92,92,92,92,92,92,92,92,92,92,92,26830,10597,
138,92,92,92,92,92,92,92,92,92,92,92,92,92,92,92,92,92,92,92,92,
139,92,92,92,92,92,92,92,92,92,92,92,92,92,92,92,92,92,92,23507,40150,
140,92,92,92,92,92,92,92,92,92,92,92,92,92,92,92,92,92,92,14153,9047,
141,92,92,92,92,92,92,92,92,92,92,92,92,92,92,92,92,92,92,47086,7997,
142,92,92,92,92,92,92,92,92,92,92,92,92,92,92,92,92,92,92,15087,1579,
143,92,92,92,92,92,92,92,92,92,92,92,92,92,92,92,92,92,92,92,24436,
144,92,92,92,92,92,92,92,92,92,92,92,92,92,92,92,92,92,92,56585,92,
145,92,92,92,92,92,92,92,92,92,92,92,612,92,92,92,92,92,92,39576,24432,
146,92,92,92,92,92,92,92,92,92,92,92,92,92,1222,92,92,92,92,47974,36696,
147,92,92,92,92,92,92,92,92,92,92,92,92,92,92,92,92,92,92,45578,5720,
148,92,92,92,92,92,92,92,92,92,92,92,92,92,92,92,92,92,92,92,6451,
149,92,92,92,92,92,92,92,92,92,92,92,92,92,92,92,92,92,92,338,6976,
150,92,92,92,92,92,92,92,92,92,92,92,92,92,92,92,92,92,628,31107,92,
151,92,92,92,92,92,92,92,92,92,92,92,92,92,92,92,92,92,92,92,22217,
152,92,92,92,92,92,92,92,92,92,92,92,92,92,92,92,92,92,92,27745,40441,
153,92,92,92,92,92,92,92,92,92,92,92,92,92,92,92,92,92,92,46320,92,
154,92,92,92,9657,92,92,92,92,92,92,92,92,92,92,92,92,92,92,25222,41721,
155,92,92,92,92,92,92,92,92,92,92,92,92,92,92,92,92,92,92,55951,18943,
156,92,92,92,92,92,92,92,92,92,92,92,92,92,92,92,92,92,92,15157,1391,
157,92,92,92,92,92,92,92,92,92,92,92,92,92,92,92,92,92,92,28600,92,
158,92,92,92,92,92,92,92,92,92,92,92,92,92,92,92,92,92,92,45329,44634,
159,92,92,92,92,92,92,92,92,92,92,92,92,92,92,92,92,92,92,44332,92,
160,92,92,92,92,92,92,92,92,92,92,92,92,92,92,2976,92,92,92,43068,92,
161,92,92,92,92,92,92,92,92,92,92,92,92,92,92,92,92,92,92,23423,3784,
162,92,92,92,92,92,92,92,92,92,92,92,92,92,92,92,92,92,92,13507,34009,
163,92,92,92,92,92,92,92,92,92,92,92,92,92,92,92,92,92,92,92,9890,
164,92,92,92,92,92,92,92,92,92,92,92,92,92,92,92,92,92,92,22951,33480,
165,92,92,92,92,92,92,92,92,92,92,92,92,92,92,92,92,92,92,36052,1407,
166,92,92,92,92,92,92,92,92,92,92,92,92,92,92,6218,92,92,92,54610,31130,
167,92,92,92,92,92,92,92,92,92,92,92,92,92,92,92,92,92,92,16511,27969,
168,92,92,92,92,92,92,92,92,92,92,92,92,92,92,92,92,92,92,40909,25584,
169,92,92,92,92,92,92,92,92,92,92,92,92,92,92,92,92,92,92,34016,44757,
170,92,92,92,92,92,92,92,92,92,92,92,92,92,92,92,92,92,92,20283,38838,
171,92,92,92,92,92,92,92,92,92,92,92,92,92,92,92,92,92,92,28067,92,
172,92,92,92,92,92,92,92,92,92,92,92,92,92,92,92,92,92,92,4868,92,
173,92,92,92,92,92,92,92,92,92,92,92,92,92,92,92,92,92,92,24685,25188,
174,92,92,92,92,92,92,92,92,92,92,92,92,92,92,92,92,92,92,43006,52300,
175,92,92,92,92,92,92,92,92,92,92,92,92,92,92,92,92,92,92,33717,92,
176,92,92,92,92,92,92,92,92,92,92,92,92,92,92,92,92,92,92,51070,45525,
177,92,92,92,92,92,92,92,92,92,92,92,92,92,92,92,92,92,92,9310,38689,
178,92,92,92,92,92,92,92,92,92,92,92,92,92,92,92,92,92,92,92,92,
179,92,92,92,92,92,92,92,92,92,92,92,92,92,92,92,92,92,92,17222,47806,
180,92,92,92,92,92,92,92,92,92,92,92,92,92,92,92,92,92,92,33734,39033,
181,92,92,92,92,92,92,92,92,92,92,92,92,92,92,92,92,92,92,25658,56284,
182,92,92,92,92,92,92,92,92,92,92,92,92,92,92,92,92,92,92,92,53221,
183,92,92,92,92,92,92,92,92,92,92,92,92,92,92,92,92,92,92,92,26019,
184,92,92,92,92,92,92,92,92,92,92,92,92,92,92,92,92,92,92,32146,53582,
185,92,92,92,92,92,92,92,92,92,92,92,92,92,92,92,92,92,92,92,53033,
186,92,92,92,92,92,92,92,92,92,92,92,92,92,92,92,92,92,92,34638,16456,
187,92,92,92,92,92,92,92,92,92,92,92,92,92,92,92,92,92,92,92,1667,
188,92,92,92,92,92,92,92,92,92,92,92,92,92,92,92,92,92,92,275,33130,
189,92,92,92,92,92,92,92,92,92,92,92,92,92,92,92,92,92,92,9246,92,
190,92,92,92,92,92,92,92,92,92,92,92,92,92,92,92,92,92,92,1266,92,
191,92,92,92,92,92,92,92,92,92,92,92,92,92,92,92,92,92,92,36324,31713,
192,92,92,92,92,92,92,92,92,92,92,92,92,92,92,92,92,92,92,44573,53151,
193,92,92,92,92,92,92,92,92,92,92,92,92,92,92,92,92,92,92,92,5299,
194,92,92,92,92,92,92,92,92,92,92,92,92,92,92,92,92,92,92,92,8686,
195,92,92,92,92,92,92,92,92,92,92,92,92,92,92,92,92,92,92,40195,15434,
196,92,92,92,92,92,92,92,92,92,92,92,92,92,92,92,92,92,92,92,6616,
197,92,92,92,92,92,92,92,92,92,92,92,92,92,92,92,92,92,92,32091,24568,
198,92,92,92,92,92,92,92,92,92,92,92,92,92,92,92,92,92,92,5293,18399,
199,92,92,92,92,92,92,92,92,92,92,92,92,92,92,92,92,92,92,92,92,
200,92,92,92,92,92,92,92,92,92,92,92,92,92,92,92,92,92,92,39843,43750,
201,92,92,92,92,92,92,92,92,92,92,92,92,92,92,92,92,92,92,44339,15616,
202,92,92,92,92,92,92,92,92,92,92,92,92,92,92,92,92,92,92,92,26232,
203,92,92,92,92,92,92,92,92,92,92,92,92,92,92,92,92,92,92,92,29911,
204,92,92,92,92,92,92,92,92,92,92,92,92,92,92,92,92,92,92,5433,40802,
205,92,92,92,92,92,92,92,92,92,92,92,92,92,92,92,92,92,92,24304,39687,
206,92,92,92,92,92,92,92,92,92,92,92,92,92,92,92,92,92,92,25025,37216,
207,92,92,92,92,92,92,92,92,92,92,92,92,92,92,92,92,92,92,45671,92,
208,92,92,92,92,92,92,92,92,92,92,92,92,92,92,92,92,92,92,20096,35834,
209,92,92,92,92,92,92,92,92,92,92,92,92,92,92,92,92,92,92,19604,47712,
210,92,92,92,92,92,92,92,92,92,92,92,92,92,92,92,92,92,92,17073,21584,
211,92,92,92,92,92,92,92,92,92,92,92,92,92,92,92,92,92,92,92,49676,
212,92,92,92,92,92,92,92,92,92,92,92,92,92,92,92,92,92,92,20594,10393,
213,92,92,92,92,92,92,92,92,92,92,92,92,92,92,92,92,92,92,28913,26113,
214,92,92,92,92,92,92,92,92,92,92,92,92,92,92,92,92,92,92,32120,19203,
215,92,92,92,92,92,92,92,92,92,92,92,92,92,92,92,6846,92,92,2674,36057,
216,92,92,92,92,92,92,92,92,92,92,92,92,92,92,92,92,92,92,7804,29486,
217,92,92,92,92,92,92,92,92,92,92,92,92,92,92,92,92,92,92,92,32424,
218,92,92,92,92,92,92,92,92,92,92,92,92,92,92,92,92,92,92,92,92,
219,92,92,92,92,92,92,92,92,92,92,92,92,92,92,92,92,92,92,37945,92,
220,92,92,92,92,92,92,92,92,92,92,92,92,92,92,92,92,92,92,17826,14082,
221,92,92,92,92,92,92,92,92,92,92,92,92,92,92,92,92,92,92,92,42747,
222,92,92,92,92,92,92,92,92,92,92,92,92,92,92,92,92,92,92,92,373,
223,92,92,92,92,92,92,92,92,92,92,92,92,92,92,92,92,92,92,34349,25698,
224,92,92,92,92,92,92,92,92,92,92,92,92,92,92,92,92,92,92,92,92,
225,92,92,92,92,92,92,92,92,92,92,92,92,92,92,92,92,92,92,38877,47060,
226,92,92,92,92,92,92,92,92,92,92,92,92,92,92,92,92,92,92,36943,29986,
227,92,92,92,92,92,92,92,92,92,92,92,92,92,92,92,92,92,92,92,17797,
228,92,92,92,92,92,92,92,92,92,92,92,92,92,92,92,92,92,92,92,39637,
229,92,92,92,92,92,92,92,92,92,92,92,92,92,92,92,92,92,92,34569,5677,
230,92,92,92,92,92,92,92,92,92,92,92,14855,92,92,92,92,92,92,36926,25496,
231,92,92,92,92,92,92,92,92,92,92,92,92,92,92,92,92,92,92,17728,7787,
232,92,92,92,92,92,92,92,92,92,92,92,92,92,92,92,92,92,92,5670,25315,
233,92,92,92,92,92,92,92,92,92,92,92,92,92,92,92,92,92,92,3541,13077,
234,92,92,92,92,92,92,92,92,384,92,92,92,92,92,92,92,92,384,30159,10885,
235,92,92,92,92,92,92,92,92,92,92,92,92,92,92,92,92,92,92,8343,20686,
236,92,92,92,92,92,92,92,92,92,92,92,92,92,92,92,92,92,92,19716,4803,
237,92,92,92,92,92,92,92,92,92,92,92,92,92,92,92,92,92,92,92,92,
238,92,92,92,92,92,92,92,92,92,92,92,92,92,92,92,92,92,92,19239,92,
239,92,92,92,92,92,92,92,92,92,92,92,92,92,92,92,92,92,92,23971,12879,
240,92,92,92,92,92,92,92,92,92,92,92,92,92,92,92,92,92,92,92,39947,
241,92,92,92,92,92,92,92,92,92,92,92,92,92,92,92,92,92,92,92,16247,
242,92,92,92,92,92,92,92,92,92,92,92,92,92,92,92,92,92,92,92,13246,
243,92,92,92,92,92,92,92,92,92,92,92,92,92,92,92,92,92,92,26553,92,
244,92,92,92,92,92,92,92,92,92,92,92,92,92,92,92,92,92,92,13426,16348,
245,92,92,92,92,92,92,92,92,92,92,92,92,92,92,92,92,92,92,25898,92,
246,92,92,92,92,92,92,92,92,92,92,92,92,92,92,92,92,92,92,15077,92,
247,92,92,92,92,92,92,92,92,92,92,92,92,92,92,92,92,92,92,25824,34787,
248,92,92,92,92,92,92,92,92,92,92,92,92,92,92,92,92,92,92,92,92,
249,92,92,92,92,92,92,92,92,92,92,92,92,92,92,92,92,92,92,9693,92,
250,92,92,92,92,92,92,92,92,92,92,92,92,92,92,92,92,92,92,92,34314,
251,92,92,92,92,92,92,92,92,92,92,92,92,92,92,92,92,92,92,92,46897,
252,92,92,92,92,92,92,92,92,92,92,92,92,92,92,92,92,92,92,48867,29439,
253,92,92,92,92,92,92,92,92,92,92,92,92,92,92,92,92,92,92,41285,92,
254,92,92,92,92,92,92,92,92,92,92,92,92,92,92,92,92,92,92,33798,22104,
255,92,92,92,92,92,92,92,92,92,92,92,92,92,92,92,92,92,92,20435,15453,
256,92,92,92,92,92,92,92,92,92,92,92,92,92,92,92,92,92,92,29925,32033,
257,92,92,92,92,92,92,92,92,92,92,92,92,92,92,92,92,92,92,39127,26265,
258,92,92,92,92,92,92,92,92,92,92,92,92,92,92,92,92,92,92,43710,29269,
259,92,92,92,92,92,92,92,92,2914,92,92,92,92,92,92,92,92,92,92,40923,
260,92,92,92,92,92,92,92,92,92,92,92,92,92,92,92,92,92,92,19676,53147,
261,92,92,92,92,92,92,92,92,92,92,92,92,92,92,92,92,92,92,34495,18472,
262,92,92,92,92,92,92,92,92,92,92,92,92,92,92,92,92,92,92,22365,35063,
263,92,92,92,92,92,92,92,92,92,92,92,92,92,92,92,92,92,92,22029,92,
264,92,92,92,92,92,92,92,92,92,92,92,92,92,92,92,92,92,92,56302,36902,
265,92,92,92,92,92,92,92,92,92,92,92,92,92,92,92,92,92,92,10478,92,
266,92,92,92,92,92,92,92,92,92,92,92,92,92,92,92,92,92,92,92,11290,
267,92,92,92,92,92,92,92,92,92,92,92,92,92,92,92,92,92,92,15596,7123,
268,92,92,92,92,92,92,92,92,92,92,92,92,92,92,92,92,92,92,92,36666,
269,92,92,92,92,92,92,92,92,92,92,92,92,92,92,92,92,92,92,92,33441,
270,92,92,92,92,92,92,92,92,92,92,92,92,92,92,92,92,92,92,92,42154,
271,92,92,92,92,92,92,92,92,92,92,92,92,92,92,92,92,92,92,33005,16807,
272,92,92,92,92,92,92,92,92,92,92,92,92,92,92,92,92,92,92,92,18060,
273,92,92,92,92,92,92,92,92,92,92,92,92,92,92,92,92,92,92,217,35227,
274,92,92,92,92,92,92,92,92,92,92,92,92,92,92,92,92,92,92,92,41972,
275,92,92,92,92,92,92,92,92,92,92,92,92,92,92,92,92,92,92,23917,32930,
276,92,92,92,92,92,92,92,92,92,92,92,92,92,92,92,92,92,92,21355,37215,
277,92,92,92,92,92,8517,92,92,92,92,92,92,92,92,92,92,92,92,23569,14839,
278,92,92,92,92,92,92,92,92,92,92,92,92,92,92,92,92,92,92,39483,31228,
279,92,92,92,92,92,92,92,92,92,92,92,92,92,92,92,92,92,92,35417,21267,
280,92,92,92,92,92,92,92,92,92,92,92,92,92,92,92,92,92,92,46601,4929,
281,92,92,92,92,92,92,92,92,92,92,1028,92,92,92,92,92,92,92,20540,11981,
282,92,92,92,92,92,92,92,92,92,92,92,92,92,92,92,92,92,92,92,92,
283,92,92,92,92,92,92,92,92,92,92,92,92,92,92,92,92,92,92,30074,16880,
284,92,92,92,92,92,92,92,92,92,92,92,92,92,92,92,92,92,92,431,31257,
285,92,92,92,92,92,92,92,92,92,92,92,92,92,92,92,92,92,92,44461,7287,
286,92,92,92,92,92,92,92,92,92,92,92,92,92,92,92,92,92,92,92,11671,
287,92,92,92,92,92,92,92,92,92,92,92,92,92,92,92,92,92,92,8868,15943,
288,92,92,92,92,92,92,92,92,92,92,92,92,92,92,92,92,92,92,16385,9442,
289,92,92,92,92,92,92,92,92,92,92,92,92,92,92,92,92,92,92,11166,41811,
290,92,92,92,92,92,92,92,92,92,92,92,92,92,20329,92,92,92,92,92,92,
291,92,92,92,92,92,92,92,92,92,92,92,92,92,92,92,92,92,92,13761,19164,
292,92,92,92,92,92,92,92,92,92,92,92,92,92,92,92,92,92,92,40229,34776,
293,92,92,92,92,92,92,92,92,92,92,92,92,92,92,92,92,92,92,13612,5366,
294,92,92,92,92,92,92,92,92,92,92,92,92,92,92,92,92,92,92,36061,92,
295,92,92,92,92,92,92,92,92,92,92,92,92,92,92,92,92,92,92,28383,92,
296,92,92,92,92,92,92,92,92,92,92,92,92,92,92,92,92,92,92,14880,24728,
297,92,92,3756,92,92,92,92,92,92,92,92,92,92,92,3756,92,92,92,17866,14555,
298,92,92,92,92,92,92,92,92,92,92,92,92,92,92,92,92,92,92,20647,25772,
299,92,92,92,92,92,92,92,92,92,92,92,92,92,92,92,92,92,92,92,92,
300,92,92,92,92,92,92,92,92,92,92,92,92,92,92,92,92,92,92,49257,43738,
301,92,92,92,92,92,92,92,92,92,92,92,92,92,92,92,92,92,92,92,5303,
302,92,92,92,92,92,92,92,92,92,92,92,92,92,92,92,92,92,92,33966,25170,
303,92,92,92,92,92,92,92,92,92,92,92,92,92,92,92,92,92,92,48202,92,
304,92,92,92,92,92,92,92,92,92,92,92,92,92,92,92,92,92,92,59433,7211,
305,92,92,92,92,92,92,92,92,92,92,92,92,92,92,92,92,92,92,92,12331,
306,92,92,92,92,92,92,92,92,92,92,92,92,92,92,92,92,92,92,45484,92,
307,92,92,92,92,92,92,92,92,92,92,92,92,92,92,92,92,92,92,92,41817,
308,92,92,92,92,92,92,92,92,92,92,92,92,92,92,92,92,92,92,92,47411,
309,92,92,92,92,92,92,92,92,92,92,92,92,92,92,92,92,92,92,92,11119,
310,92,92,92,92,92,92,92,92,92,92,92,92,92,92,92,92,92,92,24557,18789,
311,92,92,92,92,92,92,92,92,92,92,92,9275,92,92,92,92,92,92,92,92,
312,92,92,92,92,92,92,92,92,92,92,92,92,92,92,92,92,92,92,17581,41526,
313,92,92,92,92,92,92,92,92,92,12188,92,92,92,92,92,92,92,92,92,55525,
314,92,92,92,92,92,92,92,92,92,92,18808,92,10968,92,92,92,92,92,27781,15213,
315,92,92,92,92,92,92,92,92,92,92,92,92,92,92,92,92,92,92,55671,8081,
316,92,92,92,92,92,92,92,92,92,92,92,92,92,92,92,92,92,92,30756,18582,
317,92,92,92,92,92,92,92,92,92,92,92,92,92,92,92,92,92,92,92,92,
318,92,92,92,92,92,92,92,92,92,92,92,92,92,92,92,92,92,92,92,37596,
319,92,92,92,92,92,92,92,92,92,92,92,92,92,92,92,92,92,92,37136,30436,
320,92,92,92,92,92,92,92,92,92,92,92,92,92,92,92,92,92,92,13370,92,
321,92,92,92,92,92,92,92,92,92,92,92,92,92,92,92,92,92,92,49475,30736,
322,92,92,12225,92,92,92,10585,92,92,92,92,92,92,92,92,92,92,92,3681,51840,
323,92,92,92,92,92,92,92,92,92,92,92,92,92,92,92,92,92,92,5169,9402,
324,92,92,92,92,92,92,92,92,92,92,92,92,92,92,92,92,92,92,47648,92,
325,92,92,92,92,92,92,92,92,92,92,92,92,92,92,92,92,92,92,92,44062,
326,92,92,92,92,92,92,92,92,92,92,92,92,92,92,92,92,92,92,11907,40606,
327,92,92,92,92,92,92,92,92,92,92,92,92,92,92,92,92,92,92,22117,5709,
328,92,92,92,92,92,92,92,92,92,92,92,92,92,92,92,92,92,92,4039,92,
329,92,92,92,92,92,92,92,92,92,92,92,92,92,92,92,92,92,92,92,92,
330,92,92,92,92,92,92,92,92,92,92,92,92,92,92,92,92,92,92,42666,42927,
331,92,92,92,92,92,92,92,92,92,92,92,92,92,92,92,92,92,92,92,92,
332,92,92,92,92,92,92,92,92,92,92,92,92,92,92,92,92,92,92,92,92,
333,92,92,92,92,92,92,92,92,92,92,92,92,92,92,92,92,92,92,43399,11380,
334,92,92,92,92,92,92,92,92,92,92,92,92,92,92,92,92,92,92,92,32633,
335,92,92,92,92,92,92,92,92,92,92,92,92,92,92,92,92,92,92,92,22877,
336,92,92,92,92,92,92,92,92,92,92,92,92,92,92,92,8295,92,92,32667,92,
337,92,92,92,92,92,92,92,92,92,92,92,92,92,92,92,92,92,92,92,14721,
338,92,92,92,92,92,92,92,92,92,92,92,92,92,92,92,92,92,92,27071,10441,
339,92,92,92,92,92,92,92,92,92,92,92,92,92,92,92,92,92,92,6752,49012,
340,92,92,92,92,92,92,92,92,92,92,92,92,92,92,92,92,92,92,12750,92,
341,92,92,92,92,92,92,92,92,92,92,92,92,92,92,92,92,92,92,26530,12643,
342,92,92,92,92,92,92,92,92,92,92,92,92,92,92,92,92,92,92,92,17119,
343,92,92,92,92,92,92,92,92,92,92,92,92,92,92,92,92,92,92,3996,15847,
344,92,92,92,92,92,92,92,92,92,92,92,92,92,92,92,92,92,92,92,45002,
345,92,92,92,92,92,92,92,92,92,92,92,92,92,92,92,92,92,92,31464,12960,
346,92,92,92,92,92,92,92,92,92,92,92,92,92,92,92,92,92,92,3187,27362,
347,92,92,92,92,92,92,92,92,92,92,92,92,92,92,92,92,92,92,2500,38525,
348,92,92,92,92,92,92,92,92,92,92,92,92,92,92,92,92,92,92,22812,48936,
349,92,92,92,92,92,92,92,92,92,92,92,92,92,92,92,92,92,92,33557,47748,
350,92,92,92,92,92,92,92,92,92,92,92,92,92,92,92,92,92,92,14663,28897,
351,92,92,92,92,92,92,92,92,92,92,92,92,92,92,92,92,92,92,92,5404,
352,92,92,92,92,92,92,92,92,92,92,92,92,92,92,92,92,92,92,13883,40274,
353,92,92,92,92,92,92,92,92,92,92,92,92,92,92,92,92,92,92,92,1696,
354,92,92,92,92,92,92,92,92,92,92,92,92,92,92,92,92,92,92,21940,7612,
355,92,92,92,92,92,92,92,92,92,92,92,92,92,92,92,92,92,92,8684,7273,
356,92,92,92,92,92,92,92,92,92,92,92,92,92,92,92,92,92,92,1936,37162,
357,92,92,92,92,92,92,92,92,92,92,92,92,92,92,92,92,92,92,92,41248,
358,92,92,92,92,92,92,92,92,92,92,92,92,92,92,92,92,92,92,36526,92,
359,92,92,92,92,92,92,92,92,92,92,92,92,92,92,92,92,92,92,32262,17991,
360,92,92,92,92,92,92,92,92,92,92,92,92,92,92,92,92,92,92,24506,92,
361,92,92,92,92,92,92,92,92,92,92,92,92,92,92,92,92,92,92,23904,4542,
362,92,92,92,92,92,92,92,92,92,92,92,92,92,92,92,92,92,92,8690,92,
363,92,92,92,92,92,92,92,92,92,92,92,92,92,92,92,92,92,92,92,1964,
364,92,92,92,92,92,92,92,92,92,92,92,92,92,92,92,92,92,92,54393,92,
365,92,92,92,92,92,92,92,92,92,92,92,92,92,92,92,92,92,92,23311,92,
366,92,92,92,92,92,92,92,92,92,92,92,92,92,92,92,92,92,92,92,43350,
367,92,92,92,92,92,92,92,92,92,92,92,92,92,92,92,92,92,92,45686,53234,
368,92,92,92,92,92,92,92,92,92,92,92,92,92,92,92,92,92,92,17542,27844,
369,92,92,92,92,92,92,92,92,92,92,92,92,92,92,92,92,92,92,42459,8416,
370,92,92,92,92,92,92,92,92,92,92,92,92,92,92,92,92,92,92,4617,27199,
371,92,92,92,92,92,92,92,92,92,92,92,92,92,92,92,92,92,92,33247,30797,
372,92,92,92,92,92,92,92,92,92,92,92,92,92,92,92,92,92,92,92,37504,
373,92,92,92,92,92,92,92,92,92,92,92,92,92,92,92,92,92,92,92,2765,
374,92,92,92,92,92,92,92,92,92,92,92,92,92,92,92,92,92,92,1286,13113,
375,92,92,92,92,92,92,92,92,92,92,92,92,92,92,92,92,92,92,30176,7974,
376,92,92,92,92,92,378,92,92,92,92,92,92,92,92,92,92,92,92,47583,56803,
377,92,92,92,92,92,92,92,92,92,92,92,92,92,92,92,92,92,92,1146,18772,
378,92,92,92,92,92,92,92,92,92,92,92,92,92,92,92,92,92,92,18463,34575,
379,92,92,92,12075,92,92,92,92,92,92,92,92,92,92,92,92,92,92,7223,35590,
380,92,92,92,92,92,92,92,92,92,92,92,92,92,92,92,92,92,92,92,5351,
381,92,92,92,92,92,92,92,92,92,92,92,92,92,92,92,92,92,92,23389,92,
382,92,92,92,92,92,92,92,92,92,92,92,92,92,92,92,92,92,92,92,92,
383,92,92,92,92,92,92,92,92,92,92,92,92,92,92,92,92,92,92,39409,92,
384,92,92,92,92,92,92,92,92,92,92,92,92,92,92,92,92,92,92,92,22293,
385,92,92,92,92,92,92,92,92,92,92,92,92,92,92,92,92,92,92,13859,27661,
386,92,92,92,92,92,92,92,92,92,92,92,92,92,92,92,92,92,92,92,56610,
387,92,92,92,92,92,92,92,92,92,92,92,92,92,92,92,92,92,92,92,13231,
388,92,92,92,92,92,92,92,92,92,92,92,92,92,92,92,92,92,92,10069,16877,
389,92,92,92,92,92,92,92,92,92,92,92,92,92,92,92,92,92,92,22921,27221,
390,92,92,92,92,92,92,92,92,92,92,92,92,92,92,92,92,92,92,92,1656,
391,92,92,92,92,92,92,92,92,92,92,92,92,92,92,92,92,92,92,10648,22000,
392,92,92,92,92,92,92,92,92,92,92,92,92,92,92,92,92,92,92,35875,92,
393,92,92,92,92,92,92,92,92,92,92,92,92,92,92,92,92,92,92,4618,35163,
394,92,92,92,92,92,92,92,92,92,92,92,92,92,92,92,92,92,92,24103,92,
395,92,92,92,92,92,92,92,92,92,92,92,92,92,92,92,92,92,92,33731,48398,
396,92,92,92,92,92,8199,92,92,92,92,92,92,92,92,92,92,92,92,39643,92,
397,92,92,92,92,92,92,92,92,92,92,92,92,92,92,92,92,92,92,49393,12249,
398,92,92,92,92,92,92,92,92,92,92,92,92,92,92,92,92,92,92,33195,92,
399,92,92,92,92,92,92,92,92,92,92,92,92,92,92,92,92,92,92,92,43023,
400,92,92,92,92,92,92,92,92,92,92,92,92,92,92,92,92,92,92,1069,92,
401,92,92,92,92,92,92,92,92,92,92,92,92,92,92,92,92,92,92,25278,16275,
402,92,92,92,92,92,92,92,92,92,92,92,92,92,92,92,92,92,92,10130,43462,
403,92,92,92,92,92,92,92,92,92,92,92,92,92,92,92,92,92,92,92,29369,
404,92,92,92,92,92,92,92,92,92,92,92,92,92,92,92,92,92,92,22502,22075,
405,92,92,92,92,92,92,92,92,92,92,92,92,92,92,92,92,92,92,43105,20413,
406,92,92,92,92,92,92,92,92,92,92,92,92,92,92,92,92,92,92,55494,1305,
407,92,92,92,92,92,92,92,92,92,92,92,92,92,92,92,92,92,92,92,35383,
408,92,92,92,92,92,92,92,92,92,92,92,92,92,92,92,92,92,92,8527,92,
409,92,92,92,92,92,92,92,92,92,92,92,92,92,92,92,92,92,92,46663,24331,
410,92,92,92,92,92,92,92,92,92,92,92,92,92,92,92,92,92,92,31145,92,
411,92,92,92,92,92,92,92,92,92,92,92,92,92,92,92,92,92,92,2260,10502,
412,92,92,92,92,92,92,92,92,92,92,92,92,92,92,92,92,92,92,29431,12561,
413,92,92,92,92,92,92,92,92,92,92,92,92,92,92,92,92,92,92,24088,29482,
414,92,92,92,92,92,92,92,92,92,92,92,92,92,92,92,92,92,92,92,11197,
415,92,92,92,92,92,92,92,92,92,92,92,92,92,92,92,92,92,92,42729,92,
416,92,92,92,92,92,92,92,92,92,92,92,92,92,92,92,92,92,92,29304,44253,
417,92,92,92,92,92,92,92,92,92,92,92,92,92,92,92,92,92,92,92,28901,
418,92,92,92,92,92,92,92,92,92,92,92,92,92,92,92,92,92,92,9113,25136,
419,92,92,92,92,92,92,92,92,92,92,92,92,92,92,92,92,92,92,55984,14117,
420,92,92,92,92,92,92,92,92,92,92,92,92,92,92,92,92,92,92,23416,11375,
421,92,92,92,92,92,92,92,92,92,92,92,92,92,92,92,92,92,92,92,92,
422,92,92,92,92,92,92,92,92,92,92,92,92,92,92,92,92,92,92,27664,7281,
423,92,92,92,92,92,92,92,92,92,92,92,92,92,92,92,92,92,92,55826,29718,
424,92,92,92,92,92,92,92,92,92,92,92,92,92,92,92,92,92,92,19383,28865,
425,92,92,92,92,92,92,92,92,92,92,92,92,92,92,92,92,92,92,43152,18226,
426,92,92,92,92,92,92,92,92,92,92,92,92,92,92,92,92,92,92,10206,92,
427,92,92,92,92,92,92,92,92,92,92,92,92,92,92,92,92,92,92,30483,11492,
428,92,92,92,92,92,92,92,92,92,92,92,92,30483,92,92,92,92,92,37462,92,
429,92,92,92,92,92,92,92,92,92,92,92,92,92,92,92,92,92,92,35903,21345,
430,92,92,92,92,92,92,92,92,92,92,92,92,92,92,92,92,92,92,92,15109,
431,92,92,92,92,92,92,92,92,92,92,92,92,92,92,92,92,92,92,51434,21599,
432,92,92,92,92,92,92,92,92,92,92,92,92,92,92,92,92,92,92,92,49674,
433,92,92,92,92,92,92,92,92,92,92,92,92,92,92,92,92,92,92,36470,50737,
434,92,92,92,92,92,92,92,92,92,92,92,1517,92,92,92,92,92,92,92,5330,
435,92,92,92,92,92,92,92,92,92,92,92,92,92,92,92,92,92,92,4115,92,
436,92,92,92,92,92,92,92,92,92,92,92,92,92,92,92,92,92,92,23960,18837,
437,92,92,92,92,92,92,92,92,92,92,92,92,92,92,92,92,92,92,38455,92,
438,92,92,92,92,92,92,92,92,92,92,92,92,92,92,92,92,92,92,44336,22438,
439,92,92,92,92,92,92,92,92,92,92,92,92,92,92,92,92,92,92,30969,92,
440,92,92,92,92,92,92,92,92,92,92,92,92,92,92,92,92,92,92,27136,92,
441,92,92,92,92,92,92,92,92,92,92,92,92,92,92,92,92,92,92,9605,92,
442,92,92,92,92,92,92,92,92,92,92,92,92,92,92,92,92,92,92,19769,37413,
443,92,92,92,92,92,2213,92,92,92,92,92,92,92,92,92,92,92,92,384,36272,
444,92,92,92,92,92,92,92,92,92,92,92,92,92,92,92,92,92,92,22583,92,
445,92,92,92,92,92,92,92,92,92,92,92,92,92,92,92,92,92,92,43073,38146,
446,92,92,92,92,92,92,92,92,92,92,92,92,92,92,92,92,92,92,18517,23610,
447,92,92,92,92,92,92,92,92,92,92,92,92,92,92,92,92,92,92,20824,44224,
448,92,92,92,92,92,92,92,92,92,92,92,92,956,92,92,92,92,92,54091,4857,
449,92,92,92,92,92,92,92,92,92,92,92,92,92,92,92,92,92,92,22440,43440,
450,92,92,92,92,92,92,92,92,92,92,92,92,92,92,92,92,92,92,5055,11300,
451,92,92,92,92,92,92,92,92,92,92,92,92,92,92,92,92,92,92,5108,16569,
452,92,92,92,92,92,92,92,92,92,92,92,92,92,92,92,92,92,92,1393,37922,
453,92,92,92,92,92,92,92,92,92,92,92,92,92,92,92,92,92,92,27677,31531,
454,92,92,92,92,92,92,92,92,92,92,92,92,8578,92,92,92,92,92,2661,21322,
455,92,92,92,92,92,92,92,92,92,92,92,92,92,92,92,92,92,92,35385,92,
456,92,92,92,92,92,92,92,92,92,92,92,92,92,92,92,92,92,92,21166,92,
457,92,92,92,92,92,92,92,92,92,92,92,92,92,92,92,92,92,92,92,8216,
458,92,92,92,92,92,92,92,92,92,92,92,92,92,92,92,92,92,92,35710,3030,
459,92,92,92,92,92,92,92,92,92,92,92,92,92,92,92,92,92,92,2709,14548,
460,92,92,92,92,92,92,92,92,92,92,92,92,92,92,92,92,92,92,92,92,
461,92,92,92,92,92,92,92,92,92,92,92,92,92,92,92,92,92,92,92,9215,
462,92,92,92,92,92,92,92,92,92,92,92,92,92,92,92,92,92,92,16642,21489,
463,92,92,92,92,92,92,92,92,92,92,92,92,92,92,92,92,92,92,92,41788,
464,92,92,92,92,92,92,92,92,92,92,92,92,92,92,92,92,92,92,92,47696,
465,92,92,92,92,92,92,92,92,92,92,92,92,92,92,92,92,92,92,17530,26336,
466,92,92,92,92,92,92,92,92,92,92,92,92,92,92,92,92,92,92,92,92,
467,92,92,92,92,92,92,92,92,92,92,92,92,92,92,92,92,92,92,18633,25472,
468,92,92,92,92,92,92,92,92,92,92,92,92,92,92,92,92,92,92,92,33069,
469,92,92,92,92,92,92,92,92,92,92,92,92,92,92,92,92,92,92,31470,31819,
470,92,92,92,92,92,92,92,92,92,92,92,92,92,92,92,92,92,92,55324,13730,
471,92,92,92,92,92,92,92,92,92,92,92,92,92,92,92,92,92,92,92,17600,
472,92,92,92,92,92,92,92,92,92,92,92,92,92,92,92,92,92,92,92,17140,
473,92,92,92,92,92,92,92,92,92,92,92,92,92,92,92,92,92,92,92,25749,
474,92,92,92,92,92,92,92,92,92,92,92,92,92,92,92,92,92,92,24185,92,
475,92,92,92,92,92,92,92,92,92,92,92,92,92,92,92,92,92,92,44834,6285,
476,92,92,92,92,92,92,92,92,92,92,92,92,92,92,92,92,92,92,33109,92,
477,92,92,92,92,92,92,92,92,92,92,92,92,92,92,92,92,92,92,92,37337,
478,92,92,92,92,92,92,92,92,92,92,92,92,92,92,92,92,92,92,46587,92,
479,92,92,92,92,92,92,92,92,92,92,92,92,92,92,92,92,92,92,2594,56222,
480,92,92,92,92,92,92,92,92,92,92,92,92,92,92,92,92,92,92,92,5065,
481,92,92,92,92,92,92,92,92,92,92,92,92,92,92,92,92,92,92,16417,92,
482,92,92,92,92,92,92,92,92,92,92,92,92,92,92,92,92,92,92,10756,33068,
483,92,92,92,92,92,92,92,92,92,92,92,92,92,92,92,92,92,92,20718,7299,
484,92,92,92,92,92,92,92,92,92,92,92,92,92,92,92,92,92,92,10946,1334,
485,92,92,92,92,92,92,92,92,92,92,92,92,92,92,92,92,92,92,36254,43376,
486,92,92,92,92,92,92,92,92,92,92,92,92,92,92,92,92,92,92,49181,33542,
487,92,92,92,92,92,92,92,92,92,92,92,92,92,92,92,92,92,92,7337,45029,
488,92,92,92,92,92,92,92,92,92,92,92,92,92,92,92,92,92,92,29093,7261,
489,92,92,92,92,92,92,92,92,92,92,92,92,92,92,92,92,92,92,12827,37578,
490,92,92,92,92,92,92,92,92,92,92,92,92,92,92,92,92,92,92,6795,16467,
491,92,92,92,92,92,92,92,92,92,92,92,92,92,92,92,92,92,92,13853,10795,
492,92,92,92,92,92,92,92,92,92,92,92,92,92,92,92,92,92,92,18753,32280,
493,92,92,92,92,92,92,92,92,92,92,92,92,92,92,92,92,92,92,31874,51875,
494,92,92,92,92,92,92,92,92,92,92,92,92,92,92,92,92,92,92,38460,92,
495,92,92,92,92,92,92,92,92,92,92,92,92,92,92,92,92,92,92,29438,19090,
496,92,92,92,92,92,92,92,92,92,92,92,92,92,92,92,92,92,92,42641,92,
497,92,92,92,19594,92,92,92,92,92,92,92,92,92,92,92,92,92,92,27259,39366,
498,92,92,92,92,92,92,92,92,92,92,92,92,92,92,92,92,92,92,92,32026,
499,92,92,92,92,92,92,92,92,92,92,92,92,92,92,92,92,92,92,92,47362,
500,92,92,92,92,92,92,92,92,92,92,92,92,92,92,92,92,92,92,2521,19280,
501,92,92,92,92,92,92,92,92,92,92,92,92,92,92,92,92,92,92,24454,16557,
502,92,92,92,92,92,92,92,92,92,92,92,92,92,92,92,7122,92,92,33084,92,
503,92,92,92,92,92,92,92,92,92,92,92,92,92,92,92,92,92,92,92,92,
504,92,92,92,92,92,92,92,92,92,92,92,92,92,92,92,92,92,92,31521,6148,
505,92,92,92,92,92,92,92,92,92,92,92,92,92,92,92,92,92,92,12985,58315,
506,92,92,92,92,92,92,92,92,92,92,92,92,92,92,92,92,92,92,19120,8270,
507,92,92,92,92,92,92,92,92,92,92,92,92,92,92,92,92,92,92,92,92,
508,92,92,92,92,92,92,92,92,92,92,92,92,92,92,92,92,92,92,92,39158,
509,92,92,92,92,92,92,92,92,92,92,92,92,92,92,92,92,92,92,41411,92,
510,92,92,92,92,92,92,92,92,92,92,92,92,92,92,92,92,92,92,92,17931,
511,92,92,92,92,92,92,92,92,92,92,92,92,92,92,92,92,92,92,13623,860,
512,92,92,92,92,92,92,92,92,92,92,92,92,92,92,92,92,92,92,2227,92,
513,92,92,92,92,92,92,92,92,92,92,92,92,92,92,92,92,92,92,3389,22470,
514,92,92,92,92,92,92,92,92,92,92,92,92,92,92,92,92,92,92,12749,14792,
515,92,92,92,92,92,92,92,92,92,92,92,92,92,92,92,92,92,92,26701,92,
516,92,92,92,92,92,92,92,92,92,92,92,92,92,92,92,92,92,92,92,5578,
517,92,92,92,92,92,92,92,92,92,92,92,92,92,92,92,92,92,92,59801,29241,
518,92,92,92,92,92,92,92,92,92,92,92,92,92,92,92,92,92,92,92,43687,
519,92,92,92,92,92,92,92,92,92,92,92,92,92,92,92,92,92,92,13865,20512,
520,92,92,92,92,92,92,92,92,92,92,92,92,92,92,92,92,92,92,37528,32493,
521,92,92,92,92,92,92,92,92,92,92,92,92,92,92,92,92,92,92,3409,38569,
522,92,92,92,92,92,92,92,92,92,92,92,92,92,92,92,92,92,92,25105,23723,
523,92,92,92,92,92,92,92,92,92,92,92,92,92,92,92,92,92,22065,92,92,
524,92,92,92,92,92,92,92,92,92,92,92,92,92,92,92,92,92,92,20979,92,
525,92,92,92,92,92,92,92,92,92,92,92,92,92,92,92,92,92,92,28379,92,
526,92,92,92,92,92,92,92,92,92,92,92,92,92,92,92,92,92,92,92,53958,
527,92,92,92,92,92,92,92,92,92,92,92,92,92,92,92,92,92,92,20755,31143,
528,92,92,92,92,92,92,92,92,92,92,92,92,92,92,92,92,92,92,1516,25722,
529,92,92,92,92,92,92,92,92,92,92,92,92,92,92,92,92,92,92,8407,51936,
530,92,92,92,92,92,92,92,92,92,92,92,92,92,92,92,92,92,92,55625,92,
531,92,92,92,92,92,92,92,92,92,92,92,92,92,92,92,92,92,92,30487,92,
532,92,92,92,92,92,92,92,92,92,92,92,92,92,92,92,92,92,92,92,92,
533,92,92,92,92,92,92,92,92,92,92,92,92,92,92,92,92,92,92,92,92,
534,92,92,92,92,92,92,92,92,92,92,92,92,92,92,92,92,92,92,38717,92,
535,92,92,92,92,92,92,92,92,92,92,92,92,92,92,92,92,92,92,38899,10816,
536,92,92,92,92,92,92,92,92,92,92,92,92,92,92,92,92,92,92,42449,2059,
537,92,92,92,92,92,92,92,92,92,92,92,92,92,92,92,92,92,92,92,18632,
538,92,92,92,92,92,92,92,92,92,92,92,92,92,92,92,92,92,92,33572,52167,
539,92,92,92,92,92,92,92,92,92,92,92,92,92,92,92,92,92,92,92,92,
540,92,92,92,92,92,92,92,92,92,92,92,92,92,92,92,92,92,92,24515,12492,
541,92,92,92,92,92,92,92,92,92,92,92,92,92,92,92,92,92,92,47373,31120,
542,92,92,92,92,92,92,92,92,92,92,92,92,92,92,92,92,92,92,6020,6098,
543,92,92,92,92,92,92,92,92,92,92,92,92,92,92,92,92,92,92,19070,27440,
544,92,92,92,92,92,92,92,92,92,92,92,92,92,92,92,92,92,92,92,12587,
545,92,92,92,92,92,92,92,92,92,92,92,92,92,92,92,92,92,92,34366,42200,
546,92,92,92,92,92,92,92,92,92,92,92,92,92,92,92,92,92,92,25333,29173,
547,92,92,92,92,92,92,92,92,92,92,92,92,92,92,92,92,92,92,92,1478,
548,92,92,92,92,92,92,92,92,92,92,92,92,92,92,92,92,92,92,26819,92,
549,92,92,92,92,92,92,92,92,92,92,92,92,92,92,92,92,92,92,18947,7357,
550,92,92,92,92,92,92,92,92,92,92,92,92,92,92,92,92,92,92,21154,16455,
551,92,92,92,92,92,92,92,92,92,92,92,92,92,92,92,92,92,92,92,36498,
552,92,92,92,92,92,92,92,92,92,92,92,92,92,92,92,92,92,92,4714,18857,
553,92,92,92,92,92,92,92,92,92,92,92,92,92,92,92,92,92,92,20620,92,
554,92,92,92,92,92,92,92,92,92,92,92,92,92,92,92,92,92,92,45322,92,
555,92,92,92,92,92,92,92,92,92,92,92,92,92,92,92,8469,92,92,2963,23712,
556,92,92,92,92,92,92,92,92,92,92,92,92,92,92,92,787,92,92,19897,56164,
557,92,92,92,92,92,92,92,92,92,92,92,92,92,92,92,92,92,92,37390,19695,
558,92,92,92,92,92,92,92,92,92,92,92,92,92,92,92,92,92,92,42858,23386,
559,92,92,92,92,92,92,92,92,92,92,92,92,92,92,92,92,92,92,28579,52351,
560,92,92,92,92,92,92,92,92,92,92,92,92,92,92,92,92,92,92,92,92,
561,92,92,92,92,92,92,92,92,92,92,92,92,92,92,92,92,92,92,47490,22827,
562,92,92,92,92,92,92,92,92,92,92,92,92,92,92,92,2649,92,92,33361,1267,
563,92,92,92,92,92,92,92,92,92,92,92,92,92,92,92,92,92,92,92,8325,
564,92,92,92,92,92,92,92,92,92,92,92,92,92,92,92,92,92,92,36826,33095,
565,92,92,92,92,92,92,92,92,92,92,92,92,92,92,92,92,92,92,92,92,
566,92,92,92,92,92,92,92,92,92,92,92,92,92,92,92,92,92,92,92,41891,
567,92,92,92,92,92,92,92,92,92,92,92,92,92,92,92,92,92,92,39782,41972,
568,92,92,92,92,92,92,92,92,92,92,92,92,92,92,92,92,92,92,20977,92,
569,92,92,92,92,92,92,92,92,92,92,92,92,92,92,92,92,92,92,92,46294,
570,92,92,92,92,92,92,92,92,92,92,92,92,92,92,92,92,92,92,34020,17536,
571,92,92,92,92,92,92,92,92,92,92,92,92,92,92,92,92,92,92,42219,30526,
572,92,92,92,92,92,92,92,92,92,92,92,92,92,92,92,92,92,92,30661,92,
573,92,92,92,92,92,92,92,92,92,92,92,92,92,92,92,92,92,92,92,4640,
574,92,92,92,92,92,92,92,92,92,92,92,92,92,92,92,92,92,92,92,50893,
575,92,92,92,92,92,92,92,92,92,92,92,92,92,92,92,92,92,92,23765,39842,
576,92,92,92,92,92,92,92,92,92,92,92,92,92,92,92,92,92,92,92,92,
577,92,92,92,92,92,92,92,92,92,92,92,92,92,92,92,92,92,92,11703,92,
578,92,92,92,92,92,92,92,92,92,92,92,92,92,92,92,92,92,92,37410,92,
579,92,92,92,92,92,92,92,92,92,92,92,92,92,92,92,92,92,92,36692,6432,
580,92,92,92,92,92,92,92,92,92,92,92,92,92,92,92,92,92,92,92,92,
581,92,92,92,92,92,92,92,92,92,92,92,92,92,92,92,92,92,92,40008,52435,
582,92,92,92,92,92,92,92,92,92,6353,92,92,92,92,92,92,92,92,16850,34936,
583,92,92,92,92,92,92,92,92,92,92,92,92,92,92,92,92,92,92,8577,20718,
584,92,92,92,92,92,92,92,92,92,92,92,92,92,92,92,92,92,92,32313,29786,
585,92,92,92,92,92,92,16170,92,12480,16170,92,92,92,92,92,92,92,92,92,42623,
586,92,92,92,92,92,92,92,92,92,92,92,92,92,92,92,92,92,92,92,92,
587,92,92,92,92,92,92,92,92,92,92,92,92,92,92,92,92,92,92,92,25488,
588,92,92,92,92,92,92,92,92,92,92,92,92,92,92,92,92,92,92,92,36189,
589,92,92,92,92,92,92,92,92,92,92,92,92,92,92,92,92,92,92,11368,6371,
590,92,92,92,92,92,92,92,92,92,92,92,92,92,92,92,92,92,92,92,92,
591,92,92,92,92,92,92,92,92,92,92,92,92,92,92,92,92,92,92,92,20082,
592,92,92,92,92,92,92,92,92,92,92,92,92,92,92,92,92,92,92,92,58408,
593,92,92,92,92,92,92,92,92,92,92,92,92,92,92,92,92,92,92,40538,16652,
594,92,92,92,92,92,92,92,92,92,92,92,92,92,92,92,92,92,92,19040,92,
595,92,92,92,92,92,92,92,92,92,92,92,92,92,92,92,92,92,92,35195,92,
596,92,92,92,92,92,92,92,92,92,92,92,92,92,92,92,92,92,92,92,25341,
597,92,92,92,92,92,92,92,92,92,92,92,92,92,92,92,92,92,92,39993,37498,
598,92,92,92,92,92,92,92,92,92,92,92,92,92,92,92,92,92,92,11765,18915,
599,92,92,92,92,92,92,92,92,92,92,92,92,92,92,92,92,92,92,20994,92,
600,92,92,92,92,92,92,92,92,92,92,92,92,92,92,92,92,92,92,92,41282,
601,92,92,92,92,92,92,92,92,92,92,92,92,92,92,92,92,92,92,15572,30889,
602,92,92,92,92,92,92,92,92,92,92,92,92,92,92,92,92,92,92,40982,92,
603,92,92,92,92,92,92,92,92,92,92,92,92,92,92,92,92,92,92,35013,36307,
604,92,92,92,92,92,92,92,92,92,92,92,92,92,92,92,92,92,92,92,1500,
605,92,92,92,92,92,92,92,92,92,92,92,92,92,92,92,92,92,92,92,11527,
606,92,92,92,92,92,92,92,92,92,92,92,92,92,92,92,92,92,92,27942,37149,
607,92,92,92,92,92,92,92,92,92,92,92,92,92,92,92,92,92,92,27775,17367,
608,92,92,92,92,92,92,92,92,92,92,92,92,92,92,92,92,92,92,19269,3802,
609,92,92,92,92,92,92,92,92,92,92,92,92,92,92,92,92,92,92,44842,2774,
610,92,92,92,92,92,92,92,92,92,92,92,92,92,92,92,92,92,92,33905,92,
611,92,92,92,92,92,92,92,92,92,92,92,92,92,92,92,92,92,92,1594,92,
612,92,92,92,92,92,92,92,92,92,92,92,92,92,92,92,92,92,92,17888,92,
613,92,92,92,92,92,92,92,92,92,92,92,92,92,92,92,92,92,92,47615,18943,
614,92,92,92,92,92,92,92,92,92,92,92,92,92,92,92,92,92,92,842,10426,
615,92,92,92,92,92,92,92,92,92,92,92,92,92,92,92,92,92,92,29731,21241,
616,92,92,92,92,92,92,92,92,92,92,92,92,92,92,92,92,92,92,13044,40906,
617,92,92,92,92,92,92,92,92,92,92,92,92,92,92,92,92,92,92,58640,24338,
618,92,92,92,92,92,92,92,92,92,92,92,92,92,92,92,92,92,92,24813,92,
619,92,92,92,92,92,92,92,92,92,92,92,92,92,92,92,92,92,92,23370,92,
620,92,92,92,92,92,92,92,92,92,92,92,92,92,92,92,92,92,92,43429,31915,
621,92,92,92,92,92,92,92,92,92,92,92,92,92,92,92,92,92,92,92,34247,
622,92,92,92,92,92,92,92,92,92,92,92,92,92,92,92,92,92,92,46014,92,
623,92,92,92,92,92,92,92,92,92,92,92,92,92,92,92,92,92,92,5772,40226,
624,92,92,92,92,92,92,92,92,92,92,92,92,92,92,92,92,92,92,30600,6728,
625,92,92,92,92,92,92,92,92,92,92,92,92,92,92,92,92,92,92,19508,56923,
626,92,92,92,92,92,92,92,92,92,92,92,92,92,92,92,92,92,92,9277,52555,
627,92,92,92,92,92,92,92,92,92,92,92,92,92,92,92,92,92,92,92,6771,
628,92,92,92,92,92,92,92,92,92,92,92,92,92,92,92,92,92,92,15104,34831,
629,92,92,92,92,92,92,92,92,92,92,92,92,92,92,92,92,92,92,22907,51181,
630,92,92,92,92,92,92,92,92,92,92,92,92,92,92,92,92,92,92,14124,35894,
631,92,92,92,92,92,92,92,92,92,92,92,92,92,92,92,92,92,92,26365,26179,
632,92,92,92,92,92,92,92,92,92,92,92,92,92,92,92,92,92,92,5162,92,
633,92,92,92,92,92,92,92,92,92,92,92,92,92,92,92,92,92,92,12634,46914,
634,92,92,92,92,92,92,92,92,92,92,92,92,92,92,92,92,92,92,10454,37947,
635,92,92,92,92,92,92,92,92,92,92,92,92,92,92,92,92,92,92,43762,34092,
636,92,92,92,16132,92,92,92,92,92,92,92,92,92,92,92,92,92,92,57770,92,
637,92,92,92,5052,92,5052,92,92,92,92,92,92,92,92,92,92,92,92,19506,34258,
638,92,92,92,92,92,92,92,92,92,92,92,92,92,92,92,92,92,92,6101,92,
639,92,92,92,92,92,92,92,92,92,92,92,92,92,92,92,92,92,92,92,92,
640,92,92,92,92,92,92,92,92,92,92,92,92,92,92,92,92,92,92,92,5689,
641,92,92,92,92,92,92,92,92,92,92,92,92,92,92,92,92,92,92,92,41740,
642,92,92,92,92,92,92,92,92,92,92,92,92,92,92,92,92,92,92,92,92,
643,92,92,92,92,92,92,92,92,92,92,92,92,92,92,92,92,92,92,26352,17405,
644,92,92,92,92,92,92,92,92,92,92,92,92,92,92,92,92,92,92,41250,44487,
645,92,92,92,92,92,92,92,92,92,92,92,92,92,92,92,92,92,92,92,19773,
646,92,92,92,92,92,92,92,92,92,92,92,92,92,92,92,92,92,92,54755,28637,
647,92,92,92,92,92,92,92,92,92,92,92,92,92,92,92,92,92,92,24383,27611,
648,92,92,92,92,92,92,92,92,92,92,92,92,92,92,92,92,92,92,57920,30611,
649,92,92,92,92,92,92,92,92,92,92,92,92,92,92,92,92,92,92,49133,19517,
650,92,92,92,92,92,92,92,92,92,92,92,92,92,92,92,92,92,92,46175,43410,
651,92,92,92,92,92,92,92,92,92,92,92,92,92,92,92,92,92,92,4387,3234,
652,92,92,92,92,92,92,92,92,92,92,92,92,92,92,92,92,92,92,92,53576,
653,92,92,92,92,92,92,92,92,92,92,92,92,92,92,92,92,92,92,92,21751,
654,92,92,92,92,92,92,92,92,92,92,92,92,92,92,92,92,92,92,1065,16388,
655,92,92,92,92,92,92,92,92,92,92,92,92,92,92,92,92,92,92,92,31021,
656,92,92,92,92,92,92,92,92,92,92,92,92,92,92,92,92,92,92,4556,140,
657,92,92,92,92,92,92,92,92,92,92,92,92,92,92,92,92,92,92,51528,39839,
658,92,92,92,92,92,92,92,92,92,92,92,92,92,92,92,92,92,92,29193,92,
659,92,92,92,92,92,92,92,92,92,92,92,92,92,92,92,92,92,92,47571,26044,
660,92,92,92,92,92,92,92,92,92,92,92,92,92,92,92,92,92,92,7999,20192,
661,92,92,92,92,92,92,92,92,92,92,92,92,92,92,92,92,92,92,34193,22539,
662,92,92,92,92,92,92,92,92,92,92,92,92,92,92,92,92,92,92,29731,29040,
663,92,92,92,92,92,92,92,92,92,92,92,92,92,92,92,92,92,92,3017,22577,
664,92,92,92,92,92,92,92,92,92,92,92,92,92,92,92,92,92,92,92,44458,
665,92,92,92,92,92,92,92,92,92,92,92,92,92,92,92,92,92,92,43866,92,
666,92,92,92,92,92,92,92,92,92,92,92,92,92,92,92,92,92,92,32425,7936,
667,92,92,92,92,92,92,92,92,92,92,92,92,92,92,92,92,92,92,92,18133,
668,92,92,92,92,92,92,92,92,92,92,92,92,92,92,92,92,92,92,40462,19618,
669,92,92,92,92,92,92,92,92,92,92,92,92,92,92,92,92,92,92,92,17732,
670,92,92,92,92,92,92,92,92,92,92,92,92,92,92,92,92,92,92,8647,92,
671,92,92,92,92,92,92,92,92,92,92,92,92,92,92,92,92,92,92,19954,32923,
672,92,92,92,92,92,92,92,92,92,92,92,92,92,92,92,92,92,92,11704,92,
673,92,92,92,92,92,92,92,92,92,92,92,92,92,92,92,92,92,92,12251,92,
674,92,92,92,92,92,92,92,92,92,92,92,92,92,92,92,92,92,92,3589,1850,
675,92,92,92,92,92,92,92,92,92,92,92,92,92,92,92,92,92,92,4329,92,
676,92,92,92,92,92,92,92,92,92,92,92,92,92,92,92,92,92,92,51985,6342,
677,92,92,92,92,92,92,92,92,92,92,92,92,92,92,92,92,92,92,92,20999,
678,92,92,92,92,92,92,92,92,92,92,92,92,92,92,92,92,92,92,92,2460,
679,92,92,92,92,92,92,92,92,92,92,92,92,92,92,92,92,92,92,25307,32538,
680,92,92,92,92,92,92,92,92,92,92,92,92,92,92,92,92,92,92,24077,9622,
681,92,92,92,92,92,92,92,92,92,92,92,92,92,92,92,92,92,92,36671,19658,
682,92,92,92,92,92,92,92,92,92,92,92,92,92,92,92,92,92,92,92,34068,
683,92,92,92,92,92,92,92,92,92,92,92,92,92,92,92,92,92,92,92,2652,
684,92,92,92,92,92,92,92,92,92,92,92,92,92,92,92,92,92,92,92,47064,
685,92,92,92,92,92,92,92,92,92,92,92,92,92,92,92,92,92,92,31799,51613,
686,92,92,92,92,92,92,92,92,92,92,92,92,92,92,92,92,92,92,92,92,
687,92,92,92,92,92,92,92,92,92,92,92,92,92,92,92,92,92,92,1603,22583,
688,92,92,92,92,92,92,92,92,92,92,92,92,92,92,92,92,92,92,34344,17562,
689,92,92,92,92,92,92,92,92,92,92,92,92,92,92,92,92,92,92,45573,4943,
690,92,92,92,92,92,92,92,92,92,92,92,92,92,92,92,92,92,92,92,26304,
691,92,92,92,92,92,92,92,92,92,92,92,92,92,92,92,92,92,92,26341,42524,
692,92,92,8638,92,92,92,92,92,92,92,92,92,92,92,92,92,92,92,20244,31356,
693,92,92,92,92,92,92,92,92,92,92,92,92,92,92,92,92,92,92,92,92,
694,92,92,92,92,92,92,92,92,92,92,92,92,92,92,92,92,92,92,92,12998,
695,92,92,92,92,92,92,92,92,92,92,92,92,92,92,92,92,92,92,92,92,
696,92,92,92,92,92,92,92,92,92,92,92,92,92,92,92,92,92,92,7316,8532,
697,92,92,92,92,92,92,92,92,92,92,92,92,92,92,92,92,92,92,3518,39853,
698,92,92,92,92,92,92,92,92,92,92,92,92,92,92,92,92,92,92,24057,92,
699,92,92,92,92,92,92,92,92,92,92,92,92,92,92,92,92,92,11397,23052,18053,
700,92,92,92,92,92,92,92,92,92,92,92,92,92,92,92,92,92,92,21468,92,
701,92,92,92,92,92,92,92,92,92,92,92,92,92,92,92,92,92,92,13149,40632,
702,92,92,92,92,92,92,92,92,92,92,92,92,92,92,92,92,92,92,10600,1044,
703,92,92,92,92,92,92,92,92,92,92,92,92,92,92,92,92,92,92,33335,47027,
704,92,92,92,92,92,92,92,92,92,92,92,92,92,92,92,92,92,92,10796,92,
705,92,92,92,92,92,92,92,92,92,92,92,92,92,92,92,92,92,92,92,8772,
706,92,92,92,92,92,92,92,92,92,92,92,92,92,92,92,92,92,92,31506,92,
707,92,92,92,92,92,92,92,92,92,92,92,92,92,92,92,92,92,92,2965,52195,
708,92,92,92,92,92,92,92,92,92,92,92,92,92,92,92,92,92,92,9485,5384,
709,92,92,92,92,92,92,92,92,92,92,92,92,92,92,92,92,92,92,38606,92,
710,92,92,92,92,92,92,92,92,92,92,92,92,92,92,92,92,92,92,22160,10729,
711,92,92,92,92,92,92,92,92,92,92,92,92,92,92,92,92,92,92,92,7236,
712,92,92,92,92,92,92,92,92,92,92,92,92,92,92,92,92,92,92,3310,92,
713,92,92,92,92,92,92,92,92,92,92,92,92,92,92,92,92,92,92,36045,42503,
714,92,92,92,92,92,92,92,92,92,92,92,92,92,92,92,92,92,92,27226,6609,
715,92,92,92,92,92,92,92,92,92,92,92,92,92,92,92,92,92,92,92,25722,
716,92,92,92,92,92,92,92,92,92,92,92,92,92,92,92,92,92,92,51607,45378,
717,92,92,92,92,92,92,92,92,92,92,92,92,92,92,92,92,92,92,15064,19489,
718,92,92,92,92,92,92,92,92,92,92,92,92,92,92,92,92,92,92,34822,21625,
719,92,92,92,92,92,92,92,92,92,92,92,92,92,92,92,92,92,92,19007,18024,
720,92,92,92,92,92,92,92,92,92,92,92,92,92,92,92,92,92,92,45811,31073,
721,92,92,92,92,92,92,92,92,92,92,92,92,92,92,92,92,92,92,92,40479,
722,92,92,92,92,92,92,92,92,92,92,92,92,92,92,92,92,92,92,92,33719,
723,92,92,92,92,92,92,92,92,92,92,92,92,92,92,92,92,92,92,27737,11160,
724,92,92,92,92,92,92,92,92,92,92,92,92,92,92,92,92,92,92,50724,26087,
725,92,92,92,92,92,92,92,92,92,92,92,92,92,92,92,92,92,92,6524,3395,
726,92,92,92,92,92,92,92,92,92,92,92,92,92,92,92,92,92,92,92,45814,
727,92,92,92,92,92,92,92,92,92,92,92,92,92,92,92,92,92,92,29863,30482,
728,92,92,92,92,92,92,92,92,92,92,92,92,92,92,92,92,92,92,30263,92,
729,92,92,92,92,92,92,92,92,92,92,92,92,92,92,92,92,92,92,92,92,
730,92,92,92,92,92,92,92,92,92,92,92,92,92,92,92,92,92,92,48081,7071,
731,92,92,92,92,92,92,92,92,92,92,92,92,92,92,92,92,92,92,3787,31341,
732,92,92,92,92,92,92,92,92,92,92,92,92,92,92,92,92,92,92,17855,14944,
733,92,92,92,92,92,92,92,92,92,92,92,92,92,92,92,92,92,92,18620,92,
734,92,92,92,92,92,92,92,92,92,92,92,92,92,92,92,92,92,92,92,16747,
735,92,92,92,92,92,92,92,92,92,92,92,92,92,92,92,92,92,92,13223,42122,
736,92,92,92,92,92,92,92,6072,92,92,92,92,92,92,92,92,92,92,20440,33495,
737,92,92,92,92,92,92,92,92,92,92,92,92,1473,92,92,92,92,92,34453,37757,
738,92,92,92,92,92,92,92,92,92,92,92,92,92,92,92,92,92,92,12021,45995,
739,92,92,92,92,92,92,92,92,92,92,92,92,92,92,92,92,92,92,1519,785,
740,92,92,92,92,92,92,92,92,92,92,92,92,92,92,92,92,92,92,21112,13198,
741,92,92,92,92,92,92,92,92,92,92,92,92,92,92,92,92,92,92,29141,48153,
742,92,92,92,92,92,92,92,92,92,92,92,92,92,92,92,92,92,92,29599,35880,
743,92,92,92,92,92,92,92,92,92,92,92,92,92,92,92,92,92,92,54289,92,
744,92,92,92,92,92,92,92,92,92,92,92,92,92,92,92,92,92,92,92,12483,
745,92,92,92,92,92,92,92,92,92,92,92,92,92,92,92,92,92,92,8818,48059,
746,92,92,92,92,92,92,92,92,92,92,92,92,92,92,92,92,92,92,4687,576,
747,92,92,92,92,92,92,92,92,92,92,92,92,92,92,92,92,92,92,53851,92,
748,92,92,92,92,92,92,92,92,92,92,92,92,92,92,92,92,92,92,50294,92,
749,92,92,92,92,92,92,92,92,92,14426,92,92,92,92,92,92,92,92,20962,92,
750,92,92,92,92,92,92,92,92,92,92,92,92,92,92,92,92,92,92,11392,92,
751,92,92,92,92,92,92,92,92,92,92,92,92,92,92,92,92,92,92,6859,13135,
752,92,92,92,92,92,92,92,92,92,92,92,92,92,92,92,92,92,92,35296,92,
753,92,92,92,92,92,92,92,92,92,92,92,92,92,92,92,92,92,92,51105,3909,
754,92,92,92,92,92,92,92,92,92,92,92,92,92,92,92,92,92,92,5142,92,
755,92,92,92,92,92,92,92,92,92,92,92,92,92,92,92,92,92,92,43038,56666,
756,92,92,92,92,92,92,92,92,92,92,92,92,92,92,92,92,92,92,24402,92,
757,92,92,92,92,92,92,92,92,92,92,92,92,92,92,92,92,92,92,92,20332,
758,92,92,92,92,92,92,92,92,92,92,92,92,92,92,92,92,92,92,9509,8658,
759,92,92,92,92,92,92,92,92,92,92,92,92,92,92,92,92,92,92,17623,92,
760,92,92,92,92,92,92,92,92,92,92,92,92,92,92,92,92,92,92,38482,35843,
761,92,92,92,92,92,92,92,92,92,92,92,92,92,92,92,92,92,92,49747,5570,
762,92,92,92,92,92,92,92,92,92,92,11667,92,92,92,92,92,92,92,26721,92,
763,92,92,92,92,92,92,92,92,92,92,92,92,92,92,92,92,92,92,17159,24402,
764,92,92,92,92,92,92,92,92,92,92,92,92,92,92,92,92,92,92,30915,10783,
765,92,92,92,92,92,92,92,92,92,92,92,92,92,92,92,92,92,92,92,3143,
766,92,92,92,92,92,92,92,92,92,92,92,92,92,92,92,92,92,92,12645,41737,
767,92,92,92,92,92,92,92,92,92,92,92,92,92,92,92,92,92,92,2263,36986,
768,92,92,92,92,92,92,92,12561,92,92,92,92,92,92,92,92,92,92,31677,92,
769,92,92,92,92,92,92,92,92,92,92,92,92,92,92,92,92,92,92,1761,34490,
770,92,92,92,92,92,92,92,92,92,92,92,92,92,92,92,92,92,92,31506,35126,
771,92,92,92,92,92,92,92,92,92,92,92,92,92,92,92,92,92,92,17021,43823,
772,92,92,92,92,92,92,92,92,92,92,92,92,92,92,92,92,92,92,18335,46816,
773,92,92,92,92,92,92,92,92,92,92,92,92,92,92,92,92,92,92,14087,36150,
774,92,92,92,92,92,92,92,92,92,92,92,92,92,92,92,92,92,92,42337,3837,
775,92,92,92,92,92,92,92,92,92,92,92,92,92,92,92,92,92,92,92,41416,
776,92,92,92,92,92,92,92,92,92,92,92,92,92,92,92,92,92,92,92,15301,
777,92,92,92,92,92,92,92,92,92,92,92,92,92,92,92,92,92,92,92,92,
778,92,92,92,92,92,92,92,92,92,92,92,92,92,92,92,92,92,92,19989,29890,
779,92,92,92,92,92,92,92,92,92,92,92,92,92,92,92,92,92,92,32912,92,
780,92,92,92,92,92,92,92,92,92,92,92,92,92,92,92,92,92,92,12710,54958,
781,92,92,92,92,92,92,11439,92,92,92,92,92,92,92,92,92,92,92,742,43897,
782,92,92,92,92,92,92,92,92,92,92,92,92,92,92,92,92,92,92,20210,53784,
783,92,92,92,92,92,92,92,92,92,92,23987,92,92,92,92,92,92,92,92,28408,
784,92,92,92,92,92,92,92,92,92,92,92,92,92,6101,92,92,92,92,29274,16333,
785,92,92,92,92,92,92,92,92,92,92,92,92,92,92,92,92,92,92,43578,26600,
786,92,92,92,92,92,92,92,92,92,92,92,92,92,92,92,92,92,92,92,28377,
787,92,92,92,92,92,92,92,92,92,92,92,92,92,92,92,92,92,92,50455,92,
788,92,92,92,92,92,92,92,92,92,92,92,92,92,92,92,92,92,92,8114,39917,
789,92,92,92,92,92,92,92,92,92,92,92,92,92,92,92,92,92,92,92,15526,
790,92,92,92,92,92,92,92,92,92,92,92,92,92,92,92,92,92,92,92,23633,
791,92,92,92,92,92,92,92,92,92,92,92,92,92,92,92,92,92,92,22353,92,
792,92,92,92,92,92,92,92,92,92,92,92,92,92,92,92,92,92,92,92,92,
793,92,92,92,92,92,92,92,92,92,92,92,92,92,92,92,92,92,92,5071,41876,
794,92,92,92,92,92,92,92,92,92,92,92,92,92,92,92,92,92,92,28806,20354,
795,92,92,13438,92,92,92,92,6134,92,92,92,92,92,92,92,92,92,92,34363,2575,
796,92,92,92,92,92,92,92,92,92,92,92,92,92,92,92,92,92,92,23152,92,
797,92,92,92,92,92,92,92,92,92,92,92,92,92,92,92,92,92,92,48322,21685,
798,92,92,92,92,92,92,92,92,92,92,92,10668,92,92,92,92,92,92,44635,7603,
799,92,92,92,92,92,92,92,92,92,92,92,92,92,92,92,92,92,92,36181,2183,
800,92,92,92,92,92,92,92,92,92,92,92,92,92,92,92,92,92,92,40502,18825,
801,92,92,92,92,92,92,92,92,92,92,92,92,92,92,92,92,92,92,15575,36154,
802,92,92,92,92,92,92,92,92,92,92,92,92,92,92,92,92,92,92,22114,21338,
803,92,92,92,92,92,92,92,92,92,92,92,92,92,92,92,92,92,92,33689,25271,
804,92,92,92,92,92,92,92,92,92,92,92,92,92,92,92,92,92,92,92,24247,
805,92,92,92,92,92,92,92,92,92,92,92,92,92,92,92,92,92,92,24647,16858,
806,92,92,92,92,92,92,92,92,92,92,92,92,92,92,92,92,92,92,38197,41529,
807,92,92,92,92,92,92,92,92,92,92,92,92,92,92,92,92,92,92,17524,92,
808,92,92,92,92,92,92,92,92,92,92,92,92,92,92,92,92,92,92,37406,23713,
809,92,92,92,92,92,92,92,92,92,92,92,92,92,92,92,92,92,92,92,17672,
810,92,92,92,92,92,92,92,92,92,92,92,92,92,92,92,92,92,92,41159,92,
811,92,92,92,92,92,92,92,92,92,92,92,92,92,92,92,92,92,92,92,236,
812,92,92,92,92,92,92,92,92,92,92,92,92,92,92,92,92,92,92,31222,17831,
813,92,92,92,92,92,92,92,92,92,92,92,92,92,92,92,92,92,92,26821,92,
814,92,92,92,92,92,92,92,92,92,92,92,92,92,92,92,92,92,92,2459,41302,
815,92,92,92,92,92,92,92,92,92,92,92,92,92,92,92,92,92,92,92,23668,
816,92,92,92,92,92,92,92,92,92,92,92,92,92,92,92,92,92,92,37613,92,
817,92,92,92,92,92,92,92,92,92,92,92,92,92,92,92,92,92,92,13341,18497,
818,92,92,92,92,92,92,92,92,92,92,92,92,92,92,92,92,92,92,10417,34216,
819,92,92,92,92,92,92,92,92,92,92,92,92,92,92,92,92,92,92,6776,11217,
820,92,92,92,92,92,92,92,92,92,92,92,92,92,92,92,92,92,92,92,92,
821,92,92,92,92,92,92,92,92,92,92,92,92,92,92,92,92,92,92,31309,24554,
822,92,92,92,92,92,92,92,92,92,92,92,92,92,92,92,92,92,92,9516,12564,
823,92,92,92,92,92,92,92,92,92,92,92,92,92,92,92,92,92,92,37281,92,
824,92,92,92,92,92,92,92,92,92,92,92,92,92,92,92,92,92,92,92,48103,
825,92,92,92,92,92,92,92,92,92,92,92,92,92,92,92,92,92,92,17819,9040,
826,92,92,92,92,92,92,92,92,92,92,92,92,92,92,92,92,92,92,13881,92,
827,92,92,92,92,92,92,92,92,92,92,92,92,92,92,92,92,92,92,92,100,
828,92,92,92,92,92,92,92,92,92,92,92,92,92,92,92,92,92,92,45675,19807,
829,92,92,92,92,92,92,92,92,92,92,92,92,92,92,92,92,92,92,11520,42126,
830,92,92,92,92,92,92,92,92,92,92,92,92,92,92,92,92,92,92,18047,4163,
831,92,92,92,92,92,92,92,92,92,92,92,92,92,92,92,92,92,92,2577,11541,
832,92,92,92,92,92,92,92,92,92,92,92,92,92,92,92,92,92,92,16375,92,
833,92,92,92,92,92,92,92,92,92,92,92,92,92,92,92,92,92,92,51909,15430,
834,92,92,92,92,92,92,92,92,92,92,92,92,92,92,92,92,92,92,37611,23562,
835,92,92,92,92,92,92,92,92,92,92,92,92,92,92,92,92,92,92,38435,56095,
836,92,92,92,92,92,92,92,92,92,92,92,92,92,92,92,92,92,92,30073,854,
837,92,92,92,92,92,92,92,92,92,92,92,92,92,92,92,92,92,92,92,7744,
838,92,92,92,92,92,92,92,92,92,92,92,92,92,92,92,92,92,92,92,92,
839,92,92,92,92,92,92,92,92,92,92,92,92,92,92,92,92,92,92,42332,56937,
840,92,92,92,92,92,92,92,92,92,92,92,92,92,92,92,92,92,92,92,20637,
841,92,92,92,92,92,92,92,92,92,92,92,92,92,92,92,92,92,92,32160,92,
842,92,92,92,92,92,92,92,92,92,92,92,92,92,92,92,92,92,92,13960,28543,
843,92,92,92,92,92,92,92,92,92,92,92,92,92,92,92,92,4521,92,41883,30528,
844,92,92,92,92,92,92,92,92,92,92,92,92,92,92,92,92,92,92,92,6304,
845,92,92,92,92,92,92,92,92,92,92,92,92,92,92,92,92,92,92,92,43590,
846,92,92,92,92,92,92,92,92,92,92,92,92,92,92,92,92,92,92,38381,35516,
847,92,92,92,92,92,92,92,92,92,92,92,92,92,92,92,92,92,92,92,6425,
848,92,92,92,92,92,92,92,92,92,92,92,92,92,92,92,92,92,92,92,92,
849,92,92,92,92,92,92,92,92,92,92,92,92,92,92,92,92,92,92,92,10652,
850,92,92,92,92,92,92,92,92,92,92,92,92,92,92,92,92,92,92,55806,45861,
851,92,92,92,92,92,92,92,92,92,92,92,18329,92,92,92,92,92,92,8319,20857,
852,92,92,92,92,92,92,92,92,92,92,92,92,92,92,92,92,92,92,41845,42996,
853,92,92,92,92,92,92,92,92,7910,92,92,92,92,92,92,92,92,92,7118,10569,
854,92,92,92,92,92,92,92,92,92,92,92,92,92,92,92,92,92,92,92,23251,
855,92,92,92,92,92,92,92,92,92,92,92,92,92,92,92,92,92,92,2124,92,
856,92,92,92,92,92,92,92,92,92,92,92,92,92,92,92,92,92,92,38694,43784,
857,92,92,92,92,92,92,92,92,92,92,92,92,92,92,92,92,92,92,12093,19368,
858,92,92,92,92,92,92,92,92,92,92,92,92,92,92,92,92,92,92,26672,38828,
859,92,92,92,92,92,92,92,92,92,92,92,92,92,92,92,92,92,92,92,28380,
860,92,92,92,92,92,92,92,92,92,92,92,92,92,92,92,92,92,92,92,20060,
861,92,92,92,92,92,92,92,92,92,92,92,92,92,92,92,92,92,92,23950,29726,
862,92,92,92,92,92,92,92,92,92,92,92,92,92,92,92,92,92,92,30366,92,
863,92,92,92,92,92,92,92,92,92,92,92,92,92,92,92,92,92,92,42183,43848,
864,92,92,92,92,92,92,92,92,92,92,92,92,92,92,92,92,92,424,32346,22179,
865,92,92,92,92,92,92,92,92,92,92,92,92,92,92,92,92,92,92,92,92,
866,92,92,92,92,92,92,92,92,92,92,92,92,92,92,92,92,92,92,11657,92,
867,92,92,92,92,92,92,92,92,92,92,92,92,92,92,92,92,92,92,33622,92,
868,92,92,92,92,92,92,92,92,92,92,92,92,92,92,92,92,92,92,38177,92,
869,92,92,92,92,92,92,92,92,92,92,92,92,92,92,92,92,92,92,52456,92,
870,92,92,92,92,92,92,92,92,92,92,92,92,92,92,92,92,92,92,92,35728,
871,92,92,92,92,92,92,92,92,92,92,92,92,92,92,92,92,92,92,11862,28391,
872,92,92,92,92,92,92,92,92,92,92,92,92,92,92,92,92,92,92,49955,11417,
873,92,92,92,92,92,92,92,92,92,92,92,92,92,92,92,92,92,92,11902,40657,
874,92,92,92,92,92,92,92,92,92,92,92,92,92,92,92,92,92,92,34198,46934,
875,92,92,92,92,92,92,92,92,92,92,92,92,92,92,92,92,92,92,8371,9981,
876,92,92,92,92,92,92,92,92,92,92,92,92,92,92,92,92,92,92,2198,39935,
877,92,92,92,92,92,92,92,92,92,92,92,92,92,92,92,92,92,92,41186,92,
878,92,92,92,92,92,92,92,92,92,92,92,92,92,92,92,92,92,92,28161,92,
879,92,92,92,92,92,92,92,92,92,92,92,92,92,92,92,92,92,92,24265,5538,
880,92,92,92,92,92,92,92,92,92,92,92,92,92,92,92,92,92,92,12878,4675,
881,92,92,92,92,92,92,92,92,92,92,92,92,92,92,92,92,92,92,27677,25377,
882,92,92,92,92,92,92,92,92,92,92,92,92,92,92,92,92,92,92,56013,45375,
883,92,92,92,92,92,92,92,92,92,92,92,92,92,92,92,92,92,92,22699,23992,
884,92,92,92,92,92,92,92,92,92,92,92,92,92,92,92,92,92,92,33827,52787,
885,92,92,92,92,92,92,92,92,92,92,92,92,92,92,92,92,92,92,9503,92,
886,92,92,92,92,92,92,92,92,92,92,92,92,92,92,92,92,92,92,45057,23005,
887,92,92,92,92,92,92,92,92,92,92,92,92,92,92,92,92,92,92,45042,9919,
888,92,92,92,92,92,92,92,92,92,92,92,92,92,92,92,92,92,92,29267,1038,
889,92,92,92,92,92,92,92,92,92,92,92,92,92,92,92,92,92,92,92,28719,
890,92,92,92,92,92,92,92,92,92,92,92,92,92,92,92,92,92,92,92,39887,
891,92,92,92,92,92,92,92,92,92,92,92,92,92,92,92,92,92,92,92,92,
892,92,92,92,92,92,92,92,92,92,92,92,92,92,92,92,92,92,92,92,13072,
893,92,92,92,92,92,92,92,92,92,92,92,92,92,92,92,92,92,92,10887,92,
894,92,92,92,92,92,92,92,92,92,92,92,92,92,92,92,92,92,92,38586,14866,
895,92,92,92,92,92,92,92,92,92,92,92,92,92,92,92,92,92,92,43839,39680,
896,92,92,92,92,92,92,92,92,18667,92,92,92,92,92,92,92,92,92,30925,46199,
897,92,92,92,92,92,92,92,92,92,92,92,92,92,92,92,92,92,92,50005,92,
898,92,92,92,92,92,92,92,92,92,92,92,92,92,92,92,92,92,92,60005,92,
899,92,92,92,92,92,92,92,92,92,92,92,92,92,92,92,92,92,92,45646,17437,
900,92,92,92,92,92,92,92,92,92,92,92,92,92,92,92,92,92,92,92,17571,
901,92,92,92,92,92,92,92,92,92,92,92,92,92,92,92,92,92,92,49789,20813,
902,92,92,92,92,92,92,92,92,92,92,92,92,92,92,92,92,92,92,92,13401,
903,92,92,92,92,92,92,92,92,92,92,92,92,92,92,92,92,92,92,17051,2598,
904,92,92,92,92,92,92,92,92,92,92,92,92,92,92,92,92,92,92,48198,28660,
905,92,92,92,92,92,92,92,92,92,92,92,92,92,92,92,92,92,92,56723,38485,
906,92,92,92,92,92,92,92,92,92,92,92,92,92,92,92,92,92,92,38888,2856,
907,92,92,92,92,92,92,92,92,92,92,92,92,92,92,92,92,92,92,26126,45426,
908,92,92,92,92,92,92,92,92,92,92,92,92,5839,92,92,92,92,92,49246,92,
909,92,92,92,92,92,92,92,92,92,92,92,92,92,92,92,92,92,92,12164,92,
910,92,92,92,92,92,92,92,92,92,92,92,92,92,92,92,92,92,92,92,14492,
911,92,92,92,92,92,92,92,92,92,92,92,92,92,92,92,92,92,92,56896,20210,
912,92,92,92,92,92,92,92,92,92,92,92,92,92,92,92,92,92,92,51494,13322,
913,92,92,92,92,92,92,92,92,92,92,92,92,92,92,92,92,92,92,92,57701,
914,92,92,92,92,92,92,92,92,92,92,92,92,92,92,92,92,92,92,16166,8743,
915,92,92,92,92,92,92,92,92,92,92,92,92,92,92,92,92,92,92,92,47114,
916,92,92,92,92,92,92,92,92,92,92,92,92,92,92,92,92,92,92,52703,29412,
917,92,92,92,92,92,92,92,92,92,92,92,92,92,92,92,92,92,92,92,32414,
918,92,92,92,92,92,92,92,92,92,92,10347,92,92,92,92,92,92,92,2161,92,
919,92,92,92,92,92,92,92,92,92,92,92,92,92,92,92,92,92,92,92,92,
920,92,92,92,92,92,92,92,92,92,92,92,92,92,92,92,92,92,92,92,47904,
921,92,92,92,92,92,92,92,92,92,92,92,92,92,92,92,92,92,92,53241,92,
922,92,92,92,92,92,92,92,92,92,92,92,92,92,92,92,92,92,92,52183,28950,
923,92,92,92,92,92,92,92,92,92,92,92,92,92,92,92,92,92,92,38404,39949,
924,92,92,92,92,92,92,92,92,92,92,92,92,92,92,92,92,92,92,11801,42390,
925,92,92,92,92,92,92,92,92,92,92,92,92,92,92,92,92,92,92,23537,14758,
926,92,92,92,92,92,92,92,92,92,92,92,92,92,92,92,92,92,92,46032,92,
927,92,92,92,92,92,92,92,92,92,92,92,92,92,92,92,92,92,92,8201,21990,
928,92,92,92,92,92,92,92,92,92,92,92,92,92,92,92,92,92,92,11259,32976,
929,92,92,92,92,92,92,92,92,92,92,92,92,92,92,92,92,92,92,45641,140,
930,92,92,92,92,92,92,92,92,92,92,92,92,92,92,92,92,92,92,92,25459,
931,92,92,92,92,92,92,92,92,92,92,92,92,92,92,92,92,92,92,55978,46761,
932,92,92,92,92,92,92,92,92,92,92,92,92,92,92,92,92,92,92,817,34917,
933,92,92,92,92,92,92,92,92,92,92,92,92,92,92,92,92,92,92,92,48002,
934,92,92,92,92,92,92,92,92,92,92,92,92,92,92,92,92,92,92,92,92,
935,92,92,92,92,92,92,92,92,92,92,92,92,92,92,92,92,92,92,56185,92,
936,92,92,92,92,92,92,92,92,92,92,92,92,92,92,92,92,92,92,8886,14896,
937,92,92,92,92,92,92,92,92,92,92,92,92,92,92,92,92,92,92,25579,9094,
938,92,92,92,92,92,92,92,92,92,3176,92,92,92,92,92,92,92,92,92,9379,
939,92,92,92,92,92,92,92,92,92,92,92,92,92,92,92,92,92,92,92,42258,
940,92,92,92,92,92,92,92,92,92,92,92,92,92,92,92,92,92,92,26143,92,
941,92,92,92,92,92,92,92,92,92,92,92,92,92,92,92,92,92,92,31140,57047,
942,92,92,92,92,92,92,92,92,92,92,92,92,92,92,92,92,92,92,40460,25378,
943,92,92,92,92,92,92,92,92,92,92,92,92,92,92,92,92,92,92,41135,92,
944,92,92,92,92,92,92,92,92,92,92,92,92,92,92,92,92,92,92,92,30684,
945,92,92,92,92,92,92,92,92,92,92,92,92,92,92,92,92,92,92,92,49650,
946,92,92,92,92,92,92,92,92,92,92,92,92,92,92,92,92,92,92,38450,22720,
947,92,92,92,92,92,92,92,92,92,92,92,92,92,92,92,92,92,92,10894,11287,
948,92,92,92,92,92,92,92,92,92,92,92,92,92,92,92,92,92,92,10241,58022,
949,92,92,92,92,92,92,92,92,92,92,92,92,92,92,92,92,92,92,16396,52774,
950,92,92,92,92,92,92,92,92,92,92,92,92,92,92,92,92,92,92,4131,13041,
951,92,92,92,92,92,92,92,92,92,92,92,92,92,92,92,92,92,92,36499,92,
952,92,92,92,92,92,92,92,92,92,92,92,92,92,92,92,92,92,92,15503,30730,
953,92,92,92,92,92,92,92,92,92,92,92,92,92,92,92,92,92,92,16877,16731,
954,92,92,92,92,92,92,92,92,92,92,92,92,92,92,92,92,92,92,47476,43395,
955,92,92,92,92,92,92,92,92,92,92,92,92,92,92,92,92,92,92,36244,27128,
956,92,92,92,92,92,92,92,92,92,92,92,92,92,92,92,92,92,92,92,6782,
957,92,92,92,92,92,92,92,92,92,92,92,92,92,92,92,92,92,92,17119,16547,
958,92,92,92,92,92,92,92,92,92,92,92,92,92,92,92,92,92,92,722,47019,
959,92,92,92,92,92,92,92,92,92,92,92,92,92,92,92,92,92,92,92,38897,
960,92,92,92,92,92,92,92,92,92,92,92,92,92,92,92,92,92,92,38278,55453,
961,92,92,92,92,92,92,92,92,92,92,92,92,92,92,92,92,92,92,92,92,
962,92,92,92,92,92,92,92,92,92,92,92,92,92,92,92,92,92,92,35012,45247,
963,92,92,92,92,92,92,92,92,92,92,92,92,92,92,92,92,92,92,44454,92,
964,92,92,92,92,92,92,92,92,92,92,92,92,92,92,92,92,92,92,15411,92,
965,92,92,92,92,92,92,92,92,92,92,92,92,92,92,92,92,92,92,21681,45401,
966,92,92,92,92,92,92,92,92,92,92,92,92,92,92,92,92,92,92,36808,14534,
967,92,92,92,92,92,92,92,92,92,92,92,92,92,92,92,92,92,92,92,30370,
968,92,92,92,92,92,92,92,92,92,92,92,92,92,92,92,92,92,92,6531,11679,
969,92,92,92,92,92,92,92,92,92,92,92,92,92,92,92,92,92,92,10357,92,
970,92,92,92,92,92,92,92,92,92,92,92,92,92,92,92,92,92,92,15794,31808,
971,92,92,92,92,92,92,92,92,92,92,92,92,92,92,92,92,92,92,92,8480,
972,92,92,92,92,92,92,92,92,92,92,92,92,92,92,92,92,92,92,35023,34038,
973,92,92,92,92,92,92,92,92,92,92,92,92,92,92,92,92,92,92,18993,92,
974,92,92,92,92,92,92,92,92,92,92,92,92,92,92,92,92,92,92,5333,39097,
975,92,92,92,92,92,92,92,92,92,92,92,92,92,92,92,92,92,92,92,14111,
976,92,92,92,92,92,92,92,92,92,92,92,92,92,92,92,92,92,92,28410,6645,
977,92,92,92,92,92,92,92,92,92,92,92,92,92,92,92,92,92,92,92,92,
978,92,92,92,92,92,92,92,92,92,92,92,92,92,92,92,92,92,92,25526,23818,
979,92,92,92,92,92,92,92,92,92,92,92,92,92,92,92,92,92,92,50782,12451,
980,92,92,92,92,92,92,92,92,92,92,92,92,92,92,92,92,92,92,964,28503,
981,92,92,92,92,92,92,92,92,92,92,92,92,92,92,92,92,92,92,50838,26283,
982,92,92,92,92,92,92,92,92,92,92,92,531,92,92,92,92,92,92,19184,48511,
983,92,92,92,92,1900,92,1900,92,92,92,92,92,92,1900,92,92,92,92,16160,41210,
984,92,92,92,92,92,92,92,92,92,92,92,92,92,92,92,92,92,92,41199,92,
985,92,92,92,92,92,92,92,92,92,92,92,92,92,92,92,92,92,92,33393,35307,
986,92,92,92,92,92,92,92,92,92,92,92,92,92,92,92,92,92,92,47420,6055,
987,92,92,92,92,92,92,92,92,92,92,92,92,92,92,92,92,92,92,36388,45062,
988,92,92,92,92,92,92,92,92,92,92,9534,92,92,92,92,92,92,92,7322,92,
989,92,92,92,92,92,92,92,92,92,92,92,92,92,92,92,92,92,92,92,92,
990,92,92,92,92,92,92,92,92,92,92,92,92,92,92,92,92,92,92,18519,15013,
991,92,92,92,92,92,92,92,92,92,92,92,92,92,92,92,92,92,92,2923,34265,
992,92,92,92,92,92,92,92,92,92,92,92,92,92,92,92,92,92,92,18739,14980,
993,92,92,92,92,92,92,92,92,92,92,92,92,92,92,92,92,92,92,47754,92,
994,92,92,92,92,92,92,92,92,92,92,92,92,92,92,92,92,92,92,16441,7639,
995,92,92,92,92,92,92,92,92,92,92,92,92,92,92,92,92,92,92,54530,16397,
996,92,92,92,92,92,92,92,92,92,92,92,92,92,92,92,92,92,92,92,92,
997,92,92,92,92,92,92,92,92,92,92,92,92,92,92,92,92,92,92,1141,19202,
998,92,92,92,92,92,92,92,92,92,92,92,92,92,92,92,92,92,92,92,34661,
999,92,92,92,92,92,92,92,92,92,92,92,92,92,92,92,92,92,92,23767,36835,
1000,92,92,92,92,92,92,92,92,92,92,92,92,92,92,92,92,92,92,38299,36336,
