1,28618,39209,39112,47125,40118,19183,5433,23128,18793,24376,15090,39794,5596,46470,35734,40050,35897,3967,25373,6142,34773,28540,43279,35201,39095,32420,21847,35446,2416,14057,31021,25225,38126,2709,21745,34508,36480,20879,41066,44548,20380,38607,10323,672,46141,29846,22688,21519,6836,42824,39166,47566,26078,38052,23915,25154,16801,23327,33642,20923,19484,43951,7865,13486,10946,29944,21404,27159,29139,18874,15784,5470,45674,32940,43703,20641,39712,32523,25649,26883,
2,28618,39209,39112,47125,40118,19183,5433,23128,18793,24376,15090,39794,5596,46470,35734,40050,35897,3967,25373,6142,34773,28540,43279,35201,39095,32420,21847,35446,2416,14057,31021,25225,38126,2709,21745,34508,36480,20879,41066,44548,11171,13020,5764,17220,17569,921,15872,3589,14170,12423,7805,1024,3104,38516,5534,22745,645,3769,19662,6633,11778,5872,23635,3244,15663,32239,8968,5078,3261,2957,21034,2618,8633,28165,40298,5844,3921,4331,1727,13096,
3,28618,39209,39112,47125,40118,19183,5433,23128,18793,24376,15090,39794,5596,46470,35734,40050,35897,3967,25373,6142,34773,28540,43279,35201,39095,32420,21847,35446,2416,14057,31021,25225,38126,2709,21745,34508,36480,20879,41066,44548,5476,32805,26204,9348,14614,15567,13079,25090,13212,38427,7214,5466,29055,7752,7270,9851,3961,20480,4735,7165,2571,15888,17689,19610,8546,12243,32250,12541,1574,32687,566,1214,23797,9671,6264,21962,4983,15684,1846,23549,
4,28618,39209,39112,47125,40118,19183,5433,23128,18793,24376,15090,39794,5596,46470,35734,40050,35897,3967,25373,6142,34773,28540,43279,35201,39095,32420,21847,35446,2416,14057,31021,25225,38126,2709,21745,34508,36480,20879,41066,44548,916,9571,26803,14714,28190,331,3177,4273,33464,1531,25181,1440,12355,10702,5962,15341,28169,5181,17122,5327,31320,14245,1771,3724,8431,23534,3858,896,1574,2292,19963,15108,14513,2003,349,10335,5195,367,13724,6030,
5,28618,39209,39112,47125,40118,19183,5433,23128,18793,24376,15090,39794,5596,46470,35734,40050,35897,3967,25373,6142,34773,28540,43279,35201,39095,32420,21847,35446,2416,14057,31021,25225,38126,2709,21745,34508,36480,20879,41066,44548,916,23022,34254,19830,33998,15381,3629,8832,25908,25458,26463,33908,18140,6921,35229,8136,2779,18000,4136,37023,16131,38400,2326,5480,2282,37954,18958,11756,13225,2241,8219,9648,20086,1202,349,10113,8980,9470,2192,1475,
6,28618,39209,39112,47125,40118,19183,5433,23128,18793,24376,15090,39794,5596,46470,35734,40050,35897,3967,25373,6142,34773,28540,43279,35201,39095,32420,21847,35446,2416,14057,31021,25225,38126,2709,21745,34508,36480,20879,41066,44548,31189,19662,13573,1290,664,47207,1629,2981,31322,18550,22904,3945,1020,13556,5824,2001,7624,12403,5538,11751,17968,2041,7745,28147,4726,31126,1569,12430,26680,32413,9414,1122,5036,3350,349,40518,34682,22381,3521,6066,
7,28618,39209,39112,47125,40118,19183,5433,23128,18793,24376,15090,39794,5596,46470,35734,40050,35897,3967,25373,6142,34773,28540,43279,35201,39095,32420,21847,35446,2416,14057,31021,25225,38126,2709,21745,34508,36480,20879,41066,44548,9447,7629,32863,21214,23690,12905,38485,2981,6239,6930,13882,58216,36938,4797,12416,18293,10673,5578,7037,5592,29861,11335,14847,25491,37374,33789,1569,1594,4361,11550,16388,13028,14250,8821,33321,818,10594,4891,19380,31840,
8,28618,39209,39112,47125,40118,19183,5433,23128,18793,24376,15090,39794,5596,46470,35734,40050,35897,3967,25373,6142,34773,28540,43279,35201,39095,32420,21847,35446,2416,14057,31021,25225,38126,2709,21745,34508,36480,20879,41066,44548,9250,3623,18810,14784,16150,19065,19752,39591,9086,5383,11315,26667,10237,1295,2562,7453,2010,7236,24811,19734,2079,9948,972,6872,2155,16709,18409,26360,11222,14351,902,28652,31989,36925,25337,18670,2545,26977,3971,8420,
9,28618,39209,39112,47125,40118,19183,5433,23128,18793,24376,15090,39794,5596,46470,35734,40050,35897,3967,25373,6142,34773,28540,43279,35201,39095,32420,21847,35446,2416,14057,31021,25225,38126,2709,21745,34508,36480,20879,41066,44548,9556,13743,53092,38274,10002,13181,11053,707,8310,3057,16586,21789,13145,26188,1646,32037,352,17810,2740,12479,17242,38085,18798,2506,32106,16905,440,4882,10464,1159,47666,5926,44066,7597,17253,3304,1944,23514,19346,6833,
10,28618,39209,39112,47125,40118,19183,5433,23128,18793,24376,15090,39794,5596,46470,35734,40050,35897,3967,25373,6142,34773,28540,43279,35201,39095,32420,21847,35446,2416,14057,31021,25225,38126,2709,21745,34508,36480,20879,41066,44548,9401,24508,11377,14314,2376,51147,29418,40151,11448,40053,44119,12257,16173,5332,2342,8887,8187,5562,768,6801,17242,4667,1615,18071,5194,14582,23038,48879,18116,8860,16989,10144,2895,4109,34567,25116,6616,10415,4407,15365,
11,28618,39209,39112,47125,40118,19183,5433,23128,18793,24376,15090,39794,5596,46470,35734,40050,35897,3967,25373,6142,34773,28540,43279,35201,39095,32420,21847,35446,2416,14057,31021,25225,38126,2709,21745,34508,36480,20879,41066,44548,3602,1734,13907,23093,40786,12520,23548,7008,15766,1675,32186,24211,1504,12572,3906,27616,7334,1707,8968,38481,23341,14279,25105,19709,39080,24124,5099,2437,1629,26495,13485,14720,8957,12471,44036,14117,14972,10601,2190,33156,
12,28618,39209,39112,47125,40118,19183,5433,23128,18793,24376,15090,39794,5596,46470,35734,40050,35897,3967,25373,6142,34773,28540,43279,35201,39095,32420,21847,35446,2416,14057,31021,25225,38126,2709,21745,34508,36480,20879,41066,44548,3602,15708,13237,22694,914,11561,20863,5978,17791,3377,11952,19629,15572,33010,16790,25338,3558,23018,28888,30660,31760,4657,27902,7234,14981,10777,5064,26870,4318,18821,18842,18981,7874,5075,11565,20802,1224,21915,1042,9733,
13,28618,39209,39112,47125,40118,19183,5433,23128,18793,24376,15090,39794,5596,46470,35734,40050,35897,3967,25373,6142,34773,28540,43279,35201,39095,32420,21847,35446,2416,14057,31021,25225,38126,2709,21745,34508,36480,20879,41066,44548,3602,3314,37528,17931,9630,11561,31112,14947,42783,449,21642,34881,29186,28087,13540,4188,29352,24229,34152,25213,20210,9771,4091,25880,378,17114,4499,29399,235,17381,45783,10365,13206,3779,41019,35004,34107,22965,16834,5594,
14,28618,39209,39112,47125,40118,19183,5433,23128,18793,24376,15090,39794,5596,46470,35734,40050,35897,3967,25373,6142,34773,28540,43279,35201,39095,32420,21847,35446,2416,14057,31021,25225,38126,2709,21745,34508,36480,20879,41066,44548,48805,5961,23913,11078,41822,15175,32565,43982,8334,449,18595,11500,18083,6591,42975,2075,13470,11815,4188,146,4793,22934,22094,32415,12128,19645,22051,9247,54727,39755,35847,3710,17286,1407,35589,2613,3589,12356,19187,7802,
15,28618,39209,39112,47125,40118,19183,5433,23128,18793,24376,15090,39794,5596,46470,35734,40050,35897,3967,25373,6142,34773,28540,43279,35201,39095,32420,21847,35446,2416,14057,31021,25225,38126,2709,21745,34508,36480,20879,41066,44548,8548,3263,37068,11969,28561,17387,52384,3459,34819,37495,20287,23028,7049,10011,2619,10876,15810,7692,36820,146,3385,26349,2049,10205,2323,18953,26588,2175,31810,5284,37234,4221,1744,3643,12460,13084,24010,3805,44668,11352,
16,28618,39209,39112,47125,40118,19183,5433,23128,18793,24376,15090,39794,5596,46470,35734,40050,35897,3967,25373,6142,34773,28540,43279,35201,39095,32420,21847,35446,2416,14057,31021,25225,38126,2709,21745,34508,36480,20879,41066,44548,1059,9531,22467,15636,8846,11218,44687,33421,16223,6013,18484,12655,7049,17124,15067,32068,32441,2372,27873,13504,3755,5363,4710,30589,14832,38950,33427,9121,49285,3806,27964,16689,29353,9395,11682,23323,9595,781,1891,13106,
17,28618,39209,39112,47125,40118,19183,5433,23128,18793,24376,15090,39794,5596,46470,35734,40050,35897,3967,25373,6142,34773,28540,43279,35201,39095,32420,21847,35446,2416,14057,31021,25225,38126,2709,21745,34508,36480,20879,41066,44548,12571,26713,23407,17717,1158,51762,15774,25532,40758,4825,14940,13321,36514,747,2333,13828,18558,32094,11052,22869,14690,25100,7973,10283,17852,21879,27554,16427,31832,31736,16393,20413,18103,11246,28260,18996,2441,4557,20208,7646,
18,28618,39209,39112,47125,40118,19183,5433,23128,18793,24376,15090,39794,5596,46470,35734,40050,35897,3967,25373,6142,34773,28540,43279,35201,39095,32420,21847,35446,2416,14057,31021,25225,38126,2709,21745,34508,36480,20879,41066,44548,22781,40541,10701,39685,5375,40559,30775,10250,29033,8276,28987,46004,11261,2488,12538,1913,15345,32947,4338,26941,18079,6575,2303,41682,11251,11718,18194,19494,11890,2354,26496,23694,13265,2087,53943,10191,841,2547,18895,1954,
19,28618,39209,39112,47125,40118,19183,5433,23128,18793,24376,15090,39794,5596,46470,35734,40050,35897,3967,25373,6142,34773,28540,43279,35201,39095,32420,21847,35446,2416,14057,31021,25225,38126,2709,21745,34508,36480,20879,41066,44548,28891,25178,10701,15658,3599,40143,41434,1039,6399,31397,27096,14743,6351,21266,3429,8303,35977,17664,23303,10562,4828,30904,6429,52601,1391,51763,10697,22393,15842,32706,12418,4713,7796,2123,15946,9227,9863,10642,1154,3034,
20,28618,39209,39112,47125,40118,19183,5433,23128,18793,24376,15090,39794,5596,46470,35734,40050,35897,3967,25373,6142,34773,28540,43279,35201,39095,32420,21847,35446,2416,14057,31021,25225,38126,2709,21745,34508,36480,20879,41066,44548,890,36515,15384,25342,6923,12335,33044,9671,20639,1042,13480,12626,9423,36028,26671,14796,48814,34041,15559,8453,6087,17078,2169,14448,26871,14710,7217,8835,27246,6793,23298,2808,4435,38619,20294,12365,10244,538,32156,4820,
21,28618,39209,39112,47125,40118,19183,5433,23128,18793,24376,15090,39794,5596,46470,35734,40050,35897,3967,25373,6142,34773,28540,43279,35201,39095,32420,21847,35446,2416,14057,31021,25225,38126,2709,21745,34508,36480,20879,41066,44548,4329,1176,21837,11368,6795,42773,27240,17601,3513,42969,21175,27515,637,15519,4455,32478,17561,8977,20706,21060,25235,4400,15414,11073,345,32377,3518,13422,17009,2808,33444,17868,2350,14401,55468,28155,4156,10072,10606,4820,
22,28618,39209,39112,47125,40118,19183,5433,23128,18793,24376,15090,39794,5596,46470,35734,40050,35897,3967,25373,6142,34773,28540,43279,35201,39095,32420,21847,35446,2416,14057,31021,25225,38126,2709,21745,34508,36480,20879,41066,44548,44496,24521,22217,44067,27510,12593,14086,1103,38567,5909,21291,20853,14535,30026,264,7180,22259,26540,4370,3573,1145,210,5624,42186,345,29744,959,2896,11013,2932,17014,8293,32652,1605,10088,25631,14792,27510,28026,5767,
23,28618,39209,39112,47125,40118,19183,5433,23128,18793,24376,15090,39794,5596,46470,35734,40050,35897,3967,25373,6142,34773,28540,43279,35201,39095,32420,21847,35446,2416,14057,31021,25225,38126,2709,21745,34508,36480,20879,41066,44548,27829,8692,10718,10896,2249,11911,22742,6704,719,6477,26594,30596,8511,940,28303,19625,26491,7423,21495,5311,13368,22556,13514,40414,5922,12205,1156,14762,30473,27230,14438,16680,7328,14237,47494,23552,9620,9081,11366,8173,
24,28618,39209,39112,47125,40118,19183,5433,23128,18793,24376,15090,39794,5596,46470,35734,40050,35897,3967,25373,6142,34773,28540,43279,35201,39095,32420,21847,35446,2416,14057,31021,25225,38126,2709,21745,34508,36480,20879,41066,44548,9674,2207,21353,11606,6230,32313,13175,13425,17186,7648,45070,23183,11995,3202,11595,20902,22465,3139,10021,11836,14089,22341,17323,41839,17801,22169,19170,4788,11084,14125,11923,22470,2944,45927,18465,30841,12529,13921,27890,9714,
25,28618,39209,39112,47125,40118,19183,5433,23128,18793,24376,15090,39794,5596,46470,35734,40050,35897,3967,25373,6142,34773,28540,43279,35201,39095,32420,21847,35446,2416,14057,31021,25225,38126,2709,21745,34508,36480,20879,41066,44548,1684,1009,43279,15382,4244,13854,14241,13314,26969,1728,11517,15313,7419,8191,25002,18263,22248,1645,4764,8392,23311,590,18994,14319,3511,26220,14068,8932,29076,5158,39546,732,28087,1622,18512,10900,4046,9383,12086,21850,
26,28618,39209,39112,47125,40118,19183,5433,23128,18793,24376,15090,39794,5596,46470,35734,40050,35897,3967,25373,6142,34773,28540,43279,35201,39095,32420,21847,35446,2416,14057,31021,25225,38126,2709,21745,34508,36480,20879,41066,44548,1625,381,14101,18308,7692,28226,39264,7629,1477,37976,16209,36542,1219,24797,1161,1496,14470,22042,10442,11823,42030,58495,946,16459,5136,24893,25330,5286,33458,1768,12007,9432,5897,374,19652,22566,2831,1738,28266,4345,
27,28618,39209,39112,47125,40118,19183,5433,23128,18793,24376,15090,39794,5596,46470,35734,40050,35897,3967,25373,6142,34773,28540,43279,35201,39095,32420,21847,35446,2416,14057,31021,25225,38126,2709,21745,34508,36480,20879,41066,44548,12790,12254,11554,23116,5495,33225,11845,15047,3925,2302,10666,16253,29901,2285,1903,369,15522,14567,29853,6137,3888,14127,1732,19954,10569,30647,5798,6084,33458,1768,12007,3746,5464,22128,28929,35005,2782,12219,15832,3851,
28,28618,39209,39112,47125,40118,19183,5433,23128,18793,24376,15090,39794,5596,46470,35734,40050,35897,3967,25373,6142,34773,28540,43279,35201,39095,32420,21847,35446,2416,14057,31021,25225,38126,2709,21745,34508,36480,20879,41066,44548,6254,42084,13686,16398,7681,13335,14506,35070,9696,4421,50822,31420,6887,10230,3580,6117,23217,15622,11280,1611,11474,24483,12416,13904,1895,17763,29041,8239,12749,4557,30298,17104,9226,7950,20287,29711,8501,15432,20039,522,
29,28618,39209,39112,47125,40118,19183,5433,23128,18793,24376,15090,39794,5596,46470,35734,40050,35897,3967,25373,6142,34773,28540,43279,35201,39095,32420,21847,35446,2416,14057,31021,25225,38126,2709,21745,34508,36480,20879,41066,44548,1263,2328,18833,15586,30823,38408,36104,30962,4277,2344,23208,26205,1288,25764,37022,13389,15128,17943,3745,1675,30012,36830,10982,52398,1071,43509,3933,21962,23649,1940,47779,4222,32733,2680,11994,13754,6647,6965,31489,10438,
30,28618,39209,39112,47125,40118,19183,5433,23128,18793,24376,15090,39794,5596,46470,35734,40050,35897,3967,25373,6142,34773,28540,43279,35201,39095,32420,21847,35446,2416,14057,31021,25225,38126,2709,21745,34508,36480,20879,41066,44548,9099,17620,11754,14432,8947,10770,12497,15744,14363,6107,23158,20540,2206,25922,13332,36671,11286,17208,22017,4392,978,10259,14884,12291,40699,29398,6631,4464,16985,1398,17877,14445,21787,14501,20826,39094,6647,2032,23764,3325,
31,28618,39209,39112,47125,40118,19183,5433,23128,18793,24376,15090,39794,5596,46470,35734,40050,35897,3967,25373,6142,34773,28540,43279,35201,39095,32420,21847,35446,2416,14057,31021,25225,38126,2709,21745,34508,36480,20879,41066,44548,1773,8693,16413,27750,22768,10148,19916,1022,2994,11230,14043,33046,10866,20444,1459,33480,26931,11298,9030,3509,913,57572,13955,53022,13697,16475,7074,23025,34417,1386,43480,31374,12040,21733,19034,26528,3925,12320,19393,6670,
32,28618,39209,39112,47125,40118,19183,5433,23128,18793,24376,15090,39794,5596,46470,35734,40050,35897,3967,25373,6142,34773,28540,43279,35201,39095,32420,21847,35446,2416,14057,31021,25225,38126,2709,21745,34508,36480,20879,41066,44548,13086,41236,18275,21503,10204,46880,19896,12152,4541,30269,25237,33536,4265,2041,9779,13445,36306,7268,4409,7444,30284,20131,25978,26489,4989,17601,12379,37059,27214,11372,10426,2565,346,4631,22557,10774,31426,22158,38631,19001,
33,28618,39209,39112,47125,40118,19183,5433,23128,18793,24376,15090,39794,5596,46470,35734,40050,35897,3967,25373,6142,34773,28540,43279,35201,39095,32420,21847,35446,2416,14057,31021,25225,38126,2709,21745,34508,36480,20879,41066,44548,35459,13865,11813,41465,39136,12552,27419,1254,1153,17555,33355,22541,19371,39548,1320,13727,18294,557,5427,1569,6813,11057,10402,17778,30373,27291,3394,9365,46007,5342,17537,21305,346,14531,12864,15186,1541,13105,15287,1025,
34,28618,39209,39112,47125,40118,19183,5433,23128,18793,24376,15090,39794,5596,46470,35734,40050,35897,3967,25373,6142,34773,28540,43279,35201,39095,32420,21847,35446,2416,14057,31021,25225,38126,2709,21745,34508,36480,20879,41066,44548,29612,39643,12482,11172,3707,28636,40341,13066,29395,10801,40232,16826,1387,1465,10210,18422,42017,557,39742,4149,9255,22434,33240,14843,11844,46783,10557,29459,12925,5303,28622,9685,2940,314,14566,22321,34452,2551,15953,658,
35,28618,39209,39112,47125,40118,19183,5433,23128,18793,24376,15090,39794,5596,46470,35734,40050,35897,3967,25373,6142,34773,28540,43279,35201,39095,32420,21847,35446,2416,14057,31021,25225,38126,2709,21745,34508,36480,20879,41066,44548,4809,16829,11081,26527,7174,22641,25218,2826,30603,6502,22825,34381,28574,33235,9765,14162,27619,6356,16718,29390,3742,27922,2838,51503,2312,14390,45893,14953,31763,20899,15372,10252,23865,26061,31938,44861,29673,22703,23307,23598,
36,28618,39209,39112,47125,40118,19183,5433,23128,18793,24376,15090,39794,5596,46470,35734,40050,35897,3967,25373,6142,34773,28540,43279,35201,39095,32420,21847,35446,2416,14057,31021,25225,38126,2709,21745,34508,36480,20879,41066,44548,21545,16260,26760,10341,2839,28554,26859,3565,36192,3525,17595,25598,4113,347,17047,15920,12301,7251,2985,4016,9696,48110,24714,12842,21915,15946,28160,20017,15006,622,38609,18487,2933,7235,26452,12813,15171,2662,14816,3465,
37,28618,39209,39112,47125,40118,19183,5433,23128,18793,24376,15090,39794,5596,46470,35734,40050,35897,3967,25373,6142,34773,28540,43279,35201,39095,32420,21847,35446,2416,14057,31021,25225,38126,2709,21745,34508,36480,20879,41066,44548,7328,17597,15976,11007,10392,10088,49977,16345,47908,4755,24163,35545,21862,19287,4631,16285,16618,23632,788,34613,8291,11080,19817,13024,34828,52020,11111,7158,29356,12183,13404,17112,29614,27582,23603,51870,36142,42243,24743,2925,
38,28618,39209,39112,47125,40118,19183,5433,23128,18793,24376,15090,39794,5596,46470,35734,40050,35897,3967,25373,6142,34773,28540,43279,35201,39095,32420,21847,35446,2416,14057,31021,25225,38126,2709,21745,34508,36480,20879,41066,44548,43598,18971,36059,36725,11678,30304,13449,1468,19367,25114,45075,29527,15614,1553,10340,32684,10698,3260,44750,3010,2272,12905,6057,10518,1536,23114,22338,10861,20449,2745,35251,6243,2565,2769,31838,10476,14545,12422,45728,12936,
39,28618,39209,39112,47125,40118,19183,5433,23128,18793,24376,15090,39794,5596,46470,35734,40050,35897,3967,25373,6142,34773,28540,43279,35201,39095,32420,21847,35446,2416,14057,31021,25225,38126,2709,21745,34508,36480,20879,41066,44548,8034,16216,37579,24108,2982,13397,12398,8630,12557,2808,37559,28812,16663,10397,22604,35014,44578,12480,1090,4638,28532,26134,17535,13365,2552,31064,15082,14502,27201,13426,12769,1715,9688,19650,26369,19881,14676,5364,30550,18234,
40,28618,39209,39112,47125,40118,19183,5433,23128,18793,24376,15090,39794,5596,46470,35734,40050,35897,3967,25373,6142,34773,28540,43279,35201,39095,32420,21847,35446,2416,14057,31021,25225,38126,2709,21745,34508,36480,20879,41066,44548,18013,16378,23858,25177,5449,36629,12398,868,15498,1917,32318,25713,9352,25405,37183,26454,41441,4311,3928,4421,40960,16023,28767,50262,11942,22755,18725,2259,15534,28271,13276,5905,29770,40817,25526,28209,19068,14785,30992,14830,
41,28618,39209,39112,47125,40118,19183,5433,23128,18793,24376,15090,39794,5596,46470,35734,40050,35897,3967,25373,6142,34773,28540,43279,35201,39095,32420,21847,35446,2416,14057,31021,25225,38126,2709,21745,34508,36480,20879,41066,44548,18904,52339,33117,12469,2605,16842,15014,11482,12526,44351,40693,44465,9480,37051,7970,18220,18101,36813,3533,8757,5666,18565,5644,14479,27851,22961,16503,13638,40241,11066,48913,26413,3098,10146,15444,14697,15322,15986,22055,3092,
42,28618,39209,39112,47125,40118,19183,5433,23128,18793,24376,15090,39794,5596,46470,35734,40050,35897,3967,25373,6142,34773,28540,43279,35201,39095,32420,21847,35446,2416,14057,31021,25225,38126,2709,21745,34508,36480,20879,41066,44548,5065,46316,13039,12334,25214,13751,11963,3339,20768,5495,26088,34512,28050,8125,29210,356,10392,36496,18348,7136,2624,27007,27629,34463,7230,39838,18128,2529,26764,7035,54208,8052,4503,22789,13021,29301,23761,530,14124,8827,
43,28618,39209,39112,47125,40118,19183,5433,23128,18793,24376,15090,39794,5596,46470,35734,40050,35897,3967,25373,6142,34773,28540,43279,35201,39095,32420,21847,35446,2416,14057,31021,25225,38126,2709,21745,34508,36480,20879,41066,44548,57288,16916,15628,17922,39977,17510,10703,30272,26034,12065,12296,42269,26418,407,634,11939,18688,16872,2614,9563,25732,13871,8615,37602,14069,12437,12947,1335,39450,24539,24057,4038,9072,5209,33745,18288,12850,22223,11638,18874,
44,28618,39209,39112,47125,40118,19183,5433,23128,18793,24376,15090,39794,5596,46470,35734,40050,35897,3967,25373,6142,34773,28540,43279,35201,39095,32420,21847,35446,2416,14057,31021,25225,38126,2709,21745,34508,36480,20879,41066,44548,11986,15223,28162,33664,17735,27608,25075,30917,40271,4818,26021,41981,991,1423,21577,16598,18372,39072,4996,26198,5861,44827,8528,10438,22143,13356,44366,37634,35622,7273,43970,2950,12285,13447,23688,12886,17025,5382,22143,5976,
45,28618,39209,39112,47125,40118,19183,5433,23128,18793,24376,15090,39794,5596,46470,35734,40050,35897,3967,25373,6142,34773,28540,43279,35201,39095,32420,21847,35446,2416,14057,31021,25225,38126,2709,21745,34508,36480,20879,41066,44548,17744,15223,28437,11527,36261,59569,10684,26576,11399,22710,37217,28640,2996,24880,12334,19487,17721,23443,975,22158,18715,15152,19228,11528,7238,17182,15088,821,10525,3829,19373,38953,16442,8022,16029,26411,11162,31813,38631,3280,
46,28618,39209,39112,47125,40118,19183,5433,23128,18793,24376,15090,39794,5596,46470,35734,40050,35897,3967,25373,6142,34773,28540,43279,35201,39095,32420,21847,35446,2416,14057,31021,25225,38126,2709,21745,34508,36480,20879,41066,44548,48958,14605,18717,52075,2205,13082,26193,10289,30986,11350,22799,32086,983,12036,34751,26693,16628,24149,24839,32182,21695,39827,5223,25467,7511,20755,11039,56026,23822,16806,25068,24542,7591,3889,15594,22710,11197,37616,24172,2276,
47,28618,39209,39112,47125,40118,19183,5433,23128,18793,24376,15090,39794,5596,46470,35734,40050,35897,3967,25373,6142,34773,28540,43279,35201,39095,32420,21847,35446,2416,14057,31021,25225,38126,2709,21745,34508,36480,20879,41066,44548,45165,24415,15644,34908,9086,10845,13106,11857,11348,5407,18804,30187,16099,28669,24453,34481,10689,10615,11587,44325,1948,23350,1305,32432,2584,13728,23403,40566,11962,19447,18661,27014,23695,5038,26472,11867,44370,384,18611,7298,
48,28618,39209,39112,47125,40118,19183,5433,23128,18793,24376,15090,39794,5596,46470,35734,40050,35897,3967,25373,6142,34773,28540,43279,35201,39095,32420,21847,35446,2416,14057,31021,25225,38126,2709,21745,34508,36480,20879,41066,44548,26018,56593,18447,22596,9086,11159,25405,23638,26036,2312,39572,18130,33303,2186,18504,21790,12375,19967,29248,1645,7756,13616,8282,10908,11967,11639,39396,38576,12032,41265,20743,1295,5688,13115,13146,45172,13858,24308,12187,7298,
49,28618,39209,39112,47125,40118,19183,5433,23128,18793,24376,15090,39794,5596,46470,35734,40050,35897,3967,25373,6142,34773,28540,43279,35201,39095,32420,21847,35446,2416,14057,31021,25225,38126,2709,21745,34508,36480,20879,41066,44548,11407,18305,16832,14059,5017,15688,25405,31355,32822,31501,10550,14827,34330,18826,18848,24099,44933,36703,2408,10223,24590,11214,4183,37379,12612,19266,51443,41237,37004,9412,13951,10390,9854,6229,22667,16928,18744,11339,10899,3183,
50,28618,39209,39112,47125,40118,19183,5433,23128,18793,24376,15090,39794,5596,46470,35734,40050,35897,3967,25373,6142,34773,28540,43279,35201,39095,32420,21847,35446,2416,14057,31021,25225,38126,2709,21745,34508,36480,20879,41066,44548,14146,16758,16781,18473,33847,36999,31198,16043,19284,13203,10550,14213,4252,4647,28961,13322,20710,25266,1131,17496,1889,17221,19978,10088,12336,20379,12634,16545,25570,8050,22842,10224,19456,27543,11505,34165,14175,1201,35173,4905,
51,28618,39209,39112,47125,40118,19183,5433,23128,18793,24376,15090,39794,5596,46470,35734,40050,35897,3967,25373,6142,34773,28540,43279,35201,39095,32420,21847,35446,2416,14057,31021,25225,38126,2709,21745,34508,36480,20879,41066,44548,27239,19799,39403,18964,20709,23024,15761,8412,30730,35293,43163,29493,15568,2390,38375,11832,11860,13887,25668,3735,14870,12233,25113,14068,8210,16470,36048,30779,11358,1466,33763,672,24624,8168,16556,24022,11252,8431,31080,5313,
52,28618,39209,39112,47125,40118,19183,5433,23128,18793,24376,15090,39794,5596,46470,35734,40050,35897,3967,25373,6142,34773,28540,43279,35201,39095,32420,21847,35446,2416,14057,31021,25225,38126,2709,21745,34508,36480,20879,41066,44548,14412,18439,19886,13917,35659,12481,18902,10106,17344,1395,11119,18530,3154,26034,44550,17224,32270,10137,4861,5468,27564,11365,1663,17673,16293,22337,14407,15802,34684,17333,42889,5586,7709,1971,48063,11096,27273,15619,17871,1906,
53,28618,39209,39112,47125,40118,19183,5433,23128,18793,24376,15090,39794,5596,46470,35734,40050,35897,3967,25373,6142,34773,28540,43279,35201,39095,32420,21847,35446,2416,14057,31021,25225,38126,2709,21745,34508,36480,20879,41066,44548,25388,27255,29256,11837,11088,35770,27724,934,13676,3862,24947,45572,7678,142,30117,17302,25267,21559,2666,10256,23763,34226,6098,14166,874,10886,11907,10694,21843,2589,37660,14061,5761,27655,21441,50268,17834,19054,21735,3162,
54,28618,39209,39112,47125,40118,19183,5433,23128,18793,24376,15090,39794,5596,46470,35734,40050,35897,3967,25373,6142,34773,28540,43279,35201,39095,32420,21847,35446,2416,14057,31021,25225,38126,2709,21745,34508,36480,20879,41066,44548,11992,11721,18997,19708,15476,11287,30063,4293,36026,6700,20466,15508,36202,142,48551,20132,38262,46995,10929,1770,659,13532,1831,16114,14293,39287,18055,15936,46387,2498,14929,4668,12411,38486,25912,11051,50990,20426,45809,29833,
55,28618,39209,39112,47125,40118,19183,5433,23128,18793,24376,15090,39794,5596,46470,35734,40050,35897,3967,25373,6142,34773,28540,43279,35201,39095,32420,21847,35446,2416,14057,31021,25225,38126,2709,21745,34508,36480,20879,41066,44548,37060,15933,21883,21774,2165,25256,29203,15838,12717,8148,16578,12503,6688,19156,22864,25756,19454,12746,34065,13392,46087,44553,1831,45519,22630,31036,20237,21429,17655,5783,46149,1502,4606,14222,40157,12492,12942,10289,11955,14519,
56,28618,39209,39112,47125,40118,19183,5433,23128,18793,24376,15090,39794,5596,46470,35734,40050,35897,3967,25373,6142,34773,28540,43279,35201,39095,32420,21847,35446,2416,14057,31021,25225,38126,2709,21745,34508,36480,20879,41066,44548,14159,31419,25190,27964,8144,29317,17132,19798,27125,8148,13160,18250,16626,12637,31425,37173,20921,36265,329,502,37436,29772,13618,29302,16781,14064,47007,37193,43101,18805,19701,9802,5223,9184,15148,23281,13127,16425,20780,6467,
57,28618,39209,39112,47125,40118,19183,5433,23128,18793,24376,15090,39794,5596,46470,35734,40050,35897,3967,25373,6142,34773,28540,43279,35201,39095,32420,21847,35446,2416,14057,31021,25225,38126,2709,21745,34508,36480,20879,41066,44548,19363,40011,27382,11211,30858,26274,36405,17468,20839,7626,34875,39415,4508,12351,18974,28287,16084,14760,15458,39878,5100,48328,17962,32858,12200,25174,10783,19940,25137,1882,32777,7793,17250,17408,12911,19055,34306,22115,18121,2418,
58,28618,39209,39112,47125,40118,19183,5433,23128,18793,24376,15090,39794,5596,46470,35734,40050,35897,3967,25373,6142,34773,28540,43279,35201,39095,32420,21847,35446,2416,14057,31021,25225,38126,2709,21745,34508,36480,20879,41066,44548,10615,26686,29052,36909,854,19531,22303,7488,10882,230,30092,11402,258,1044,18974,45380,31609,14060,24674,34777,2286,15559,3125,15236,9248,38045,44205,47138,29988,21817,10962,31740,20370,1925,18944,13059,20032,15065,17159,12181,
59,28618,39209,39112,47125,40118,19183,5433,23128,18793,24376,15090,39794,5596,46470,35734,40050,35897,3967,25373,6142,34773,28540,43279,35201,39095,32420,21847,35446,2416,14057,31021,25225,38126,2709,21745,34508,36480,20879,41066,44548,11345,20521,12513,20667,36503,15266,30174,47800,28418,24146,29163,16823,47197,5474,24846,30612,13125,51967,15716,25312,15215,32345,29048,18435,9503,16716,13022,41967,24444,25632,23659,15442,33990,7524,12486,15490,11505,6854,24935,24544,
60,28618,39209,39112,47125,40118,19183,5433,23128,18793,24376,15090,39794,5596,46470,35734,40050,35897,3967,25373,6142,34773,28540,43279,35201,39095,32420,21847,35446,2416,14057,31021,25225,38126,2709,21745,34508,36480,20879,41066,44548,46997,14985,43760,20432,2546,41651,33580,4216,10410,25105,13270,14234,13508,496,12142,34212,27511,20253,6207,22392,24892,13433,3447,15015,4052,50172,13022,33758,39335,11344,21252,19702,21930,49923,16164,16693,16292,2691,32098,37156,
61,28618,39209,39112,47125,40118,19183,5433,23128,18793,24376,15090,39794,5596,46470,35734,40050,35897,3967,25373,6142,34773,28540,43279,35201,39095,32420,21847,35446,2416,14057,31021,25225,38126,2709,21745,34508,36480,20879,41066,44548,15720,14941,48359,42141,3705,10756,28590,24001,31659,18747,22685,11377,19884,31083,27223,17287,25064,44320,6439,10603,5910,29294,7286,13069,25217,17454,13992,17000,15872,25976,15521,31155,2150,21032,23661,25507,13079,1339,23759,17318,
62,28618,39209,39112,47125,40118,19183,5433,23128,18793,24376,15090,39794,5596,46470,35734,40050,35897,3967,25373,6142,34773,28540,43279,35201,39095,32420,21847,35446,2416,14057,31021,25225,38126,2709,21745,34508,36480,20879,41066,44548,11448,21682,16521,15270,4089,32130,25711,14678,10279,25559,19724,16166,34619,22334,50925,10214,30673,20438,5733,20928,43092,18590,7286,21286,6278,36703,19821,14952,11146,8853,11812,16497,11389,26725,18128,39733,17072,13407,11205,6210,
63,28618,39209,39112,47125,40118,19183,5433,23128,18793,24376,15090,39794,5596,46470,35734,40050,35897,3967,25373,6142,34773,28540,43279,35201,39095,32420,21847,35446,2416,14057,31021,25225,38126,2709,21745,34508,36480,20879,41066,44548,11448,36952,20544,19039,31945,55049,38777,23916,18634,860,27175,18978,23867,6956,23163,10214,30649,36804,37353,26403,13145,19813,1855,12158,9243,10375,21235,40874,11454,8987,29752,3450,10036,18302,21989,10321,17072,10759,34424,499,
64,28618,39209,39112,47125,40118,19183,5433,23128,18793,24376,15090,39794,5596,46470,35734,40050,35897,3967,25373,6142,34773,28540,43279,35201,39095,32420,21847,35446,2416,14057,31021,25225,38126,2709,21745,34508,36480,20879,41066,44548,21620,29333,18946,13483,28941,20731,12694,19955,44377,16640,16051,20242,27237,2497,14532,14613,34675,37290,7215,28635,1264,34371,3616,34356,30855,17009,40926,17011,18907,757,22636,7640,2090,20589,12124,10321,15357,1384,37492,5623,
65,28618,39209,39112,47125,40118,19183,5433,23128,18793,24376,15090,39794,5596,46470,35734,40050,35897,3967,25373,6142,34773,28540,43279,35201,39095,32420,21847,35446,2416,14057,31021,25225,38126,2709,21745,34508,36480,20879,41066,44548,35500,33579,31111,26963,8535,29745,23191,889,10668,38139,14859,41681,14569,11904,42508,26000,22710,31080,6548,30111,9941,25369,15193,25498,4347,29696,16270,12555,15851,10775,25442,8336,5730,48279,17756,13448,28675,44597,30047,21766,
66,28618,39209,39112,47125,40118,19183,5433,23128,18793,24376,15090,39794,5596,46470,35734,40050,35897,3967,25373,6142,34773,28540,43279,35201,39095,32420,21847,35446,2416,14057,31021,25225,38126,2709,21745,34508,36480,20879,41066,44548,26044,25047,47728,31261,1773,13380,18807,889,29344,8481,32277,41793,16234,8292,43698,26000,22797,21390,4403,24376,16146,11920,28555,15742,3532,30553,23771,48190,17432,26560,23011,3426,25108,34247,15803,53228,15975,33652,25121,20103,
67,28618,39209,39112,47125,40118,19183,5433,23128,18793,24376,15090,39794,5596,46470,35734,40050,35897,3967,25373,6142,34773,28540,43279,35201,39095,32420,21847,35446,2416,14057,31021,25225,38126,2709,21745,34508,36480,20879,41066,44548,11896,38558,15740,32894,27009,18602,33125,30281,13859,5442,12051,19286,13417,13833,39749,21139,35842,21027,5308,34110,5207,38051,33672,11866,378,17502,23216,13327,10291,15116,24095,4656,6325,10869,20692,19767,10729,30816,23491,2419,
68,28618,39209,39112,47125,40118,19183,5433,23128,18793,24376,15090,39794,5596,46470,35734,40050,35897,3967,25373,6142,34773,28540,43279,35201,39095,32420,21847,35446,2416,14057,31021,25225,38126,2709,21745,34508,36480,20879,41066,44548,10697,13827,22120,27905,21423,30360,28473,2911,10657,2869,26942,35953,20990,35001,18754,18046,28382,17468,24119,28617,9881,30586,30409,18162,35588,25441,41625,53927,10291,12523,11256,4656,43870,17596,30476,11324,20742,16182,25806,16947,
69,28618,39209,39112,47125,40118,19183,5433,23128,18793,24376,15090,39794,5596,46470,35734,40050,35897,3967,25373,6142,34773,28540,43279,35201,39095,32420,21847,35446,2416,14057,31021,25225,38126,2709,21745,34508,36480,20879,41066,44548,45659,15001,10693,20877,14624,21490,10821,24531,11411,27321,16306,16466,22514,22364,16107,27068,11093,18699,1844,13441,10262,52971,4107,15085,12410,32272,14413,26480,24799,38764,41593,6605,2176,34882,32779,13014,25092,16408,24081,35066,
70,28618,39209,39112,47125,40118,19183,5433,23128,18793,24376,15090,39794,5596,46470,35734,40050,35897,3967,25373,6142,34773,28540,43279,35201,39095,32420,21847,35446,2416,14057,31021,25225,38126,2709,21745,34508,36480,20879,41066,44548,25727,35403,22729,12042,9202,32319,23460,24294,16520,1051,10954,22788,21790,1133,32278,23141,19027,12263,1479,13994,6903,12424,14177,17624,5293,44006,13093,13782,15722,22928,25670,6988,7977,13301,14902,32057,16303,14167,14444,20375,
71,28618,39209,39112,47125,40118,19183,5433,23128,18793,24376,15090,39794,5596,46470,35734,40050,35897,3967,25373,6142,34773,28540,43279,35201,39095,32420,21847,35446,2416,14057,31021,25225,38126,2709,21745,34508,36480,20879,41066,44548,16964,31677,24183,20515,7263,37130,25468,4820,10608,14045,18409,31802,12903,8901,34573,16276,45031,16719,2886,11373,11630,27383,12238,23821,9943,18585,27569,11037,31065,4715,10669,2250,3768,43057,13765,11336,25234,10620,35300,18361,
72,28618,39209,39112,47125,40118,19183,5433,23128,18793,24376,15090,39794,5596,46470,35734,40050,35897,3967,25373,6142,34773,28540,43279,35201,39095,32420,21847,35446,2416,14057,31021,25225,38126,2709,21745,34508,36480,20879,41066,44548,27175,15020,15945,11305,1970,24430,19100,31527,12734,14006,16973,13690,25205,1402,54403,51591,17322,11015,3311,46839,11046,19869,8285,26755,8848,16004,12423,11650,10219,35799,27101,22968,1788,10831,17219,38100,17721,49115,14883,1372,
73,28618,39209,39112,47125,40118,19183,5433,23128,18793,24376,15090,39794,5596,46470,35734,40050,35897,3967,25373,6142,34773,28540,43279,35201,39095,32420,21847,35446,2416,14057,31021,25225,38126,2709,21745,34508,36480,20879,41066,44548,43755,12723,17177,11533,9715,28829,21386,18234,30348,2372,51343,39162,37426,12071,20025,25332,13579,13798,6638,28305,10963,47548,10022,20706,1348,20542,16352,28060,43187,3878,27642,2989,24741,12163,38637,36397,19297,21470,21524,16367,
74,28618,39209,39112,47125,40118,19183,5433,23128,18793,24376,15090,39794,5596,46470,35734,40050,35897,3967,25373,6142,34773,28540,43279,35201,39095,32420,21847,35446,2416,14057,31021,25225,38126,2709,21745,34508,36480,20879,41066,44548,23235,11589,23141,52151,5639,32007,20551,818,11747,2261,27106,23845,28361,7325,19193,14291,29063,10811,16247,28129,629,12980,32649,25033,3010,39852,21242,15598,38475,1638,14550,948,31690,36636,20804,22654,42742,11596,15803,8076,
75,28618,39209,39112,47125,40118,19183,5433,23128,18793,24376,15090,39794,5596,46470,35734,40050,35897,3967,25373,6142,34773,28540,43279,35201,39095,32420,21847,35446,2416,14057,31021,25225,38126,2709,21745,34508,36480,20879,41066,44548,12466,20598,37353,26639,33804,10902,12241,38570,50233,9671,18973,18374,31351,17247,19422,10941,42567,11729,5742,28798,31308,11456,168,46000,3010,19526,21383,13925,30574,7468,22104,32385,33496,31593,43633,19074,45202,17068,16397,7078,
76,28618,39209,39112,47125,40118,19183,5433,23128,18793,24376,15090,39794,5596,46470,35734,40050,35897,3967,25373,6142,34773,28540,43279,35201,39095,32420,21847,35446,2416,14057,31021,25225,38126,2709,21745,34508,36480,20879,41066,44548,45026,22242,13465,40815,7464,16987,10897,1190,28043,32273,11948,19848,21864,5221,36477,27656,18741,42863,19970,33196,10867,36180,168,21189,1817,33468,13471,11595,22245,3388,10393,5006,14752,36836,11769,54896,31994,11205,12111,20393,
77,28618,39209,39112,47125,40118,19183,5433,23128,18793,24376,15090,39794,5596,46470,35734,40050,35897,3967,25373,6142,34773,28540,43279,35201,39095,32420,21847,35446,2416,14057,31021,25225,38126,2709,21745,34508,36480,20879,41066,44548,12501,41998,14444,13130,38286,25738,42999,19003,34312,5716,20994,15659,13420,4473,48180,23250,49422,39328,24283,36954,24624,14445,168,58188,13225,15150,10968,12321,13831,13256,28275,11502,28111,43912,22704,50541,10240,53434,15191,1248,
78,28618,39209,39112,47125,40118,19183,5433,23128,18793,24376,15090,39794,5596,46470,35734,40050,35897,3967,25373,6142,34773,28540,43279,35201,39095,32420,21847,35446,2416,14057,31021,25225,38126,2709,21745,34508,36480,20879,41066,44548,23092,17224,52695,10839,2631,13188,16458,7378,11308,27132,13065,17056,17043,5858,44167,33617,17535,21882,3058,50156,17077,37059,168,20668,8378,41025,11416,26479,25515,7415,19265,13809,10347,10723,35634,32036,10240,14876,43414,10836,
79,28618,39209,39112,47125,40118,19183,5433,23128,18793,24376,15090,39794,5596,46470,35734,40050,35897,3967,25373,6142,34773,28540,43279,35201,39095,32420,21847,35446,2416,14057,31021,25225,38126,2709,21745,34508,36480,20879,41066,44548,10718,17919,38557,33150,14922,11150,15687,20178,24049,24913,17069,26070,13569,27479,43914,11250,21310,26855,572,14818,8012,28485,12616,17639,3248,14694,13555,27231,15400,2051,39310,7915,45248,47380,15622,12624,44681,20459,35402,41101,
80,28618,39209,39112,47125,40118,19183,5433,23128,18793,24376,15090,39794,5596,46470,35734,40050,35897,3967,25373,6142,34773,28540,43279,35201,39095,32420,21847,35446,2416,14057,31021,25225,38126,2709,21745,34508,36480,20879,41066,44548,15677,11022,37812,13313,32690,43140,31708,3708,17823,2481,22950,19166,39340,7016,29641,11128,38059,26897,40933,17049,14859,10219,6528,12957,14698,31365,23019,31989,28984,2852,19603,16576,22142,26926,12857,12508,17392,21696,14534,3680,
81,28618,39209,39112,47125,40118,19183,5433,23128,18793,24376,15090,39794,5596,46470,35734,40050,35897,3967,25373,6142,34773,28540,43279,35201,39095,32420,21847,35446,2416,14057,31021,25225,38126,2709,21745,34508,36480,20879,41066,44548,12452,22427,17806,13325,9495,20386,38204,874,17995,25634,50920,21229,22976,27448,11595,31778,45604,18745,46285,44707,15968,29992,12102,16737,2720,17635,10658,13979,11777,208,14721,9685,19600,16591,14892,31234,11087,21222,11470,9068,
82,28618,39209,39112,47125,40118,19183,5433,23128,18793,24376,15090,39794,5596,46470,35734,40050,35897,3967,25373,6142,34773,28540,43279,35201,39095,32420,21847,35446,2416,14057,31021,25225,38126,2709,21745,34508,36480,20879,41066,44548,35649,12597,32518,10728,10724,21796,41936,874,26534,6505,37998,35461,39803,6825,19812,40068,18858,10565,36214,25946,11755,23055,5859,12712,26267,28909,11826,34388,31662,208,22370,26277,29219,15581,23122,37908,14848,26690,19358,32309,
83,28618,39209,39112,47125,40118,19183,5433,23128,18793,24376,15090,39794,5596,46470,35734,40050,35897,3967,25373,6142,34773,28540,43279,35201,39095,32420,21847,35446,2416,14057,31021,25225,38126,2709,21745,34508,36480,20879,41066,44548,30150,26510,27728,33117,31781,33275,18144,36399,21725,909,19359,23342,22199,19613,19299,45108,30321,28822,40168,12484,6248,39028,31429,10597,11929,38195,35958,11070,29282,37181,30549,7876,16689,17866,24456,17070,22540,23357,19063,2269,
84,28618,39209,39112,47125,40118,19183,5433,23128,18793,24376,15090,39794,5596,46470,35734,40050,35897,3967,25373,6142,34773,28540,43279,35201,39095,32420,21847,35446,2416,14057,31021,25225,38126,2709,21745,34508,36480,20879,41066,44548,11351,13054,22679,14532,12718,33959,21242,12714,27021,10516,29105,15570,14043,26513,34172,34218,31464,11318,33977,12313,627,40629,16258,31267,7637,16412,12604,37709,17264,15054,26341,1326,10624,18601,20464,20710,12864,26855,17524,20839,
85,28618,39209,39112,47125,40118,19183,5433,23128,18793,24376,15090,39794,5596,46470,35734,40050,35897,3967,25373,6142,34773,28540,43279,35201,39095,32420,21847,35446,2416,14057,31021,25225,38126,2709,21745,34508,36480,20879,41066,44548,14929,19551,29879,16171,4398,20696,17846,17744,13294,20992,28242,23888,24927,10015,34695,19730,12000,18268,24313,31391,412,42200,23419,28195,7204,19856,14001,22595,25170,38582,12873,1311,24191,14988,27434,34836,14462,11634,28985,11964,
86,28618,39209,39112,47125,40118,19183,5433,23128,18793,24376,15090,39794,5596,46470,35734,40050,35897,3967,25373,6142,34773,28540,43279,35201,39095,32420,21847,35446,2416,14057,31021,25225,38126,2709,21745,34508,36480,20879,41066,44548,22279,10362,16107,15980,38371,29651,11488,29541,12662,10873,14472,22847,41867,2548,18964,12056,30297,13853,39253,15921,10871,25636,6190,18423,4621,19098,33340,49340,13470,11611,27785,10604,10728,14141,32268,11194,46324,33494,31778,4198,
87,28618,39209,39112,47125,40118,19183,5433,23128,18793,24376,15090,39794,5596,46470,35734,40050,35897,3967,25373,6142,34773,28540,43279,35201,39095,32420,21847,35446,2416,14057,31021,25225,38126,2709,21745,34508,36480,20879,41066,44548,19200,10455,36306,23080,31296,35079,11582,23955,23054,259,10910,15986,26775,10412,25340,33388,39358,27357,32583,44347,33273,40279,5542,13839,3172,10706,17194,33026,11005,2211,31484,12967,26187,14329,13127,11194,22170,29428,10674,2726,
88,28618,39209,39112,47125,40118,19183,5433,23128,18793,24376,15090,39794,5596,46470,35734,40050,35897,3967,25373,6142,34773,28540,43279,35201,39095,32420,21847,35446,2416,14057,31021,25225,38126,2709,21745,34508,36480,20879,41066,44548,14993,13256,30313,18990,15699,19946,26608,22472,16529,42262,13776,10575,45597,8025,15681,13949,23424,20264,32990,17872,17378,18182,16605,16748,10767,11503,24275,32629,32454,19847,25772,5447,27410,55970,11755,11194,17327,22041,43577,7886,
89,28618,39209,39112,47125,40118,19183,5433,23128,18793,24376,15090,39794,5596,46470,35734,40050,35897,3967,25373,6142,34773,28540,43279,35201,39095,32420,21847,35446,2416,14057,31021,25225,38126,2709,21745,34508,36480,20879,41066,44548,10880,21812,25857,11428,25502,29350,15000,11336,31699,38443,18027,21137,18610,19606,18790,44152,16701,28348,20344,56080,9809,11778,1804,15493,34020,19616,12705,42365,11203,13598,13434,6864,31339,10344,38790,20387,24824,30671,29982,15585,
90,28618,39209,39112,47125,40118,19183,5433,23128,18793,24376,15090,39794,5596,46470,35734,40050,35897,3967,25373,6142,34773,28540,43279,35201,39095,32420,21847,35446,2416,14057,31021,25225,38126,2709,21745,34508,36480,20879,41066,44548,12303,15841,37005,13853,8049,10150,23683,18477,25163,21422,10811,23508,37032,16699,18930,16384,22526,35948,11740,13849,15157,26951,10716,31014,14733,11622,12705,12403,11203,5232,30687,36330,14216,13345,28516,20567,16610,28776,28192,8798,
91,28618,39209,39112,47125,40118,19183,5433,23128,18793,24376,15090,39794,5596,46470,35734,40050,35897,3967,25373,6142,34773,28540,43279,35201,39095,32420,21847,35446,2416,14057,31021,25225,38126,2709,21745,34508,36480,20879,41066,44548,21209,18363,16397,11914,8518,10150,45468,29989,24004,15287,59772,13971,25864,20920,22694,27507,22427,19982,12432,31647,30646,10566,26138,15251,13616,10747,43723,10585,24992,10645,39851,12711,16889,26760,13834,25268,12418,16219,30215,7993,
92,28618,39209,39112,47125,40118,19183,5433,23128,18793,24376,15090,39794,5596,46470,35734,40050,35897,3967,25373,6142,34773,28540,43279,35201,39095,32420,21847,35446,2416,14057,31021,25225,38126,2709,21745,34508,36480,20879,41066,44548,17477,27727,45870,13641,16016,14523,49104,53594,27111,49793,24865,17845,36566,22383,17117,15104,22550,46866,27147,14557,3245,14139,3582,23592,5508,40340,10334,15001,16713,26245,46131,3341,10250,13855,56050,32831,35633,36164,29500,10931,
93,28618,39209,39112,47125,40118,19183,5433,23128,18793,24376,15090,39794,5596,46470,35734,40050,35897,3967,25373,6142,34773,28540,43279,35201,39095,32420,21847,35446,2416,14057,31021,25225,38126,2709,21745,34508,36480,20879,41066,44548,10804,22130,29205,49988,29270,20380,15887,34527,26891,17089,14548,15867,18080,13292,16671,21310,19851,11297,14960,34205,1029,15973,1344,17750,11584,22244,57371,12123,12596,1105,10922,1572,26164,14174,18813,29094,31705,16637,19374,1970,
94,28618,39209,39112,47125,40118,19183,5433,23128,18793,24376,15090,39794,5596,46470,35734,40050,35897,3967,25373,6142,34773,28540,43279,35201,39095,32420,21847,35446,2416,14057,31021,25225,38126,2709,21745,34508,36480,20879,41066,44548,14199,31158,30302,12374,15694,12387,15997,20885,27390,43547,18208,11529,15491,5326,15465,18785,13851,20509,23735,26721,16422,46668,13038,31330,2143,24335,27029,11839,14272,1010,22805,2292,12992,19486,25551,23579,47109,14805,17732,1897,
95,28618,39209,39112,47125,40118,19183,5433,23128,18793,24376,15090,39794,5596,46470,35734,40050,35897,3967,25373,6142,34773,28540,43279,35201,39095,32420,21847,35446,2416,14057,31021,25225,38126,2709,21745,34508,36480,20879,41066,44548,13938,18551,11986,21940,5523,38943,23631,16551,44544,26213,29306,16043,16248,14999,13780,10148,22686,14893,14533,35435,15836,10735,15498,13524,4785,46560,36253,27345,18797,27605,33198,13140,37070,31859,19198,47207,34217,14799,11997,22706,
96,28618,39209,39112,47125,40118,19183,5433,23128,18793,24376,15090,39794,5596,46470,35734,40050,35897,3967,25373,6142,34773,28540,43279,35201,39095,32420,21847,35446,2416,14057,31021,25225,38126,2709,21745,34508,36480,20879,41066,44548,51495,56440,37908,39790,1738,18816,46354,11469,16960,43400,19143,25470,19701,36591,28851,57165,42543,28480,25927,20163,19955,23727,19166,11838,35320,46920,21416,11312,40515,2680,18563,5266,10585,23902,42607,28182,32858,14018,11364,24689,
97,28618,39209,39112,47125,40118,19183,5433,23128,18793,24376,15090,39794,5596,46470,35734,40050,35897,3967,25373,6142,34773,28540,43279,35201,39095,32420,21847,35446,2416,14057,31021,25225,38126,2709,21745,34508,36480,20879,41066,44548,26558,41391,11241,22811,28242,24165,26091,18703,35528,13206,20391,22793,51637,30978,26921,42700,26834,12118,15734,14336,22947,30859,5084,24187,10911,16843,45779,11312,13967,7911,15456,264,14029,15836,10357,28401,23203,29423,11412,7472,
98,28618,39209,39112,47125,40118,19183,5433,23128,18793,24376,15090,39794,5596,46470,35734,40050,35897,3967,25373,6142,34773,28540,43279,35201,39095,32420,21847,35446,2416,14057,31021,25225,38126,2709,21745,34508,36480,20879,41066,44548,18199,13071,31950,41670,9307,34944,28673,17523,10672,27733,12711,12937,13711,4240,26921,36720,30696,12855,26816,10324,30821,35651,4138,23083,12002,16232,50034,22631,24612,3084,10669,49269,21930,33772,17093,11795,21240,11624,11065,15712,
99,28618,39209,39112,47125,40118,19183,5433,23128,18793,24376,15090,39794,5596,46470,35734,40050,35897,3967,25373,6142,34773,28540,43279,35201,39095,32420,21847,35446,2416,14057,31021,25225,38126,2709,21745,34508,36480,20879,41066,44548,12275,44387,27812,20259,3885,11555,19867,29820,14350,16287,24929,33373,19094,20679,21934,10088,45273,11798,50157,11059,38371,37043,26336,10829,18837,18418,16550,13491,22809,2449,17965,53475,25468,20242,28486,13605,21644,10583,15256,9356,
100,28618,39209,39112,47125,40118,19183,5433,23128,18793,24376,15090,39794,5596,46470,35734,40050,35897,3967,25373,6142,34773,28540,43279,35201,39095,32420,21847,35446,2416,14057,31021,25225,38126,2709,21745,34508,36480,20879,41066,44548,19276,17165,54445,33693,45508,38409,10947,13134,30142,10581,17939,17622,15055,862,38629,10088,14190,19464,16050,54902,42226,18009,37915,38652,15585,18684,36078,32834,52668,22077,41859,11258,19278,28462,12918,20691,10767,50940,15256,10826,
