1,38178,45856,7843,45797,19098,609,44429,5061,14588,35153,33498,26375,3443,43268,17561,34454,7880,46695,48642,46448,
2,609,3443,1592,172,1480,4431,1179,1093,1179,5520,1447,528,1565,3201,1592,759,2023,3264,22898,36122,
3,172,172,172,609,172,400,496,172,332,528,1592,8927,1881,528,172,694,332,1077,172,17875,
4,172,172,172,172,172,172,172,172,172,172,400,172,172,172,172,172,172,400,172,54814,
5,172,172,172,172,172,172,172,172,172,172,172,172,172,172,172,172,172,172,172,38296,
6,172,172,172,172,172,172,172,172,172,172,172,172,172,172,172,172,172,172,13856,172,
7,172,172,172,172,172,172,172,172,172,172,172,172,172,172,172,172,172,172,4141,172,
8,172,172,172,172,172,172,172,172,172,172,172,172,172,172,172,172,172,172,8645,49492,
9,172,172,172,172,172,172,172,172,172,172,172,172,172,172,172,172,172,172,2198,29637,
10,172,172,172,172,172,172,172,172,172,172,172,172,172,172,172,172,172,172,59069,49241,
11,172,172,172,172,172,172,172,172,172,172,172,172,172,172,172,172,172,172,14268,172,
12,172,172,172,172,172,172,172,172,172,172,172,172,172,172,172,172,172,172,36150,172,
13,172,172,172,172,172,172,172,172,172,172,172,172,172,172,172,172,172,172,49882,172,
14,172,172,172,172,172,172,172,172,172,172,172,172,172,172,172,172,172,172,34298,41203,
15,172,172,172,172,172,172,172,172,172,172,172,172,172,172,172,172,172,172,38902,172,
16,172,172,172,172,172,172,172,172,172,172,172,172,172,172,172,172,172,172,17235,53772,
17,172,172,172,172,172,172,172,172,172,172,172,172,172,172,172,172,172,172,58472,49547,
18,172,172,172,172,172,172,172,172,172,172,172,172,172,172,172,172,172,172,172,56841,
19,172,172,172,172,172,172,172,172,172,172,172,172,172,172,172,172,172,172,48321,54118,
20,172,172,172,172,172,172,16190,172,172,172,172,172,172,172,172,172,172,172,172,54882,
21,172,172,172,172,172,172,172,172,172,172,172,172,172,172,172,172,172,172,34166,41589,
22,172,172,172,172,172,172,172,172,172,172,172,172,172,172,172,172,172,172,48534,172,
23,172,172,172,172,172,172,172,172,172,172,172,172,172,172,172,172,172,172,46753,48796,
24,172,172,172,172,172,172,172,172,172,172,172,172,172,172,172,172,172,172,172,52322,
25,172,172,172,172,172,172,172,172,172,172,172,172,172,172,172,172,172,172,51698,39489,
26,172,172,172,172,172,172,172,172,172,172,172,172,172,172,172,172,172,172,5098,43542,
27,172,172,172,172,172,172,172,172,172,172,172,172,172,172,172,172,172,172,30708,38185,
28,172,172,172,172,172,172,172,172,172,172,172,172,172,172,172,172,172,172,42427,46758,
29,172,172,172,172,13485,172,13485,172,172,172,172,172,172,172,172,172,172,172,2386,11155,
30,172,172,172,172,172,172,172,172,172,172,172,172,172,172,172,172,172,172,37621,172,
31,172,172,172,172,172,172,172,172,172,172,172,172,172,172,172,172,172,172,21834,22040,
32,172,172,172,172,172,172,172,172,172,172,172,172,172,172,172,172,172,172,22520,56569,
33,172,172,172,172,172,172,172,172,172,172,172,172,172,172,172,172,172,172,172,28764,
34,172,172,172,172,172,172,172,172,172,172,172,172,172,172,172,172,172,172,172,18639,
35,172,172,172,172,172,172,172,172,172,172,172,172,172,172,172,172,172,172,50873,57256,
36,172,172,172,172,172,172,172,172,172,172,172,172,172,172,172,172,172,172,172,172,
37,172,172,172,172,172,172,172,172,172,172,172,172,172,172,172,172,172,172,172,43412,
38,172,172,172,172,172,172,172,172,172,172,172,172,172,172,172,172,172,172,31601,41390,
39,172,172,172,172,172,172,172,172,172,172,172,172,172,172,172,172,172,172,55875,35889,
40,172,172,172,172,172,22428,172,172,172,172,172,172,172,172,172,172,172,172,46920,38784,
41,172,172,172,172,172,172,172,172,172,172,172,172,172,172,172,172,172,172,47350,43954,
42,172,172,172,172,172,172,172,172,172,172,172,172,172,172,172,172,172,172,31365,172,
43,172,172,172,172,172,172,172,172,172,172,172,172,172,172,172,172,172,172,42062,54484,
44,172,172,172,172,172,172,172,172,172,172,172,172,172,172,172,172,172,172,11472,53664,
45,172,172,172,172,172,172,172,172,172,172,172,172,172,172,172,172,172,172,172,56980,
46,172,172,172,172,172,172,172,172,172,172,172,172,172,172,172,172,172,172,5010,172,
47,172,172,172,172,172,172,172,172,172,172,172,172,172,172,172,172,172,172,172,172,
48,172,172,172,172,172,172,172,172,172,172,172,172,172,172,172,172,172,172,172,172,
49,172,172,172,172,172,172,172,172,172,172,172,172,172,172,172,172,172,172,4198,35959,
50,172,172,172,172,172,172,172,172,172,172,172,172,172,172,172,172,172,172,172,16827,
51,172,172,172,172,172,172,172,172,172,172,172,172,172,172,172,172,172,172,45809,17027,
52,172,172,172,172,172,172,172,172,172,172,172,172,172,172,172,172,172,172,30939,172,
53,172,172,172,172,172,172,172,172,172,172,172,172,172,172,172,172,172,172,172,172,
54,172,172,172,172,172,172,172,172,172,172,172,172,172,172,172,172,172,172,45584,172,
55,172,172,172,172,172,172,172,172,172,172,172,172,172,172,172,172,172,172,59103,28410,
56,172,172,172,172,172,172,172,172,172,172,172,172,172,172,172,172,172,172,172,42940,
57,172,172,172,172,172,172,172,172,172,172,172,172,172,172,172,172,172,172,172,27921,
58,172,172,172,172,172,172,172,172,172,172,172,172,172,172,172,172,172,172,172,38580,
59,172,172,172,172,172,172,172,172,172,172,172,172,172,172,172,172,172,172,47519,41254,
60,172,172,172,172,172,172,172,172,172,172,172,172,172,172,172,172,172,172,55150,172,
61,172,172,172,172,172,172,172,172,172,172,172,172,172,172,172,172,172,172,172,56118,
62,172,172,172,172,172,172,172,172,172,172,172,172,172,172,172,172,172,172,16641,56731,
63,172,172,15888,172,172,172,172,15888,172,172,172,172,172,172,172,172,172,172,34512,8467,
64,172,172,172,172,172,172,172,172,172,172,172,172,172,172,172,172,172,172,172,172,
65,172,172,172,172,172,172,172,172,172,172,172,172,172,172,172,172,172,172,12469,172,
66,172,172,172,172,172,172,172,172,172,172,172,172,172,172,172,172,172,172,172,58442,
67,172,172,172,172,172,172,172,172,172,172,172,172,172,172,172,172,172,172,42836,172,
68,172,172,172,172,172,172,172,172,172,172,172,172,172,172,172,172,172,172,172,8792,
69,172,172,172,172,172,172,172,172,172,172,172,172,172,172,172,172,172,172,33464,52852,
70,172,172,172,172,172,172,172,172,172,172,172,172,172,172,172,172,172,172,15684,172,
71,172,172,172,172,172,172,172,172,172,172,172,172,172,172,172,172,172,172,172,37526,
72,172,172,172,172,172,172,172,172,172,172,172,172,172,172,172,172,172,172,172,45931,
73,172,172,172,172,172,172,172,172,172,172,172,172,172,172,172,172,172,172,172,172,
74,172,172,172,172,172,172,172,172,172,172,172,172,172,172,172,172,172,172,25327,172,
75,172,172,172,172,172,172,172,172,172,172,172,172,172,172,172,172,172,172,55678,172,
76,172,172,172,172,172,172,172,172,172,172,172,172,172,172,172,172,172,172,22616,39734,
77,172,172,172,172,172,172,172,172,172,172,172,172,172,172,172,172,172,172,172,172,
78,172,172,172,172,172,172,172,172,172,172,172,172,172,172,172,172,172,172,172,172,
79,172,172,172,172,172,172,172,172,172,172,172,172,172,172,172,172,172,172,43957,55898,
80,172,172,172,172,172,172,172,172,172,172,172,172,172,172,172,172,172,172,2351,38472,
81,172,172,172,172,172,172,172,172,172,172,172,172,172,172,172,172,172,172,172,24733,
82,172,172,172,172,172,172,172,172,172,172,172,172,172,172,172,172,172,172,27194,14668,
83,172,172,172,4218,172,172,172,172,172,172,172,172,172,172,172,172,4218,172,172,172,
84,172,172,172,172,172,172,172,172,172,172,172,172,172,172,172,172,172,172,17623,16369,
85,172,172,172,172,172,172,172,172,172,172,172,172,172,172,172,172,172,172,28541,27147,
86,172,172,172,172,172,172,172,172,172,172,172,172,172,172,172,172,172,172,51797,37916,
87,172,172,172,172,172,172,172,172,172,172,172,172,172,172,172,172,172,172,29822,4478,
88,172,172,172,172,172,172,172,172,172,172,172,172,172,172,172,172,172,172,172,15321,
89,172,172,172,172,172,172,172,172,172,172,172,172,172,172,172,172,172,172,55970,55930,
90,172,172,172,172,172,172,172,172,172,172,172,172,172,172,172,172,172,172,172,39927,
91,172,172,172,172,172,172,172,172,172,172,172,172,172,172,172,172,172,172,55712,43742,
92,172,172,172,172,172,172,172,12857,172,172,172,172,172,172,172,172,172,172,172,19995,
93,172,172,172,172,172,172,172,172,172,172,172,172,172,172,172,172,172,172,172,172,
94,172,172,172,172,172,172,172,172,172,172,172,172,172,172,172,172,172,172,51023,40666,
95,172,172,172,172,172,172,172,172,172,172,172,172,3691,172,172,172,172,172,47378,172,
96,172,172,172,172,172,172,172,172,172,172,172,172,172,172,172,172,172,172,38789,6960,
97,172,172,172,172,172,172,172,172,172,172,172,172,172,172,172,172,172,172,172,49732,
98,172,172,172,172,172,172,172,172,172,172,172,172,172,172,172,172,172,172,61574,44896,
99,172,172,172,172,172,172,172,11446,172,172,172,172,172,172,172,172,172,172,59800,20242,
100,172,172,172,172,172,172,172,172,172,172,172,172,172,172,172,172,172,172,17482,14048,
101,172,172,172,172,172,172,172,172,172,172,172,172,172,172,172,172,172,172,24292,15893,
102,172,172,172,172,172,172,172,172,172,172,172,172,172,172,172,172,172,172,22588,37988,
103,172,172,172,172,172,172,172,172,172,172,172,172,172,172,172,172,172,172,39129,24834,
104,172,172,9409,172,172,172,172,9409,172,172,172,172,6377,172,172,172,6377,172,45935,53767,
105,172,172,172,172,172,172,172,172,172,172,172,172,172,172,172,172,172,172,35819,172,
106,172,172,172,172,172,172,172,172,172,172,172,172,172,172,172,172,172,172,50492,46383,
107,172,172,172,172,172,172,172,172,172,172,172,172,172,172,172,172,172,172,16636,172,
108,172,172,172,172,172,172,172,172,172,172,172,172,172,172,172,172,172,172,172,34032,
109,172,172,172,172,172,172,172,172,172,172,172,172,172,172,172,172,172,172,26701,39745,
110,172,172,172,172,172,172,172,172,172,172,172,172,172,172,172,172,172,172,172,17395,
111,172,172,172,172,172,172,172,172,172,172,172,172,172,172,172,172,172,172,172,24033,
112,172,172,172,172,172,172,172,172,172,172,172,172,172,172,172,172,172,172,31425,40948,
113,172,172,172,172,172,172,172,172,172,172,172,172,172,172,172,172,172,172,36733,16958,
114,172,172,172,172,172,172,172,172,172,172,172,172,172,172,172,172,172,172,172,37431,
115,172,172,172,172,172,172,172,172,172,172,172,172,172,172,172,172,172,172,40302,18102,
116,172,172,172,172,172,172,172,172,172,172,172,172,172,172,172,172,172,172,27018,172,
117,172,172,172,172,172,172,172,172,172,172,172,172,172,172,172,172,172,172,25347,24877,
118,172,172,172,172,172,172,172,172,172,172,172,172,172,172,172,172,172,172,172,42588,
119,172,172,172,172,172,172,172,172,172,172,172,172,172,172,172,172,172,172,2505,49261,
120,172,172,172,172,172,172,172,172,172,172,172,8586,172,172,172,172,172,172,44164,172,
121,172,172,172,172,172,172,172,172,172,172,172,172,172,172,172,172,172,172,45677,56376,
122,172,172,172,172,172,172,172,172,172,172,172,172,172,172,172,172,172,172,43528,34386,
123,172,172,172,172,172,172,172,172,172,172,172,172,172,172,172,172,172,172,39453,39254,
124,172,172,172,172,172,172,172,172,172,172,172,172,172,172,172,172,172,172,48452,32507,
125,172,172,172,172,172,172,172,172,172,172,172,172,172,172,172,172,172,172,172,172,
126,172,172,172,172,172,172,172,172,172,172,172,172,172,172,172,172,172,172,172,172,
127,172,172,172,172,172,172,172,172,172,172,172,172,172,172,172,172,172,172,24846,172,
128,172,172,172,172,172,172,172,172,172,172,172,172,172,172,172,172,172,172,15980,172,
129,172,172,172,172,172,172,172,172,172,172,172,172,172,172,172,172,172,172,39135,172,
130,172,172,172,172,172,172,172,172,172,172,172,172,172,172,172,172,172,172,172,6685,
131,172,172,172,172,172,172,172,172,172,172,172,172,172,172,172,172,172,172,50667,172,
132,172,172,172,172,172,172,172,172,172,172,172,172,172,172,172,172,172,172,172,172,
133,172,172,172,172,172,172,172,172,172,172,172,172,172,172,172,172,172,172,49503,54924,
134,172,172,172,172,172,172,172,172,172,172,172,172,172,172,172,172,172,172,172,49361,
135,172,172,172,172,172,172,172,172,172,172,172,172,172,172,172,172,172,172,29918,172,
136,172,172,172,172,172,172,172,172,172,172,172,172,172,172,172,172,172,172,42008,172,
137,172,172,172,172,172,172,172,172,172,172,172,172,172,172,172,172,172,172,172,13264,
138,172,172,172,172,172,172,172,172,172,172,172,172,172,172,172,172,172,172,57213,172,
139,172,172,172,172,172,172,172,172,172,172,172,172,172,172,172,172,172,172,17831,44807,
140,172,172,172,172,172,172,172,172,172,172,172,172,172,172,172,172,172,172,45332,172,
141,172,172,172,172,172,172,172,172,172,172,172,172,172,172,172,172,172,172,22438,28797,
142,172,172,172,172,172,172,172,172,172,172,172,172,172,172,172,172,172,172,24073,8189,
143,172,172,172,172,172,172,172,172,172,11655,172,172,172,172,172,172,172,172,172,11485,
144,172,172,172,172,172,172,172,172,172,172,172,172,172,172,172,172,172,172,47302,34089,
145,172,172,172,172,172,172,172,172,172,172,172,172,172,172,172,172,172,172,23718,15489,
146,172,172,172,172,172,172,172,172,172,172,172,172,172,172,172,172,172,172,55921,172,
147,172,172,172,172,172,172,172,172,172,172,172,172,172,172,172,172,172,172,172,10114,
148,172,172,172,172,172,172,172,172,172,172,172,172,172,172,172,172,172,172,38447,172,
149,172,172,172,172,172,172,172,172,172,172,172,172,172,172,172,172,172,172,38822,49348,
150,172,172,172,172,172,172,172,172,172,172,172,172,172,172,172,172,172,172,172,56085,
151,172,172,172,172,172,172,172,172,172,172,172,172,172,172,172,172,172,172,40756,48817,
152,172,172,172,172,172,172,172,172,172,172,172,172,172,172,172,172,172,172,172,172,
153,172,172,172,172,172,172,172,172,172,172,172,172,172,172,172,172,172,172,329,172,
154,172,172,172,172,172,172,172,172,172,172,172,172,172,172,172,172,172,172,25009,54101,
155,172,172,172,172,23286,172,172,172,172,172,172,172,172,172,172,172,172,172,172,33415,
156,172,172,172,172,172,172,172,172,172,172,172,172,172,172,172,172,172,172,49547,45345,
157,172,172,172,172,172,172,172,172,172,172,172,172,172,172,172,172,172,172,4331,172,
158,172,172,172,172,172,172,172,172,172,172,172,172,172,172,172,172,172,172,54070,4809,
159,172,172,172,172,172,172,172,172,172,172,172,172,172,172,172,172,172,172,47280,172,
160,172,172,172,172,172,172,172,172,172,172,172,172,172,172,172,172,172,172,21092,172,
161,172,172,172,172,172,172,172,172,172,172,172,172,172,172,172,172,172,172,43271,47304,
162,172,172,172,172,172,172,172,172,172,172,172,172,172,172,172,172,9434,172,39992,172,
163,172,172,172,172,172,172,172,172,172,172,172,172,172,172,172,172,172,172,49475,172,
164,172,172,172,172,172,172,172,172,172,172,172,172,172,172,172,172,172,172,52393,20815,
165,172,172,172,172,172,172,172,172,172,172,172,172,172,172,172,172,172,172,172,36022,
166,172,172,172,172,172,172,172,172,172,172,172,172,172,172,172,172,172,172,172,47859,
167,172,172,172,172,172,172,172,172,172,172,172,172,172,172,172,172,172,172,24338,18401,
168,172,172,172,172,172,172,172,172,172,172,172,172,172,172,172,5218,172,172,10464,172,
169,172,172,172,172,172,172,172,172,172,172,172,172,172,172,172,172,172,172,6758,37085,
170,172,172,172,172,172,172,172,172,172,172,172,172,172,172,172,172,172,172,172,33339,
171,172,172,172,172,172,172,172,172,172,172,172,172,172,172,172,172,172,172,172,40969,
172,172,172,172,172,172,172,172,172,172,172,172,172,172,172,172,172,172,172,172,47015,
173,172,172,172,172,172,172,172,172,172,172,172,172,172,172,172,172,172,172,3980,39310,
174,172,172,172,172,172,172,172,172,172,172,172,172,172,172,172,172,172,172,44632,49879,
175,172,172,172,172,172,172,172,172,172,172,172,172,172,172,172,172,172,172,48133,57232,
176,172,172,172,172,172,172,172,172,172,172,1553,172,172,172,172,172,172,172,53683,172,
177,172,172,172,172,172,172,172,172,172,172,172,172,172,172,172,172,172,172,172,40746,
178,172,172,172,172,172,172,172,172,172,172,172,172,172,172,172,172,172,172,172,172,
179,172,172,172,172,172,172,172,172,172,172,172,172,172,172,172,172,172,172,13510,172,
180,172,172,172,172,172,172,172,172,172,172,172,172,172,172,172,172,172,172,172,43706,
181,172,172,172,172,172,172,172,172,172,172,172,172,172,172,172,172,172,172,172,34930,
182,172,172,172,172,172,172,172,172,172,172,172,172,172,172,172,172,172,172,43197,42840,
183,172,172,172,172,172,172,172,172,172,172,172,8983,172,172,172,8983,172,8983,172,36941,
184,172,172,172,172,172,172,172,172,172,172,172,172,172,172,172,172,172,172,18142,37006,
185,172,172,172,172,172,172,172,172,172,172,172,172,172,172,172,172,172,172,23602,172,
186,172,172,172,172,172,172,172,172,172,172,172,172,172,172,172,172,172,172,172,172,
187,172,172,172,172,172,172,172,172,172,172,172,172,172,172,172,172,172,172,44953,39328,
188,172,172,172,172,172,172,172,172,172,172,172,172,172,172,172,172,172,172,20347,172,
189,172,172,172,172,172,172,172,172,172,172,172,172,172,172,172,172,172,172,21560,48751,
190,172,172,172,172,172,172,172,172,172,172,172,172,172,172,172,172,172,172,3078,38614,
191,172,172,172,172,172,172,172,172,172,172,172,172,172,172,172,172,942,172,23959,172,
192,172,172,172,172,172,172,172,172,172,172,172,172,172,172,172,172,172,172,172,46622,
193,172,172,172,172,172,172,172,172,172,172,172,172,172,172,172,172,172,172,13694,172,
194,172,172,172,172,172,172,172,172,172,172,172,172,172,172,172,172,172,172,172,172,
195,172,172,172,172,172,172,172,172,172,172,172,172,172,172,172,172,172,172,45806,8057,
196,172,172,172,172,172,172,172,172,172,172,172,172,172,172,172,172,172,172,21255,172,
197,172,172,172,172,172,172,172,172,172,172,172,172,172,172,172,172,172,172,8111,27774,
198,172,172,172,172,172,172,172,172,172,172,172,172,172,172,172,172,172,172,8951,53648,
199,172,172,172,172,172,172,172,10877,172,172,172,172,172,172,172,172,172,172,172,172,
200,172,172,172,172,172,172,172,172,172,172,172,172,172,172,172,172,172,172,21270,172,
201,172,172,172,172,172,172,172,172,172,172,172,172,172,172,172,172,172,172,172,172,
202,172,172,172,172,172,172,172,172,172,172,172,172,172,172,172,172,172,172,32402,172,
203,172,172,172,172,172,172,172,172,172,172,172,172,172,172,172,172,172,172,172,172,
204,172,172,172,172,172,172,172,172,172,172,172,172,172,172,172,172,172,172,172,48261,
205,172,172,172,172,172,172,172,172,172,172,172,172,172,172,172,172,172,172,57790,32478,
206,172,172,172,172,172,172,172,172,172,172,172,172,172,172,172,172,172,172,172,6825,
207,172,172,172,172,172,172,172,172,172,172,172,172,172,172,172,172,172,172,38717,44529,
208,172,172,172,172,172,172,172,172,172,172,172,172,172,172,172,172,172,172,172,6896,
209,172,172,172,172,172,172,172,172,172,172,172,172,172,172,172,172,172,172,47899,38855,
210,172,172,172,172,172,172,172,172,172,172,172,172,172,172,172,172,172,172,172,22623,
211,172,172,172,172,172,172,172,172,172,172,172,172,172,172,172,172,172,172,56666,172,
212,172,172,172,172,172,172,172,172,172,172,172,172,172,172,172,172,172,172,172,6311,
213,172,172,172,172,172,172,172,172,172,172,172,172,172,172,172,172,172,172,172,172,
214,172,172,172,172,172,172,172,172,172,172,172,172,172,172,172,172,172,172,42528,15022,
215,172,172,172,172,172,172,172,172,172,172,172,172,172,172,172,172,172,172,172,172,
216,172,172,172,172,172,172,172,172,172,172,172,172,172,172,172,172,172,172,172,48889,
217,172,172,172,172,172,172,172,172,172,172,172,172,172,172,172,172,172,172,61676,31015,
218,172,172,172,172,23551,38297,172,172,172,172,172,172,22437,23551,172,172,23551,172,38079,10442,
219,172,172,172,172,172,172,172,172,172,172,172,172,172,172,172,172,172,172,172,172,
220,172,172,172,172,172,172,172,172,172,172,172,172,172,172,172,172,172,172,172,32996,
221,172,172,172,172,172,172,172,172,172,172,172,172,172,172,172,172,172,172,52450,172,
222,172,172,172,172,172,172,172,172,172,172,172,172,172,172,172,172,172,172,172,22844,
223,172,172,172,172,172,172,172,172,172,172,172,172,172,172,172,172,172,172,172,172,
224,172,172,172,172,172,172,172,172,172,172,172,172,172,172,172,172,172,172,30088,172,
225,172,172,172,172,172,172,172,172,172,172,172,172,172,172,172,172,172,172,18962,29637,
226,172,172,172,172,172,172,172,172,172,172,172,172,172,172,172,172,172,172,17976,172,
227,172,172,172,172,172,172,172,172,172,172,172,172,172,172,172,172,172,172,50982,19265,
228,172,172,172,172,172,172,172,172,172,172,172,4640,172,172,172,172,172,172,29165,172,
229,172,172,172,172,172,172,172,172,172,172,172,172,172,172,172,172,172,172,9404,39263,
230,172,172,172,172,172,172,172,172,172,172,172,172,172,172,172,172,172,172,172,11631,
231,172,172,172,172,172,172,172,172,172,172,172,172,172,172,172,172,172,172,172,42884,
232,172,172,172,172,172,172,172,172,172,172,172,172,172,172,172,172,172,172,11636,172,
233,172,172,172,172,172,172,172,172,172,172,172,172,172,172,172,172,172,172,47118,172,
234,172,172,172,172,172,172,172,172,172,172,172,172,172,172,172,172,172,172,31239,24794,
235,172,172,172,172,172,172,172,172,172,172,172,172,172,172,172,172,172,172,40625,172,
236,172,172,172,172,172,172,172,172,172,172,172,172,172,172,172,172,172,172,18744,3472,
237,172,172,172,172,172,172,172,172,172,172,172,172,172,172,172,172,172,172,45458,172,
238,172,172,172,172,172,172,172,172,172,172,172,172,172,172,172,172,172,172,53595,45225,
239,172,172,172,172,172,172,172,172,172,172,172,172,172,172,172,172,172,172,13911,49715,
240,172,172,172,172,172,172,172,172,172,172,172,172,172,172,172,172,172,172,48358,47243,
241,172,172,172,172,172,172,172,172,172,172,172,172,172,172,172,172,172,172,50081,172,
242,172,172,172,172,172,172,172,172,172,172,172,172,172,172,172,172,172,172,44041,172,
243,172,172,172,172,172,172,172,172,172,172,172,172,172,172,172,172,172,172,172,172,
244,172,172,172,172,172,172,172,172,172,172,172,172,172,172,172,172,172,172,172,172,
245,172,172,172,172,172,172,172,172,172,172,172,172,172,172,172,172,172,172,55942,172,
246,172,172,172,172,172,172,172,172,172,172,172,172,172,172,172,172,172,172,172,51117,
247,172,172,172,172,172,172,172,172,172,172,172,172,172,172,172,172,172,172,43216,47558,
248,172,172,172,172,172,172,172,172,172,172,172,172,172,172,172,172,172,172,42359,58352,
249,172,172,172,172,172,172,172,172,172,172,172,172,172,172,172,9416,172,172,17820,42874,
250,172,172,172,172,172,172,172,3702,172,172,172,172,172,172,3702,172,3702,172,172,172,
251,172,172,172,172,172,172,172,172,172,172,172,172,172,172,172,172,172,172,172,172,
252,172,172,172,172,172,172,172,172,172,172,172,172,172,172,172,172,172,172,11738,7642,
253,172,172,172,172,172,172,172,172,172,172,172,172,172,172,172,172,172,172,44155,34896,
254,172,172,172,172,172,172,172,172,172,172,172,172,172,172,172,172,172,172,172,35746,
255,172,172,172,172,172,172,172,172,172,172,172,172,172,172,172,172,172,172,42852,24737,
256,172,172,14431,14431,172,172,172,172,172,172,172,172,172,172,172,172,172,172,29868,50627,
257,172,172,172,172,172,172,172,172,172,172,172,172,172,172,172,172,172,172,53509,172,
258,172,172,172,172,172,172,172,172,172,172,172,172,172,172,172,172,172,172,7042,172,
259,172,172,172,172,172,172,172,172,172,172,172,172,172,172,172,172,172,172,172,16923,
260,172,172,172,172,172,172,172,172,172,172,172,172,172,172,172,172,172,172,172,172,
261,172,172,172,172,172,172,172,172,172,172,172,172,172,172,172,172,172,172,16619,3843,
262,172,172,172,172,172,172,172,172,172,172,172,172,172,172,172,172,172,172,5487,45749,
263,172,172,172,172,172,172,172,172,172,172,172,172,172,172,172,172,172,172,172,4433,
264,172,172,172,172,172,172,172,172,172,172,172,172,172,172,172,172,172,172,39916,25596,
265,172,172,172,172,172,172,172,172,172,172,172,172,172,172,172,172,172,172,172,29241,
266,172,172,172,172,172,172,172,172,172,172,172,172,172,172,172,172,172,172,30390,172,
267,172,172,172,172,172,172,172,172,172,172,172,172,172,172,172,172,11020,172,51406,172,
268,172,172,172,172,172,172,172,172,172,172,172,172,172,172,172,172,172,172,46049,30603,
269,172,172,172,172,172,172,172,172,172,172,172,172,172,172,172,172,172,172,47955,26205,
270,172,172,172,172,172,172,172,172,172,172,172,9747,172,172,172,172,172,172,34298,30386,
271,172,172,172,172,172,172,172,172,172,172,172,172,172,172,172,172,172,172,45376,22471,
272,172,172,172,172,172,172,172,172,172,172,172,172,172,172,172,172,172,172,28967,51171,
273,172,172,172,172,172,172,172,172,172,172,172,172,172,172,172,172,172,172,172,55403,
274,172,172,172,172,172,172,172,172,172,172,172,172,172,172,172,172,172,172,42973,33473,
275,172,172,172,172,172,172,172,172,172,172,172,172,172,172,172,172,172,172,53164,47379,
276,172,172,172,172,172,172,172,172,172,172,172,172,172,172,172,172,172,172,172,172,
277,172,172,172,172,172,172,172,172,172,172,172,172,172,172,172,172,172,172,60211,37287,
278,172,172,172,172,172,172,172,172,172,172,172,172,172,172,172,172,172,172,172,172,
279,172,172,172,172,172,172,172,172,172,172,172,172,172,172,172,172,172,172,172,16728,
280,172,172,172,172,172,172,172,172,172,172,172,172,172,172,172,172,172,172,10700,39525,
281,172,172,172,172,172,172,172,172,172,172,172,172,172,172,172,172,172,172,21200,172,
282,172,172,172,172,172,172,172,172,172,172,172,172,172,172,172,172,172,172,172,3724,
283,172,172,172,172,172,172,172,172,172,172,172,172,172,172,172,172,172,172,17765,172,
284,172,172,172,172,172,172,172,172,172,172,172,172,172,172,172,172,172,172,172,35027,
285,172,172,172,172,172,172,172,172,172,172,172,172,172,172,172,172,172,172,15991,34103,
286,172,172,172,172,172,172,172,172,172,172,172,172,172,172,172,172,172,172,59510,39987,
287,172,172,172,172,172,172,172,172,172,172,172,172,172,172,172,172,172,172,4007,172,
288,172,172,172,172,172,172,172,172,172,172,172,172,172,172,172,172,172,172,45492,172,
289,172,172,172,172,172,172,172,172,172,172,172,172,172,172,172,172,172,172,43957,172,
290,172,172,172,172,172,172,172,172,172,172,172,172,172,172,172,172,172,172,172,40926,
291,172,172,172,172,172,172,172,172,172,172,172,172,172,172,172,172,172,172,60041,172,
292,172,172,172,172,172,172,172,172,172,172,172,172,172,172,172,172,172,172,38481,25939,
293,172,172,172,172,172,172,172,172,172,172,172,172,172,172,172,172,172,172,56409,37015,
294,172,172,172,172,172,172,172,172,172,172,172,172,172,172,172,172,172,172,6926,172,
295,172,172,172,172,172,172,172,172,172,172,172,172,172,172,172,172,172,172,34167,172,
296,172,172,172,172,172,172,172,172,172,172,172,172,172,172,172,172,172,172,991,172,
297,172,172,172,172,172,172,172,172,172,172,172,172,172,172,172,172,172,172,172,49849,
298,172,172,172,172,172,172,172,172,172,172,172,172,172,172,172,172,172,172,27973,48874,
299,172,172,172,172,172,172,172,172,172,172,172,172,172,172,172,172,172,172,172,172,
300,172,172,172,172,172,172,172,172,172,172,172,172,172,172,172,172,172,172,172,172,
301,172,172,172,172,172,172,172,172,172,172,172,172,172,172,172,172,172,172,41381,172,
302,172,172,172,172,172,172,172,172,172,172,172,172,172,172,172,172,172,172,25278,52268,
303,172,172,172,172,172,172,172,172,172,172,172,172,172,172,172,172,172,172,45367,53981,
304,172,172,172,172,172,172,172,172,172,172,172,172,172,172,172,172,172,172,45934,14211,
305,172,172,172,172,172,172,172,172,172,172,172,172,172,172,172,172,172,172,22256,172,
306,172,172,172,172,172,172,172,172,172,172,172,172,172,172,172,172,172,172,44888,172,
307,172,172,172,172,172,172,172,172,172,172,172,172,172,172,172,172,172,172,172,172,
308,172,172,172,172,172,172,172,172,172,172,172,172,172,172,172,172,172,172,10959,56975,
309,172,172,172,172,172,172,172,172,172,172,172,172,172,172,172,172,172,172,21278,70563,
310,172,172,172,172,172,172,172,172,172,172,172,172,172,172,172,172,172,172,57066,9471,
311,172,172,172,172,172,172,172,172,172,172,172,172,172,172,172,172,172,172,48164,57180,
312,172,172,15188,172,172,172,172,172,172,172,172,172,172,172,172,172,172,172,172,18890,
313,172,172,172,172,172,172,172,172,172,172,172,172,172,172,172,172,172,172,7318,36317,
314,172,172,172,172,172,172,172,172,172,172,172,172,172,172,172,172,172,172,172,17204,
315,172,172,172,172,172,172,172,172,172,172,172,172,172,172,172,172,172,172,49526,172,
316,172,172,172,172,172,172,172,172,172,172,172,172,172,172,172,172,172,172,172,45837,
317,172,172,172,172,172,172,172,172,172,172,172,172,172,172,172,172,172,172,34868,19104,
318,172,172,172,172,172,172,172,172,172,172,172,172,172,172,172,172,172,172,172,172,
319,172,172,172,172,172,172,172,172,172,172,172,172,172,172,172,172,172,172,172,26540,
320,172,172,172,172,172,172,172,172,172,172,172,172,172,172,172,172,172,172,22846,15111,
321,172,172,172,172,172,172,10639,172,172,172,172,172,172,172,172,172,172,172,45810,172,
322,172,172,172,172,172,172,172,172,172,172,172,172,172,172,172,172,172,172,172,172,
323,172,172,172,172,172,172,172,172,172,172,172,172,172,172,172,172,172,172,46364,43709,
324,172,172,172,172,172,172,172,172,172,172,172,172,172,172,172,172,172,172,53487,49692,
325,172,172,172,172,172,172,172,172,172,172,172,172,172,172,172,172,172,172,172,24307,
326,172,172,172,172,172,172,172,172,172,172,172,172,172,172,172,172,172,172,40905,48941,
327,172,172,172,172,172,172,172,172,172,172,172,172,172,172,172,172,172,172,172,172,
328,172,172,172,172,172,172,172,172,172,172,172,172,172,172,172,172,172,172,10792,172,
329,172,172,172,172,172,172,172,172,172,172,172,172,172,172,172,172,172,172,50417,45815,
330,172,172,172,172,172,172,172,172,172,172,172,172,172,172,172,172,172,172,18456,54878,
331,172,172,172,172,172,172,172,172,172,172,172,172,172,172,172,172,172,172,172,172,
332,172,172,172,172,172,172,172,172,172,172,172,172,172,172,172,172,172,172,25590,19218,
333,172,172,172,172,172,172,172,172,172,172,172,172,172,172,172,172,172,172,41331,39842,
334,172,172,172,172,172,172,172,172,172,172,172,172,172,172,172,172,172,172,52972,7790,
335,172,172,172,172,172,172,172,172,172,172,172,172,172,172,172,172,172,172,39307,172,
336,172,172,172,172,172,172,172,172,172,172,172,172,172,172,172,172,172,172,172,24709,
337,172,172,172,172,172,172,172,172,172,172,172,172,172,172,172,172,172,172,26628,172,
338,172,172,172,172,172,172,172,172,172,172,172,172,172,172,172,172,172,172,172,172,
339,172,172,172,172,172,172,172,172,172,172,172,172,172,172,172,172,172,172,46834,42186,
340,172,172,172,172,172,172,172,172,172,172,172,172,172,172,172,172,172,172,45502,14203,
341,172,172,172,172,172,172,172,172,172,172,172,172,172,172,172,172,172,172,48640,172,
342,172,172,172,172,172,172,172,172,172,172,172,172,172,172,172,172,172,172,38764,34225,
343,172,172,172,172,172,172,172,172,172,172,172,172,172,172,172,172,172,172,38057,172,
344,172,172,172,172,172,172,172,172,172,172,172,172,172,172,172,172,172,172,172,3029,
345,172,172,172,172,172,172,172,172,172,172,172,172,172,172,172,172,172,172,26716,172,
346,172,172,172,172,172,172,172,172,172,172,172,172,172,172,172,172,172,172,45341,34499,
347,172,172,172,172,172,172,172,172,172,172,172,172,172,172,172,172,172,172,172,51154,
348,172,172,172,172,172,172,172,172,172,172,172,172,172,172,172,172,172,172,22803,49857,
349,172,172,172,172,172,172,172,172,172,172,172,172,172,172,172,172,172,172,172,172,
350,172,172,172,172,172,172,172,172,172,172,172,172,172,172,172,172,172,172,28430,172,
351,172,172,172,172,172,172,172,172,172,172,172,172,172,172,172,172,172,172,172,19453,
352,172,172,172,172,172,172,172,172,172,172,172,172,172,172,172,172,172,172,22214,17945,
353,172,172,172,172,172,172,172,172,172,172,172,172,172,172,172,172,172,172,28269,172,
354,172,172,172,172,172,172,172,172,172,172,172,172,172,172,172,172,172,172,172,45238,
355,172,172,172,172,172,11431,172,172,172,172,172,172,172,172,172,172,172,172,18080,60493,
356,172,172,172,172,172,172,172,172,172,172,172,172,172,172,172,172,172,172,58594,172,
357,172,172,172,172,172,172,172,172,172,172,172,172,172,172,172,172,172,172,6716,30694,
358,172,172,172,172,172,172,172,172,172,172,172,172,172,172,172,172,172,172,52646,172,
359,172,172,172,172,172,172,172,172,172,172,172,172,172,172,172,172,172,172,39352,13580,
360,172,172,172,172,172,172,172,172,172,172,172,172,172,172,172,172,172,172,27950,33898,
361,172,172,172,172,172,172,172,172,172,172,172,172,172,172,172,172,172,172,172,29910,
362,172,172,172,172,172,172,172,172,172,172,172,172,172,172,172,172,172,172,172,35624,
363,172,172,172,172,172,172,172,172,172,172,172,172,172,172,172,172,172,172,172,47020,
364,172,172,172,172,172,172,172,172,172,172,172,172,172,172,172,172,172,172,172,172,
365,172,172,172,172,172,172,172,172,172,172,172,172,172,172,172,172,172,172,172,6612,
366,172,172,172,172,172,172,172,172,172,172,172,172,172,172,172,172,172,172,24381,33031,
367,172,172,172,172,172,172,172,172,172,172,172,172,172,172,172,172,172,172,48384,42282,
368,172,172,172,172,172,172,172,172,172,172,172,172,172,172,172,172,172,172,44310,172,
369,172,172,172,172,172,172,172,172,172,172,172,172,172,172,172,172,172,172,42776,172,
370,172,172,172,172,172,172,172,172,172,172,172,172,172,172,172,172,172,172,23566,172,
371,172,172,172,172,172,172,172,172,172,172,172,172,172,172,172,172,172,172,16100,172,
372,172,172,172,172,172,172,172,172,172,172,172,172,172,172,172,172,172,172,22519,31378,
373,172,172,172,172,172,172,172,172,172,172,172,172,172,172,172,172,172,172,42038,172,
374,172,172,172,172,172,172,172,172,172,172,172,172,172,172,172,172,172,172,29219,33616,
375,172,172,172,172,172,172,172,172,172,172,172,172,172,172,172,172,172,172,172,172,
376,172,172,172,172,172,172,172,172,172,172,172,172,172,172,172,172,172,172,21827,38154,
377,172,172,172,172,172,172,1083,172,172,172,172,172,172,172,172,172,172,172,41863,55371,
378,172,172,172,172,172,172,172,172,172,172,172,172,172,172,172,172,172,172,172,16868,
379,172,172,172,172,172,172,172,172,172,172,172,172,172,172,172,172,172,172,172,37554,
380,172,172,172,172,172,172,172,172,172,172,172,172,172,172,172,172,172,172,11274,18751,
381,172,172,172,1549,172,172,172,172,172,172,172,172,172,172,172,172,172,172,47475,172,
382,172,172,172,172,172,172,172,172,172,172,172,172,172,172,172,172,172,172,43216,56050,
383,172,172,172,172,172,172,172,172,172,172,172,172,172,172,172,172,172,172,172,172,
384,172,172,172,172,172,172,172,172,172,172,172,172,172,172,172,172,172,172,172,172,
385,172,172,172,172,172,172,172,172,172,172,172,172,172,172,172,172,172,172,172,7964,
386,172,172,172,172,172,172,172,172,172,172,172,172,172,172,172,172,172,172,172,172,
387,172,172,172,172,172,172,172,172,172,172,172,172,172,172,172,172,172,172,39919,54674,
388,172,172,172,172,172,172,172,172,172,172,172,172,172,172,172,172,172,172,172,46093,
389,172,172,172,172,172,172,172,172,172,172,172,172,172,172,172,172,172,172,23929,29468,
390,172,172,172,172,172,172,172,172,172,172,172,172,172,172,172,172,172,172,8349,172,
391,172,172,172,172,172,172,172,172,172,172,172,172,172,172,172,172,172,172,18223,22764,
392,172,172,172,172,172,172,172,172,172,172,172,172,172,172,172,172,172,172,43403,15971,
393,172,172,172,172,172,172,172,172,172,172,172,172,172,172,172,172,172,172,39970,38428,
394,172,172,172,16745,172,172,172,172,172,172,172,172,172,172,172,172,172,172,44383,13521,
395,172,172,172,172,172,172,172,172,172,172,172,172,172,172,172,172,172,172,172,172,
396,172,172,172,172,172,172,172,172,172,172,172,172,172,172,172,172,172,172,172,7243,
397,172,172,172,172,172,172,172,172,172,172,172,172,172,172,172,172,172,172,172,40760,
398,172,172,172,172,172,172,172,172,172,172,172,172,172,172,172,172,172,172,51276,22264,
399,172,172,172,172,172,172,172,172,172,172,172,172,172,172,172,172,172,172,24881,39190,
400,172,172,172,172,172,172,172,172,172,172,172,172,172,172,172,172,172,172,35685,30042,
401,172,172,172,172,172,172,172,172,172,172,172,172,172,172,172,172,172,172,32776,24333,
402,172,172,172,172,172,172,172,172,172,172,172,172,172,172,172,172,172,172,172,172,
403,172,172,172,172,172,172,172,172,172,172,172,172,172,172,172,172,172,172,58579,172,
404,172,172,172,172,172,172,172,172,172,172,172,172,172,172,172,172,172,172,29147,21484,
405,172,172,172,172,172,172,172,172,172,172,172,172,172,172,172,172,172,172,172,14067,
406,172,172,172,172,172,172,172,172,172,172,172,172,172,172,172,172,172,172,52793,172,
407,172,172,172,172,172,172,172,172,172,22783,172,172,172,172,172,172,172,172,54112,41929,
408,172,172,172,172,1337,172,172,172,172,172,172,172,172,172,172,172,172,172,10941,37762,
409,172,172,172,172,172,172,172,172,172,172,172,172,172,172,172,172,172,172,13406,25791,
410,172,172,172,172,172,172,172,172,172,172,172,172,172,172,172,172,172,172,172,9705,
411,172,172,172,172,172,172,172,172,3542,172,172,172,172,172,172,172,172,172,32651,172,
412,172,172,172,172,172,172,172,172,172,172,172,172,172,172,172,172,172,172,36010,20245,
413,172,172,172,172,172,172,172,172,172,172,172,172,172,172,172,172,172,172,172,60037,
414,172,172,172,172,172,172,172,172,172,172,172,172,172,172,172,172,172,172,18204,23153,
415,172,172,172,172,172,172,172,172,172,172,172,172,172,172,172,172,172,172,27800,45111,
416,172,172,172,172,172,172,172,172,172,172,172,172,172,172,172,172,172,172,22622,45794,
417,172,172,172,172,172,172,172,172,172,172,172,172,172,172,172,172,172,172,51851,54549,
418,172,172,16555,172,172,172,172,16555,172,172,172,172,172,172,172,172,172,172,17382,6524,
419,172,172,172,172,172,172,172,172,172,172,172,172,172,172,172,172,172,172,47170,48563,
420,172,172,172,172,172,172,172,172,172,172,172,172,172,172,172,172,172,172,172,172,
421,172,172,172,172,172,172,172,172,172,172,172,172,172,172,172,172,172,172,172,172,
422,172,172,172,172,172,172,172,172,172,172,172,172,172,172,172,172,172,172,172,58834,
423,172,172,172,172,172,172,172,172,172,172,172,172,172,172,172,172,172,172,172,32151,
424,172,172,172,172,172,172,172,172,172,172,172,172,172,172,172,172,172,172,172,41250,
425,172,172,172,172,172,172,172,172,172,172,172,172,172,172,172,172,172,172,172,172,
426,172,172,172,172,172,172,172,172,172,172,172,172,172,172,172,172,172,172,8508,172,
427,172,172,172,172,172,172,172,172,172,172,172,172,172,172,172,172,172,172,12146,21888,
428,172,172,172,172,172,172,172,172,172,172,172,172,172,172,172,172,172,172,172,39655,
429,172,172,172,172,172,172,172,172,172,172,172,172,172,172,172,172,172,172,52267,11120,
430,172,172,172,172,172,172,172,172,172,172,172,172,172,172,172,172,172,172,172,172,
431,172,172,172,172,172,172,172,172,172,172,172,172,172,172,172,172,172,172,172,172,
432,172,172,172,172,172,172,172,172,172,172,172,172,172,172,172,172,172,172,4494,13932,
433,172,172,172,172,172,172,172,172,172,172,172,172,172,172,172,172,172,172,32399,56292,
434,172,172,172,172,172,172,172,172,172,172,172,172,172,172,172,172,172,172,1641,14036,
435,172,172,172,172,172,172,172,172,172,172,172,172,172,172,172,172,172,172,48524,52983,
436,172,172,172,172,172,172,172,172,172,172,172,172,172,172,172,172,172,172,23123,12403,
437,172,172,172,172,172,172,172,172,172,172,172,172,172,172,172,172,172,172,34298,33280,
438,172,172,172,172,172,172,172,172,172,172,172,172,172,172,172,172,172,172,54255,172,
439,172,172,172,172,172,172,172,172,172,172,172,172,172,172,172,172,172,172,43931,172,
440,172,172,172,172,172,172,172,172,172,172,172,172,172,172,172,172,172,172,172,54667,
441,172,172,172,172,172,172,172,172,172,172,172,172,172,172,172,172,172,172,28203,38715,
442,172,172,172,172,172,172,172,172,172,172,172,172,172,172,172,172,172,172,11620,17955,
443,172,172,172,172,172,172,172,172,172,172,172,172,172,172,172,172,172,172,5707,563,
444,172,172,172,172,172,172,172,172,172,172,172,172,172,172,172,172,172,172,172,28636,
445,172,172,172,172,172,172,172,172,172,172,172,172,172,172,172,172,172,172,52999,48677,
446,172,172,172,172,172,172,172,172,172,172,172,172,172,172,172,172,172,172,172,172,
447,172,172,172,172,172,172,172,172,172,172,172,172,172,172,172,172,172,172,32149,19764,
448,172,172,172,172,172,172,172,172,172,172,172,172,172,172,172,172,172,172,25935,55715,
449,172,172,172,172,172,172,172,172,172,172,172,172,172,172,172,172,172,3484,172,10843,
450,172,172,172,172,172,172,172,172,172,172,172,172,172,172,172,172,172,172,56490,42468,
451,172,172,172,172,172,172,172,172,172,172,172,172,172,172,172,172,172,172,56245,11762,
452,172,172,172,172,172,172,172,172,172,172,172,172,172,172,172,172,172,172,52487,172,
453,172,172,172,172,172,172,172,172,172,172,172,172,172,172,172,172,172,172,41820,172,
454,172,172,172,172,172,172,172,172,172,172,172,172,172,172,172,172,172,172,48979,172,
455,172,172,172,172,172,172,172,172,172,172,172,172,172,172,172,172,172,172,16922,42831,
456,172,172,172,172,172,172,172,172,172,172,172,172,172,172,172,172,172,172,17567,44353,
457,172,172,172,172,172,172,172,172,172,172,172,172,172,172,172,172,172,172,17118,35185,
458,172,172,172,172,172,172,172,172,172,172,172,172,172,172,172,172,172,172,26803,16709,
459,172,172,172,172,172,172,172,172,172,172,172,172,172,172,172,172,172,172,172,31113,
460,172,172,172,172,172,172,172,172,172,172,172,172,172,172,172,172,172,172,33838,35142,
461,172,172,172,172,172,172,172,172,172,172,172,172,172,172,172,172,11238,172,172,172,
462,172,172,172,172,172,172,172,172,172,172,172,172,172,172,172,172,172,172,8184,20764,
463,172,172,172,172,172,172,172,172,172,172,172,172,172,172,172,172,172,172,172,33485,
464,172,172,172,172,172,172,172,172,172,172,172,172,172,172,172,172,172,172,28957,42707,
465,172,172,172,172,172,172,172,172,172,172,172,172,172,1445,172,172,172,172,37224,28407,
466,172,172,172,172,172,172,172,172,172,172,172,172,172,172,172,172,172,172,45345,21388,
467,172,172,172,172,172,172,172,172,172,172,172,18992,172,172,172,172,172,172,172,49236,
468,172,172,172,172,172,172,172,172,172,172,172,172,172,18042,172,172,172,172,16851,14367,
469,172,172,172,172,172,172,172,172,6576,172,172,172,172,172,172,172,172,172,172,172,
470,172,172,172,172,172,172,172,172,172,172,172,172,172,172,172,172,172,172,172,14532,
471,172,172,172,172,172,172,172,172,172,172,172,172,172,172,172,172,172,172,59575,172,
472,172,172,172,172,172,172,172,172,172,172,172,172,172,172,172,172,172,172,172,2501,
473,172,172,172,172,172,172,172,172,172,172,172,172,172,172,172,172,172,172,58221,42896,
474,172,172,172,172,172,172,172,172,172,172,172,172,172,172,172,172,172,172,32854,37948,
475,172,172,172,172,172,172,172,172,172,172,172,172,172,172,172,172,172,172,48045,26840,
476,172,172,172,172,172,172,172,172,172,172,172,172,172,172,172,172,172,172,26622,58492,
477,172,172,172,172,172,172,172,172,172,172,172,172,172,172,172,172,172,172,31303,41906,
478,172,172,172,172,172,172,172,172,172,172,172,172,172,172,172,172,172,172,172,172,
479,172,172,172,172,172,172,172,172,172,172,172,172,172,172,172,172,172,172,37719,41323,
480,172,172,172,172,172,172,172,172,172,172,172,172,172,172,172,172,172,172,30508,45414,
481,172,172,172,172,172,172,172,172,172,172,172,172,172,172,172,172,172,172,31347,21625,
482,172,172,172,172,172,172,172,172,172,172,172,172,172,172,172,172,172,172,46982,33124,
483,172,172,172,172,172,172,172,172,172,172,172,172,172,172,172,172,172,172,17627,38971,
484,172,172,172,172,172,172,172,172,172,172,172,172,172,172,172,172,172,172,43512,15516,
485,172,172,172,172,172,172,172,172,172,172,172,172,172,172,172,172,172,172,1359,172,
486,172,172,172,172,172,172,172,172,172,172,172,172,172,172,172,172,172,172,172,44732,
487,172,172,172,172,172,172,172,172,172,172,172,172,172,172,172,172,172,172,172,172,
488,172,172,172,172,172,172,172,172,172,172,172,172,172,172,172,172,172,172,1259,7265,
489,172,172,172,172,172,172,172,172,172,172,172,172,172,172,172,172,172,172,13799,7915,
490,172,172,172,172,172,172,172,172,172,172,172,172,172,172,172,172,172,172,48133,58405,
491,172,172,172,172,172,172,172,172,172,172,172,172,172,172,172,172,25612,172,45244,172,
492,172,172,172,172,172,172,172,172,172,172,172,172,172,172,172,172,172,172,10456,47113,
493,172,172,172,172,172,172,172,172,172,172,172,172,172,172,172,172,172,172,172,172,
494,172,172,172,172,172,172,172,172,172,172,172,172,172,172,172,172,172,172,172,172,
495,172,172,172,172,172,172,172,172,172,172,172,172,172,172,172,172,172,172,172,172,
496,172,172,172,172,172,172,172,172,172,172,172,172,172,172,172,172,172,172,38600,172,
497,172,172,172,172,172,172,172,172,172,172,172,172,172,172,172,172,172,172,36187,21770,
498,172,172,172,172,172,172,172,172,172,172,172,172,172,172,172,172,172,172,172,17862,
499,172,172,172,172,172,172,172,172,172,172,172,172,172,172,172,172,172,172,15641,37343,
500,172,172,172,172,172,172,172,172,172,172,172,172,172,172,172,172,172,172,43019,172,
501,172,172,172,172,172,172,172,172,172,172,172,172,172,172,172,172,172,172,9545,37665,
502,172,172,172,172,172,172,172,172,172,172,172,172,172,172,172,172,172,172,23774,17386,
503,172,172,172,172,172,172,172,172,172,172,172,172,172,172,172,172,172,172,40788,53631,
504,172,172,172,172,172,172,172,172,172,172,172,172,172,172,172,172,172,172,22621,53176,
505,172,172,172,172,172,172,172,172,172,172,172,172,172,172,172,172,172,172,172,172,
506,172,172,172,172,172,172,172,172,172,172,172,172,172,172,172,172,172,172,44971,59658,
507,172,172,172,172,172,172,172,172,172,172,172,172,172,172,172,172,172,172,36253,30513,
508,172,172,172,172,172,172,172,172,172,172,172,172,172,172,172,172,172,172,44691,22261,
509,172,172,172,172,172,172,172,172,172,172,172,172,172,172,172,172,172,172,49717,57212,
510,172,172,172,172,172,172,172,172,172,172,172,172,172,172,172,172,172,172,42848,24658,
511,172,172,172,172,172,172,172,172,172,172,172,172,172,172,172,172,172,172,39608,44877,
512,172,172,172,172,172,172,172,172,172,172,172,172,172,172,172,172,172,8810,6577,21201,
513,172,172,172,172,172,172,172,172,172,172,172,172,172,172,172,172,172,172,172,46681,
514,172,172,172,172,172,172,172,172,172,172,172,172,172,172,172,172,172,172,11572,32400,
515,172,172,172,172,172,172,172,172,172,172,172,172,172,172,172,172,172,172,172,172,
516,172,172,172,172,172,172,172,172,172,172,172,172,172,172,172,172,172,172,36396,27005,
517,172,172,172,172,172,172,172,172,172,172,172,172,172,172,172,172,172,12153,46042,172,
518,172,172,172,172,172,172,172,172,172,172,172,172,172,172,172,172,172,172,53211,172,
519,172,172,172,172,172,172,172,172,172,172,172,172,172,172,172,172,172,172,34565,36384,
520,172,172,172,172,172,172,172,172,172,172,172,172,172,172,172,172,172,172,172,44669,
521,172,172,3560,172,172,172,172,172,172,172,172,172,172,172,172,172,172,172,21084,41068,
522,172,172,172,172,172,172,172,172,172,172,172,172,172,172,172,172,172,172,172,30414,
523,172,172,172,172,172,172,172,172,172,172,172,172,172,172,172,172,172,172,40763,8053,
524,172,172,172,172,172,172,172,172,172,172,172,172,172,172,172,172,172,172,172,172,
525,172,172,172,172,172,172,172,172,172,172,172,172,172,172,172,172,172,172,53214,54341,
526,172,172,172,172,172,172,172,172,172,172,172,172,172,172,172,172,172,172,172,32379,
527,172,172,172,172,172,172,172,172,172,172,172,172,172,172,172,172,172,172,45939,172,
528,172,172,172,172,172,172,172,172,172,172,172,172,172,172,172,172,172,172,172,172,
529,172,172,172,172,172,172,172,172,172,172,172,172,172,172,172,172,172,172,36783,172,
530,172,172,172,172,172,172,172,172,172,172,172,172,172,172,172,172,172,172,14234,41403,
531,172,172,172,172,172,172,172,12251,172,172,172,172,172,172,172,172,172,172,5723,44763,
532,172,172,172,172,172,172,172,172,172,172,172,172,172,172,172,172,172,172,23909,39726,
533,172,172,172,172,172,172,172,172,172,172,172,172,172,172,172,172,172,172,11647,172,
534,172,172,172,172,172,172,172,172,172,172,172,172,172,172,172,172,172,172,50915,172,
535,172,172,172,172,172,172,172,172,172,172,172,172,172,172,172,172,172,172,10773,20306,
536,172,172,172,172,172,172,172,172,172,172,172,172,172,172,172,172,172,172,172,35349,
537,172,172,172,172,172,172,172,172,172,172,172,172,172,172,172,172,172,172,172,40411,
538,172,172,172,172,172,172,172,172,172,172,172,172,172,172,172,172,172,172,47812,14389,
539,172,172,172,172,172,172,172,172,172,172,172,172,172,172,172,172,172,172,34750,57727,
540,172,172,172,172,172,172,172,172,172,172,172,172,172,172,172,172,172,172,48981,172,
541,172,172,172,172,172,172,172,172,172,172,172,172,172,172,172,172,172,172,9725,172,
542,172,172,172,172,172,172,172,172,172,172,172,172,172,172,172,172,172,172,172,50743,
543,172,172,172,172,172,172,172,172,172,172,172,172,172,172,172,172,172,172,172,43621,
544,172,172,172,172,172,172,172,172,172,172,172,172,172,172,172,172,172,172,172,50120,
545,172,172,172,172,172,172,172,172,172,172,172,172,172,172,172,172,172,172,36117,172,
546,172,172,172,172,172,172,172,172,172,172,172,172,172,172,172,172,172,172,23513,32671,
547,172,172,172,172,172,172,172,172,172,172,172,172,172,172,172,172,172,172,172,41218,
548,172,172,172,172,172,172,172,172,172,172,172,172,172,172,172,172,172,172,22576,310,
549,172,172,172,172,172,172,172,172,172,172,172,172,172,172,172,172,172,172,10557,22514,
550,172,172,172,172,172,172,172,172,172,172,172,172,172,172,172,172,172,172,3882,172,
551,172,172,172,172,172,172,172,172,172,172,172,172,172,172,172,172,172,172,172,57272,
552,172,172,172,172,172,172,172,172,23128,172,172,172,172,172,172,172,172,172,172,12288,
553,172,172,172,172,172,172,172,172,172,172,172,172,172,172,172,172,172,172,18578,44184,
554,172,172,172,172,172,172,172,172,172,172,172,172,172,172,172,172,172,172,172,172,
555,172,172,172,172,172,172,172,172,172,172,172,172,172,172,172,172,172,172,46272,46000,
556,172,172,172,172,172,172,172,172,172,172,172,172,172,172,172,172,172,172,172,43173,
557,172,172,172,172,172,172,172,172,172,172,172,172,172,172,172,172,172,172,6669,172,
558,172,172,172,172,172,172,172,172,172,172,172,172,172,172,172,172,172,172,46118,22304,
559,172,172,172,172,172,172,172,172,172,172,172,172,172,172,172,172,172,172,12226,172,
560,172,172,172,172,172,172,172,172,172,172,172,172,172,172,172,172,172,172,26371,172,
561,172,172,172,172,172,172,172,172,172,172,172,172,172,172,172,172,172,172,172,46600,
562,172,172,172,172,172,172,172,172,172,172,172,172,172,172,172,172,172,172,38000,35886,
563,172,172,172,172,172,172,172,172,172,172,172,172,172,172,172,172,172,172,38104,44292,
564,172,172,172,172,172,172,172,172,172,172,172,172,172,172,172,172,172,172,53886,172,
565,172,172,172,172,172,172,4982,172,172,172,172,172,172,172,172,172,172,172,35339,4756,
566,172,172,172,172,172,172,172,172,172,172,172,172,172,172,172,172,172,172,31071,31238,
567,172,172,172,172,172,172,172,172,172,172,172,172,172,172,172,172,172,172,172,44554,
568,172,172,172,172,172,172,172,172,172,172,172,172,172,172,172,172,172,172,13575,31968,
569,172,172,172,172,172,172,172,172,172,172,172,172,172,172,172,172,172,172,10697,13193,
570,172,172,172,172,172,172,172,172,172,172,172,172,172,172,172,172,172,172,5598,37944,
571,172,172,172,172,172,172,172,172,172,172,172,172,172,172,172,172,172,172,172,4071,
572,172,172,172,172,172,172,172,172,172,172,172,172,172,172,172,172,172,172,172,172,
573,172,172,172,172,172,172,172,172,172,172,172,172,172,172,172,172,172,172,13658,17113,
574,172,172,172,172,172,172,172,172,172,172,172,172,172,172,172,172,172,172,10867,22050,
575,172,172,172,172,172,172,172,172,172,172,172,172,172,172,172,172,172,172,49624,10250,
576,172,172,172,172,172,172,172,172,172,172,172,172,172,172,172,172,172,172,172,172,
577,172,172,172,172,172,172,172,172,172,172,172,172,172,172,172,172,172,172,172,172,
578,172,172,172,172,172,172,172,172,172,172,172,172,172,172,172,172,172,172,21995,21306,
579,172,172,172,172,172,172,172,172,172,172,172,172,172,172,172,172,172,172,25428,11318,
580,172,172,172,172,172,172,172,172,172,172,172,172,172,172,172,172,172,172,40531,172,
581,172,172,172,172,172,172,172,172,172,172,172,18544,172,172,172,172,172,172,52956,172,
582,172,172,172,172,172,172,172,172,172,172,172,172,172,172,172,172,172,172,10570,36825,
583,172,172,172,172,172,172,172,172,172,172,172,172,172,172,172,172,172,172,41760,172,
584,172,172,172,172,172,172,172,172,172,172,172,172,172,172,172,172,172,172,59504,27243,
585,172,172,172,172,172,172,172,172,172,172,172,172,172,172,172,172,172,172,29712,172,
586,172,172,172,172,172,172,172,172,172,172,172,172,172,172,172,172,172,172,172,172,
587,172,172,172,172,172,172,172,172,172,172,172,172,172,172,172,172,172,172,172,172,
588,172,172,172,172,172,172,172,172,172,172,172,172,172,172,172,172,172,172,42821,46601,
589,172,172,172,172,172,172,172,172,172,172,172,172,172,172,172,172,172,172,15639,172,
590,172,172,172,172,172,172,172,172,172,172,172,172,172,172,172,172,172,172,43324,172,
591,172,172,172,172,172,172,172,172,172,172,172,172,172,172,172,172,172,172,11766,11539,
592,172,172,172,172,172,172,172,172,172,172,172,172,172,172,172,172,172,172,172,172,
593,172,172,172,172,172,172,172,172,172,172,172,172,172,172,172,172,172,172,45065,44362,
594,172,172,172,172,172,172,172,172,172,172,172,172,172,172,172,172,172,172,22751,48491,
595,172,172,172,172,172,172,172,172,172,172,172,172,172,172,172,172,172,172,56477,172,
596,172,172,172,172,172,172,172,172,172,172,172,172,172,172,172,172,172,172,59159,47413,
597,172,172,172,172,172,172,172,172,172,172,172,172,172,172,172,172,172,172,172,40039,
598,172,172,172,172,172,172,172,172,172,172,172,172,172,172,172,172,172,172,29575,47732,
599,172,172,172,172,172,172,172,172,172,172,172,172,172,172,172,172,172,172,13175,51410,
600,172,172,172,172,172,172,172,172,172,172,172,172,172,172,172,172,172,172,15674,25149,
601,172,172,172,172,172,172,172,172,172,172,172,172,172,172,172,172,172,172,47230,172,
602,172,172,172,172,172,172,172,172,172,172,172,172,172,172,172,172,172,172,40811,172,
603,172,172,172,172,172,172,172,172,172,172,172,172,172,172,172,172,172,172,172,27707,
604,172,172,172,172,172,172,172,172,172,172,172,172,172,172,172,172,172,172,52980,47002,
605,172,172,172,172,172,172,172,172,172,172,172,172,172,172,172,172,172,172,21969,45784,
606,172,172,172,172,172,172,172,172,172,172,172,172,172,172,172,172,172,172,172,2451,
607,172,172,172,172,172,172,172,172,172,172,172,172,172,172,172,172,172,172,13539,53786,
608,172,172,172,172,172,172,172,172,172,172,172,172,172,172,172,172,172,172,59555,172,
609,172,172,172,172,172,172,172,172,172,172,172,172,172,172,172,172,172,172,45245,41132,
610,172,172,172,172,172,172,172,172,172,172,172,172,172,20045,172,172,172,172,41959,36234,
611,172,172,172,172,172,172,172,172,172,172,172,172,172,172,172,172,172,172,172,34866,
612,172,172,172,172,172,172,172,172,172,172,172,172,172,172,172,172,172,172,172,10492,
613,172,172,172,172,172,172,172,172,172,172,172,172,172,172,172,172,172,172,45814,7377,
614,172,172,172,172,172,172,172,172,172,172,172,172,172,172,172,172,172,172,40465,172,
615,172,172,172,172,172,172,172,172,172,172,172,172,172,172,172,172,172,172,14872,172,
616,172,172,172,172,172,172,172,172,172,172,172,172,172,172,172,172,172,172,172,172,
617,172,172,172,172,172,172,172,172,172,172,172,172,172,172,172,172,172,172,43552,43766,
618,172,172,172,172,172,172,172,172,172,172,172,172,172,172,172,172,172,172,21643,172,
619,172,172,172,172,172,172,172,172,172,172,172,172,172,172,172,172,172,172,172,49293,
620,172,172,172,172,172,172,172,172,172,172,172,172,172,172,172,172,172,172,16692,172,
621,172,172,172,172,172,172,172,172,172,172,172,172,172,172,172,172,172,172,29112,7900,
622,172,172,172,172,172,172,172,172,172,172,172,172,172,172,172,172,172,172,20127,172,
623,172,172,172,172,172,172,172,172,172,172,172,172,172,172,172,172,172,172,172,7957,
624,172,172,172,172,172,172,172,172,172,172,172,172,172,172,172,172,172,172,172,13248,
625,172,172,172,172,172,172,172,172,172,172,172,172,172,172,172,172,172,172,56543,49853,
626,172,172,172,172,172,172,172,172,172,172,172,172,172,172,172,172,172,172,172,19564,
627,172,172,172,172,172,172,172,172,172,172,172,172,172,172,172,172,172,172,24055,59073,
628,172,172,172,172,172,172,172,172,172,172,172,172,172,172,172,172,172,172,55917,172,
629,172,172,172,172,172,172,172,172,172,172,172,172,172,172,172,172,172,172,172,46886,
630,172,172,172,172,172,172,172,172,172,172,172,172,172,172,172,172,172,172,29931,27983,
631,172,172,172,172,172,172,172,172,172,172,172,172,172,172,172,172,172,172,172,33465,
632,172,172,172,172,172,172,172,172,172,172,172,172,172,172,172,172,172,172,172,172,
633,172,172,172,172,172,172,172,172,172,172,172,172,172,172,172,172,172,172,172,22750,
634,172,172,172,172,172,172,172,172,172,172,172,172,172,172,172,172,172,172,172,49764,
635,172,172,172,172,172,172,172,172,172,172,172,172,172,172,172,172,172,172,20881,39798,
636,172,172,172,172,172,172,172,172,172,172,172,172,172,172,172,172,172,172,172,172,
637,172,172,172,172,172,172,172,172,172,172,172,172,172,172,172,172,172,172,44936,41880,
638,172,172,172,172,172,172,172,172,172,172,172,172,172,172,172,172,172,172,172,55486,
639,172,172,172,172,172,172,172,172,172,172,172,172,172,172,172,172,172,172,172,56262,
640,172,172,172,172,172,172,172,172,172,172,172,172,172,172,172,172,172,172,15411,41271,
641,172,172,172,172,172,172,172,172,172,172,172,172,172,172,172,172,172,172,172,39612,
642,172,172,172,172,172,172,172,172,172,172,172,172,172,172,172,172,172,172,42140,531,
643,172,172,172,172,172,172,172,172,172,172,172,172,172,172,172,172,172,172,56679,58984,
644,172,172,172,22184,172,172,172,172,172,172,172,172,172,172,172,172,172,172,25373,20284,
645,172,172,172,172,172,172,172,172,172,172,172,172,172,172,172,172,172,172,39449,21050,
646,172,172,172,172,172,172,172,172,172,172,172,172,172,172,172,172,172,172,172,25968,
647,172,172,172,172,172,172,172,172,172,172,172,172,172,172,172,172,172,172,26369,49824,
648,172,172,172,172,172,172,172,172,172,172,172,172,172,172,172,172,172,172,32422,27821,
649,172,172,172,172,172,172,172,172,172,172,8235,172,172,172,172,172,172,172,34627,18777,
650,172,172,172,172,172,172,172,172,172,172,172,172,172,172,172,172,172,172,172,18666,
651,172,172,172,172,172,172,172,172,172,172,172,172,172,172,172,172,172,172,44127,21095,
652,172,172,172,172,172,172,172,172,172,172,172,172,172,172,172,172,172,172,58763,172,
653,172,172,172,172,172,172,172,172,172,172,172,172,172,172,172,172,172,172,37964,32085,
654,172,172,172,172,172,172,172,172,172,172,172,172,172,172,172,172,172,172,44250,172,
655,172,172,172,172,172,172,172,172,172,172,172,172,172,172,172,10339,10339,172,2634,21096,
656,172,172,172,172,172,172,172,172,172,172,172,172,172,172,172,172,172,172,172,45864,
657,172,172,172,172,172,172,172,172,172,172,172,172,172,172,172,172,172,172,172,19120,
658,172,172,4614,172,172,172,172,172,172,172,172,172,172,172,172,172,172,172,172,22400,
659,172,172,172,172,172,172,172,172,172,172,172,172,172,172,172,172,172,172,44685,39228,
660,172,172,172,172,172,172,172,172,172,172,172,172,172,172,172,172,172,172,11768,172,
661,172,172,172,172,172,172,172,172,172,172,172,172,172,172,172,172,172,172,39358,45833,
662,172,172,172,172,172,172,172,172,172,172,172,172,172,172,172,172,172,172,18360,11374,
663,172,172,172,172,172,172,172,172,172,172,172,172,172,172,172,172,172,172,172,13652,
664,172,172,172,172,172,172,172,172,172,172,172,172,172,172,172,172,172,172,14709,172,
665,172,172,172,172,172,172,172,172,172,172,172,172,172,172,172,172,172,172,51591,41514,
666,172,172,172,172,172,172,172,172,172,172,172,172,172,172,172,172,172,172,60519,2702,
667,172,172,172,172,172,172,172,172,172,172,172,172,172,172,172,172,172,172,172,172,
668,172,172,172,172,172,172,172,172,172,172,172,172,172,172,172,172,172,172,47128,57644,
669,172,172,172,172,172,172,172,172,172,172,172,172,172,172,172,172,172,172,19734,172,
670,172,172,172,172,172,172,172,172,172,172,172,172,172,172,172,172,172,172,37484,172,
671,172,172,172,172,172,172,172,172,172,172,172,172,172,172,172,172,172,172,172,60723,
672,172,172,172,172,172,172,172,172,172,172,172,172,172,172,172,172,172,172,19851,24706,
673,172,172,172,172,172,172,172,172,172,172,172,172,172,172,172,172,172,172,22136,32722,
674,172,172,172,172,172,172,172,172,172,172,172,172,172,172,172,172,172,172,172,172,
675,172,172,172,172,172,172,172,172,172,172,172,172,172,172,172,172,172,172,55960,172,
676,172,172,172,172,172,172,172,172,172,172,172,172,172,172,172,172,172,172,35330,15663,
677,172,172,172,172,172,172,172,172,172,172,172,172,172,12549,12549,172,172,172,49712,172,
678,172,172,172,172,172,172,172,172,172,172,172,172,172,172,172,172,172,172,172,14352,
679,172,172,172,172,172,172,172,172,172,172,3858,172,172,172,172,172,172,172,28498,9887,
680,172,172,172,172,172,172,172,172,172,172,172,172,172,172,172,172,172,172,2945,172,
681,172,172,172,172,172,172,172,172,172,172,172,172,172,172,172,172,172,172,49145,13523,
682,172,172,172,172,172,172,172,172,172,172,172,172,172,172,172,172,172,172,47261,172,
683,172,172,172,172,172,172,172,172,172,172,172,172,172,172,172,172,172,172,42458,172,
684,172,172,172,172,172,172,172,172,172,172,172,172,172,172,172,172,172,172,32183,172,
685,172,172,172,172,172,172,172,172,172,172,172,172,172,172,172,172,172,172,6086,45798,
686,172,172,172,172,172,172,172,172,172,172,172,172,172,172,172,172,172,172,42322,29431,
687,172,172,172,172,172,172,172,172,172,172,172,172,172,172,172,172,172,172,172,41653,
688,172,172,172,172,172,172,172,172,172,172,172,172,172,172,172,172,172,172,46678,18591,
689,172,172,172,172,172,172,172,172,172,172,172,172,172,172,172,172,172,172,38345,172,
690,172,172,172,172,172,172,172,172,172,172,172,172,172,172,172,172,172,172,39884,40664,
691,172,172,10511,172,172,172,172,172,172,172,172,172,172,172,172,172,172,172,172,12039,
692,172,172,172,172,172,172,172,172,172,172,172,172,172,172,172,172,172,172,36977,42978,
693,172,172,172,172,172,172,172,172,172,172,172,172,172,172,172,172,172,172,51007,172,
694,172,172,172,172,172,172,172,172,172,172,172,172,172,172,172,172,172,172,172,7130,
695,172,172,172,172,172,172,172,172,172,172,172,172,172,172,172,172,172,172,172,542,
696,172,172,172,172,172,172,172,172,172,172,172,172,172,172,172,172,172,172,27197,34997,
697,172,172,172,172,172,172,172,172,172,172,172,172,172,172,172,172,172,172,39193,23629,
698,172,172,172,172,172,172,172,172,172,172,172,172,172,172,172,172,172,172,50234,56640,
699,172,172,172,172,172,172,172,172,172,172,172,172,172,172,172,172,172,172,27674,1839,
700,172,172,172,172,172,172,172,172,172,172,172,172,172,172,172,172,172,172,12648,172,
701,172,172,172,172,172,172,172,172,172,172,172,172,172,172,172,172,172,172,172,17247,
702,172,172,172,172,172,172,172,172,172,172,172,172,172,172,172,172,172,172,50391,172,
703,172,172,172,172,172,172,172,172,172,172,172,172,172,172,172,172,172,172,52284,31195,
704,172,172,172,172,172,172,172,172,172,172,172,172,172,172,172,172,172,172,172,172,
705,172,172,172,172,172,172,172,172,172,172,172,172,172,172,172,172,172,172,2086,49460,
706,172,172,172,172,172,172,172,11639,172,172,172,172,172,172,172,172,172,172,42227,172,
707,172,172,172,172,172,172,172,172,172,172,172,172,172,172,172,172,172,172,26135,44352,
708,172,172,172,172,172,172,172,172,172,172,172,172,172,172,172,172,172,172,55734,42022,
709,172,172,172,172,172,172,172,172,172,172,172,172,172,172,172,172,172,172,31393,12850,
710,172,172,172,172,172,172,172,172,172,172,172,172,172,172,172,172,172,172,9463,36177,
711,172,172,172,172,172,172,172,172,172,172,172,172,172,172,172,172,172,172,172,26396,
712,172,172,172,172,172,172,172,172,172,172,172,172,172,172,172,172,172,172,172,43492,
713,172,172,172,172,172,172,172,172,172,172,172,172,172,172,172,172,172,172,46517,26527,
714,172,172,172,172,172,172,172,172,172,172,172,172,172,172,172,172,172,172,52355,18527,
715,172,172,172,172,172,172,172,172,172,172,172,172,172,172,172,172,172,172,56620,48300,
716,172,172,172,172,172,172,172,172,172,172,172,172,172,172,172,172,172,172,23372,47090,
717,172,172,172,172,172,172,172,172,172,172,172,172,172,172,172,172,172,172,24830,11341,
718,172,172,172,172,172,172,172,172,172,172,172,172,172,172,172,172,172,172,23653,36317,
719,172,172,172,172,172,172,172,172,172,172,172,172,172,172,172,172,172,172,172,57283,
720,172,172,172,172,172,172,172,172,172,172,172,172,172,172,172,172,172,172,2321,172,
721,172,172,172,172,172,172,172,172,172,172,172,172,172,172,172,172,172,172,45444,172,
722,172,172,172,172,172,172,172,172,172,172,172,172,172,172,172,172,172,172,47824,172,
723,172,172,172,172,172,172,172,172,172,172,172,172,172,172,172,172,172,172,48603,38940,
724,172,172,172,172,172,172,172,172,172,172,172,172,172,14783,172,172,172,172,9281,48960,
725,172,172,172,172,172,172,172,172,172,172,172,172,172,172,172,172,172,172,17546,28560,
726,172,172,172,172,172,172,172,172,172,172,172,172,172,172,172,172,172,172,172,23595,
727,172,172,172,172,172,172,172,172,172,172,172,172,172,172,172,172,172,172,172,172,
728,172,172,172,172,172,172,172,172,172,172,172,172,172,172,172,172,172,172,40618,56527,
729,172,172,172,172,172,172,172,172,172,172,172,172,172,172,172,172,172,172,19605,12547,
730,172,172,172,172,172,172,172,172,172,172,172,172,172,172,172,172,172,172,172,53346,
731,172,172,172,172,172,172,172,172,172,172,172,172,172,172,172,172,172,172,16821,172,
732,172,172,172,172,172,172,172,172,172,172,172,172,172,172,172,172,172,172,3524,172,
733,172,172,172,172,172,172,172,172,172,172,172,172,172,172,172,172,172,172,30124,172,
734,172,172,172,172,172,172,172,172,172,172,172,172,172,172,172,172,172,172,54867,172,
735,172,172,172,172,172,172,172,172,172,172,172,172,172,172,172,172,172,172,17762,20205,
736,172,172,172,172,172,172,172,172,172,172,172,172,172,172,172,172,172,172,172,38235,
737,172,172,172,172,172,172,172,172,172,172,172,172,172,172,172,172,172,172,43238,54773,
738,172,172,172,172,172,172,23066,172,172,172,172,172,172,172,172,172,172,172,172,18229,
739,172,172,172,172,172,172,172,172,172,172,172,172,172,172,172,172,172,172,6747,23515,
740,172,172,172,172,172,172,172,172,172,172,172,172,172,172,172,172,172,172,13086,172,
741,172,172,172,172,172,172,172,172,172,172,172,172,172,172,172,172,172,172,172,5447,
742,172,172,172,172,172,172,172,172,172,172,172,172,172,172,172,172,172,172,46635,41191,
743,172,172,172,172,172,172,172,172,172,172,172,172,172,172,172,172,172,172,172,42067,
744,172,172,172,172,172,172,172,172,172,172,172,172,172,172,172,172,172,172,17392,172,
745,172,172,172,172,172,172,172,172,172,172,172,172,172,172,172,172,172,172,25252,172,
746,172,172,172,172,172,172,172,172,172,172,172,172,172,172,172,172,172,172,37536,172,
747,172,172,172,172,172,172,172,172,172,172,172,172,172,172,172,172,172,172,15102,42177,
748,172,172,172,172,172,172,172,172,172,172,172,172,172,172,172,172,172,172,46345,172,
749,172,172,172,172,172,172,172,172,172,172,172,172,172,172,172,172,172,172,55432,172,
750,172,172,172,172,172,172,172,172,172,172,172,172,172,172,172,172,172,172,60051,37048,
751,172,172,172,172,172,172,172,172,172,172,172,172,172,172,172,172,172,172,172,45803,
752,172,172,172,172,172,172,172,172,172,172,172,172,172,172,172,172,172,172,10187,16538,
753,172,172,172,172,172,172,172,172,172,172,172,172,172,172,172,172,172,172,47905,11814,
754,172,172,172,172,172,172,172,172,172,172,172,172,172,172,172,172,172,172,45134,37240,
755,172,172,172,172,172,172,12222,172,172,11615,172,172,172,172,172,172,172,172,172,3067,
756,172,172,172,172,172,172,172,172,172,172,172,172,172,172,172,172,172,172,43590,172,
757,172,172,172,172,172,172,172,172,172,172,172,172,172,172,172,172,172,172,519,172,
758,172,172,172,172,172,172,172,172,172,172,172,172,172,172,172,172,172,172,172,172,
759,172,172,172,172,172,172,172,172,172,172,172,172,172,172,172,172,172,172,34740,23727,
760,172,172,172,172,172,172,172,172,172,172,172,172,11361,172,172,172,172,172,43684,172,
761,172,172,172,172,172,172,172,172,172,172,172,172,172,172,172,172,172,172,25685,44376,
762,172,172,172,172,172,172,172,172,172,172,172,172,172,172,172,172,172,172,29060,16138,
763,172,172,172,172,172,172,172,172,172,172,172,172,172,172,172,172,172,172,10238,55938,
764,172,172,172,172,172,172,172,172,172,172,172,172,172,172,172,172,172,172,172,39941,
765,172,172,172,172,172,172,172,172,172,172,172,172,172,172,172,172,172,172,21388,172,
766,172,172,172,172,172,172,172,172,172,172,172,172,172,172,172,172,172,172,32893,172,
767,172,172,172,172,172,172,172,172,172,172,172,172,172,172,172,172,172,172,172,49529,
768,172,172,172,172,172,172,172,172,172,172,172,172,172,172,172,172,172,15305,47856,48353,
769,172,172,172,172,172,172,172,172,172,172,172,172,172,172,172,172,172,172,172,32975,
770,172,172,172,172,172,172,172,172,172,172,172,172,172,172,172,172,172,172,172,172,
771,172,172,172,172,172,172,172,172,172,172,172,172,172,172,172,172,172,172,52809,172,
772,172,172,172,172,172,172,172,172,172,172,172,172,172,172,172,172,172,172,1736,172,
773,172,172,172,172,172,172,172,172,172,172,172,172,172,172,172,172,172,172,45099,172,
774,172,172,172,172,172,172,172,172,172,172,172,172,172,172,172,172,172,172,44315,16316,
775,172,172,172,172,172,172,172,172,172,172,172,172,172,172,172,172,172,172,48597,12836,
776,172,172,172,172,172,172,172,172,172,172,172,172,172,172,172,172,172,172,172,172,
777,172,172,172,172,172,172,172,172,172,172,172,172,172,172,172,172,172,172,47174,172,
778,172,172,172,172,172,172,172,172,172,172,172,172,172,172,172,172,172,172,3889,38372,
779,172,172,172,172,172,172,172,172,172,172,172,172,172,172,172,172,172,172,172,10586,
780,172,172,172,172,172,172,172,172,172,172,172,172,172,172,172,172,172,172,45945,11136,
781,172,172,172,172,172,172,172,172,172,172,172,172,172,172,172,172,172,172,172,18842,
782,172,172,172,172,172,172,172,172,172,172,172,172,172,172,172,172,172,172,41983,44634,
783,172,172,172,172,172,172,172,172,172,172,172,172,172,172,172,172,172,172,10967,172,
784,172,172,172,172,172,172,172,172,172,172,172,172,172,172,172,172,172,172,50178,50007,
785,172,172,172,172,172,172,172,172,172,172,172,172,172,172,172,172,172,172,28824,172,
786,172,172,172,172,172,172,172,172,172,172,172,172,172,172,172,172,172,172,29441,46656,
787,172,172,172,172,172,172,172,172,172,172,172,172,172,172,172,172,172,172,14338,43682,
788,172,172,172,172,172,172,172,172,172,172,172,172,172,172,172,172,172,172,47189,19084,
789,172,172,172,172,172,172,172,172,172,172,172,172,172,172,172,172,172,172,19171,172,
790,172,172,172,172,172,172,172,172,172,172,172,172,172,172,172,172,172,172,11849,50390,
791,172,172,172,172,172,172,172,172,172,172,172,172,172,172,172,172,172,172,21122,4716,
792,172,172,172,172,172,172,172,172,172,172,172,172,172,172,172,172,172,172,41873,55288,
793,172,172,172,172,172,172,172,172,172,172,172,172,172,172,172,172,172,172,172,4606,
794,172,172,172,172,172,172,172,172,172,172,172,172,172,172,172,172,172,172,172,18720,
795,172,172,172,172,172,172,172,172,172,172,172,172,172,172,172,172,172,172,49863,13978,
796,172,172,172,172,172,172,172,172,172,172,172,172,172,172,172,172,172,172,50775,18743,
797,172,172,172,172,172,172,172,172,172,172,172,172,172,172,172,172,172,172,172,47158,
798,172,172,172,172,172,172,172,172,172,172,172,172,172,172,172,172,172,172,172,26331,
799,172,172,172,172,172,172,172,172,172,172,172,172,172,172,172,172,172,172,59952,172,
800,172,172,172,172,172,172,172,172,172,172,172,172,172,172,172,172,172,172,40228,30664,
801,172,172,172,172,172,172,172,172,172,172,172,172,172,172,172,172,172,172,32994,172,
802,172,172,172,172,172,172,172,172,172,172,172,172,172,172,172,172,172,172,31613,12760,
803,172,172,172,172,172,172,172,172,172,172,172,172,172,172,172,172,172,172,19737,10171,
804,172,172,172,172,172,172,172,172,172,172,172,172,172,172,172,172,172,172,172,41796,
805,172,172,172,172,172,172,172,172,172,172,172,172,172,172,172,172,172,172,172,24617,
806,172,172,172,172,172,172,172,172,172,172,172,172,172,172,172,172,172,172,44082,42547,
807,172,172,172,172,172,172,172,172,172,172,172,172,172,172,172,172,172,172,17044,172,
808,172,172,172,172,172,172,172,172,172,172,172,172,172,172,172,172,172,172,35210,23277,
809,172,172,172,172,172,172,172,172,172,172,172,172,172,172,172,172,172,172,172,8729,
810,172,172,172,172,172,172,172,172,172,172,172,172,172,172,172,172,172,172,172,22796,
811,172,172,172,172,172,172,172,172,172,172,172,172,172,172,172,172,172,172,27815,22919,
812,172,172,172,172,172,172,172,172,172,172,172,172,172,172,172,172,172,172,172,45928,
813,172,172,172,172,172,172,172,172,172,172,172,172,172,172,172,172,172,172,172,38596,
814,172,172,172,172,172,172,172,172,172,172,172,172,172,172,172,172,172,172,35998,3018,
815,172,172,172,172,172,172,172,172,172,172,172,172,172,172,172,172,172,172,26200,172,
816,172,172,172,172,172,172,172,172,172,172,172,172,172,172,172,172,172,172,57046,172,
817,172,172,172,172,172,172,172,172,172,172,172,172,172,172,172,172,172,172,49248,172,
818,172,172,172,172,172,172,172,172,172,172,172,172,172,172,172,172,172,172,52559,172,
819,172,172,172,172,172,172,172,172,172,172,172,172,172,172,172,172,172,172,16675,10542,
820,172,172,172,172,172,172,172,172,172,172,172,172,172,172,172,172,172,172,46768,172,
821,172,172,172,172,172,172,172,172,172,172,172,172,172,172,172,172,172,172,172,56284,
822,172,172,172,172,172,172,172,172,172,172,172,172,172,172,172,172,172,172,172,172,
823,172,172,172,172,172,172,172,172,172,172,172,172,172,172,172,172,172,172,27774,172,
824,172,172,172,172,172,172,172,172,172,172,172,172,172,172,172,172,172,172,172,59257,
825,172,172,172,172,172,172,172,172,172,172,172,172,172,172,172,172,172,172,32139,172,
826,172,172,172,172,172,172,172,172,172,172,172,172,172,172,172,172,172,172,172,26027,
827,172,172,172,172,172,172,172,172,172,172,172,172,172,172,172,172,172,172,46736,172,
828,172,172,172,172,172,172,172,172,172,172,172,172,172,172,172,172,172,172,17557,53836,
829,172,172,172,172,172,172,172,172,172,172,172,172,172,172,172,172,172,172,37741,172,
830,172,172,172,172,172,172,172,172,172,172,172,172,172,172,172,172,172,172,20058,33703,
831,172,172,172,172,172,172,172,172,172,172,172,172,172,172,172,172,172,172,172,172,
832,172,172,172,172,172,172,172,172,172,172,172,172,172,172,172,172,172,172,15974,172,
833,172,172,172,172,172,172,172,172,172,172,172,172,172,172,172,172,172,172,172,56361,
834,172,172,172,172,172,172,172,172,172,172,172,172,172,172,172,172,172,172,11842,41121,
835,172,172,172,172,172,172,172,172,172,172,172,172,172,172,172,172,172,172,172,45352,
836,172,172,172,172,172,172,172,172,172,172,172,172,172,172,172,172,172,172,28358,47006,
837,172,172,172,172,172,172,172,172,172,172,172,172,172,172,172,172,172,172,56050,24957,
838,172,172,172,172,172,172,172,172,172,172,172,172,172,172,172,172,172,172,15285,172,
839,172,172,172,172,172,172,172,172,172,172,172,172,172,172,172,172,172,172,17268,172,
840,172,172,172,172,172,172,172,172,172,172,172,172,172,172,172,172,172,172,172,21458,
841,172,172,172,172,172,172,172,172,172,172,172,172,172,172,172,172,172,172,14992,172,
842,172,172,172,172,172,172,172,172,172,172,172,172,172,172,172,172,172,172,172,22287,
843,172,172,172,172,172,172,172,172,172,172,172,172,172,172,172,172,172,172,43805,47368,
844,172,172,172,172,172,172,172,172,172,172,172,172,172,172,172,172,172,172,172,33983,
845,172,172,172,172,172,172,172,172,172,172,172,172,172,172,172,172,172,172,8644,26151,
846,172,172,172,172,172,172,172,172,172,172,172,172,172,172,172,172,172,172,172,15847,
847,172,172,172,172,172,172,172,172,172,172,172,172,172,172,172,172,172,172,34571,12445,
848,172,172,172,172,172,172,172,172,172,172,172,172,172,172,172,172,172,172,48474,43056,
849,172,172,172,172,172,172,172,172,172,172,172,172,172,172,7802,172,172,172,172,172,
850,172,172,172,172,172,172,172,172,172,172,172,172,172,172,172,172,172,172,172,172,
851,172,172,172,172,172,172,172,172,172,172,172,172,172,172,172,172,172,172,10996,42422,
852,172,172,172,172,172,172,172,172,172,172,172,172,172,172,172,172,172,172,172,172,
853,172,172,172,172,172,172,172,172,172,172,172,172,172,172,172,172,172,172,10238,38771,
854,172,172,172,172,172,172,172,172,172,172,172,172,172,172,172,172,172,172,36919,26132,
855,172,172,172,172,172,172,172,172,172,172,172,172,172,172,172,172,172,172,9609,29690,
856,172,172,172,172,172,172,172,172,172,172,172,172,172,172,172,172,172,172,51556,22676,
857,172,172,172,172,172,172,172,172,172,172,172,172,172,172,172,172,172,172,44992,28612,
858,172,172,172,172,172,172,172,172,172,172,172,172,172,172,172,172,172,172,15015,4533,
859,172,172,172,172,172,172,172,172,172,172,172,172,172,172,172,172,172,172,13163,54626,
860,172,172,172,172,172,172,172,172,172,172,172,172,172,172,172,172,172,172,43669,22336,
861,172,172,172,172,172,172,172,172,172,172,172,172,172,172,172,172,172,172,32082,26713,
862,172,172,172,172,172,172,172,172,172,172,172,172,172,172,172,172,172,172,34525,50017,
863,172,172,172,172,172,172,172,172,172,172,172,172,172,172,172,172,172,172,172,38104,
864,172,172,172,172,172,172,172,172,172,172,172,172,172,172,172,172,172,172,46285,40618,
865,172,172,172,172,172,172,172,172,172,172,172,172,172,172,172,172,172,172,41277,172,
866,172,172,172,172,172,172,172,172,172,172,172,172,172,172,172,172,172,172,45263,172,
867,172,172,172,172,172,172,172,172,172,172,172,172,172,172,172,172,172,172,172,40369,
868,172,172,172,172,172,172,172,172,172,172,172,172,172,172,172,172,172,172,172,172,
869,172,172,172,172,172,172,172,172,172,172,172,172,172,172,172,172,172,172,172,25096,
870,172,172,172,172,172,172,172,172,172,172,172,172,172,172,172,172,172,172,47823,12295,
871,172,172,172,172,172,172,172,172,12613,172,172,172,172,172,172,172,172,172,43182,44443,
872,172,172,172,172,172,172,172,172,172,172,172,172,172,172,172,13003,172,172,172,172,
873,172,172,172,172,172,172,172,172,172,172,172,172,172,172,172,172,172,172,23764,698,
874,172,172,172,172,172,172,172,172,172,172,172,172,172,172,172,172,172,172,44288,172,
875,172,172,172,172,172,172,172,172,172,172,172,172,172,172,172,172,172,172,172,39670,
876,172,172,172,172,1016,172,172,172,172,172,172,172,172,172,172,172,172,172,29779,42895,
877,172,172,172,172,172,172,172,172,172,172,172,172,172,172,172,172,172,172,46292,35480,
878,172,172,172,172,172,172,172,172,172,172,172,172,172,172,172,172,172,172,40794,44159,
879,172,172,172,172,172,172,172,172,172,172,172,172,172,172,172,172,172,172,52884,172,
880,172,172,172,172,172,172,172,172,172,172,172,172,172,172,172,172,172,172,25669,55329,
881,172,172,172,172,172,172,172,172,172,22383,172,172,172,172,172,172,172,172,172,29033,
882,172,172,172,172,172,172,172,172,172,172,172,172,172,172,172,172,172,172,172,41563,
883,172,172,172,172,172,172,172,172,172,172,172,172,172,172,172,172,172,172,45551,3439,
884,172,172,172,172,172,172,172,172,172,172,172,172,172,172,172,172,172,172,42355,172,
885,172,172,172,172,172,172,172,172,172,172,172,172,172,172,172,172,172,172,37151,172,
886,172,172,172,172,172,172,172,172,172,172,172,172,172,172,172,172,172,172,172,172,
887,172,172,172,172,172,172,172,172,172,172,172,172,172,172,172,172,172,172,54561,172,
888,172,172,172,172,172,172,172,172,172,172,172,172,172,172,172,17566,172,172,13086,172,
889,172,172,172,172,172,172,172,172,172,172,172,172,172,172,172,172,172,172,36530,44696,
890,172,172,172,172,172,172,172,172,172,172,172,172,172,172,172,172,172,172,172,172,
891,172,172,172,172,172,172,172,172,172,172,172,172,172,172,172,172,172,172,32234,41834,
892,172,172,172,172,172,172,172,172,172,172,172,172,172,172,172,172,172,172,44865,10053,
893,172,172,172,172,172,172,172,172,172,172,172,172,172,172,172,172,172,172,172,1427,
894,172,172,172,172,172,172,172,172,172,172,172,172,172,172,172,172,172,172,172,172,
895,172,172,172,172,172,172,172,172,172,172,172,172,172,172,172,172,172,172,49251,172,
896,172,172,172,172,172,172,172,172,172,172,172,172,172,172,172,172,172,172,45410,34122,
897,172,172,172,172,172,172,172,172,172,172,172,172,172,172,172,172,172,172,25771,32743,
898,172,172,172,172,172,172,172,172,172,172,172,172,172,172,172,172,172,7273,11579,8741,
899,172,172,172,172,172,172,172,172,172,172,172,172,172,172,172,172,172,172,27853,2177,
900,172,172,172,172,172,172,172,172,172,172,172,172,172,172,172,172,172,172,172,172,
901,172,172,172,172,172,172,172,172,172,172,172,172,172,172,172,172,172,172,172,56447,
902,172,172,172,172,172,172,172,172,172,172,172,172,172,172,172,172,172,172,172,5816,
903,172,172,172,172,172,172,172,172,172,172,172,172,172,172,172,172,172,172,26640,19881,
904,172,172,172,172,172,172,172,172,4831,172,172,172,172,172,172,172,172,172,4312,172,
905,172,172,172,172,172,172,172,172,172,172,172,172,172,172,172,172,172,172,16359,37985,
906,172,172,172,172,172,172,172,172,172,172,172,172,172,172,172,172,172,172,25409,29476,
907,172,172,172,172,172,172,172,172,172,172,172,172,172,172,172,172,172,172,172,172,
908,172,172,172,172,172,172,172,172,172,172,172,172,172,172,172,172,172,172,24859,40752,
909,172,172,172,172,172,172,172,172,172,172,172,172,172,172,172,172,172,172,172,27387,
910,172,172,172,172,172,172,172,172,172,172,172,172,172,172,172,172,172,172,172,46099,
911,172,172,172,172,172,172,172,172,172,172,172,172,172,172,172,172,172,172,26208,48971,
912,172,172,172,5687,5687,172,172,172,172,172,172,172,172,172,172,172,172,172,172,172,
913,172,172,172,172,172,172,172,172,172,172,172,172,172,172,172,172,172,172,172,172,
914,172,172,172,172,172,172,172,172,172,172,172,172,172,172,172,172,172,172,11194,51012,
915,172,172,172,172,172,172,172,172,172,172,172,172,172,172,172,172,172,172,172,36742,
916,172,172,172,172,172,172,172,172,172,172,172,172,172,172,172,172,172,172,54723,172,
917,172,172,172,172,172,172,172,172,172,172,172,172,172,172,172,172,172,172,172,172,
918,172,172,172,172,172,172,172,172,172,172,172,172,172,172,172,172,172,172,36115,172,
919,172,172,172,172,172,172,172,172,172,172,172,172,172,172,172,172,172,172,172,8679,
920,172,172,172,172,172,172,172,172,172,172,172,172,172,172,172,172,172,172,35910,172,
921,172,172,172,172,172,172,172,172,172,172,172,172,172,172,172,172,172,172,52625,45077,
922,172,172,172,172,172,172,172,172,172,172,172,172,172,172,172,172,172,172,15498,29302,
923,172,172,172,172,172,172,172,172,172,172,172,172,172,172,172,172,172,172,6773,172,
924,172,172,172,172,172,172,172,172,172,172,172,172,172,172,172,172,172,172,172,13533,
925,172,172,172,172,172,172,172,172,172,172,172,172,172,172,172,172,172,172,172,35243,
926,172,172,172,172,172,172,172,172,172,172,172,172,172,172,172,172,172,172,18376,54708,
927,172,172,172,172,172,172,172,172,172,172,172,172,172,172,172,172,172,172,172,24610,
928,172,172,172,172,172,172,172,172,172,172,172,172,172,172,172,172,172,172,53525,25220,
929,172,172,172,172,172,172,172,172,172,172,172,172,172,172,172,172,172,172,22562,172,
930,172,172,172,172,172,172,172,172,172,172,172,172,172,172,172,172,172,172,28280,48818,
931,172,172,172,172,172,172,172,172,172,172,172,172,172,172,172,172,172,172,41451,23512,
932,172,172,172,172,172,172,172,172,172,172,172,172,172,172,172,172,172,172,172,52102,
933,172,172,172,172,172,172,172,172,172,172,172,172,172,172,172,172,172,172,24880,172,
934,172,172,172,172,172,172,172,172,172,172,172,172,172,172,172,172,172,172,12775,50440,
935,172,172,172,172,172,172,172,172,172,172,172,172,172,172,172,172,172,172,1925,172,
936,172,172,172,172,172,172,172,172,172,172,172,172,172,172,172,172,172,172,50749,44420,
937,172,172,15708,172,172,13059,172,172,172,172,172,172,172,172,172,172,172,172,22141,39312,
938,172,172,172,172,172,172,172,172,172,172,172,172,172,172,172,172,172,172,47699,172,
939,172,172,172,172,172,172,172,172,172,172,172,172,172,172,172,172,172,172,172,172,
940,172,172,172,172,172,172,172,172,172,172,172,172,172,172,172,172,172,172,172,22170,
941,172,172,172,172,172,172,172,172,172,172,172,172,172,172,172,172,172,172,34176,37191,
942,172,172,172,172,172,172,172,172,17875,172,172,172,13028,172,172,172,172,172,15856,172,
943,172,172,172,172,172,172,172,172,172,172,172,172,172,172,172,172,172,172,5641,27378,
944,172,172,172,172,172,172,172,172,172,172,172,172,172,172,172,172,172,172,39840,36384,
945,172,172,172,172,172,172,172,172,172,172,172,172,172,172,172,172,172,172,54807,20940,
946,172,172,172,172,172,172,172,172,172,172,172,172,172,172,172,172,172,172,56039,6742,
947,172,172,172,172,172,172,172,172,172,172,172,172,172,172,172,172,172,172,16400,19836,
948,172,172,172,172,172,172,172,172,172,172,172,172,172,172,172,172,172,172,55288,39061,
949,172,172,172,172,172,172,172,172,172,172,172,172,172,172,172,172,172,172,33579,172,
950,172,172,172,172,172,172,172,172,172,172,172,172,172,172,172,172,8129,172,31223,50315,
951,172,172,172,172,172,172,172,172,172,172,172,172,172,172,172,172,172,172,172,172,
952,172,172,172,172,172,172,172,172,172,172,172,172,172,172,172,172,172,172,172,16135,
953,172,172,172,172,172,172,172,172,172,172,172,172,172,172,172,172,172,172,37734,172,
954,172,172,172,172,172,172,172,172,172,172,172,172,172,172,7296,172,172,172,47682,35828,
955,172,172,172,172,172,172,172,172,172,172,172,172,172,172,172,172,172,172,52887,45437,
956,172,172,172,172,172,172,172,172,172,172,172,172,172,172,172,172,172,172,172,172,
957,172,172,172,172,172,172,172,172,172,172,172,172,172,172,172,172,172,172,172,48242,
958,172,172,172,172,172,172,172,172,172,172,172,172,172,172,172,172,172,172,11893,172,
959,172,172,172,172,172,172,172,172,172,172,172,172,172,172,172,172,172,172,44498,59895,
960,172,172,172,172,172,172,172,172,172,172,172,172,172,172,172,172,172,172,172,51481,
961,172,172,172,172,172,172,172,172,172,172,172,172,172,172,172,172,172,172,172,36436,
962,172,172,172,172,172,172,172,172,172,172,172,172,172,172,172,172,172,172,49088,5691,
963,172,172,172,172,172,172,172,172,172,172,172,172,172,172,172,172,172,172,32127,172,
964,172,172,172,172,172,172,172,172,172,172,172,172,172,172,172,172,172,172,172,46025,
965,172,172,172,172,172,172,172,172,172,172,172,172,172,172,172,172,172,172,10444,172,
966,172,172,172,172,172,172,172,172,172,172,172,172,172,172,172,172,172,172,45524,172,
967,172,172,172,172,172,172,172,172,172,172,172,172,172,172,172,172,172,172,172,50535,
968,172,172,172,172,172,172,172,172,172,172,172,172,172,172,172,172,172,172,12740,49209,
969,172,172,172,172,172,172,172,172,172,172,172,172,172,172,172,172,172,172,172,30702,
970,172,172,172,172,172,172,172,172,172,172,172,172,172,172,172,172,172,172,35961,5887,
971,172,172,172,172,172,172,172,172,172,172,172,172,299,172,172,299,172,172,51527,172,
972,172,172,172,172,172,172,172,172,172,172,172,172,172,172,172,172,172,172,172,47053,
973,172,172,172,172,172,172,172,172,172,172,172,172,172,172,172,172,172,172,3952,39911,
974,172,172,172,172,172,17153,172,172,172,172,172,172,172,172,172,172,172,172,52331,37271,
975,172,172,172,172,172,172,172,172,172,172,172,172,172,172,172,172,172,172,172,14796,
976,172,172,172,172,172,172,172,172,172,172,172,172,172,172,172,172,172,172,172,57883,
977,172,172,172,172,172,172,172,172,172,172,172,172,172,172,172,172,172,172,35196,172,
978,172,172,172,172,172,172,172,172,172,172,172,172,172,172,172,172,172,172,172,26258,
979,172,172,172,172,172,172,172,172,172,172,172,172,172,172,172,172,172,172,172,52150,
980,172,172,172,172,172,172,172,172,172,172,172,172,172,172,172,172,172,172,172,172,
981,172,172,172,172,172,172,172,172,172,172,172,172,172,172,172,172,172,172,15755,24652,
982,172,172,172,172,172,172,172,172,172,9047,172,172,172,172,172,9047,172,172,55918,16221,
983,172,172,172,172,172,172,172,172,172,172,172,172,172,172,172,172,172,172,38976,53059,
984,172,172,172,172,172,172,172,172,172,172,172,172,172,172,172,172,172,172,13305,39728,
985,172,172,172,172,172,172,172,172,172,172,172,172,172,172,172,172,172,172,37931,4121,
986,172,172,172,172,172,172,172,172,172,172,172,172,172,172,172,172,172,172,1046,172,
987,172,172,172,172,172,172,172,172,172,172,172,172,172,172,172,172,172,172,57200,14824,
988,172,172,172,172,172,172,172,172,172,172,172,172,172,172,172,172,172,172,172,32554,
989,172,172,172,172,172,172,172,172,172,172,172,172,172,172,172,172,172,172,34983,42285,
990,172,172,172,172,172,172,172,172,172,172,172,172,172,172,172,172,172,172,34476,35851,
991,172,172,172,172,172,172,172,172,172,172,172,172,172,172,172,172,172,172,45359,18874,
992,172,172,172,172,172,172,172,172,172,172,172,172,172,172,172,172,172,172,172,37343,
993,172,172,172,172,172,172,172,172,172,172,172,172,172,172,172,172,172,172,39796,48102,
994,172,172,172,172,172,172,172,172,172,172,172,172,172,172,172,172,172,172,9636,50204,
995,172,172,172,172,172,172,172,172,172,172,172,172,172,172,172,172,172,172,40630,34270,
996,172,172,172,172,172,172,172,172,172,172,172,172,172,172,172,172,172,172,48595,13285,
997,172,172,172,172,172,172,172,172,172,172,172,172,172,172,172,172,172,172,45297,172,
998,172,172,172,172,172,172,172,172,172,172,172,172,172,172,172,172,172,172,40875,26098,
999,172,172,172,172,172,172,172,172,172,172,172,172,172,172,172,172,172,172,35308,172,
1000,172,172,172,172,172,172,172,172,172,172,172,172,172,172,172,172,172,172,172,46916,
