1,41821,40850,26172,9773,35021,29732,29832,30116,45170,17883,45686,10941,9741,27917,34825,49143,24835,14615,2391,99,
2,99,2391,16447,837,13395,7721,16447,13395,16447,16447,22454,9098,2006,17048,32909,14344,41303,7000,704,4167,
3,99,704,99,99,1235,99,99,99,1334,99,34401,833,16884,26098,99,99,99,22875,99,9316,
4,99,99,99,99,99,99,99,99,99,99,99,56074,39411,39402,29718,20605,19666,99,42121,33100,
5,99,99,99,99,99,99,99,99,99,99,99,99,54979,99,41982,34717,17706,99,99,99,
6,99,99,99,99,99,99,99,99,99,99,99,99,28617,10618,53187,30133,99,16835,99,13834,
7,99,99,99,99,99,99,99,99,99,99,36200,25178,32277,99,43595,99,99,53441,25688,99,
8,99,99,99,99,99,99,99,99,99,99,99,27446,99,99,99,49470,99,99,99,27655,
9,99,99,99,99,99,99,99,99,99,99,11250,14428,18097,99,99,55715,21740,26294,99,30120,
10,99,99,99,99,99,99,99,99,99,99,50236,99,13324,99,99,60253,39532,25971,99,10828,
11,99,99,99,99,99,99,99,99,99,99,99,99,45637,99,99,35287,99,33974,54580,99,
12,99,99,99,99,99,99,99,99,99,99,99,99,46844,46380,99,30795,99,99,52188,99,
13,99,99,99,99,99,99,99,99,99,99,27248,57465,52672,30686,44694,42783,99,49727,99,99,
14,99,99,99,99,99,99,99,99,99,99,99,10690,37416,51261,32161,57921,32467,14155,99,25381,
15,99,99,99,99,99,99,99,99,99,99,47796,99,38418,99,24989,99,27410,19615,99,36325,
16,99,99,99,99,99,99,99,99,99,99,57322,99,52061,22817,51107,10821,27264,99,99,99,
17,99,99,99,99,99,99,99,99,99,99,99,21595,13330,99,46909,49086,47202,99,40875,29068,
18,99,99,99,99,99,99,99,99,99,99,34860,99,99,99,99,20424,56840,54481,99,59204,
19,99,99,99,99,99,99,99,99,99,99,99,40261,99,59326,44583,99,99,31874,37635,20750,
20,99,99,99,99,14142,99,99,99,99,99,99,99,99,99,99,27108,99,99,49009,36788,
21,99,99,99,99,99,99,99,99,99,99,99,99,99,31967,99,99,11255,99,99,23256,
22,99,99,99,99,99,99,99,99,99,99,99,99,42156,44366,42889,55454,99,99,99,28071,
23,99,99,99,99,99,99,99,99,99,99,33183,47781,13510,99,99,12626,99,16804,99,99,
24,99,99,99,99,99,99,99,99,99,99,99,47740,37725,33016,51568,99,34048,57895,99,99,
25,99,99,99,99,99,99,99,99,99,99,99,99,99,47279,24376,99,99,99,99,15872,
26,99,99,99,99,99,99,99,99,99,99,54821,99,99,99,99,46897,99,19661,99,44443,
27,99,99,99,99,99,12158,99,99,99,99,99,99,99,21511,99,99,99,99,11422,51517,
28,99,99,99,99,99,99,99,99,99,99,99,44739,53914,99,44643,44808,16441,20123,99,99,
29,99,99,99,99,99,99,99,99,99,99,99,99,11355,99,99,99,55273,42426,59329,99,
30,99,99,99,99,99,99,99,99,99,99,22585,10272,37236,56707,99,53638,10533,99,99,99,
31,99,99,99,99,99,99,99,99,99,99,52324,99,99,22949,99,58246,43744,56935,99,99,
32,99,99,99,99,99,99,99,99,99,99,29845,18467,50139,99,99,99,99,23282,99,99,
33,99,99,99,99,99,99,99,99,99,99,31262,99,25038,99,41215,99,99,99,40390,21510,
34,99,99,99,99,99,99,99,99,99,99,99,50766,99,56110,99,54425,99,18651,17891,99,
35,99,99,99,99,99,99,99,99,99,99,28404,48359,46631,99,12604,99,32390,99,10755,59100,
36,99,99,99,99,99,99,99,99,99,99,99,28034,99,55860,54848,99,99,99,99,34571,
37,99,99,99,99,99,99,15469,99,99,99,18775,99,99,99,42149,99,99,99,99,47920,
38,99,99,99,99,99,99,99,99,99,99,54112,54117,99,99,99,99,41233,99,99,38162,
39,99,99,99,99,99,99,99,99,99,99,99,99,37887,99,99,15828,43582,99,99,36989,
40,99,99,99,99,99,99,99,99,99,99,34768,14518,99,99,99,41928,50543,14581,99,36325,
41,99,99,99,99,99,99,99,99,99,99,99,36207,15061,30426,50347,22886,99,32437,58826,41110,
42,99,99,99,99,99,99,99,99,99,99,51937,99,24244,26723,50616,38246,99,37650,21443,21034,
43,99,99,99,99,99,99,99,99,99,99,25367,20886,99,57973,99,99,27626,28127,38236,99,
44,99,99,99,99,99,99,99,99,99,99,99,35146,99,49342,99,99,57753,33544,17959,99,
45,99,99,99,99,99,99,99,99,99,99,52219,99,12858,17921,99,99,18578,99,99,10398,
46,99,99,99,99,99,99,99,99,99,99,42889,54412,55369,99,99,99,99,56495,99,99,
47,99,99,99,99,99,99,99,99,99,99,99,42946,28818,26037,99,99,99,99,99,99,
48,99,99,99,12526,99,99,99,99,99,99,14250,99,99,55004,60463,99,99,47648,99,25832,
49,99,99,99,99,99,99,99,99,99,99,99,46192,36836,99,99,99,46472,53496,99,99,
50,99,99,99,99,99,99,99,99,99,99,99,35009,99,99,32222,11508,99,49011,99,99,
51,99,99,99,99,99,99,99,99,99,99,99,34743,99,99,99,99,99,52246,99,99,
52,99,99,99,99,99,99,99,99,99,99,99,52468,53997,47591,99,99,17141,99,99,49694,
53,99,99,24573,99,99,99,99,99,99,99,99,57782,57286,57258,27390,2594,14583,42472,99,11687,
54,99,99,99,99,99,99,99,99,99,99,99,99,45400,33253,99,99,51849,99,99,99,
55,99,99,99,99,99,99,99,99,99,99,99,42380,99,99,13404,21161,99,99,99,25416,
56,99,99,99,99,99,99,99,99,99,99,99,99,24108,99,99,13651,99,52101,99,58151,
57,99,99,99,99,99,99,99,99,99,99,17229,28223,48610,47889,99,37250,99,99,50128,99,
58,99,99,99,99,99,99,99,99,99,99,11292,25908,99,58965,99,25327,99,14704,99,22397,
59,99,99,99,99,99,99,99,99,99,99,24330,50459,16924,99,99,18247,21758,99,19514,36863,
60,99,99,99,99,99,99,99,99,99,99,12963,50729,44958,99,44258,38487,99,36574,50496,13572,
61,99,99,99,99,17550,99,99,99,99,99,99,99,18525,48667,99,99,34067,99,47852,16072,
62,99,99,99,99,99,99,99,99,99,99,99,52356,99,99,15366,30395,20944,99,99,99,
63,99,99,99,99,99,99,99,99,99,99,99,19040,99,44958,48614,46115,52191,99,99,45052,
64,99,99,99,99,99,99,99,99,99,99,99,99,23279,55315,99,26583,31713,30627,38982,52466,
65,99,99,99,99,99,99,99,99,99,99,24937,46000,99,99,99,99,44481,99,99,99,
66,99,99,99,99,99,99,99,99,99,99,43248,99,99,11767,99,99,99,99,52848,99,
67,99,99,99,99,99,99,99,99,99,99,99,99,99,20969,99,29539,99,57141,50325,99,
68,99,99,99,99,99,99,99,99,99,99,51073,99,99,99,10840,99,41020,99,19513,14257,
69,99,99,99,99,99,99,99,99,99,99,16916,49953,99,99,99,99,99,99,20594,18162,
70,99,99,99,99,99,99,99,99,99,99,99,20983,34481,99,15728,99,31067,99,99,32973,
71,99,99,99,99,99,99,99,99,99,99,37510,20531,20327,16589,99,38635,34198,45022,99,47192,
72,99,99,99,99,99,99,99,99,99,99,30602,56869,99,99,19453,99,99,26430,48037,34232,
73,99,99,99,99,99,99,99,99,99,99,99,41386,99,99,44789,20386,41939,99,99,42361,
74,99,99,99,99,99,99,99,99,99,99,40150,99,37172,58824,57595,99,99,22094,99,99,
75,99,99,99,99,99,99,99,99,99,99,99,99,48892,99,99,39397,24819,99,99,53758,
76,99,99,99,99,99,99,99,99,99,99,99,99,99,23976,10598,99,12925,32010,32341,20151,
77,99,99,99,99,99,99,99,99,99,99,20323,39347,99,99,40848,99,99,99,99,99,
78,99,99,99,99,99,99,99,99,99,99,31749,99,60197,99,11702,38919,43046,59200,37215,99,
79,99,99,99,99,99,99,99,99,99,99,43171,99,57329,99,99,37040,99,99,99,99,
80,99,99,99,99,99,20059,99,99,99,99,99,46415,99,19856,30102,99,33059,32275,1965,18032,
81,99,99,99,99,99,99,99,99,99,99,44475,99,55073,99,54908,99,57445,44025,55623,26759,
82,99,99,99,99,99,99,99,99,99,99,99,11679,49132,99,52484,54389,49469,99,99,99,
83,99,99,99,99,11505,99,99,99,17086,99,27275,30137,99,54644,99,55954,56799,59868,12546,99,
84,99,99,99,99,99,99,99,99,99,99,33411,99,99,40608,99,15322,99,99,34047,99,
85,99,99,99,99,99,99,99,99,99,99,14476,99,99,29540,26271,48642,99,15712,28241,99,
86,99,99,99,99,99,99,99,99,99,99,34902,24913,49580,38907,29243,20396,99,49001,51670,99,
87,99,99,99,99,99,99,99,99,99,99,40475,26806,12093,99,99,99,99,40127,58116,99,
88,99,99,99,99,99,99,99,99,99,99,16835,35708,99,37494,99,99,36440,99,31942,99,
89,99,99,99,99,99,99,99,99,99,99,33870,99,28526,51155,45001,16162,99,99,40493,99,
90,99,99,99,99,99,99,99,99,99,99,40151,99,41086,99,99,58805,99,99,42534,12011,
91,99,99,99,99,99,99,99,99,99,16347,99,99,29111,6168,23023,30255,99,99,44526,19851,
92,99,99,99,99,99,99,99,99,99,99,99,99,99,99,99,99,99,20180,49673,30239,
93,99,99,99,99,16263,99,99,99,99,99,99,51637,99,99,53468,47410,99,99,46047,44172,
94,99,99,99,99,99,99,99,99,99,99,21958,99,44518,51021,99,21656,99,99,99,34549,
95,99,99,99,99,99,99,99,99,99,99,99,18226,99,99,99,43802,99,99,99,17955,
96,99,99,99,99,99,99,99,99,99,99,99,55617,99,13953,99,99,99,53653,99,29187,
97,99,99,99,99,99,99,99,99,99,99,17318,99,99,99,29108,99,16745,25173,22689,99,
98,99,99,99,99,99,99,99,99,99,99,99,30452,31845,40918,99,10174,34468,16666,99,99,
99,99,99,99,99,99,99,99,99,99,99,43414,56919,46563,27685,99,99,99,53978,14511,99,
100,99,99,99,99,99,99,99,99,99,99,44056,99,56230,99,38015,51991,99,45862,57267,99,
101,99,99,99,99,99,99,99,99,99,99,59360,32273,57448,44264,55361,56196,31011,99,99,54480,
102,99,99,99,99,99,99,99,99,99,99,99,20055,58974,99,99,42534,99,99,49668,99,
103,99,99,99,99,99,99,99,99,99,99,99,99,21851,99,99,99,46843,99,99,99,
104,99,99,99,99,99,99,99,99,99,99,99,60416,55591,99,99,99,24858,37230,26028,99,
105,99,99,99,99,99,99,99,99,99,99,56956,36346,46047,47179,30555,99,99,11346,99,99,
106,99,99,99,99,99,99,99,99,99,99,36762,22097,99,99,46681,99,99,99,99,99,
107,99,99,99,99,99,99,99,99,99,99,99,47279,99,99,49116,34410,99,99,46784,99,
108,99,99,99,99,99,99,99,99,99,99,99,99,99,99,43909,99,43418,50152,99,56825,
109,99,99,99,99,99,99,99,99,99,99,47888,13206,99,54375,99,35675,99,99,99,45186,
110,99,99,99,99,99,99,99,11049,99,99,36688,35976,29142,52148,99,14873,99,19929,99,99,
111,99,99,99,99,99,99,99,99,99,99,49846,37669,9294,99,99,28813,99,99,41665,25300,
112,99,99,99,99,99,99,99,99,99,99,99,57874,31088,53873,14871,99,24966,29706,99,17699,
113,99,99,99,99,99,99,99,99,99,99,99,99,51142,99,99,49149,99,12737,59891,99,
114,99,99,99,99,99,99,99,99,99,99,49863,99,20702,49515,39014,54618,99,99,1018,99,
115,99,99,99,99,99,99,99,99,99,99,99,31142,39348,42329,38932,14109,99,35654,35313,99,
116,99,99,99,99,99,99,99,99,99,99,38352,99,99,99,54496,99,99,99,60317,34529,
117,99,99,99,99,99,99,99,99,99,99,99,99,99,17744,99,20021,99,99,99,54848,
118,99,99,99,99,99,99,99,99,99,99,17007,99,28402,50130,99,99,99,99,99,14237,
119,99,99,99,99,99,99,99,99,99,99,99,99,99,33555,99,99,58629,99,99,99,
120,99,99,99,99,99,99,99,99,99,99,48256,99,61151,55445,99,99,58324,37483,99,99,
121,99,99,99,99,99,99,99,99,99,99,53475,38609,99,99,59151,51008,99,50887,32143,99,
122,99,99,99,99,99,99,99,99,99,99,99,99,99,99,99,29957,99,29368,99,35297,
123,99,99,99,99,99,99,99,99,99,99,37537,51308,44175,29922,30181,45470,99,99,46791,30323,
124,99,99,99,99,99,99,99,99,99,99,99,35151,99,43728,20048,55232,33992,24132,28906,34213,
125,99,99,99,99,99,99,99,99,99,99,99,99,99,99,28780,99,99,21178,99,99,
126,99,99,99,99,99,99,99,99,99,99,44813,99,99,99,99,99,99,16381,99,99,
127,99,99,99,99,99,99,99,99,99,99,99,99,99,99,99,55849,21079,99,99,99,
128,99,99,99,99,99,99,99,99,99,99,21239,47640,16233,53382,25018,99,99,99,51065,35790,
129,99,99,99,19211,99,99,99,99,99,99,56030,99,99,21467,41266,99,25412,99,52338,12256,
130,99,99,99,99,6963,99,99,99,99,99,99,99,99,22367,99,99,25159,99,99,16877,
131,99,99,99,99,99,99,99,99,99,99,18008,57023,58923,99,99,99,24281,43066,37585,22438,
132,99,99,99,99,99,99,99,99,99,99,99,22819,99,99,25946,99,42549,58507,41933,99,
133,99,99,99,99,99,99,99,99,99,99,36493,52792,99,99,99,51759,36656,14704,99,29751,
134,99,99,99,99,99,99,99,99,99,99,58937,26278,56601,99,20402,18442,50014,47783,99,28074,
135,99,99,99,99,99,99,99,99,99,99,59275,99,18132,49839,60184,99,54063,29742,59933,17820,
136,99,99,99,99,99,99,99,99,99,99,99,35134,99,99,49191,99,99,26466,21263,99,
137,99,99,99,99,99,99,99,99,99,99,55356,99,38924,19483,99,27239,23588,99,54199,57193,
138,99,99,99,99,99,99,99,99,99,99,51563,99,99,19425,99,34271,48141,51128,99,99,
139,99,99,99,99,99,99,4433,99,99,99,99,99,43193,99,99,29359,99,27015,99,99,
140,99,99,99,99,99,99,99,99,99,99,23158,99,24862,47813,17410,99,99,32107,28288,99,
141,99,99,99,99,99,99,99,99,99,99,14594,99,55994,99,99,30641,20153,99,42405,99,
142,99,99,99,99,99,99,99,99,99,99,99,99,99,99,46135,99,44563,99,51463,99,
143,99,99,99,99,99,99,99,99,99,99,14929,99,51797,99,99,55304,21537,55018,99,99,
144,99,99,99,99,99,99,99,99,99,99,99,52404,99,13823,59675,99,19017,36705,58362,99,
145,99,99,99,99,99,99,99,99,99,99,12073,99,35372,15866,32473,99,20210,99,99,15107,
146,99,99,99,99,99,99,99,99,99,99,99,38539,46592,99,40585,99,41957,57668,11416,99,
147,99,99,99,99,99,99,99,99,99,99,21721,36248,99,58970,99,99,99,36517,99,41638,
148,99,99,99,99,99,99,99,99,99,99,55954,18356,99,46284,99,99,99,99,19887,29554,
149,99,99,99,99,99,99,99,99,99,99,99,99,99,99,20631,25058,18834,99,33043,11620,
150,99,99,99,99,99,99,99,99,99,99,99,99,99,99,46517,48342,99,99,19082,99,
151,99,99,99,99,99,99,99,99,99,99,99,99,99,56878,99,58030,53963,56394,58707,99,
152,99,99,99,99,99,19563,99,99,99,99,99,99,60067,99,31904,99,99,99,38581,13528,
153,99,99,99,99,99,99,99,99,99,99,99,99,99,56963,39712,99,16505,52256,99,99,
154,99,99,99,99,99,99,99,99,99,99,99,17356,99,41876,99,54457,58956,99,99,99,
155,99,99,99,99,99,99,99,99,99,99,99,16201,36192,36304,14181,99,14988,99,99,99,
156,99,99,99,99,99,99,99,99,99,99,99,24667,61674,99,41803,21139,99,47429,99,52153,
157,99,99,99,99,99,99,99,99,99,99,99,18105,37339,19549,99,45499,99,18347,23241,99,
158,99,99,99,99,99,99,99,99,99,99,27361,99,50201,99,55189,57623,99,37832,47960,99,
159,99,99,99,99,99,99,99,99,99,99,45217,59826,56636,99,99,99,99,41113,99,99,
160,99,99,99,99,99,99,99,99,99,99,99,99,99,99,99,25498,99,10300,99,19856,
161,99,99,99,99,99,99,99,99,99,99,30451,99,99,99,99,45457,99,99,99,99,
162,99,99,99,99,99,99,99,99,99,99,51507,99,15900,99,99,99,48818,99,46701,99,
163,99,99,99,99,99,99,99,99,99,99,99,99,26692,15139,99,99,99,21311,52915,99,
164,99,99,99,99,99,99,99,99,99,99,99,99,21807,42709,10826,38194,99,99,16438,46623,
165,99,99,99,99,99,99,99,99,99,99,99,39490,99,21443,99,99,99,99,99,48982,
166,99,99,99,99,99,99,99,99,99,99,99,99,99,21236,99,99,36665,16814,99,51324,
167,99,99,99,99,99,99,99,99,99,99,22283,59262,99,99,99,99,11842,34568,99,35299,
168,99,99,99,99,99,99,99,99,99,99,99,99,99,99,99,99,57166,99,38958,99,
169,99,99,17591,99,99,99,99,99,99,99,32318,46117,53534,99,56616,99,55684,99,99,54820,
170,99,99,99,99,99,99,99,99,99,99,99,46242,34536,99,99,20800,99,13229,99,54010,
171,99,99,99,99,99,99,99,99,99,99,99,99,54366,99,56739,10849,99,42194,99,45502,
172,99,99,99,99,99,17106,99,99,99,99,50998,55986,99,99,24012,99,99,40581,99,99,
173,99,99,99,99,99,99,99,99,99,99,99,99,99,57046,31986,47123,53682,99,99,99,
174,99,99,99,99,99,99,99,99,99,99,22616,99,99,99,99,23917,99,99,23877,99,
175,99,99,99,99,8004,99,99,99,99,99,99,99,99,19619,12722,58333,26283,60159,25332,46145,
176,99,99,99,99,99,99,99,7738,99,7738,99,99,99,58932,58947,99,99,99,44514,99,
177,99,99,99,99,99,99,99,16828,16828,99,99,45997,15130,38964,99,99,29158,99,99,99,
178,99,99,99,99,99,99,99,99,99,99,22784,99,51526,99,99,99,99,22394,99,49876,
179,99,99,99,99,99,99,99,99,99,99,41314,11608,23652,99,42538,20626,99,99,27446,99,
180,99,99,99,99,99,99,99,99,99,99,99,99,99,99,39133,99,99,99,19116,17414,
181,99,99,99,99,99,99,99,99,99,99,55006,99,52455,13536,51431,99,48146,55792,44686,99,
182,99,99,99,99,99,99,99,99,99,99,99,54516,23218,27538,40639,99,99,99,99,57623,
183,99,99,99,99,99,99,99,99,99,5976,2636,99,99,99,15106,25372,99,99,57008,48956,
184,99,99,99,99,99,99,99,99,99,99,99,99,99,53821,20303,48133,99,99,99,99,
185,99,99,99,99,99,99,99,99,99,99,99,99,99,99,54209,37479,99,99,99,99,
186,99,99,99,99,99,99,99,99,99,99,99,56450,99,37393,99,45072,24350,23320,35784,34401,
187,99,99,4389,99,99,99,99,99,99,99,11997,99,44717,46495,99,99,1108,34570,34485,19302,
188,99,99,99,99,99,99,99,99,99,99,99,99,51207,99,33979,18794,47307,99,99,99,
189,99,99,99,99,99,99,99,99,99,99,99,29350,39677,20283,12721,99,99,48955,99,36422,
190,99,99,99,99,99,99,99,99,99,99,56129,99,39833,55792,99,99,21454,99,99,99,
191,99,99,14189,99,99,99,99,99,99,99,99,17671,99,47584,49927,99,25777,99,99,41752,
192,99,99,99,99,99,99,99,99,99,99,46216,38540,31733,99,99,99,99,99,54142,99,
193,99,99,11642,99,99,99,99,99,11642,99,99,49925,30184,99,43630,99,99,43614,28365,26019,
194,99,99,99,99,99,99,99,99,99,99,57552,31309,99,99,99,99,54319,51982,52478,99,
195,99,99,99,99,99,99,99,99,99,99,12613,99,25075,36764,38177,99,99,36919,99,48808,
196,99,99,99,99,99,99,99,99,99,99,46967,99,99,57088,24570,99,99,99,99,99,
197,99,99,99,99,99,99,99,99,99,99,50463,99,99,99,99,99,99,99,99,99,
198,99,99,99,99,99,99,99,99,99,99,56362,53756,33468,24823,99,99,43867,18650,53967,53699,
199,99,99,99,99,99,99,99,99,99,99,99,40093,99,21204,14322,18284,44071,19777,25745,99,
200,99,99,99,99,99,99,99,99,99,99,99,41383,46125,48050,99,99,99,99,49666,99,
201,99,99,99,99,99,99,99,99,99,99,99,99,59561,99,32315,99,99,20137,50150,99,
202,99,99,99,99,99,99,99,99,99,99,99,12162,44371,50183,99,99,35363,99,39299,99,
203,99,99,99,99,99,99,99,99,99,99,99,55903,56971,17242,54992,38888,31041,99,99,51392,
204,99,99,99,99,99,99,99,99,99,99,99,99,42728,99,99,47859,34592,99,99,99,
205,99,99,99,99,99,99,99,99,99,99,99,46950,15413,33645,99,27670,99,99,99,99,
206,99,99,99,99,99,99,99,99,99,99,99,58549,49583,99,99,99,99,99,99,22984,
207,99,99,99,99,99,99,99,99,99,99,14965,55758,54515,99,26417,99,99,99,99,99,
208,99,99,99,99,99,99,18647,99,99,18647,99,99,40319,13047,30873,99,47464,99,53154,99,
209,99,99,99,99,99,99,99,99,99,99,99,47730,53438,99,59858,99,39322,99,18422,99,
210,99,99,99,99,99,99,99,99,99,99,99,99,99,34310,16566,99,99,39146,99,49403,
211,99,99,99,99,99,99,99,99,99,99,99,18326,47879,52420,50408,99,99,99,49856,32715,
212,99,99,99,99,99,99,99,99,99,99,52072,99,12817,57283,99,57758,99,57589,99,40912,
213,99,99,99,99,99,99,9430,99,99,99,11382,99,34937,99,57254,99,35677,99,28697,99,
214,99,99,99,99,99,99,99,99,99,99,99,28987,99,45625,14904,99,54620,24982,55483,49270,
215,99,99,99,99,99,99,99,99,99,99,25495,39566,13814,37692,17876,99,46364,21367,99,99,
216,99,99,99,99,99,99,99,99,99,99,56476,21420,99,99,99,13183,99,99,99,54876,
217,99,99,99,99,99,99,99,99,99,99,49189,49427,41777,99,51821,99,51577,99,11788,59455,
218,99,99,99,99,99,99,99,99,99,99,99,99,99,42034,99,22925,99,99,52954,99,
219,99,99,2157,99,99,99,99,99,99,99,99,99,99,33416,99,44528,49695,99,15720,99,
220,99,99,99,99,99,99,99,20821,99,99,99,16068,17017,99,99,99,99,17094,52250,99,
221,99,99,99,99,99,99,99,99,99,99,13753,37306,99,99,17415,99,99,99,99,99,
222,99,99,99,99,99,99,99,99,99,99,99,99,99,99,99,29864,99,58557,99,99,
223,99,99,99,99,99,99,99,99,99,99,99,99,99,17597,23452,24182,99,99,45643,27128,
224,99,99,99,99,99,99,99,99,99,99,59403,99,55471,27715,5698,56629,99,99,14896,99,
225,99,99,99,99,99,99,99,99,99,99,99,99,25066,99,99,10436,56670,59254,99,99,
226,99,99,99,99,99,99,99,99,99,99,99,99,99,43379,25024,41668,14832,34943,99,99,
227,99,99,99,99,99,99,99,99,99,99,99,57026,45867,99,99,99,21285,99,99,43821,
228,99,99,99,99,99,99,99,99,99,99,99,31223,99,99,99,27956,99,99,38925,99,
229,99,99,99,99,99,99,99,99,99,99,52540,26392,48395,99,12797,99,99,58215,21052,13942,
230,99,99,10441,99,99,99,99,10875,99,11016,41238,99,17631,28770,99,59592,45811,20409,99,99,
231,99,99,99,99,99,99,99,99,99,99,53800,99,50245,99,99,16246,29289,99,59062,39528,
232,99,99,99,99,99,99,99,99,99,99,99,99,25911,99,99,52099,99,99,99,99,
233,99,99,99,99,99,99,99,99,99,99,58871,99,20172,99,99,11589,40346,52117,54679,28661,
234,99,99,99,99,99,99,99,99,99,99,99,99,99,99,99,53522,99,57017,55643,18977,
235,99,99,99,99,99,99,99,99,99,99,31575,59216,99,99,99,99,19098,10788,99,56436,
236,99,99,99,99,99,99,99,99,99,99,44902,41425,99,51433,42791,99,33649,35915,51909,58091,
237,99,99,99,99,99,99,99,99,99,99,99,48182,99,53955,99,14547,48365,99,99,99,
238,99,99,99,99,99,99,99,99,99,99,99,99,23612,60154,14487,52587,18506,99,99,10611,
239,99,99,99,99,99,99,99,99,99,99,40829,15269,55261,99,99,99,99,99,47429,43971,
240,99,99,99,99,99,99,99,8718,99,99,99,47029,99,27097,37164,47209,16919,28738,26630,99,
241,99,99,99,99,99,99,99,99,99,99,99,99,99,32108,18235,54057,99,22132,40396,35449,
242,99,99,99,99,99,99,99,99,99,99,25170,31741,99,99,14966,23013,31186,40484,23183,33893,
243,99,99,99,99,99,99,99,99,99,99,99,99,52295,99,52253,45960,99,99,99,99,
244,99,99,99,99,99,99,99,99,99,99,35843,27292,48489,99,58530,55654,99,29801,99,99,
245,99,99,99,99,99,99,99,99,99,99,99,99,99,99,99,99,26096,44639,12457,44964,
246,99,99,99,99,99,99,99,99,99,99,53318,99,99,57705,99,40317,99,10230,28881,99,
247,99,99,99,99,99,99,99,99,99,99,99,99,99,99,42214,40352,99,99,47257,99,
248,99,99,99,99,99,99,99,99,99,99,42513,1077,56710,12153,52352,99,99,99,49192,39086,
249,99,99,99,99,99,99,99,99,99,99,99,99,99,47145,99,32241,99,99,55222,99,
250,99,99,99,99,99,99,99,99,99,99,99,27686,99,22594,99,99,99,99,99,53907,
251,99,99,99,99,99,99,99,99,99,99,99,47165,25747,34459,99,99,43632,99,99,11707,
252,99,99,99,99,99,99,99,99,99,99,25561,99,99,41977,54112,39097,47385,59692,11691,33475,
253,99,99,99,99,99,99,99,99,99,99,99,99,18576,36011,10721,28984,99,99,33977,14942,
254,99,99,99,99,99,99,99,99,99,99,51690,57716,99,47450,99,99,99,99,44028,99,
255,99,99,99,99,99,99,99,99,99,99,43803,99,56607,19834,99,50296,50731,99,17888,99,
256,99,99,99,99,99,99,99,99,99,99,99,99,99,43922,58039,99,46549,99,58216,99,
257,99,99,99,99,99,99,99,99,99,99,99,50990,56344,59317,99,99,56410,99,99,53554,
258,99,99,99,99,99,99,99,99,99,99,32753,99,55190,46287,99,59169,99,34406,38207,15717,
259,99,99,3833,99,99,99,99,99,99,99,99,99,20222,34468,36266,40813,44355,53924,99,38200,
260,99,99,99,99,99,99,99,99,99,99,99,99,99,43124,99,99,99,99,99,10623,
261,99,99,99,99,99,99,99,99,99,99,27086,14215,99,38062,37070,60566,99,99,99,57291,
262,99,99,99,99,99,99,99,99,99,99,11264,99,44105,99,99,99,99,99,99,29140,
263,99,99,99,99,99,99,99,99,99,99,99,99,53728,99,39098,99,99,25478,35515,99,
264,99,99,99,99,99,99,99,99,99,99,99,99,32634,60370,34285,99,99,28525,99,99,
265,99,99,99,99,99,99,99,99,99,99,99,16852,99,99,99,99,41514,39545,50775,12341,
266,99,99,99,4361,99,99,99,99,99,99,99,99,99,11636,38635,42803,99,5323,99,42193,
267,99,99,99,99,99,99,99,99,99,99,54819,53299,99,57181,99,99,60017,99,99,99,
268,99,99,99,99,99,99,99,19463,99,99,10160,99,99,99,99,99,99,99,33382,24201,
269,99,99,99,99,99,99,99,99,99,99,42537,99,48670,99,99,55155,99,38374,10549,34423,
270,99,99,99,99,99,99,99,99,99,99,99,99,58824,99,43203,99,99,99,26248,99,
271,99,99,99,99,99,99,99,99,99,99,53975,28940,99,99,42286,99,99,99,46851,54317,
272,99,99,99,99,99,99,99,99,99,99,49802,48785,15717,99,99,99,13858,33540,55048,99,
273,99,99,99,99,99,99,99,99,99,99,54965,43083,99,57111,56746,60497,51487,52797,26572,99,
274,99,99,99,99,5971,99,99,99,99,99,99,49436,99,99,99,99,49450,99,99,99,
275,99,99,99,99,99,99,99,99,99,99,10676,99,41817,99,49785,44212,99,99,28071,57776,
276,99,99,99,99,99,99,99,99,99,99,24080,99,99,99,54273,99,34725,99,55358,10299,
277,99,99,99,99,99,99,99,25068,99,99,99,57504,99,99,10389,99,56611,99,99,99,
278,99,99,99,99,99,99,99,99,99,99,24877,99,99,99,99,99,99,99,99,99,
279,99,99,99,99,99,99,99,99,99,99,99,99,99,99,99,99,58689,36479,99,99,
280,99,99,99,99,99,99,99,99,99,99,23255,50532,99,99,16059,99,99,99,99,99,
281,99,99,99,5309,99,99,99,99,99,99,52789,40206,28531,57406,15221,99,16157,99,99,57378,
282,99,99,99,99,99,99,99,99,99,99,40159,99,35747,99,36900,10810,99,40777,99,99,
283,99,99,99,99,99,99,99,99,99,99,44273,55064,17232,29503,23401,21975,39965,43761,99,57403,
284,99,99,99,99,99,99,99,99,99,99,99,51785,49347,41098,99,99,99,60861,53469,99,
285,99,99,99,99,99,99,99,99,99,99,12394,38939,16251,99,12508,99,60440,99,99,99,
286,99,99,99,99,99,99,99,99,99,99,31861,28624,99,99,44877,99,44602,26008,17668,59256,
287,99,99,99,99,99,99,99,99,99,99,47385,2505,99,27734,99,10650,35325,36463,99,50294,
288,99,99,99,99,99,99,99,99,99,99,99,46373,99,55897,99,99,99,99,99,53525,
289,99,99,99,99,99,99,99,99,99,99,37109,99,99,99,14238,99,99,50672,99,39419,
290,99,99,99,99,99,99,99,99,99,99,99,99,99,99,99,99,99,99,59160,19403,
291,99,99,99,99,99,99,99,99,99,99,99,11574,26409,99,26891,99,47209,44979,99,99,
292,99,99,99,99,99,99,99,99,99,99,23551,42926,99,99,27348,58106,99,99,99,16114,
293,99,99,99,99,99,99,99,99,99,99,99,33826,99,30616,18451,99,99,99,99,99,
294,99,99,99,99,99,99,99,99,99,99,99,33246,21435,99,99,99,14067,46881,12313,26648,
295,99,99,99,99,99,99,99,99,99,99,39937,99,99,99,27027,11623,99,53868,99,55076,
296,99,99,3206,99,99,99,99,99,99,99,11614,99,99,12191,99,99,99,46169,29489,37495,
297,99,99,99,99,99,99,99,99,99,99,99,60469,20580,99,99,99,99,99,59172,40893,
298,99,99,99,99,99,99,99,99,99,99,99,39327,28345,99,38899,99,99,99,15974,99,
299,99,99,99,99,99,99,99,99,99,99,99,99,99,42647,99,99,14842,99,49402,99,
300,99,99,99,99,99,99,99,99,99,99,16869,99,99,99,35450,48318,39473,99,99,21650,
301,99,99,99,99,99,99,99,99,99,99,11686,99,99,99,30960,99,46456,99,19164,99,
302,99,99,99,99,99,99,99,99,99,99,99,99,20678,99,99,23896,20004,99,99,99,
303,99,99,99,99,99,99,99,99,99,99,46634,99,29302,99,99,11482,29543,34451,99,99,
304,99,99,99,99,99,99,9252,99,99,99,99,10077,99,99,51326,99,41622,30238,40953,99,
305,99,99,99,99,99,99,99,99,99,99,99,29735,37040,99,52786,99,99,99,32543,58790,
306,99,99,99,99,99,99,99,99,99,99,25993,99,44525,51497,28744,14175,17211,99,11003,99,
307,99,99,99,99,99,99,99,99,99,99,48860,38260,99,99,99,24640,54724,52799,42900,18889,
308,99,99,99,99,99,99,99,99,99,99,99,51725,99,99,10193,25764,22272,15285,99,99,
309,99,99,99,99,99,99,99,99,99,99,30854,99,99,99,57090,99,22683,99,99,99,
310,99,99,99,99,99,99,99,99,99,99,60094,99,99,51442,99,99,36513,99,16501,99,
311,99,99,99,99,99,99,99,99,99,99,99,99,23249,99,99,99,99,37409,99,16567,
312,99,99,99,99,99,99,99,99,99,99,33806,42938,99,57758,34326,54378,42764,99,35205,12199,
313,99,99,99,99,99,99,99,99,99,99,99,35779,99,34869,99,99,99,99,15994,17512,
314,99,99,99,99,99,99,99,99,99,99,48212,20682,25426,32999,41026,99,99,53843,51494,51334,
315,99,99,99,99,99,99,99,99,99,99,39981,99,46406,20704,99,99,59740,51396,41324,37602,
316,99,99,99,99,99,99,99,99,99,99,14618,99,99,55747,13003,99,25218,99,11956,24536,
317,99,99,99,99,99,99,99,99,99,99,54004,99,99,29614,99,58299,51689,99,17076,99,
318,99,99,99,99,99,99,99,99,99,99,99,55442,99,99,57757,43160,54040,99,99,10493,
319,99,99,99,99,99,99,99,99,99,99,99,31424,54503,99,99,17929,15521,99,99,57955,
320,99,99,99,99,99,99,99,99,99,99,50585,99,24663,99,25280,99,55757,40286,34262,99,
321,99,99,99,99,99,99,99,99,99,99,30802,18309,19315,99,99,99,99,99,99,26650,
322,99,99,99,99,99,99,99,99,99,99,39709,26259,17861,99,99,32686,99,24344,99,12646,
323,99,99,99,99,99,99,99,99,99,99,22644,99,99,99,99,11481,29601,33941,99,99,
324,99,99,99,99,99,99,99,99,99,99,50337,58424,55004,99,99,32654,99,99,99,27017,
325,99,99,99,16371,99,99,99,99,99,99,55841,38703,30546,40981,99,99,99,20793,99,99,
326,99,99,99,99,99,99,99,99,99,99,99,99,40693,21052,57676,13467,99,99,99,99,
327,99,99,99,99,99,99,99,99,99,99,31712,99,51781,50816,99,99,99,99,47230,12959,
328,99,99,99,99,4992,99,99,99,99,99,99,99,43566,23689,99,25282,41579,99,99,57051,
329,99,99,99,99,99,99,99,99,99,99,28408,99,99,99,20353,99,99,99,20014,29433,
330,99,99,99,99,99,99,99,99,99,99,99,99,25335,99,99,36811,43690,99,99,58078,
331,99,99,99,99,99,99,99,99,99,99,43938,99,99,99,99,99,99,99,17841,99,
332,99,99,99,99,99,99,99,99,99,99,22889,99,99,37785,25778,46354,54199,47894,48869,99,
333,99,99,99,99,99,99,99,99,99,99,52998,99,99,99,99,99,50806,99,99,37277,
334,99,99,99,99,99,99,99,99,99,99,48652,99,12175,48572,26502,99,99,40576,99,59483,
335,99,99,99,99,99,99,99,99,99,99,99,20699,48820,99,99,58058,53498,55653,99,23005,
336,99,99,99,99,99,99,99,99,12999,99,55220,99,99,40536,13624,99,99,99,99,51987,
337,99,99,99,99,99,99,99,99,99,99,99,99,99,99,99,59428,99,99,20010,99,
338,99,99,99,99,99,99,99,99,99,99,99,99,47990,99,59862,19995,99,99,48065,57217,
339,99,99,99,99,99,99,99,99,99,99,99,99,99,41596,46705,58528,1884,13517,99,99,
340,99,99,99,99,99,99,99,99,99,99,45697,99,31601,99,60179,99,16857,24237,35671,99,
341,99,99,99,99,99,99,99,99,99,99,50530,45432,56479,59913,99,99,20318,2437,99,99,
342,99,99,99,99,99,99,99,99,99,99,55170,18478,99,99,99,99,52110,99,45822,99,
343,99,99,99,99,99,99,99,99,99,99,99,14477,31469,99,99,52524,99,99,28691,20655,
344,99,99,99,99,99,99,99,99,99,99,99,99,28151,20754,38628,99,99,99,15747,99,
345,99,99,99,99,99,99,99,99,99,99,99,99,25955,49247,99,99,11301,99,24738,24815,
346,99,99,99,99,99,99,99,99,99,99,99,59323,99,99,28850,99,99,58147,40012,99,
347,99,99,99,99,99,99,99,99,99,99,99,99,99,99,34257,99,99,26691,28712,99,
348,99,99,99,99,99,99,99,99,99,99,99,33873,28862,17770,36526,99,23362,59011,36886,11343,
349,99,99,99,99,99,99,99,99,99,99,99,58380,22940,99,99,59539,99,48203,18012,99,
350,99,99,99,15986,99,99,99,99,99,99,49074,35503,99,99,99,14562,99,99,99,99,
351,99,99,99,99,99,99,99,99,99,99,31164,42042,49331,99,99,11020,99,99,99,16791,
352,99,99,99,99,99,99,99,99,99,99,99,99,99,99,55068,99,59578,99,21794,12426,
353,99,99,99,99,99,99,99,99,99,99,34195,99,99,15078,28153,40852,99,99,99,51575,
354,99,99,99,99,99,99,99,99,99,99,99,44646,99,99,10504,34574,99,50867,99,99,
355,99,99,99,99,99,99,99,99,99,99,19205,99,42053,99,26241,48384,54642,99,46658,51765,
356,99,99,99,99,99,99,99,99,99,99,99,99,29558,99,99,53446,99,11968,33293,99,
357,99,99,99,99,99,99,99,99,99,99,99,21601,51839,99,40057,49672,10552,14906,99,27209,
358,99,99,99,99,99,99,99,99,99,99,99,22624,99,57139,99,99,99,99,99,13870,
359,99,99,99,99,99,99,99,99,99,99,99,13197,33473,99,24947,99,19203,99,38040,11661,
360,99,99,99,99,99,99,99,99,99,99,99,17244,30690,99,99,33874,99,29287,15022,27299,
361,99,99,99,99,99,99,99,99,99,99,20867,54612,99,99,50546,16635,99,99,46819,56384,
362,99,99,99,99,99,99,99,99,99,99,99,43606,35058,40038,50633,99,99,36438,99,62584,
363,99,99,99,99,99,99,99,99,99,99,52150,31522,34003,42238,99,99,99,99,99,99,
364,99,99,99,99,99,99,99,99,99,99,15750,49305,53119,99,99,58233,99,54219,45878,51244,
365,99,99,99,99,99,99,99,99,99,99,38072,19951,99,26477,15264,99,33624,99,99,99,
366,99,99,99,99,99,99,99,99,99,99,39350,46339,99,27207,99,99,99,99,40368,99,
367,99,99,99,99,99,99,99,99,99,99,99,99,99,24914,27307,54556,99,27851,99,42045,
368,99,99,99,99,99,99,99,99,99,99,29949,99,39237,99,57920,50964,99,56188,99,99,
369,99,99,99,99,99,99,99,1730,99,99,99,53636,52670,99,99,58281,18560,99,31940,99,
370,99,99,99,99,99,99,99,99,99,99,42245,99,99,99,99,58956,59743,99,99,99,
371,99,99,99,99,99,99,99,99,99,99,52579,22476,99,99,56510,32091,99,99,99,18966,
372,99,99,99,99,99,99,99,99,99,99,99,48657,61738,99,26789,99,33976,99,54660,99,
373,99,99,99,11590,99,99,99,99,99,99,12522,18421,99,38754,99,99,99,99,23752,99,
374,99,99,99,99,99,99,99,99,99,99,99,99,99,99,34872,99,99,99,22965,99,
375,99,99,99,99,99,99,99,99,6659,99,33654,48372,99,99,14076,52528,45902,32937,21732,35006,
376,99,99,99,99,99,99,99,99,99,99,57268,99,53754,55076,99,10835,99,99,99,52680,
377,99,99,99,99,99,99,99,99,99,99,99,16469,26776,99,99,26963,99,99,99,99,
378,99,99,99,99,99,99,99,99,99,99,99,47278,99,99,38054,99,99,99,18876,99,
379,99,99,99,99,99,99,99,99,99,99,99,99,57599,44239,99,99,42894,32632,23280,99,
380,99,99,99,99,99,99,99,99,99,99,23082,19843,48629,60064,56666,99,50909,99,99,99,
381,99,99,99,99,99,99,99,99,99,99,39622,32337,55330,16366,99,99,36299,48896,15120,54270,
382,99,99,99,99,99,99,99,99,99,99,99,99,99,18276,99,99,99,40034,99,99,
383,99,99,99,99,99,99,99,99,99,99,45250,99,99,47446,37542,99,41882,99,47486,50413,
384,99,99,99,99,99,99,99,99,99,99,29615,36150,99,99,99,24214,99,24272,99,99,
385,99,99,99,99,99,99,99,99,99,99,38507,41005,99,52494,26166,99,99,99,99,99,
386,99,99,99,99,99,99,99,99,99,99,99,99,19672,99,99,45661,15292,47414,99,14454,
387,99,99,99,99,99,99,99,99,99,99,15569,41574,38038,99,12139,43234,99,99,47377,99,
388,99,99,99,99,99,99,99,99,99,99,51410,19231,99,29432,56702,99,99,29258,99,41211,
389,99,99,99,99,99,99,99,99,99,99,99,99,56653,44623,53063,14471,99,99,99,99,
390,99,99,99,99,99,99,99,99,99,99,53754,17218,48330,99,30681,58819,11283,23841,26601,54459,
391,99,99,99,99,99,99,99,99,99,99,99,99,48754,99,99,99,23660,99,15319,99,
392,99,99,99,99,99,99,99,99,99,99,43806,46013,99,99,43798,99,52691,50664,46736,99,
393,99,99,99,99,99,99,99,10483,99,99,99,99,99,99,16820,99,99,99,40677,99,
394,99,99,99,99,99,99,99,99,99,99,99,19400,99,99,38074,99,49104,34952,99,99,
395,99,99,99,99,99,99,99,99,99,99,42809,99,46628,56021,99,99,99,22641,99,99,
396,99,99,99,99,99,99,99,99,99,99,99,99,47922,99,39482,18715,99,99,99,34252,
397,99,99,99,99,99,99,99,99,99,99,99,37676,56547,21004,99,16115,99,99,99,99,
398,99,99,99,99,99,99,99,99,99,99,99,55862,43455,50381,18633,99,99,99,99,46344,
399,99,99,99,99,99,99,99,99,99,99,99,99,99,99,18400,99,99,56460,37105,32584,
400,99,99,99,99,99,99,99,99,99,99,99,99,57995,99,11599,10767,34231,12759,30587,14714,
401,99,99,99,99,99,99,99,99,99,99,10413,99,99,24615,55670,60144,99,58864,55131,99,
402,99,99,99,99,99,99,99,99,99,99,34190,54224,39773,99,99,99,99,59834,43052,27759,
403,99,99,99,99,99,99,99,99,99,99,51487,17025,38264,26901,99,38001,99,42488,99,99,
404,99,99,99,99,99,99,99,99,99,99,54176,99,99,49915,44718,99,99,17613,99,99,
405,99,99,99,99,99,99,99,99,99,99,30256,42870,99,99,99,99,99,41490,99,99,
406,99,99,99,1422,99,99,99,1422,99,99,32321,1202,41575,99,58373,99,59853,99,50675,99,
407,99,99,99,99,99,99,99,99,99,99,13196,99,14573,99,99,99,58022,25730,51697,24660,
408,99,99,99,99,99,99,99,99,99,99,99,57118,99,99,99,99,24785,23900,26606,42080,
409,99,99,99,99,99,99,99,99,99,99,99,52942,18523,99,34276,99,39543,99,50490,99,
410,99,99,99,99,99,99,99,99,99,99,99,99,99,54857,11407,36892,23990,99,31719,46779,
411,99,99,99,99,99,99,99,99,99,99,32575,99,99,99,99,99,42789,58289,99,41119,
412,99,99,99,99,99,99,99,99,99,99,55206,99,99,43397,33444,35323,58642,99,17735,20692,
413,99,99,99,99,99,99,99,99,99,99,56323,29312,36833,39952,99,99,99,99,41586,53330,
414,99,99,99,99,99,14020,99,99,99,99,99,57540,37242,99,47307,24018,50916,43129,99,99,
415,99,99,99,99,99,99,99,99,99,99,99,56489,99,99,99,99,99,15916,59042,99,
416,99,99,99,99,99,99,99,13520,99,99,38034,99,99,99,32377,99,57891,99,99,45382,
417,99,99,99,99,99,99,99,99,99,99,99,99,48717,10459,39250,4366,99,99,99,99,
418,99,99,600,99,99,99,99,99,99,99,99,14143,31181,99,99,30429,99,99,99,99,
419,99,99,99,99,99,99,99,99,99,99,99,38765,99,99,19493,12387,99,46469,99,99,
420,99,99,99,99,99,99,99,99,99,99,99,24843,99,37047,99,55824,99,49809,99,55962,
421,99,99,99,99,99,99,99,99,99,99,99,99,99,54716,99,41010,12756,25853,99,99,
422,99,99,99,99,99,8799,99,99,99,99,99,30965,58327,45243,33319,52603,34040,99,53118,54087,
423,99,99,99,99,99,99,99,99,99,99,59657,12324,59131,99,22733,99,99,99,99,21152,
424,99,99,99,99,99,99,99,99,99,99,13159,99,99,99,99,2437,99,99,99,12588,
425,99,99,99,99,99,99,99,99,99,99,99,50632,99,41992,99,55849,99,99,56574,21284,
426,99,99,12364,99,99,99,99,99,99,99,59555,12932,99,1294,29180,43101,31246,99,99,22215,
427,99,99,99,99,99,99,99,99,99,99,50913,99,26836,46497,31870,99,18118,99,53605,99,
428,99,99,99,99,99,99,99,99,99,99,99,56202,99,57310,99,99,99,99,99,99,
429,99,99,99,99,99,99,99,99,99,99,27087,99,14838,99,47109,48126,99,99,42229,46125,
430,99,99,99,99,99,99,99,99,99,99,54490,99,59372,10525,99,50706,99,11186,99,99,
431,99,99,99,99,99,99,99,99,99,99,99,18229,51456,99,19449,99,21130,59065,99,99,
432,99,99,99,99,99,99,99,99,99,99,99,58246,46644,99,99,20810,99,99,99,24357,
433,99,99,99,99,99,99,99,99,99,99,31612,99,21686,99,50733,52349,99,43535,99,45166,
434,99,99,99,99,99,99,99,99,99,99,99,99,99,99,55381,99,99,99,99,31538,
435,99,99,99,99,99,99,99,99,99,99,56401,59251,99,25830,99,99,99,99,99,99,
436,99,99,99,99,99,99,99,99,99,99,99,23580,99,99,55014,26421,99,34139,99,99,
437,99,99,99,99,99,99,99,99,99,99,42263,99,20804,59199,99,99,99,99,44771,99,
438,99,99,99,99,99,99,99,99,99,99,40258,99,99,99,99,99,60670,99,99,99,
439,99,99,99,99,10598,99,99,99,99,99,99,99,54580,99,99,1128,99,37126,60743,11165,
440,99,99,99,99,99,99,99,99,99,99,23111,99,32372,99,99,11618,99,13871,99,99,
441,99,99,99,99,99,99,99,99,99,99,49297,31412,10533,99,21913,38142,99,99,99,34166,
442,99,99,99,99,99,99,99,99,99,99,35972,99,99,99,99,99,99,30276,50663,51617,
443,99,99,99,99,99,99,99,99,99,99,99,12010,99,34232,58496,26429,99,48629,99,46064,
444,99,99,99,99,99,99,99,99,99,99,13755,55168,99,99,99,99,31820,99,16789,99,
445,99,99,99,99,99,99,99,99,99,99,42458,18834,43109,12899,99,25976,13830,46173,15364,59208,
446,99,99,99,99,99,99,99,99,99,99,99,34746,99,45198,99,37327,99,13730,99,11672,
447,99,99,99,99,10007,99,99,19716,7252,99,58228,11468,59553,27577,24050,99,52276,99,47715,30926,
448,99,99,99,99,99,99,99,99,99,99,57767,43876,99,99,99,99,25724,99,99,99,
449,99,99,99,99,99,99,99,99,99,99,99,22699,52363,33053,48743,56610,25570,99,99,99,
450,99,99,99,99,99,99,99,99,99,99,45686,99,44914,99,10736,99,25819,23978,99,54482,
451,99,99,99,99,99,99,99,99,99,99,99,99,99,99,44133,99,99,57281,99,23083,
452,99,99,99,99,99,99,99,99,99,99,99,99,28342,99,26247,56986,99,17715,54462,27905,
453,99,99,99,99,99,99,99,99,99,99,99,53738,26246,56724,35977,30240,99,99,16190,52828,
454,99,99,99,99,99,99,99,99,99,99,18102,99,30214,99,34731,19840,23562,99,28221,99,
455,99,99,99,99,99,99,99,99,99,99,99,99,21795,99,99,45689,99,99,99,17954,
456,99,99,99,99,99,99,99,99,99,99,99,99,99,99,99,99,99,99,10598,99,
457,99,99,99,99,99,99,99,99,99,99,42273,29212,99,12442,99,99,58338,99,99,53920,
458,99,99,99,99,99,99,99,99,99,99,99,53735,51486,99,43265,99,99,20024,55931,99,
459,99,99,99,99,99,99,99,99,99,99,99,17306,99,28287,99,24173,99,47281,99,28792,
460,99,99,99,99,99,99,99,99,99,99,57486,48198,99,99,99,36624,18208,3728,53727,99,
461,99,99,99,99,99,99,99,99,99,99,56307,48659,12095,99,47969,28520,59740,99,12630,99,
462,99,99,99,99,99,99,99,99,99,99,42897,39720,99,55970,27705,17867,18651,99,37529,52683,
463,99,99,99,7986,5110,99,99,99,99,99,30938,55861,55461,41610,99,10317,43856,47350,99,99,
464,99,99,99,99,99,99,99,99,99,99,99,15239,28055,40895,99,99,99,44560,99,99,
465,99,99,99,99,99,99,99,99,99,99,99,57609,99,99,2382,45314,99,99,17149,99,
466,99,99,99,99,99,99,99,99,99,99,50572,31673,99,99,99,30623,51224,37557,99,36634,
467,99,99,99,99,99,99,99,99,99,99,99,33623,99,99,16907,99,53149,57650,99,44312,
468,99,99,99,99,99,15186,99,99,99,99,37337,99,99,99,99,99,99,99,99,53563,
469,99,99,99,99,99,99,99,99,99,99,28320,99,99,99,99,11110,19021,99,99,99,
470,99,99,99,99,99,99,99,99,99,99,99,54340,26182,99,99,99,54800,22373,19022,31726,
471,99,99,99,99,99,99,99,99,99,99,99,60427,99,52785,54728,27143,99,99,99,54674,
472,99,99,99,99,99,99,99,99,99,99,99,99,99,99,10273,99,99,26159,61183,38361,
473,99,99,99,99,99,99,99,99,99,99,99,99,51901,99,99,99,34446,38821,99,99,
474,99,99,99,99,99,99,99,99,99,99,3112,32046,44303,99,12487,57508,28996,99,99,99,
475,99,99,99,99,99,99,99,99,99,99,34578,50617,99,33312,99,21576,99,11258,99,99,
476,99,99,99,99,99,99,99,99,99,99,55038,99,25488,13826,99,40193,40387,99,52419,25982,
477,99,99,99,99,99,99,99,99,99,99,4691,99,55117,99,52146,99,1555,13595,99,99,
478,99,99,99,99,99,99,99,99,99,99,24292,11443,16754,43979,99,99,54236,30963,99,24500,
479,99,99,99,99,99,99,16475,16475,99,99,99,99,21636,99,13074,14420,99,15162,18743,99,
480,99,99,99,99,99,99,99,99,99,99,51094,47016,34830,99,52166,99,54660,52022,99,38520,
481,99,99,99,99,99,99,99,99,99,99,99,56325,27383,99,23061,23185,56224,13174,99,20633,
482,99,99,99,99,99,99,99,99,99,99,21262,31244,42805,24522,44784,99,99,99,99,31022,
483,99,99,99,99,99,99,99,99,99,99,29594,23301,99,31783,99,99,99,99,38068,11851,
484,99,99,99,99,99,99,99,99,99,99,99,58180,99,99,99,49449,51024,20758,31400,99,
485,99,99,99,99,99,99,99,99,99,99,47567,14073,34616,99,23093,13676,20552,99,19045,12793,
486,99,99,99,99,99,99,99,99,99,99,42689,99,56255,99,99,39921,99,54684,99,99,
487,99,99,99,99,99,99,99,99,99,99,99,99,51255,99,45295,99,33350,20628,99,99,
488,99,99,99,99,99,99,99,99,99,99,40748,46741,22672,44641,10689,99,26821,99,32473,30058,
489,99,99,99,99,99,99,99,99,99,99,45984,99,99,12760,60238,99,99,99,99,24586,
490,99,99,99,99,99,99,99,99,99,99,42687,99,99,50371,59090,99,41005,99,31779,58375,
491,99,99,99,99,99,99,99,99,99,99,99,43959,33298,42898,46684,99,99,37027,99,29633,
492,99,99,99,99,99,99,99,99,99,99,99,99,99,36898,99,99,19811,22501,99,59542,
493,99,99,99,99,99,99,99,99,99,99,99,12571,99,99,99,17093,56729,99,27256,99,
494,99,99,99,99,99,99,99,99,99,99,99,99,99,99,99,51528,99,99,42781,99,
495,99,99,99,99,99,99,99,99,99,99,99,99,99,50760,99,99,56234,48423,33206,49544,
496,99,99,99,99,99,99,15983,99,11789,99,99,35568,99,18527,99,20575,99,40417,10427,44575,
497,99,99,99,99,99,99,99,99,99,99,16446,36432,99,99,21775,99,99,99,99,99,
498,99,99,99,99,99,99,99,99,99,99,59648,20540,37740,99,99,99,99,61746,15708,99,
499,99,99,99,99,99,99,99,99,99,99,32878,99,45474,53477,99,56545,99,53970,43543,18358,
500,99,99,99,99,99,99,99,99,99,99,99,99,46130,99,99,99,55874,50727,99,99,
501,99,99,99,99,99,99,99,99,99,99,99,17391,25900,99,99,39755,14691,99,17351,57627,
502,99,99,99,99,99,99,99,99,99,99,99,99,99,99,21258,99,11925,99,36516,22371,
503,99,99,99,99,99,99,99,99,99,99,99,99,31522,55396,38017,46666,48273,11955,13652,31521,
504,99,99,99,99,99,99,99,99,99,99,13171,99,51464,99,32845,99,99,18290,99,99,
505,99,99,99,99,99,99,99,99,99,99,46480,99,99,28891,21161,99,16419,99,99,11279,
506,99,99,99,99,99,99,99,99,99,99,44615,99,99,99,13977,99,39847,99,99,99,
507,99,99,99,99,99,99,99,99,99,99,99,58344,99,99,99,99,54021,20535,99,99,
508,99,99,99,99,99,10249,99,99,99,10249,99,20187,49115,54771,6187,53410,15899,99,46804,99,
509,99,99,99,99,99,99,99,99,99,99,99,99,43640,99,15061,99,52158,57444,39945,99,
510,99,99,99,99,99,99,22683,99,99,99,99,99,99,40106,35286,27762,99,21476,13533,99,
511,99,99,99,99,99,99,99,99,99,99,99,55700,99,99,99,51808,99,99,99,99,
512,99,99,99,99,99,99,99,99,99,99,99,18666,99,99,49322,10822,99,55994,99,51495,
513,99,99,99,99,99,99,99,99,99,99,56666,59611,52787,99,99,41514,23867,99,53473,57020,
514,99,99,99,99,99,99,99,99,21230,99,99,99,1730,45461,99,99,58972,56289,48033,48588,
515,99,99,99,99,99,99,99,99,99,99,15844,99,3202,30236,16471,99,99,99,23628,99,
516,99,99,99,99,99,99,99,99,99,99,99,99,36042,99,99,32138,23775,99,99,99,
517,99,99,99,99,99,99,99,99,99,99,29830,99,99,99,99,44698,99,99,99,99,
518,99,99,99,99,99,99,99,99,99,99,50459,11790,99,27729,50273,99,10116,99,99,32826,
519,99,99,99,99,99,99,99,99,99,99,99,99,99,44554,54572,99,99,99,18470,52962,
520,99,99,99,99,99,99,99,99,99,99,99,99,44301,18147,40778,34872,59088,34708,33948,49793,
521,99,99,99,99,99,99,99,99,99,99,99,28930,99,53778,50161,99,99,38999,99,28091,
522,99,99,99,99,99,99,99,99,99,99,99,99,99,99,44913,99,33120,19157,52063,99,
523,99,99,99,99,99,99,99,99,99,99,99,99,50483,99,99,25058,99,14680,99,51213,
524,99,99,99,99,99,99,99,99,99,99,10952,99,99,99,99,99,45164,52689,99,23600,
525,99,99,99,99,99,99,99,99,99,99,99,99,99,99,41091,99,99,23413,99,49350,
526,99,99,99,99,99,99,99,99,99,99,29246,99,40730,26078,46721,39122,99,38099,99,99,
527,99,99,99,99,99,99,99,99,99,99,54704,99,99,99,99,33322,99,51816,99,13774,
528,99,99,99,99,99,99,99,99,99,99,37538,99,99,35587,48163,99,42442,20210,99,50228,
529,99,99,99,99,99,99,99,99,99,99,51574,52440,43541,99,49628,99,99,21911,99,31236,
530,99,99,99,99,99,99,99,99,99,99,48127,99,41923,99,99,99,99,55296,50984,48352,
531,99,99,99,99,99,99,99,99,13323,99,99,99,15931,47242,99,99,31041,35003,56465,99,
532,99,99,99,99,99,99,99,99,99,99,59229,54086,99,99,99,51236,50940,99,99,27098,
533,99,99,99,99,99,99,99,99,99,99,99,99,18072,35002,59206,99,99,99,99,99,
534,99,99,99,99,99,99,99,99,99,99,99,51273,38214,18630,99,56008,99,17036,32846,99,
535,99,99,99,99,99,99,99,99,99,99,44100,49010,99,53816,37052,99,99,15070,99,46513,
536,99,99,99,99,99,99,99,99,99,99,99,11055,99,99,99,14742,99,99,99,14453,
537,99,99,99,99,99,99,99,99,99,99,56301,99,99,99,32867,99,57397,99,99,37169,
538,99,99,99,99,99,99,99,99,99,99,47754,59388,22195,57587,99,38209,99,99,55628,99,
539,99,99,99,99,99,99,99,99,99,99,14527,42605,39277,99,99,99,99,49931,50656,99,
540,99,99,99,99,99,99,99,99,99,99,27247,99,99,99,60152,99,57553,99,99,99,
541,99,99,99,99,499,99,99,99,99,99,15405,24578,11786,53742,13541,29252,970,35839,60515,49020,
542,99,99,99,99,99,99,99,99,99,99,14447,99,99,44584,20549,99,99,99,56464,24026,
543,99,99,99,99,99,99,99,99,99,99,38822,99,16486,24595,23016,54302,49462,38215,99,99,
544,99,99,99,99,99,99,15544,99,99,99,42935,14819,99,99,55126,99,53528,99,99,99,
545,99,99,99,99,99,99,99,99,99,99,20833,99,99,99,99,99,99,42869,10840,99,
546,99,99,99,99,99,99,99,99,99,99,45371,56888,99,99,22715,59350,53763,14463,32794,12205,
547,99,99,99,99,99,99,99,99,99,99,99,15854,99,22151,99,24716,50231,48844,99,99,
548,99,99,99,99,99,99,99,99,99,99,99,55226,99,99,99,33984,99,33948,99,99,
549,99,99,99,99,99,99,99,99,99,99,57998,53198,51125,46011,34471,31441,13963,21929,99,99,
550,99,99,99,99,99,99,99,99,99,99,99,26698,42850,99,48440,99,57528,39533,99,24585,
551,99,99,99,99,99,99,99,99,99,99,52467,43797,15742,29889,17117,27159,99,99,47363,18019,
552,99,99,99,99,99,99,99,99,99,99,29430,15124,59839,99,99,99,99,12369,12003,99,
553,99,99,99,99,99,99,99,99,99,99,99,58748,36808,12582,19002,99,99,99,99,99,
554,99,99,99,99,99,99,99,99,99,99,48674,99,35880,99,99,99,34751,47644,99,55854,
555,99,99,99,99,99,99,99,99,99,99,99,99,15423,99,99,55529,99,99,26655,23603,
556,99,99,99,99,99,99,99,99,99,99,99,41046,29576,99,99,24031,99,99,25908,99,
557,99,99,99,99,99,99,99,99,99,99,99,20571,36117,99,21954,35614,99,36583,99,55892,
558,99,99,99,99,99,99,99,99,99,99,15284,99,32138,18062,99,99,19370,69699,99,36302,
559,99,99,99,99,99,99,99,99,99,99,52666,43067,99,10921,59185,49975,59068,99,99,36256,
560,99,99,99,99,99,99,99,99,99,99,45947,48147,99,42560,99,17401,16933,99,48555,45377,
561,99,99,99,99,99,99,99,99,99,99,99,46853,99,99,99,99,43463,35123,99,99,
562,99,99,99,99,99,99,99,99,99,11924,99,25662,99,99,51825,21395,26379,34465,23427,99,
563,99,99,99,99,99,99,99,99,99,99,17959,53776,35468,17166,36844,99,99,29119,99,99,
564,99,99,99,99,99,99,99,99,99,99,27928,99,47641,99,99,21919,22453,99,99,99,
565,99,99,99,99,99,99,99,99,99,99,13893,55847,99,99,53975,34205,15032,99,99,15675,
566,99,99,99,99,99,99,99,99,99,99,34415,99,44149,99,56268,99,33435,26301,45159,99,
567,99,99,99,99,99,99,99,99,99,99,99,37439,38947,50216,10739,17720,99,99,36064,54604,
568,99,99,99,99,99,99,99,99,99,99,29816,99,31811,32751,99,99,54120,99,58576,99,
569,99,99,99,99,99,99,99,99,99,99,30103,99,40716,99,34164,99,59833,99,7724,33574,
570,99,99,99,99,99,99,99,99,99,99,99,43805,49598,99,27801,99,99,50003,24800,56390,
571,99,99,99,99,99,99,99,99,99,99,55579,60694,36406,12266,40284,21866,99,99,29947,13582,
572,99,99,99,99,99,99,99,99,99,99,99,49154,99,22103,37261,39784,10225,99,99,99,
573,99,99,99,99,99,99,4189,99,99,99,99,23283,60174,50292,99,25274,99,14790,99,16287,
574,99,99,99,99,99,99,99,99,99,99,44626,99,99,58118,31470,99,37544,99,99,99,
575,99,99,99,99,99,99,99,99,99,99,99,99,53483,2137,55025,42569,99,24416,99,99,
576,99,99,99,99,99,99,99,99,99,99,99,23429,22454,99,99,99,99,45465,34769,55400,
577,99,99,99,99,99,19008,99,99,99,99,99,53869,99,99,99,31220,99,99,35721,99,
578,99,99,99,99,99,99,99,99,99,99,14359,99,44353,48280,99,99,99,99,54527,46175,
579,99,99,99,99,99,99,99,99,99,99,99,99,99,10391,55729,99,99,99,99,99,
580,99,99,99,99,99,99,99,99,99,99,50619,59199,99,99,99,99,99,38495,37735,49106,
581,99,99,99,99,99,99,99,99,99,99,11460,19213,17357,99,99,54481,99,26228,99,13864,
582,99,99,99,99,99,99,99,99,99,99,57643,32521,36300,99,13972,24604,99,17453,99,99,
583,99,99,99,99,99,99,99,99,99,99,99,99,99,17871,99,47746,42393,99,99,37702,
584,99,99,99,99,99,99,99,99,99,99,99,99,99,99,99,99,53471,37605,99,39288,
585,99,99,99,99,99,99,99,99,99,99,14468,59000,54843,43902,13712,99,99,43747,57215,99,
586,99,99,99,99,99,99,99,99,99,19813,99,18997,50689,99,99,24534,99,43506,54196,22676,
587,99,99,99,99,99,99,99,99,99,99,99,60445,99,99,43249,99,99,21447,99,99,
588,99,99,99,99,99,99,99,99,99,99,99,29919,47599,22736,37192,40537,99,99,26365,41749,
589,99,99,99,99,99,99,99,99,99,99,39869,38400,13974,50316,28941,54759,48463,31700,55076,45153,
590,99,99,99,99,99,99,99,99,99,99,99,15970,3206,99,16788,58849,99,28293,52114,99,
591,99,99,99,99,99,99,99,99,99,99,99,12146,99,99,99,47379,99,99,99,99,
592,99,99,99,99,99,99,99,99,99,99,99,99,99,26055,99,60441,99,12614,52338,99,
593,99,99,99,99,99,99,99,99,99,99,99,99,53059,42029,99,44093,99,13488,51589,14816,
594,99,99,99,99,99,99,99,99,99,99,99,99,13261,99,59025,99,99,35962,99,23731,
595,99,99,99,99,99,99,99,99,99,99,19363,48661,99,41630,99,99,99,99,99,99,
596,99,99,99,99,99,99,99,99,99,99,99,45809,99,24888,99,58109,12736,99,41413,59946,
597,99,99,99,99,99,99,99,99,99,99,37921,99,99,49232,99,35886,99,99,99,24881,
598,99,99,99,99,99,99,99,99,99,99,41311,99,99,99,99,53283,99,32097,99,35918,
599,99,99,99,99,99,99,99,99,99,99,99,50332,99,50498,99,35320,55935,45570,99,38264,
600,99,99,99,99,99,99,99,99,99,99,49975,99,44217,32890,99,99,99,29324,99,99,
601,99,99,99,99,99,99,99,99,99,99,47654,46594,99,99,48910,99,99,99,99,99,
602,99,99,16000,99,99,99,99,99,3979,99,52562,27914,99,99,53669,99,39248,99,47346,21627,
603,99,99,99,99,99,15941,99,99,99,99,10797,18146,29280,26588,99,53194,99,11592,99,99,
604,99,99,99,99,99,99,99,99,99,99,99,99,33880,99,99,99,99,99,27627,99,
605,99,99,99,99,99,99,99,99,99,99,99,99,54749,99,99,52063,60283,99,18196,99,
606,99,99,99,99,99,99,99,99,99,99,99,99,99,99,99,58882,99,54557,99,51479,
607,99,99,99,99,99,99,99,99,99,99,99,52032,15162,99,99,59332,48165,99,52948,99,
608,99,99,99,99,99,99,99,99,99,99,38439,23388,39420,53679,99,99,34982,24284,34715,12545,
609,99,99,99,99,99,99,99,99,99,99,42265,99,15985,14393,17124,99,99,42511,99,29827,
610,99,99,99,99,99,99,99,99,99,99,99,99,22570,99,99,49333,51763,99,99,99,
611,99,99,99,99,99,99,99,99,99,99,99,57753,99,11326,27331,32530,59263,22014,25207,99,
612,99,99,99,99,99,99,99,99,99,99,99,99,44291,99,44255,27451,29159,99,13493,47298,
613,99,99,99,99,99,99,99,99,99,99,24323,99,54035,99,99,99,56719,99,36970,20332,
614,99,99,99,99,99,99,99,99,99,99,99,99,99,99,99,51324,99,59403,99,58583,
615,99,99,99,99,99,99,99,99,99,99,23889,33428,99,21840,99,99,99,36382,99,60084,
616,99,99,99,99,99,99,99,99,99,99,49690,35199,99,2453,99,16096,36992,99,99,20084,
617,99,99,99,99,99,99,99,99,99,99,99,99,99,99,99,32390,99,53017,21525,99,
618,99,99,99,99,99,99,99,99,99,99,14019,26077,34912,99,57006,38221,99,50565,99,99,
619,99,99,99,99,99,99,99,99,99,99,99,58132,99,99,99,54846,56712,11031,46516,99,
620,99,99,99,99,99,99,99,99,99,99,42718,99,99,21282,26420,43237,17441,99,99,99,
621,99,99,99,99,99,99,99,99,99,99,99,27225,33847,99,58937,99,99,99,99,59736,
622,99,99,99,99,99,99,99,99,99,99,25718,57460,99,45494,22096,39996,99,15938,19086,23727,
623,99,99,99,99,99,99,99,99,99,99,99,59984,99,99,30634,35437,25545,29334,99,99,
624,99,99,99,99,99,99,99,99,99,99,99,10215,99,54324,53765,22601,43714,29173,99,56196,
625,99,99,99,99,99,99,99,99,22214,99,28877,32033,99,99,4698,99,99,1619,45840,35068,
626,99,99,99,99,99,99,99,99,99,99,48479,99,99,99,30726,99,19028,17700,24188,44324,
627,99,99,99,99,99,99,99,99,99,99,99,99,99,99,99,47652,99,99,50739,21953,
628,99,99,99,99,99,99,99,99,99,99,99,50117,99,99,47859,99,60134,99,99,99,
629,99,99,99,99,99,99,99,99,99,3020,28354,18310,99,55575,99,99,32039,99,99,14556,
630,99,99,99,99,99,99,99,99,99,99,99,99,14316,27440,49306,99,99,20531,50347,53429,
631,99,99,99,99,99,99,99,99,99,99,24873,99,99,19293,99,36833,48006,49075,99,99,
632,99,99,99,99,99,99,99,99,99,99,38446,39674,99,6936,99,99,18820,12203,99,99,
633,99,99,99,99,99,99,99,99,99,99,99,99,99,38700,10816,25564,99,99,51506,99,
634,99,99,99,99,99,99,99,99,99,99,99,99,31844,99,18487,32001,37013,99,99,99,
635,99,99,99,99,99,99,99,99,99,99,99,57829,53539,20197,50556,99,50640,25048,99,55553,
636,99,99,18590,99,99,99,99,99,99,18590,39379,99,19607,99,36519,99,56933,37341,99,58959,
637,99,99,99,99,99,99,99,99,99,99,21887,37423,99,99,49999,51342,48214,99,59731,31570,
638,99,99,99,99,21474,99,99,99,99,21474,99,29859,25841,99,22462,25503,99,99,52792,26161,
639,99,99,99,99,99,99,99,99,99,99,24665,99,99,33530,59455,30845,13082,52937,99,99,
640,99,99,99,99,99,99,99,99,99,99,99,52580,99,99,36937,34876,47891,99,55284,60560,
641,99,99,99,99,99,99,99,99,99,99,20867,34594,24250,11964,32362,26109,42902,99,99,99,
642,99,99,99,99,99,99,99,99,99,99,99,53066,99,99,11055,99,99,49511,99,17856,
643,99,99,99,99,99,99,99,99,99,99,38477,59746,99,99,99,10486,22682,50041,17199,99,
644,99,99,99,99,99,99,99,99,99,99,99,99,99,13700,99,56636,44564,52587,99,11289,
645,99,99,99,6302,99,99,99,99,99,99,99,99,39847,26036,51554,12395,99,99,43656,16166,
646,99,99,99,99,99,99,99,99,99,99,99,99,25400,57694,99,99,54631,99,27537,46501,
647,99,99,99,99,99,99,99,99,99,99,99,99,27303,99,99,99,99,19947,42869,99,
648,99,99,99,99,8937,99,99,8388,99,99,48539,99,52630,53464,99,55769,39464,99,99,99,
649,99,99,99,99,99,99,99,99,99,99,36356,32256,12173,58872,99,51218,99,29029,46454,10260,
650,99,99,99,99,99,99,99,99,99,99,40035,51011,99,53881,38254,33208,99,99,99,58513,
651,99,99,99,99,99,99,99,99,99,99,53345,18572,99,99,57665,99,99,30705,99,24778,
652,99,99,99,99,99,99,99,99,99,99,99,31294,99,99,99,99,99,12580,99,99,
653,99,99,99,99,99,99,99,99,99,99,99,99,41765,99,41088,43228,99,47348,99,99,
654,99,99,99,99,99,99,99,99,99,99,50328,34734,99,22465,99,99,40665,24493,34712,99,
655,99,99,99,99,99,99,99,99,99,99,41587,99,99,99,99,31794,15494,99,53675,56791,
656,99,99,17617,99,99,99,99,99,99,99,99,59725,99,19925,99,99,99,55095,59848,13426,
657,99,99,99,99,99,99,99,99,19438,99,99,99,99,99,99,21716,99,99,99,41036,
658,99,99,99,99,99,99,99,99,99,99,99,99,47829,99,99,99,54170,17929,99,99,
659,99,99,99,99,99,99,99,99,99,99,47052,37414,59631,51483,99,99,39808,44703,99,99,
660,99,99,99,99,99,99,99,99,99,99,37736,50679,99,20146,23599,53317,36500,99,99,99,
661,99,99,99,99,99,99,99,99,99,99,99,99,43636,99,99,99,46379,99,99,99,
662,99,99,99,99,99,99,99,99,99,99,58965,99,15792,42140,99,48423,10804,52895,33069,99,
663,99,99,99,99,99,99,99,99,99,99,99,36281,99,34849,99,24208,99,16401,99,55622,
664,99,99,99,99,99,99,99,99,99,99,11513,30754,99,99,99,99,99,30525,99,99,
665,99,99,99,99,99,99,99,99,99,14936,99,99,34323,99,99,16296,36870,99,31776,11667,
666,99,99,99,99,99,99,99,99,99,99,99,32612,99,10967,47201,31483,11632,48222,99,12119,
667,99,99,99,99,99,99,99,99,99,99,99,31871,58611,99,31119,43972,22371,99,99,14853,
668,99,99,99,99,99,99,99,99,99,99,99,99,40513,99,99,99,99,13939,99,57605,
669,99,99,99,99,99,99,99,99,99,99,50000,99,99,99,25939,18559,99,99,99,31289,
670,99,99,99,99,99,99,99,99,99,99,99,53043,27112,99,12085,99,21144,99,99,99,
671,99,99,99,99,99,99,99,99,99,99,99,50998,19071,14149,58330,99,99,13331,27761,99,
672,99,99,99,99,99,99,99,99,99,99,45580,99,99,99,17870,99,40158,49484,99,52366,
673,99,99,99,99,99,99,99,99,99,99,99,99,99,99,99,15498,99,52063,12848,99,
674,99,99,99,99,99,99,99,99,99,99,99,37062,34549,99,10155,18863,99,99,99,59664,
675,99,99,99,99,99,99,99,99,99,99,99,12247,99,17446,40617,99,99,39935,12172,99,
676,99,99,99,99,99,99,99,99,99,99,51684,42868,99,53215,58234,99,28916,99,53051,99,
677,99,99,99,99,99,99,99,99,99,99,99,99,54755,99,99,99,99,99,99,36540,
678,99,99,99,99,99,99,99,99,99,99,99,19601,49692,99,37027,54481,42094,42755,99,53794,
679,99,99,99,99,99,99,99,99,99,99,99,24626,39710,18102,37315,54561,99,99,60500,46616,
680,99,99,99,99,99,99,6009,99,99,99,99,99,48911,31398,40320,99,99,99,99,50465,
681,99,99,99,99,99,99,99,99,99,99,17060,99,99,99,46301,99,99,54250,99,15684,
682,99,99,99,99,19016,99,99,99,99,99,60596,51190,99,41416,99,99,54692,27477,99,51253,
683,99,99,99,99,99,99,99,99,99,99,99,21405,38284,57614,38844,99,99,99,22000,99,
684,99,99,99,99,99,99,99,99,99,99,99,99,99,26750,57133,99,25088,58014,99,99,
685,99,99,99,99,99,99,99,99,99,99,21157,34456,99,49215,99,55771,20341,99,99,42551,
686,99,99,99,99,99,99,99,99,99,99,21729,99,99,99,99,21615,50214,37657,99,51265,
687,99,99,99,99,99,99,99,99,99,99,99,99,99,99,99,99,99,45131,99,99,
688,99,99,99,99,99,99,99,99,99,99,99,10832,42374,99,99,56802,17892,99,99,99,
689,99,99,99,99,99,99,99,99,99,99,27427,99,99,39395,47344,59620,99,99,23845,99,
690,99,99,99,9276,99,99,99,99,99,99,33981,40764,99,47236,30178,99,58446,99,99,99,
691,99,99,99,99,99,99,99,99,99,99,28535,2313,99,39786,99,40120,99,99,13589,99,
692,99,99,99,99,18962,99,99,99,99,99,22908,43468,99,48335,23371,53669,59143,57234,56420,99,
693,99,99,99,99,99,99,99,99,99,99,15331,35078,25398,23274,42367,56716,37238,21093,13741,15415,
694,99,99,99,99,99,99,99,99,99,99,99,99,99,99,39762,99,37345,99,333,14574,
695,99,99,99,99,99,99,99,99,99,99,38870,38804,99,26423,99,99,99,47156,99,49875,
696,99,99,99,99,99,99,99,99,99,99,43960,27136,99,48000,46866,99,40608,37585,59776,19195,
697,99,99,99,99,99,99,99,99,99,99,99,99,99,12058,99,53179,99,41539,56792,14138,
698,99,99,99,99,99,99,99,99,99,99,99,99,24428,30003,99,11941,99,15974,99,58652,
699,99,99,99,99,99,99,99,99,99,99,99,99,49210,99,55018,99,24373,42907,99,99,
700,99,99,99,99,99,99,99,99,99,99,99,29384,99,52127,99,99,38245,38708,99,99,
701,99,99,99,99,99,99,99,99,99,99,10322,43558,28035,59169,51686,99,17636,99,99,99,
702,99,99,99,99,99,99,99,99,99,99,99,43822,51814,30984,54713,99,44403,99,20800,99,
703,99,99,99,99,99,99,99,99,99,99,57609,37590,23358,99,35852,28398,99,54285,58010,99,
704,99,99,99,99,99,99,99,99,99,99,99,12941,20776,51452,99,44498,99,99,54136,29143,
705,99,99,99,99,99,99,99,99,99,99,99,99,47950,27689,99,99,39620,99,26549,35570,
706,99,99,99,99,99,99,99,99,99,99,45408,99,29201,49929,99,99,57165,99,43943,99,
707,99,99,99,99,99,99,99,99,99,99,32131,30781,19919,43939,51505,99,99,99,44078,58951,
708,99,99,99,10388,99,99,10388,99,99,99,53984,99,54866,99,99,18741,36048,33019,31512,32101,
709,99,99,99,99,99,99,99,99,99,99,36649,57651,99,99,99,99,22046,44201,60112,43962,
710,99,99,99,99,99,99,99,99,99,99,59524,11376,57713,47178,99,41133,99,26108,99,54352,
711,99,99,99,99,99,99,99,99,99,99,28918,99,99,30785,27603,22349,37242,99,99,38655,
712,99,99,99,99,99,99,99,99,99,99,99,14947,13151,99,99,14431,58729,28358,30691,99,
713,99,99,99,99,99,99,99,99,99,99,99,99,58131,99,16723,13150,99,99,22330,28612,
714,99,99,99,99,99,99,99,99,99,99,57295,39532,99,99,43517,50570,99,1997,16494,12572,
715,99,99,99,99,99,99,99,99,99,99,99,21719,32325,53845,14410,99,50484,37242,99,43135,
716,99,99,99,99,99,99,99,99,99,99,99,46832,35800,99,99,99,99,35033,8167,38379,
717,99,99,99,99,99,99,99,99,99,99,42398,99,40547,21472,17382,99,54143,30170,99,26336,
718,99,99,99,99,99,99,99,99,99,99,45330,99,99,28361,99,99,99,53783,99,40060,
719,99,99,99,99,99,99,99,99,99,99,99,99,58142,99,99,17931,55453,28985,99,53086,
720,99,99,99,99,99,99,99,99,99,99,99,99,99,99,52221,99,46230,99,99,12199,
721,99,99,18018,99,99,99,99,99,99,99,23138,99,12409,23730,17119,19642,99,51935,24992,99,
722,99,99,99,99,99,99,99,99,99,99,28985,52930,99,42447,99,29741,99,99,13525,44360,
723,99,99,99,99,99,99,99,99,99,99,99,19866,99,56730,28692,99,36159,15503,53081,19689,
724,99,99,99,900,99,99,99,99,99,99,29207,99,99,99,99,99,32713,16193,8185,46909,
725,99,99,99,99,99,99,99,99,99,99,99,99,99,99,31130,99,21815,30859,99,99,
726,99,99,99,99,99,99,99,99,99,99,99,20058,99,99,28611,48306,99,99,99,55430,
727,99,99,99,99,99,99,99,99,99,99,99,99,24297,21019,32236,10836,57323,99,14783,44042,
728,99,99,99,99,99,99,99,99,99,99,56216,59839,99,99,14741,99,60572,45106,31460,23216,
729,99,99,99,99,99,99,99,99,99,99,30987,99,99,52688,18968,5070,99,99,99,99,
730,99,99,99,99,99,99,99,99,99,99,38272,99,99,48148,99,55921,99,53463,99,12473,
731,99,99,99,99,99,99,99,99,99,99,99,99,11629,12087,20999,48781,54466,99,59565,99,
732,99,99,99,99,99,99,99,99,99,99,11827,54299,99,99,34955,50269,35776,27093,99,12787,
733,99,99,99,99,99,99,99,99,99,99,99,10376,10627,43670,53410,33105,99,45644,99,45015,
734,99,99,99,99,99,99,99,99,99,99,99,18169,99,99,99,12895,99,99,53653,37029,
735,99,99,99,99,99,99,99,99,99,99,99,12355,99,99,99,54798,99,32722,99,40927,
736,99,99,99,99,99,99,99,99,99,99,37568,13983,33030,99,99,36881,15754,99,44669,99,
737,99,99,99,99,99,99,99,99,99,99,35378,10182,18862,99,99,58419,49020,22912,99,99,
738,99,99,99,99,99,99,99,99,99,99,99,99,99,99,99,21359,29878,99,99,99,
739,99,99,99,99,99,99,99,99,99,99,99,42350,23219,99,53233,99,99,34473,99,99,
740,99,99,99,99,99,99,99,99,99,99,99,47384,15374,20531,99,99,56013,61207,15591,99,
741,99,99,99,99,99,99,99,99,99,99,48403,99,99,99,30517,49056,30306,99,99,99,
742,99,99,99,99,99,99,99,99,99,99,99,24563,20462,99,34716,99,51914,40679,11780,99,
743,99,99,99,99,99,99,99,99,99,99,99,99,22461,99,51250,27275,45578,43043,22352,99,
744,99,99,99,99,99,99,99,99,99,99,99,99,23449,99,99,99,99,99,99,44126,
745,99,99,99,99,99,99,99,99,99,99,54093,99,99,99,99,17387,99,20342,23812,99,
746,99,99,99,99,99,99,99,99,99,99,35132,99,32850,20657,46888,99,99,56966,99,52008,
747,99,99,99,99,4179,99,99,99,99,99,99,99,99,11537,99,19738,28715,29582,99,31740,
748,99,99,99,99,99,99,99,99,99,99,28089,17226,36593,35783,27991,17266,99,20354,99,99,
749,99,99,99,99,99,99,99,99,99,99,99,60833,10461,24048,99,11956,58188,26458,99,38548,
750,99,99,99,99,99,99,99,99,99,99,99,54438,99,99,99,51334,99,99,99,99,
751,99,99,99,99,99,99,99,99,99,99,99,47553,99,55951,21236,99,99,23354,99,99,
752,99,99,99,99,99,99,99,99,99,99,44424,46748,99,99,99,36798,12806,99,15747,42073,
753,99,99,99,99,99,2537,99,99,99,99,99,55902,99,2648,99,99,55067,14379,99,39599,
754,99,99,99,99,99,99,99,99,99,99,99,14200,99,43004,60160,99,99,99,99,55549,
755,99,99,99,99,99,99,99,99,99,24383,37390,99,99,99,99,99,99,44334,30686,99,
756,99,99,99,99,99,99,99,99,99,99,99,44256,47833,99,43682,24980,11472,54421,54987,34718,
757,99,99,99,99,25291,99,99,99,99,25291,99,41514,99,30321,27028,57008,99,25562,99,99,
758,99,99,99,99,99,99,99,99,99,99,99,18568,43180,43612,99,99,99,99,25679,36936,
759,99,99,99,99,99,99,99,99,99,99,99,16276,20094,99,21411,16594,99,47999,99,99,
760,99,99,99,99,99,99,99,99,99,99,10790,99,19474,99,99,99,99,50560,33390,99,
761,99,99,11888,99,99,99,99,99,99,99,37683,23439,99,99,47430,99,99,34900,44161,99,
762,99,99,99,99,99,99,99,99,99,99,99,58851,99,35484,23527,49819,99,46570,99,99,
763,99,99,99,99,99,99,99,99,99,99,99,38588,99,38427,99,22788,31036,57456,99,14586,
764,99,99,99,99,99,99,99,99,99,99,99,99,55872,99,99,27905,99,48479,99,58220,
765,99,99,99,99,99,99,99,99,99,99,27105,99,99,99,99,26572,99,53387,99,40315,
766,99,99,99,99,99,99,99,99,99,99,99,55446,13479,99,51256,99,23320,99,99,99,
767,99,99,99,99,99,99,99,99,99,99,99,99,99,13559,49110,99,99,57849,49373,99,
768,99,99,99,99,99,99,99,99,99,99,99,99,11742,11774,99,99,99,11684,11240,99,
769,99,99,99,99,99,99,99,99,99,99,99,99,99,99,99,45152,99,27904,58012,34614,
770,99,99,99,99,99,99,99,99,99,99,10398,13356,33639,43332,99,54110,19844,43172,33447,99,
771,99,99,99,99,99,99,99,99,99,99,28572,12423,60085,41779,99,99,23296,24431,99,99,
772,99,99,99,99,99,99,99,99,99,99,99,99,43780,57500,20877,34527,29534,99,99,99,
773,99,99,99,99,99,99,99,99,99,99,37893,37805,99,46755,99,19578,99,99,58238,25092,
774,99,99,99,99,99,99,99,99,99,99,22467,99,99,29076,42256,99,99,99,53389,99,
775,99,99,99,99,99,99,99,99,99,99,99,29172,99,29873,99,52770,99,99,60784,53242,
776,99,99,99,99,99,99,99,99,99,12966,99,59045,99,26164,44667,99,54534,99,53778,99,
777,99,99,99,99,99,99,99,99,99,99,99,99,99,99,23370,16878,99,99,54237,36103,
778,99,99,26714,99,99,99,99,99,99,99,17219,17977,10647,56448,99,99,99,32636,54917,99,
779,99,99,99,99,99,99,99,99,99,99,23118,16754,48965,99,99,99,99,99,31019,34298,
780,99,99,99,99,99,99,99,99,99,99,38488,32768,99,99,99,13736,99,21245,59042,30069,
781,99,99,99,99,99,99,99,99,99,99,99,99,99,99,99,99,46968,51664,99,99,
782,99,99,99,99,99,99,99,99,99,99,55548,37546,13672,99,48978,99,56694,99,99,56902,
783,99,99,99,99,99,99,99,99,99,99,52212,99,99,99,53038,99,13707,99,99,99,
784,99,99,99,99,99,99,99,99,99,99,16074,53565,99,10577,99,390,99,99,25941,32590,
785,99,99,99,99,99,99,99,99,99,99,99,99,99,52755,99,99,52035,14889,99,35934,
786,99,99,99,99,99,99,99,99,99,99,99,99,10420,99,99,48133,99,99,55287,99,
787,99,99,99,99,99,99,99,99,99,99,40166,99,32797,54744,11412,32439,10602,99,20067,45913,
788,99,99,99,99,99,99,99,99,99,99,56395,16440,99,54874,99,40515,99,25133,46509,41190,
789,99,99,99,99,99,15597,99,99,99,99,50648,99,49498,13114,37616,99,99,99,56869,58809,
790,99,99,99,99,99,99,99,99,99,99,35894,52615,99,22113,99,21200,99,13709,21477,24670,
791,99,99,99,99,99,99,99,99,99,99,53045,99,22036,99,99,56706,99,99,46601,99,
792,99,99,99,99,99,99,99,99,99,99,99,99,99,99,99,54069,52060,99,99,5308,
793,99,99,99,99,99,99,99,99,99,99,99,53793,99,60022,56458,46927,42213,42408,99,42622,
794,99,99,99,99,99,99,99,99,99,99,99,16017,42634,99,51925,25815,99,42002,99,57158,
795,99,99,99,99,99,99,99,99,99,99,99,99,99,36989,40529,40331,99,99,30208,99,
796,99,99,99,99,99,99,99,99,99,99,99,30111,59052,16422,10945,99,23487,28099,99,99,
797,99,99,99,99,99,99,99,99,99,99,99,99,56015,44492,99,99,99,99,56627,99,
798,99,99,99,99,21255,99,99,99,99,99,31720,56512,99,55655,99,99,99,26243,99,59338,
799,99,99,99,99,99,99,99,99,99,99,29397,50464,31262,99,99,99,99,40354,21432,12321,
800,99,99,99,99,99,99,99,99,99,99,52473,99,26585,99,99,44718,99,54604,21716,52962,
801,99,99,99,99,99,99,99,99,99,99,99,21808,99,99,99,99,99,99,99,99,
802,99,99,99,99,99,99,99,99,99,99,30486,99,99,56299,99,33840,99,46676,99,29428,
803,99,99,99,12355,99,99,99,99,99,99,50700,27545,58852,39344,50487,55631,55496,53983,39559,59174,
804,99,99,99,99,99,99,99,99,99,99,51143,42747,99,13446,99,48264,29932,99,26788,99,
805,99,99,99,99,99,99,99,99,99,99,99,39501,99,99,99,54325,37454,16254,17475,99,
806,99,99,99,99,99,99,99,99,99,99,54497,99,99,99,58582,99,56613,99,99,10713,
807,99,99,99,99,99,99,99,99,99,99,99,99,55445,35107,25899,99,20920,99,46432,22138,
808,99,99,99,99,99,99,99,99,99,99,14731,12245,34077,22831,45489,99,24965,19699,56616,99,
809,99,99,99,99,99,99,99,99,99,99,18728,58443,57831,32963,38513,99,11345,12194,99,99,
810,99,99,99,99,99,99,99,99,99,99,99,99,99,44965,99,13878,99,23179,49313,99,
811,99,99,99,99,99,99,99,99,99,99,99,99,36362,24547,17880,99,16565,99,12621,44291,
812,99,99,99,99,99,99,99,99,99,99,99,99,24832,99,99,99,42946,55004,34432,18463,
813,99,99,99,99,99,99,99,99,99,99,99,99,99,41066,49614,18780,99,99,99,99,
814,99,99,99,99,99,99,99,99,99,99,43284,99,99,17716,43964,55814,55470,99,99,99,
815,99,99,99,99,99,99,99,99,99,99,99,46443,99,99,99,99,54047,99,99,23066,
816,99,99,99,99,99,99,99,6612,99,99,99,99,99,99,99,47458,30546,99,99,69631,
817,99,99,99,99,99,99,99,99,99,99,24726,99,99,14075,99,47485,54049,99,22800,56489,
818,99,99,99,99,99,99,99,99,99,99,21253,44418,47323,99,52892,99,99,99,99,99,
819,99,99,99,99,99,99,99,99,99,99,50835,99,99,41356,51830,60044,99,53611,99,99,
820,99,99,99,15290,99,99,99,99,99,99,99,30826,46778,37370,99,99,42043,27818,99,31609,
821,99,99,99,99,99,99,99,99,99,99,48838,99,99,99,99,53783,99,54848,57615,26896,
822,99,99,99,99,99,99,99,99,99,99,45328,99,49740,99,54692,99,23288,99,99,28376,
823,99,99,99,99,99,99,99,99,99,99,56759,48383,32584,47416,99,56656,99,99,99,12318,
824,99,99,99,99,99,99,99,99,99,99,99,99,31511,99,99,55655,99,46326,99,99,
825,99,99,99,99,99,99,99,99,99,20412,48847,14464,99,56879,99,99,99,16653,99,41326,
826,99,99,99,99,99,99,99,99,99,99,47931,99,24684,25996,99,99,30408,50701,51846,99,
827,99,99,99,99,99,99,99,99,99,99,99,99,52374,45955,53035,55331,99,99,13166,31922,
828,99,99,99,99,99,99,99,15159,99,99,50336,26858,99,23811,51271,57837,99,12036,53503,99,
829,99,99,99,99,99,99,99,99,99,99,44931,19417,99,33629,54826,99,99,99,44313,11562,
830,99,99,99,99,99,99,99,99,99,99,56471,42221,99,28084,58129,99,99,52804,58195,99,
831,99,99,99,99,99,99,99,99,99,99,99,99,52773,41079,45090,99,33357,99,52231,32692,
832,99,99,99,99,99,99,99,99,99,99,29854,99,59983,57325,99,52251,58917,26852,55558,99,
833,99,99,99,99,99,99,99,99,99,99,28319,99,99,99,99,99,99,30019,53600,17687,
834,99,99,99,99,99,99,8976,99,99,99,99,30157,13333,99,42159,23903,33219,55741,11080,45290,
835,99,99,99,99,99,99,99,99,99,99,99,16324,99,99,99,46259,32081,10668,99,20927,
836,99,99,99,99,99,99,99,99,99,99,47578,17135,25923,51385,60565,37231,99,50400,54189,26204,
837,99,99,99,99,99,99,99,99,99,99,99,50762,99,99,56428,99,99,99,40304,99,
838,99,99,99,99,99,13353,99,99,99,99,28800,99,45466,43644,39192,99,31107,99,10923,99,
839,99,99,99,99,99,99,99,17811,99,99,40520,99,25408,31366,50362,99,53773,99,18913,39087,
840,99,99,99,23079,99,99,99,99,99,99,99,46000,27296,54891,48644,99,55050,99,99,99,
841,99,99,99,99,99,99,99,99,99,99,40682,47302,52511,99,99,36782,22751,99,20621,99,
842,99,99,99,99,99,99,99,99,99,99,59472,99,99,20804,58666,43798,58191,56974,16766,20425,
843,99,99,99,99,99,99,99,99,99,99,16481,56326,49362,13770,99,15889,36952,99,99,99,
844,99,99,99,99,99,99,99,99,99,99,99,99,17018,30072,99,99,25299,51051,99,99,
845,99,99,99,99,99,99,99,99,99,99,40246,47361,49044,99,21807,99,51046,43910,13987,99,
846,99,99,99,99,99,99,99,99,99,99,99,99,48717,16388,99,38775,19442,99,57162,99,
847,99,99,99,99,99,99,99,99,99,99,99,58237,53885,55417,46322,42580,99,99,35097,99,
848,99,99,99,99,99,99,99,99,99,99,99,99,99,46116,99,11242,99,45994,99,99,
849,99,99,99,99,99,99,99,99,99,99,19360,30734,99,51596,27993,99,45258,26443,99,99,
850,99,99,99,99,99,99,99,99,99,99,99,13105,99,99,99,99,99,42155,54253,46338,
851,99,99,99,99,99,99,99,99,99,99,99,58114,99,34748,42533,99,56313,99,99,26155,
852,99,99,99,99,99,99,99,99,99,99,12635,16793,3016,99,46488,45669,17411,3945,55495,99,
853,99,99,99,99,99,99,99,99,99,99,99,99,99,99,99,40666,43770,24306,16081,38139,
854,99,99,99,99,99,99,735,99,735,99,44326,10445,51766,44382,99,99,59017,99,47264,42048,
855,99,99,99,99,99,99,99,99,99,99,43311,99,99,99,58497,99,47958,4650,28294,24153,
856,99,99,99,99,99,99,99,99,99,99,59048,28653,99,99,99,99,47319,99,99,99,
857,99,99,99,99,22048,99,99,99,99,99,19925,99,39765,12096,49943,99,52846,99,34207,47049,
858,99,99,99,99,99,99,99,99,99,99,44683,99,44381,39568,99,33238,32778,99,99,99,
859,99,99,99,99,99,99,99,99,99,99,34536,99,99,99,99,14600,99,16005,18820,19282,
860,99,99,99,99,99,99,99,99,99,99,99,10111,99,52563,13183,14997,23695,29872,49796,99,
861,99,99,99,99,99,99,99,99,99,99,99,13941,99,99,99,99,34006,99,54113,99,
862,99,99,99,99,99,99,99,99,99,99,99,99,99,99,43116,48469,99,55147,16525,27226,
863,99,99,99,99,99,99,18497,99,99,99,11623,99,49747,99,15976,33535,52973,99,99,99,
864,99,99,99,99,99,99,99,99,99,99,41896,99,45645,99,30406,99,34092,99,99,99,
865,99,99,99,99,99,99,99,99,99,99,57807,99,13468,53411,99,99,45062,24735,41208,99,
866,99,99,99,99,99,99,99,99,99,99,58553,99,18331,31894,28913,99,38311,51917,10155,99,
867,99,99,99,99,99,99,99,99,5342,99,13838,99,99,99,99,46365,99,99,46783,54823,
868,99,99,99,99,99,99,99,99,99,99,99,99,99,41298,27254,59463,19834,13401,99,99,
869,99,99,99,99,99,99,99,99,99,99,99,99,99,99,99,99,19863,45806,99,99,
870,99,99,99,99,99,99,99,99,99,99,99,33031,12977,99,99,50611,99,61711,58603,99,
871,99,99,99,99,99,99,99,99,99,99,40395,50011,99,58496,21304,53478,99,99,99,99,
872,99,99,99,99,99,99,99,99,99,99,39871,1417,99,99,1917,99,32018,56871,56026,99,
873,99,99,99,99,99,99,99,99,99,99,99,20161,15958,49829,46318,99,28732,49282,99,99,
874,99,99,99,99,99,99,99,99,99,99,30821,99,99,48295,99,99,41253,37141,99,99,
875,99,99,99,99,99,99,99,99,99,99,99,99,99,99,51437,28877,99,57484,10989,99,
876,99,99,99,99,99,99,99,99,99,99,27421,99,99,15383,56123,99,99,38187,46211,99,
877,99,99,99,99,99,19006,99,99,99,99,99,54206,56467,99,99,59076,13515,99,1327,99,
878,99,99,99,99,99,99,99,99,99,99,99,59438,44404,99,99,38331,99,99,99,10516,
879,99,99,99,99,99,99,99,99,99,99,99,41023,99,99,99,54028,99,23370,99,16585,
880,99,99,99,99,99,99,99,99,99,99,99,55859,99,99,99,99,99,43154,99,45384,
881,99,99,99,99,99,99,99,99,99,99,99,26199,99,25122,99,99,7544,34586,17366,99,
882,99,99,99,99,99,99,12070,99,99,99,48163,99,41576,33497,99,14082,16051,99,99,57333,
883,99,99,99,99,99,99,99,99,99,99,33737,99,99,41859,99,99,99,53782,99,41612,
884,99,99,99,99,99,99,99,99,99,99,99,40351,99,18519,99,45446,18791,51088,57269,99,
885,99,99,99,99,99,99,99,99,99,99,37073,99,49073,99,44046,28560,99,99,20214,99,
886,99,99,99,99,99,99,99,99,99,99,99,30159,31990,49292,32438,99,23182,27898,99,99,
887,99,99,99,99,99,99,99,99,99,99,47422,28046,99,99,42779,14048,99,24373,99,99,
888,99,99,99,99,99,99,99,99,99,99,99,99,99,99,54710,99,32808,45669,99,99,
889,99,99,99,99,99,99,99,99,99,99,16082,99,54820,99,99,41565,99,46863,59535,99,
890,99,99,99,99,99,99,99,99,99,99,52914,99,22470,99,18534,99,99,49488,99,99,
891,99,99,99,99,99,99,99,99,99,99,42043,99,21280,31792,25441,11369,28171,55311,42815,52138,
892,99,99,99,99,99,99,99,99,99,99,54183,56156,15570,54894,29140,49924,99,99,99,99,
893,99,99,99,99,99,99,99,99,99,99,23537,99,27410,99,54661,51440,99,24408,99,99,
894,99,99,99,99,1102,99,99,99,99,99,99,99,99,44758,47823,99,99,99,48903,53046,
895,99,99,99,99,12978,99,99,99,99,99,16838,30471,99,35124,99,42370,57682,99,99,27449,
896,99,99,99,99,99,99,99,99,99,99,99,99,61230,99,99,99,51509,99,49198,43095,
897,99,99,99,99,99,99,99,99,99,99,18819,54858,39929,31100,44443,29858,99,22263,99,54720,
898,99,99,99,99,99,99,99,99,99,99,25323,99,99,99,99,99,42622,42590,35695,56852,
899,99,99,99,99,99,99,99,99,99,99,28024,99,99,36034,32189,99,99,29971,99,51002,
900,99,99,99,99,99,99,2289,99,99,99,99,27870,10263,34297,10858,99,49558,99,99,54319,
901,99,99,99,99,99,99,99,99,99,15810,21455,14461,26897,46848,50375,99,54567,99,22145,99,
902,99,99,99,99,99,99,99,99,99,99,99,29422,46893,99,14440,49895,99,99,13295,17770,
903,99,99,99,99,99,99,99,99,99,99,99,99,99,99,99,99,99,32112,12315,29057,
904,99,99,99,99,99,99,99,99,99,99,99,37848,99,14375,49926,48117,34085,99,26118,54102,
905,99,99,99,99,99,99,16127,99,99,99,12672,16281,40467,58167,46178,99,55014,42589,99,99,
906,99,99,99,99,99,99,99,99,99,99,21323,55539,49701,99,99,99,26676,41217,55688,27355,
907,99,99,99,99,99,99,99,99,99,99,99,99,39456,29489,99,10830,99,99,36505,99,
908,99,99,99,99,99,99,99,99,99,99,48065,21775,99,13069,34999,46675,99,57624,99,99,
909,99,99,99,99,99,99,99,99,99,99,56773,99,14973,41710,99,99,99,47394,99,20197,
910,99,99,99,99,99,99,99,99,99,99,37248,55160,56683,32616,99,99,45824,99,31254,22608,
911,99,99,99,99,99,99,99,99,99,99,99,51331,17351,99,99,99,4659,99,51589,40001,
912,99,99,99,99,99,5777,99,99,99,99,11096,99,60755,56247,99,43925,58105,47710,99,99,
913,99,99,99,99,99,99,99,99,99,99,99,99,99,33313,99,60151,99,47042,11522,47537,
914,99,99,99,99,99,99,99,99,99,99,16748,57904,99,99,99,99,71199,28564,52111,31310,
915,99,99,99,99,99,99,99,99,99,99,19211,21636,99,99,99,99,43039,19314,36993,58366,
916,99,99,99,99,99,99,99,99,99,99,12680,39501,47390,99,99,99,18696,41253,99,34806,
917,99,99,99,99,99,99,99,99,99,99,99,99,39424,34926,99,99,99,99,50374,99,
918,99,99,99,99,99,99,99,99,99,99,99,99,99,99,99,55986,99,37759,42965,19753,
919,99,99,99,99,99,99,99,99,99,99,11753,59126,99,35633,99,58036,99,20108,99,18051,
920,99,99,99,99,99,99,99,99,99,99,57620,99,99,99,18253,99,99,28332,24560,99,
921,99,99,99,99,99,99,99,99,99,99,99,50882,41569,54742,99,24943,99,99,39668,19526,
922,99,99,99,99,99,99,99,99,99,99,50245,99,17093,99,99,33619,99,99,99,26500,
923,99,99,99,99,99,99,99,99,99,99,99,99,55277,99,52806,32509,99,99,99,99,
924,99,99,99,99,99,22395,22395,99,99,99,44030,99,99,99,32399,53076,99,99,17564,99,
925,99,99,99,99,99,99,99,99,99,99,15206,25733,56432,61496,99,37810,45777,47321,51664,46625,
926,99,99,99,99,99,99,99,99,99,99,99,58498,99,42989,20790,45456,99,99,11942,35478,
927,99,99,99,99,99,99,99,99,99,99,25159,99,99,57994,40866,99,99,54569,99,99,
928,99,99,99,99,99,99,99,99,99,99,99,32468,99,99,99,99,54187,58461,99,99,
929,99,99,99,99,99,99,99,99,15526,99,99,23383,47152,59518,28314,21720,14703,99,54802,99,
930,99,99,99,99,99,99,99,99,99,99,99,99,53846,41803,38503,99,99,10708,16367,53041,
931,99,99,99,99,99,99,99,99,99,99,34651,42494,99,29902,26105,99,99,53987,99,51761,
932,99,99,99,99,99,99,99,99,99,99,99,99,99,29302,99,99,99,99,58571,12610,
933,99,99,99,99,99,99,99,99,99,99,50635,45967,10686,36236,99,99,99,99,99,57370,
934,99,99,99,99,99,99,99,99,99,99,99,99,18072,99,26387,21324,99,36174,15293,15198,
935,99,99,99,99,99,99,99,99,99,99,55337,10060,99,50607,99,45034,99,99,99,53828,
936,99,99,99,99,99,99,99,99,99,99,99,38896,99,99,99,39580,99,99,99,99,
937,99,99,99,99,99,99,99,99,99,99,99,13621,99,58386,40264,99,99,39436,19671,99,
938,99,99,99,99,99,99,99,99,99,99,48658,99,13959,50495,99,99,40137,99,99,99,
939,99,99,99,99,99,99,99,99,99,99,31417,60027,44437,99,59695,31639,51346,99,99,99,
940,99,99,99,99,99,99,99,99,99,99,47248,58018,52451,99,21145,99,99,53578,99,48349,
941,99,99,99,99,99,99,99,99,99,99,99,99,99,99,99,15980,35059,38719,54873,31347,
942,99,99,99,99,99,99,99,99,99,99,50282,51369,12873,39107,99,40539,46127,25280,99,17149,
943,99,99,99,99,99,99,99,99,99,99,29183,48221,99,21240,43987,39369,99,57518,14160,34529,
944,99,99,99,99,99,99,99,99,99,99,99,99,37723,6296,57461,99,99,99,99,99,
945,99,99,99,99,99,99,13249,99,99,99,99,35399,99,99,99,99,48559,55097,99,22300,
946,99,99,99,99,99,99,99,99,99,99,99,99,42155,31550,54511,34971,99,17411,99,99,
947,99,99,99,99,99,99,99,99,99,99,99,23185,99,13493,99,27786,12055,53200,99,46350,
948,99,99,99,99,99,99,99,99,99,99,99,99,99,58082,55470,44683,99,36861,46814,14149,
949,99,99,99,99,99,99,99,99,99,99,99,2786,99,20165,99,99,99,53928,38321,44970,
950,99,99,99,99,99,99,99,99,99,99,53144,99,99,51599,99,28979,53699,99,99,59522,
951,99,99,99,99,99,99,99,99,99,99,99,38901,34935,29328,99,99,53336,99,99,25204,
952,99,99,99,99,99,99,99,99,99,99,53097,99,57030,99,18617,48308,99,53550,51100,99,
953,99,99,99,99,99,99,99,99,99,99,57953,17428,99,99,43277,99,99,99,46029,99,
954,99,99,99,99,99,99,99,99,99,99,54621,99,58090,18627,99,99,99,18615,99,55441,
955,99,99,99,99,99,99,99,99,99,99,16573,99,99,43659,45293,8466,28826,59479,18083,99,
956,99,99,99,99,99,99,99,99,99,99,3611,61039,99,99,22694,30172,99,99,35810,99,
957,99,99,99,99,99,99,99,99,99,99,58212,31156,28290,99,99,23124,56348,99,27579,99,
958,99,99,99,99,99,99,99,99,99,99,99,99,48893,99,57864,50266,51536,99,99,99,
959,99,99,99,99,99,99,99,99,99,99,58157,17211,99,55527,99,99,99,99,99,99,
960,99,99,28543,99,28543,99,99,99,99,99,49099,99,50769,55775,36553,99,34115,21666,16890,20809,
961,99,99,99,99,99,99,99,99,99,99,57467,8605,59931,10538,99,24103,99,99,99,16059,
962,99,99,99,99,99,99,99,99,99,99,57440,99,99,99,15006,55618,25584,22718,99,99,
963,99,99,99,99,99,99,99,99,99,99,99,99,22375,99,17294,99,50334,17459,57616,10915,
964,99,99,99,99,99,99,99,99,99,99,53531,44456,35062,99,52697,42309,31996,26175,30037,99,
965,99,99,99,11049,99,99,99,99,11049,99,60115,99,99,48550,99,50566,99,99,20093,99,
966,99,99,99,99,99,99,6749,99,99,99,99,99,99,99,99,48965,99,99,58274,42028,
967,99,99,99,99,99,99,99,99,99,99,11203,49760,99,46562,41119,99,99,99,99,48396,
968,99,99,99,99,99,99,99,99,99,99,47031,37900,99,99,47868,99,99,14648,36395,99,
969,99,99,99,99,99,99,99,99,99,99,25230,37176,99,32355,99,99,58991,23072,17559,57099,
970,99,99,99,99,99,99,99,99,99,99,57272,99,99,99,22813,22258,99,13536,99,35814,
971,99,99,99,99,99,99,99,99,99,99,27018,99,44345,57373,99,99,34408,28722,99,99,
972,99,99,99,99,99,99,99,99,99,99,99,43281,99,99,26442,99,32667,34662,99,99,
973,99,99,99,99,99,99,99,99,99,99,29228,99,56709,36308,99,22946,11771,40578,99,39677,
974,99,99,99,99,99,99,99,99,99,99,99,16461,3762,99,9040,13125,18286,45796,99,19540,
975,99,99,99,99,99,99,99,99,99,99,99,99,15499,99,33048,99,46701,47379,36387,99,
976,99,99,99,99,99,99,99,99,99,99,99,58068,99,99,56979,49530,99,23790,99,99,
977,99,99,99,99,99,99,99,99,99,99,99,99,55818,99,10642,99,25549,99,23947,11578,
978,99,99,99,99,99,99,99,99,99,99,99,53506,99,56137,99,99,47186,59805,51533,99,
979,99,99,99,99,20759,99,99,99,99,99,5313,99,48870,30096,99,99,99,99,99,56914,
980,99,99,99,99,99,99,99,99,99,99,99,36053,99,99,22327,99,99,47839,15688,99,
981,99,99,99,99,99,99,99,99,99,99,99,99,99,99,17754,43801,49486,48376,40647,13150,
982,99,99,99,99,99,99,99,99,99,99,37677,12082,47814,99,99,99,99,26461,99,14205,
983,99,99,99,99,99,99,99,99,99,99,99,99,59241,31955,99,58168,53247,55708,99,99,
984,99,99,99,99,99,1891,99,99,99,99,20445,99,99,52182,99,49462,50638,99,37049,99,
985,99,99,2846,99,99,99,99,99,99,99,59073,36203,20314,13678,39448,99,99,99,28678,99,
986,99,99,99,99,2390,99,99,99,99,99,99,57372,58299,99,99,47021,99,99,32077,6606,
987,99,99,99,99,99,99,99,99,99,99,43953,99,40213,99,11557,31744,40383,57490,53869,99,
988,99,99,99,99,99,99,99,99,99,99,99,15217,55876,44311,41563,99,33286,40142,55214,53905,
989,99,99,99,99,99,99,99,99,99,99,12750,38445,99,32776,29610,99,99,17456,99,99,
990,99,99,99,99,99,99,99,99,99,99,39201,45981,99,14503,12145,99,99,52388,99,46296,
991,99,99,99,99,99,99,99,99,99,99,38496,99,44417,99,99,99,99,99,17144,99,
992,99,99,99,99,99,99,99,99,99,99,23807,99,12022,99,99,99,34487,51993,99,99,
993,99,99,99,99,99,99,99,99,99,99,99,99,23663,99,99,99,99,55858,99,37799,
994,99,99,99,99,99,99,99,99,99,99,99,99,42389,99,99,35535,99,26304,24606,36067,
995,99,99,99,99,99,99,99,99,99,99,99,99,99,99,99,99,14572,39938,99,99,
996,99,99,99,99,99,99,99,99,99,18142,99,39730,99,99,99,99,42975,34991,99,99,
997,99,99,99,99,99,99,99,99,99,99,99,99,99,6990,29174,99,56667,21289,99,99,
998,99,99,99,99,99,99,99,99,99,99,35047,99,99,99,99,49146,33351,45724,99,99,
999,99,99,99,99,99,99,99,99,99,99,28108,99,99,36135,99,45982,21381,99,99,10947,
1000,99,99,99,99,99,99,99,99,99,99,99,49777,99,30394,15110,42189,99,99,55648,40233,
