1,34478,26536,16026,15112,30096,24928,37364,47374,9621,47124,21519,31594,5884,41773,1321,1755,18662,49973,19533,401,45931,41288,46296,5896,28364,10502,9638,3260,413,2067,11931,19742,24002,10629,11975,13403,38014,34651,36452,22791,49184,48842,32935,47253,12805,26664,25231,37009,34158,41971,25182,47693,28210,43472,49559,35351,28064,31568,5112,5130,16054,21178,47006,28727,10428,15277,12580,40446,15593,36918,16303,1293,1841,6467,23209,17492,22940,43565,18459,46561,
2,34478,26536,16026,15112,30096,24928,37364,47374,9621,47124,21519,31594,5884,41773,1321,1755,18662,49973,19533,401,45931,41288,46296,5896,28364,10502,9638,3260,413,2067,11931,19742,24002,10629,11975,13403,38014,34651,36452,22791,15738,735,21460,25498,5569,941,1301,12596,15309,10955,5554,22071,23122,574,1190,2440,14368,602,13860,40179,4920,39370,39861,2439,10105,21749,12164,36608,13327,11257,25198,28428,12548,4133,2537,6721,3383,17854,30067,9561,
3,34478,26536,16026,15112,30096,24928,37364,47374,9621,47124,21519,31594,5884,41773,1321,1755,18662,49973,19533,401,45931,41288,46296,5896,28364,10502,9638,3260,413,2067,11931,19742,24002,10629,11975,13403,38014,34651,36452,22791,765,8148,471,19744,21495,7471,24857,23335,29931,23959,2324,9412,33297,32867,306,5468,17869,31890,22282,8199,28348,534,4541,28447,16229,3263,6108,12969,13251,5679,26319,1721,1743,11001,17293,33854,8476,9202,16947,2529,
4,34478,26536,16026,15112,30096,24928,37364,47374,9621,47124,21519,31594,5884,41773,1321,1755,18662,49973,19533,401,45931,41288,46296,5896,28364,10502,9638,3260,413,2067,11931,19742,24002,10629,11975,13403,38014,34651,36452,22791,392,3892,56648,2091,6998,5107,22709,6631,42953,5309,2682,42139,35047,15216,5033,570,5657,7550,32225,1596,2155,39514,933,16597,5674,10040,11853,7490,19818,40021,3256,3158,13396,7055,8462,7323,38731,11948,5563,10079,
5,34478,26536,16026,15112,30096,24928,37364,47374,9621,47124,21519,31594,5884,41773,1321,1755,18662,49973,19533,401,45931,41288,46296,5896,28364,10502,9638,3260,413,2067,11931,19742,24002,10629,11975,13403,38014,34651,36452,22791,18388,4659,44838,37233,18409,5107,13005,9725,12903,3401,29515,177,13077,8116,3636,570,1860,10835,38597,22333,18560,3869,4611,1041,12951,18934,11034,24700,16156,14702,30208,1581,10241,44587,19732,10352,3436,23180,10138,39759,
6,34478,26536,16026,15112,30096,24928,37364,47374,9621,47124,21519,31594,5884,41773,1321,1755,18662,49973,19533,401,45931,41288,46296,5896,28364,10502,9638,3260,413,2067,11931,19742,24002,10629,11975,13403,38014,34651,36452,22791,2158,2318,24728,34802,2721,32018,18288,22318,98,959,1175,24603,1465,14617,4193,570,20107,25080,1271,2849,2006,3869,5808,49581,3754,27356,35591,5552,4490,17082,764,13345,15069,37650,14572,18132,2342,11111,3140,9012,
7,34478,26536,16026,15112,30096,24928,37364,47374,9621,47124,21519,31594,5884,41773,1321,1755,18662,49973,19533,401,45931,41288,46296,5896,28364,10502,9638,3260,413,2067,11931,19742,24002,10629,11975,13403,38014,34651,36452,22791,8787,12389,25936,26238,3173,10235,8100,27270,98,2469,22110,17569,13009,9930,11168,13589,11277,37579,2560,11544,18333,23256,18606,10068,12305,49800,24106,18071,26575,19982,31738,4316,2485,35483,33296,37070,31899,14713,9038,12657,
8,34478,26536,16026,15112,30096,24928,37364,47374,9621,47124,21519,31594,5884,41773,1321,1755,18662,49973,19533,401,45931,41288,46296,5896,28364,10502,9638,3260,413,2067,11931,19742,24002,10629,11975,13403,38014,34651,36452,22791,14983,6851,13730,12988,13154,4938,20739,35376,34543,3462,4132,17016,9349,4468,7249,32050,41869,37579,15172,1269,18576,7063,4159,12028,7612,10632,16261,1637,13488,3073,5477,14191,16365,945,37249,2770,1661,17578,12418,39951,
9,34478,26536,16026,15112,30096,24928,37364,47374,9621,47124,21519,31594,5884,41773,1321,1755,18662,49973,19533,401,45931,41288,46296,5896,28364,10502,9638,3260,413,2067,11931,19742,24002,10629,11975,13403,38014,34651,36452,22791,7805,17007,12402,4325,7950,2535,24230,17513,21435,4537,521,14277,28995,23705,10230,10872,5265,32411,1777,4828,4854,38558,9107,16036,5614,16750,2986,2504,1984,11923,21739,17024,5738,8919,31156,29106,1661,3489,10899,37330,
10,34478,26536,16026,15112,30096,24928,37364,47374,9621,47124,21519,31594,5884,41773,1321,1755,18662,49973,19533,401,45931,41288,46296,5896,28364,10502,9638,3260,413,2067,11931,19742,24002,10629,11975,13403,38014,34651,36452,22791,6144,12346,14811,11130,13050,2208,10029,11279,29532,906,31438,48474,13522,4549,35050,16232,3264,7385,24222,26480,5171,6099,32643,1053,3820,13473,3913,32209,13692,25628,13419,28301,5601,5614,506,19638,11096,30196,8127,2803,
11,34478,26536,16026,15112,30096,24928,37364,47374,9621,47124,21519,31594,5884,41773,1321,1755,18662,49973,19533,401,45931,41288,46296,5896,28364,10502,9638,3260,413,2067,11931,19742,24002,10629,11975,13403,38014,34651,36452,22791,37537,22373,18010,2401,4939,25717,12847,370,35745,467,24261,12734,6817,2841,41532,14726,3264,8926,27777,11939,22790,24547,9745,15543,31608,21963,4121,4121,44842,33487,1322,783,3311,9208,33921,40738,5495,5120,524,15896,
12,34478,26536,16026,15112,30096,24928,37364,47374,9621,47124,21519,31594,5884,41773,1321,1755,18662,49973,19533,401,45931,41288,46296,5896,28364,10502,9638,3260,413,2067,11931,19742,24002,10629,11975,13403,38014,34651,36452,22791,24171,20577,13476,30376,2580,18240,36808,10741,24752,13825,29307,33311,2655,22994,2725,16470,21242,28190,7143,16267,19946,23919,5032,4484,6545,26796,15036,40212,9457,2889,16923,49271,21864,11117,29088,875,4946,17288,15640,15457,
13,34478,26536,16026,15112,30096,24928,37364,47374,9621,47124,21519,31594,5884,41773,1321,1755,18662,49973,19533,401,45931,41288,46296,5896,28364,10502,9638,3260,413,2067,11931,19742,24002,10629,11975,13403,38014,34651,36452,22791,14120,4221,23465,19990,13346,10967,1828,10722,15710,2258,31852,20077,19743,16061,19117,12034,35423,3667,22301,21708,5439,1042,23529,23298,9146,33664,18316,3069,13249,8120,20358,17205,15372,3161,48418,13492,9263,43777,9651,2074,
14,34478,26536,16026,15112,30096,24928,37364,47374,9621,47124,21519,31594,5884,41773,1321,1755,18662,49973,19533,401,45931,41288,46296,5896,28364,10502,9638,3260,413,2067,11931,19742,24002,10629,11975,13403,38014,34651,36452,22791,3450,3204,11242,7058,42469,10290,10716,36713,13079,6452,16318,37823,1059,13460,17188,11634,12672,42197,471,2396,2377,10537,22531,2145,6197,11728,34304,42104,31144,1781,869,36049,9390,25979,37534,25804,11749,13827,17278,37119,
15,34478,26536,16026,15112,30096,24928,37364,47374,9621,47124,21519,31594,5884,41773,1321,1755,18662,49973,19533,401,45931,41288,46296,5896,28364,10502,9638,3260,413,2067,11931,19742,24002,10629,11975,13403,38014,34651,36452,22791,12061,1605,39008,17163,868,9691,7065,19427,13079,27208,35027,14742,2177,13446,3977,10730,11627,642,1583,5016,19414,1265,30999,23614,19122,33458,1219,3234,1812,15744,33599,16421,13853,11858,10357,15448,4901,17973,7540,10068,
16,34478,26536,16026,15112,30096,24928,37364,47374,9621,47124,21519,31594,5884,41773,1321,1755,18662,49973,19533,401,45931,41288,46296,5896,28364,10502,9638,3260,413,2067,11931,19742,24002,10629,11975,13403,38014,34651,36452,22791,1995,19548,26125,27194,28118,3130,24544,34320,12939,2203,12703,22293,31542,31058,28174,33804,15953,12189,7255,18316,32409,339,2787,9684,15380,15895,3664,10901,2794,9778,16077,29301,27171,16077,5743,10418,24649,4132,122,2535,
17,34478,26536,16026,15112,30096,24928,37364,47374,9621,47124,21519,31594,5884,41773,1321,1755,18662,49973,19533,401,45931,41288,46296,5896,28364,10502,9638,3260,413,2067,11931,19742,24002,10629,11975,13403,38014,34651,36452,22791,13566,25651,18938,7853,2033,38401,2943,43902,57491,32144,12396,19188,15599,9971,17713,31722,15515,29519,19304,8412,15953,54033,21834,8961,1891,16866,3052,25234,4152,17357,26966,14253,29192,9639,34620,8919,22034,8945,122,1280,
18,34478,26536,16026,15112,30096,24928,37364,47374,9621,47124,21519,31594,5884,41773,1321,1755,18662,49973,19533,401,45931,41288,46296,5896,28364,10502,9638,3260,413,2067,11931,19742,24002,10629,11975,13403,38014,34651,36452,22791,6397,4127,17477,16729,30122,12857,7195,17757,13224,6365,15802,47874,2233,6875,3521,25047,14871,2300,15456,7495,4226,11491,8012,16452,2610,12452,2634,11457,12653,6745,7158,22388,24076,15367,1232,45877,26267,3395,19692,47419,
19,34478,26536,16026,15112,30096,24928,37364,47374,9621,47124,21519,31594,5884,41773,1321,1755,18662,49973,19533,401,45931,41288,46296,5896,28364,10502,9638,3260,413,2067,11931,19742,24002,10629,11975,13403,38014,34651,36452,22791,44319,5285,23828,2582,3998,10326,9808,12422,10633,33411,13953,10596,19713,26832,23165,16882,16807,30441,4022,33869,24117,38443,1516,3031,43497,10618,9458,8399,12993,7890,4653,13562,14204,16420,37605,5986,19518,2320,43364,29521,
20,34478,26536,16026,15112,30096,24928,37364,47374,9621,47124,21519,31594,5884,41773,1321,1755,18662,49973,19533,401,45931,41288,46296,5896,28364,10502,9638,3260,413,2067,11931,19742,24002,10629,11975,13403,38014,34651,36452,22791,4494,38057,16258,31719,4923,38391,11222,23882,11215,28783,35895,19227,13058,8010,19177,26525,26687,29751,2515,24109,15173,26686,10145,2429,24767,54568,32723,25995,19601,8792,16363,13526,30419,2431,26865,5986,17704,2492,26948,17664,
21,34478,26536,16026,15112,30096,24928,37364,47374,9621,47124,21519,31594,5884,41773,1321,1755,18662,49973,19533,401,45931,41288,46296,5896,28364,10502,9638,3260,413,2067,11931,19742,24002,10629,11975,13403,38014,34651,36452,22791,39724,2653,17154,8524,34251,8145,5078,24552,48436,2605,12870,23679,16043,7302,42910,12906,1374,39882,28670,14484,16258,52427,6502,11396,11463,11863,26652,5304,12576,13616,13917,11063,40570,37857,17096,17727,6794,17119,14211,49520,
22,34478,26536,16026,15112,30096,24928,37364,47374,9621,47124,21519,31594,5884,41773,1321,1755,18662,49973,19533,401,45931,41288,46296,5896,28364,10502,9638,3260,413,2067,11931,19742,24002,10629,11975,13403,38014,34651,36452,22791,13460,3983,51454,18192,13838,14741,30240,16832,38103,17264,13348,26387,14155,28204,13616,23275,1813,20277,9934,3717,6177,12734,20272,2055,14558,14720,1497,6791,30416,4859,4755,17987,40570,16124,6866,25907,34849,809,13073,20497,
23,34478,26536,16026,15112,30096,24928,37364,47374,9621,47124,21519,31594,5884,41773,1321,1755,18662,49973,19533,401,45931,41288,46296,5896,28364,10502,9638,3260,413,2067,11931,19742,24002,10629,11975,13403,38014,34651,36452,22791,24251,39664,12894,30805,4366,17572,4241,14687,14300,3913,14145,11733,10765,2707,4953,28128,9102,17413,13845,19573,2653,25482,29996,52627,8217,11722,3711,37267,29466,14235,13451,57315,17557,12543,25983,5829,7684,771,21972,11311,
24,34478,26536,16026,15112,30096,24928,37364,47374,9621,47124,21519,31594,5884,41773,1321,1755,18662,49973,19533,401,45931,41288,46296,5896,28364,10502,9638,3260,413,2067,11931,19742,24002,10629,11975,13403,38014,34651,36452,22791,2084,8266,31705,3722,5471,10327,13039,16824,16641,38053,19183,13788,9895,979,958,14525,14823,1921,6237,3797,8839,22763,14982,26241,30101,11073,19223,12436,39576,6022,263,14669,16203,5938,20459,18108,4363,5393,15652,29731,
25,34478,26536,16026,15112,30096,24928,37364,47374,9621,47124,21519,31594,5884,41773,1321,1755,18662,49973,19533,401,45931,41288,46296,5896,28364,10502,9638,3260,413,2067,11931,19742,24002,10629,11975,13403,38014,34651,36452,22791,8748,3223,38928,13178,27293,5735,29465,10676,17067,11616,22211,14469,23007,12988,2770,12822,19000,5576,12139,1008,1956,42905,16992,27860,30093,16526,31807,7374,2705,10101,53070,14028,807,11179,6924,4354,17154,1105,48336,45838,
26,34478,26536,16026,15112,30096,24928,37364,47374,9621,47124,21519,31594,5884,41773,1321,1755,18662,49973,19533,401,45931,41288,46296,5896,28364,10502,9638,3260,413,2067,11931,19742,24002,10629,11975,13403,38014,34651,36452,22791,27010,10460,21530,23119,37199,11764,15383,15780,28684,34059,20149,22514,10484,173,18612,14174,17430,13139,21924,1008,2243,53155,4776,12860,434,35300,12327,794,21259,25655,24083,14747,25670,30102,19267,37746,2579,2164,16807,15865,
27,34478,26536,16026,15112,30096,24928,37364,47374,9621,47124,21519,31594,5884,41773,1321,1755,18662,49973,19533,401,45931,41288,46296,5896,28364,10502,9638,3260,413,2067,11931,19742,24002,10629,11975,13403,38014,34651,36452,22791,11177,23780,11103,12144,16395,12557,37189,17042,27401,18491,12301,31965,5462,173,979,19972,9713,4501,17694,26932,1860,31371,9915,31703,434,45846,723,18507,40415,27561,15589,13779,1556,39208,19266,5071,31820,11168,14280,31035,
28,34478,26536,16026,15112,30096,24928,37364,47374,9621,47124,21519,31594,5884,41773,1321,1755,18662,49973,19533,401,45931,41288,46296,5896,28364,10502,9638,3260,413,2067,11931,19742,24002,10629,11975,13403,38014,34651,36452,22791,4652,18059,31705,616,18882,845,21383,37079,19711,5369,48343,20054,23299,40571,5363,43329,32509,2600,36035,13956,39493,33509,19946,21461,434,34283,27371,15681,6051,24871,17502,30657,18723,1640,30553,52221,4274,24412,11699,17821,
29,34478,26536,16026,15112,30096,24928,37364,47374,9621,47124,21519,31594,5884,41773,1321,1755,18662,49973,19533,401,45931,41288,46296,5896,28364,10502,9638,3260,413,2067,11931,19742,24002,10629,11975,13403,38014,34651,36452,22791,16950,15743,20209,8131,8415,5771,32024,53583,33286,5026,11324,13745,10658,2057,6428,19820,20210,3509,15521,191,18062,20773,22970,17475,22249,55710,40364,23000,6061,40489,34640,19337,15890,13340,1889,20628,32312,8531,45194,27156,
30,34478,26536,16026,15112,30096,24928,37364,47374,9621,47124,21519,31594,5884,41773,1321,1755,18662,49973,19533,401,45931,41288,46296,5896,28364,10502,9638,3260,413,2067,11931,19742,24002,10629,11975,13403,38014,34651,36452,22791,19576,37787,34396,16168,2526,15479,10464,16231,37392,6681,24714,27755,6572,11069,18038,11706,7678,14271,3576,191,3958,24464,14719,49203,10561,21883,1060,2642,34772,19474,43110,19361,7732,12638,7501,39940,19413,5374,16137,42388,
31,34478,26536,16026,15112,30096,24928,37364,47374,9621,47124,21519,31594,5884,41773,1321,1755,18662,49973,19533,401,45931,41288,46296,5896,28364,10502,9638,3260,413,2067,11931,19742,24002,10629,11975,13403,38014,34651,36452,22791,21868,19008,29816,13645,11124,2276,15728,10749,19874,24334,12912,48425,21303,31285,6516,15224,12864,15281,33119,41033,25456,43276,1653,27149,17606,15242,17884,34957,6165,7821,24282,28425,3218,420,2045,19676,3849,8772,19516,13498,
32,34478,26536,16026,15112,30096,24928,37364,47374,9621,47124,21519,31594,5884,41773,1321,1755,18662,49973,19533,401,45931,41288,46296,5896,28364,10502,9638,3260,413,2067,11931,19742,24002,10629,11975,13403,38014,34651,36452,22791,5310,5451,19064,2364,3216,31302,45254,26811,13497,27740,34327,37619,6430,33465,9236,42683,5886,26279,12813,9973,5367,11591,34354,20229,10664,24432,5062,29946,5744,4828,11842,10465,12012,420,3145,24767,19577,13871,12819,16970,
33,34478,26536,16026,15112,30096,24928,37364,47374,9621,47124,21519,31594,5884,41773,1321,1755,18662,49973,19533,401,45931,41288,46296,5896,28364,10502,9638,3260,413,2067,11931,19742,24002,10629,11975,13403,38014,34651,36452,22791,33096,53228,12782,24655,3943,5901,10469,12034,20719,20319,28281,12741,36412,24598,11474,20829,3814,39760,44021,2235,1158,21367,20252,44478,19182,13075,43463,9245,41462,3076,20361,33502,22227,17728,15536,11123,753,18705,38518,10670,
34,34478,26536,16026,15112,30096,24928,37364,47374,9621,47124,21519,31594,5884,41773,1321,1755,18662,49973,19533,401,45931,41288,46296,5896,28364,10502,9638,3260,413,2067,11931,19742,24002,10629,11975,13403,38014,34651,36452,22791,4170,32462,37521,8193,10645,10056,238,45761,18462,9523,32855,12342,1899,17514,2719,19954,22971,21285,7610,12941,20050,16844,2818,11545,19182,20845,2298,8653,12647,2123,29051,14497,20947,34987,45904,10406,10918,6797,17709,34355,
35,34478,26536,16026,15112,30096,24928,37364,47374,9621,47124,21519,31594,5884,41773,1321,1755,18662,49973,19533,401,45931,41288,46296,5896,28364,10502,9638,3260,413,2067,11931,19742,24002,10629,11975,13403,38014,34651,36452,22791,15472,25524,17899,9088,19745,6137,37851,12091,34593,21099,19915,21633,13942,29545,34334,21170,18457,31107,8825,3036,15973,42681,1758,12952,12220,32420,6237,7068,5964,27286,15185,16092,2138,857,8400,18522,17962,342,24970,21964,
36,34478,26536,16026,15112,30096,24928,37364,47374,9621,47124,21519,31594,5884,41773,1321,1755,18662,49973,19533,401,45931,41288,46296,5896,28364,10502,9638,3260,413,2067,11931,19742,24002,10629,11975,13403,38014,34651,36452,22791,18673,11093,37794,1609,10769,5034,12506,23459,37153,14007,15127,27855,25594,6507,10149,12356,808,14727,6316,9050,17566,33866,16878,45795,12220,12954,5244,15913,43633,4055,11398,18265,11953,7906,31996,20994,10775,20333,25156,16322,
37,34478,26536,16026,15112,30096,24928,37364,47374,9621,47124,21519,31594,5884,41773,1321,1755,18662,49973,19533,401,45931,41288,46296,5896,28364,10502,9638,3260,413,2067,11931,19742,24002,10629,11975,13403,38014,34651,36452,22791,13787,15163,14048,23985,99,17813,10552,11377,24172,16048,13732,13420,16334,13795,9270,12659,808,32999,38223,28629,16598,29833,12303,51318,14295,33137,30650,28811,3231,24053,24583,15978,4134,21291,1379,20994,18033,20077,34851,11275,
38,34478,26536,16026,15112,30096,24928,37364,47374,9621,47124,21519,31594,5884,41773,1321,1755,18662,49973,19533,401,45931,41288,46296,5896,28364,10502,9638,3260,413,2067,11931,19742,24002,10629,11975,13403,38014,34651,36452,22791,27801,10662,22179,2061,59539,10771,26789,24671,24521,37517,13507,10881,24149,25182,3321,11828,19783,28801,39978,30392,6998,18484,3633,13339,21834,45710,19294,47428,2371,13304,29462,35251,6904,40530,28319,10941,35667,14803,40077,11508,
39,34478,26536,16026,15112,30096,24928,37364,47374,9621,47124,21519,31594,5884,41773,1321,1755,18662,49973,19533,401,45931,41288,46296,5896,28364,10502,9638,3260,413,2067,11931,19742,24002,10629,11975,13403,38014,34651,36452,22791,1931,44311,20259,4652,21220,9699,10667,29473,26345,2455,22467,29899,2047,21298,5170,44854,4741,10643,12530,20051,14080,40745,38398,12508,19553,16641,37073,13924,25668,1711,12799,37878,40792,20041,17226,30043,10743,13407,10267,39533,
40,34478,26536,16026,15112,30096,24928,37364,47374,9621,47124,21519,31594,5884,41773,1321,1755,18662,49973,19533,401,45931,41288,46296,5896,28364,10502,9638,3260,413,2067,11931,19742,24002,10629,11975,13403,38014,34651,36452,22791,1471,11251,12583,44455,25099,2004,31783,23461,42768,20504,17153,15527,8660,6853,48439,16144,20431,15866,1223,9222,22149,35276,10841,39883,13589,50834,10513,18479,3664,19988,13153,10152,8635,4911,6844,18052,39116,16534,40014,12665,
41,34478,26536,16026,15112,30096,24928,37364,47374,9621,47124,21519,31594,5884,41773,1321,1755,18662,49973,19533,401,45931,41288,46296,5896,28364,10502,9638,3260,413,2067,11931,19742,24002,10629,11975,13403,38014,34651,36452,22791,1471,21934,27755,6757,10581,24353,40466,20667,23324,23484,25053,14430,15665,19047,29992,13210,7809,16138,3175,17562,10924,55295,9698,23205,38064,43154,14442,33369,1158,21818,32420,40983,39028,1402,11389,10285,39477,29063,11707,12533,
42,34478,26536,16026,15112,30096,24928,37364,47374,9621,47124,21519,31594,5884,41773,1321,1755,18662,49973,19533,401,45931,41288,46296,5896,28364,10502,9638,3260,413,2067,11931,19742,24002,10629,11975,13403,38014,34651,36452,22791,19787,24828,17169,467,16829,3793,45309,27312,18768,11229,15511,16455,15079,1248,16085,20532,626,17716,13377,6480,6354,10413,25009,36583,11574,32686,32212,15675,1158,15552,26832,25010,2315,31421,8113,35184,25444,17058,50479,14617,
43,34478,26536,16026,15112,30096,24928,37364,47374,9621,47124,21519,31594,5884,41773,1321,1755,18662,49973,19533,401,45931,41288,46296,5896,28364,10502,9638,3260,413,2067,11931,19742,24002,10629,11975,13403,38014,34651,36452,22791,5129,36764,48393,46004,11799,31465,35854,10142,45492,14014,22966,39267,7838,24865,11445,12065,7795,20966,6527,19152,21860,20939,5108,10135,28236,11393,13774,12037,28379,19260,26344,24741,35803,7482,20611,39868,3146,20006,10471,10016,
44,34478,26536,16026,15112,30096,24928,37364,47374,9621,47124,21519,31594,5884,41773,1321,1755,18662,49973,19533,401,45931,41288,46296,5896,28364,10502,9638,3260,413,2067,11931,19742,24002,10629,11975,13403,38014,34651,36452,22791,22132,36981,26461,4028,41327,6826,20325,18071,10768,8487,20069,42939,33543,3012,8933,45342,1640,13015,5361,1921,8889,11250,1505,10135,20042,57839,24225,18791,12183,40871,43009,12332,4010,10320,4506,11414,2707,16202,10471,47261,
45,34478,26536,16026,15112,30096,24928,37364,47374,9621,47124,21519,31594,5884,41773,1321,1755,18662,49973,19533,401,45931,41288,46296,5896,28364,10502,9638,3260,413,2067,11931,19742,24002,10629,11975,13403,38014,34651,36452,22791,9662,17316,11438,1624,28045,33295,22672,13827,25778,5449,20438,22851,1381,10659,2728,42568,2344,27126,20663,24689,29545,11148,1173,10135,25251,40522,15806,20474,726,33870,17340,28087,3381,25745,5544,11198,1347,12663,58486,16607,
46,34478,26536,16026,15112,30096,24928,37364,47374,9621,47124,21519,31594,5884,41773,1321,1755,18662,49973,19533,401,45931,41288,46296,5896,28364,10502,9638,3260,413,2067,11931,19742,24002,10629,11975,13403,38014,34651,36452,22791,7608,31776,11438,2832,33558,17712,15051,12594,13015,23926,34112,14382,10690,21617,48850,42387,2344,12114,3162,39326,29544,35986,9432,10135,20873,18827,29702,41793,14362,21952,37931,13773,25864,11314,27545,15455,34019,58744,17336,13875,
47,34478,26536,16026,15112,30096,24928,37364,47374,9621,47124,21519,31594,5884,41773,1321,1755,18662,49973,19533,401,45931,41288,46296,5896,28364,10502,9638,3260,413,2067,11931,19742,24002,10629,11975,13403,38014,34651,36452,22791,968,13333,33220,34665,13994,1336,35768,29704,28621,17189,31909,38067,5978,28796,9107,12671,32377,41655,38112,21356,7246,14795,3181,61165,13432,24205,19210,11856,18584,9800,18020,21509,2385,12981,23457,54100,1235,24467,39699,24602,
48,34478,26536,16026,15112,30096,24928,37364,47374,9621,47124,21519,31594,5884,41773,1321,1755,18662,49973,19533,401,45931,41288,46296,5896,28364,10502,9638,3260,413,2067,11931,19742,24002,10629,11975,13403,38014,34651,36452,22791,265,19473,52234,23876,12469,7506,27372,35191,16133,15490,24731,20402,6605,1157,33407,15305,46834,23579,4885,27733,5026,19627,1472,16956,38409,15459,22199,19472,342,20509,16563,23968,11655,4386,12290,10491,25082,12875,11766,15905,
49,34478,26536,16026,15112,30096,24928,37364,47374,9621,47124,21519,31594,5884,41773,1321,1755,18662,49973,19533,401,45931,41288,46296,5896,28364,10502,9638,3260,413,2067,11931,19742,24002,10629,11975,13403,38014,34651,36452,22791,9673,30417,10873,19218,14290,5994,25287,22945,12119,6356,23699,18712,26787,29136,1013,38984,39232,46005,2859,23625,38237,15889,42741,13265,33403,25887,17382,16771,12897,4280,20835,55622,11655,1579,3876,52759,19683,17391,17380,16256,
50,34478,26536,16026,15112,30096,24928,37364,47374,9621,47124,21519,31594,5884,41773,1321,1755,18662,49973,19533,401,45931,41288,46296,5896,28364,10502,9638,3260,413,2067,11931,19742,24002,10629,11975,13403,38014,34651,36452,22791,1367,22190,11910,33096,55947,15628,19215,12274,12119,47906,39848,18000,28636,13337,6363,15029,1614,18836,17462,11904,4092,17831,18472,20852,18923,32923,33552,11436,16209,19653,37459,11939,14722,42619,93,32267,7208,48116,23158,15322,
51,34478,26536,16026,15112,30096,24928,37364,47374,9621,47124,21519,31594,5884,41773,1321,1755,18662,49973,19533,401,45931,41288,46296,5896,28364,10502,9638,3260,413,2067,11931,19742,24002,10629,11975,13403,38014,34651,36452,22791,10242,23384,26053,15606,20717,17108,21520,16658,13470,24468,34530,18072,38814,3103,3824,19357,929,32173,15733,16117,7347,18527,8449,18840,40744,58342,10377,33867,13094,7377,10442,34465,26892,7919,26769,27365,22752,16247,20197,20945,
52,34478,26536,16026,15112,30096,24928,37364,47374,9621,47124,21519,31594,5884,41773,1321,1755,18662,49973,19533,401,45931,41288,46296,5896,28364,10502,9638,3260,413,2067,11931,19742,24002,10629,11975,13403,38014,34651,36452,22791,4644,15165,11699,29897,11869,6415,13608,29560,15636,7287,41092,33786,1115,35417,30134,20359,45856,24585,3353,13936,30894,28598,34625,24444,25646,33768,19655,27005,30796,6046,36733,12207,1161,39771,31460,15629,818,27095,46747,11181,
53,34478,26536,16026,15112,30096,24928,37364,47374,9621,47124,21519,31594,5884,41773,1321,1755,18662,49973,19533,401,45931,41288,46296,5896,28364,10502,9638,3260,413,2067,11931,19742,24002,10629,11975,13403,38014,34651,36452,22791,5580,53886,26874,31403,26365,23074,45210,36586,18391,20429,23522,11517,1327,5578,379,18395,2791,48783,41528,23435,21415,12853,17314,21306,30496,26497,14667,10981,2388,34800,40633,45760,15045,11486,17173,16777,4454,16557,18296,26937,
54,34478,26536,16026,15112,30096,24928,37364,47374,9621,47124,21519,31594,5884,41773,1321,1755,18662,49973,19533,401,45931,41288,46296,5896,28364,10502,9638,3260,413,2067,11931,19742,24002,10629,11975,13403,38014,34651,36452,22791,177,47713,12810,19049,20609,1634,24590,40556,40759,27187,14720,11762,5277,25892,379,20081,3839,14544,3922,16089,3225,11715,1551,28689,29299,17350,13006,18564,14424,21488,35222,21201,3545,1776,47556,12911,27023,18662,22345,11767,
55,34478,26536,16026,15112,30096,24928,37364,47374,9621,47124,21519,31594,5884,41773,1321,1755,18662,49973,19533,401,45931,41288,46296,5896,28364,10502,9638,3260,413,2067,11931,19742,24002,10629,11975,13403,38014,34651,36452,22791,177,23885,12306,19067,17015,19963,39798,36237,20468,17567,38984,18548,41582,15711,4211,21661,12089,28858,27590,16096,7899,12194,7863,45018,24074,13673,12852,35195,5795,17927,14660,26144,18468,14201,21097,24810,407,26953,43093,10381,
56,34478,26536,16026,15112,30096,24928,37364,47374,9621,47124,21519,31594,5884,41773,1321,1755,18662,49973,19533,401,45931,41288,46296,5896,28364,10502,9638,3260,413,2067,11931,19742,24002,10629,11975,13403,38014,34651,36452,22791,12652,11949,52219,12243,16357,29387,52260,13859,20907,12729,26795,22877,17786,1350,5689,18736,45565,31707,24067,14340,12421,44827,4554,11491,27276,26020,13368,17391,2863,25093,16445,14317,13184,5851,36005,14718,20458,26167,10477,26482,
57,34478,26536,16026,15112,30096,24928,37364,47374,9621,47124,21519,31594,5884,41773,1321,1755,18662,49973,19533,401,45931,41288,46296,5896,28364,10502,9638,3260,413,2067,11931,19742,24002,10629,11975,13403,38014,34651,36452,22791,4807,22879,15261,20491,20568,13963,12805,46537,13338,16029,27767,14828,12958,2207,3104,16279,4210,17219,34039,45478,715,11331,3972,17726,10097,29360,43623,16018,2465,9735,10619,17256,2531,10534,33344,11817,741,13029,26151,33467,
58,34478,26536,16026,15112,30096,24928,37364,47374,9621,47124,21519,31594,5884,41773,1321,1755,18662,49973,19533,401,45931,41288,46296,5896,28364,10502,9638,3260,413,2067,11931,19742,24002,10629,11975,13403,38014,34651,36452,22791,35371,16583,11527,40286,16384,17928,22978,16493,10699,38684,37474,53040,22394,12697,43881,17978,3859,27518,3645,38729,38872,13974,16945,45225,10097,13265,15049,13438,26665,7569,36301,16902,19007,9347,14627,14789,15178,17284,14088,11047,
59,34478,26536,16026,15112,30096,24928,37364,47374,9621,47124,21519,31594,5884,41773,1321,1755,18662,49973,19533,401,45931,41288,46296,5896,28364,10502,9638,3260,413,2067,11931,19742,24002,10629,11975,13403,38014,34651,36452,22791,5420,37804,13733,22751,11726,966,12834,16629,48194,179,35824,20982,31621,29956,14974,24038,32864,25432,3645,19513,5733,12489,41592,25944,11672,12636,24227,12163,14078,1773,15549,20929,26637,34926,12993,36677,7141,10773,19571,29229,
60,34478,26536,16026,15112,30096,24928,37364,47374,9621,47124,21519,31594,5884,41773,1321,1755,18662,49973,19533,401,45931,41288,46296,5896,28364,10502,9638,3260,413,2067,11931,19742,24002,10629,11975,13403,38014,34651,36452,22791,398,10691,21284,14654,23475,31715,10566,12339,41575,179,13607,21233,28923,29722,11205,26985,26446,12851,20976,11953,2429,10812,1290,17002,11672,16003,13421,12163,4399,3493,12370,18105,1973,1113,36528,31809,30046,22219,10058,15322,
61,34478,26536,16026,15112,30096,24928,37364,47374,9621,47124,21519,31594,5884,41773,1321,1755,18662,49973,19533,401,45931,41288,46296,5896,28364,10502,9638,3260,413,2067,11931,19742,24002,10629,11975,13403,38014,34651,36452,22791,8892,35613,15438,24389,12834,28295,44521,14797,46220,45629,25437,15418,10698,7179,8468,14816,10191,14366,13908,11953,15377,16267,18827,13053,25503,11754,17572,10777,25375,557,34139,29541,5024,9187,22745,35228,28544,14694,40119,27707,
62,34478,26536,16026,15112,30096,24928,37364,47374,9621,47124,21519,31594,5884,41773,1321,1755,18662,49973,19533,401,45931,41288,46296,5896,28364,10502,9638,3260,413,2067,11931,19742,24002,10629,11975,13403,38014,34651,36452,22791,9055,33206,25987,50510,19824,42088,11608,14364,20120,21244,31813,14407,27026,39430,26024,30917,41052,18184,2171,22224,5898,20655,8307,22008,32219,18350,19297,14870,17067,25765,33188,19529,7920,5755,10860,19932,29670,21428,21377,14035,
63,34478,26536,16026,15112,30096,24928,37364,47374,9621,47124,21519,31594,5884,41773,1321,1755,18662,49973,19533,401,45931,41288,46296,5896,28364,10502,9638,3260,413,2067,11931,19742,24002,10629,11975,13403,38014,34651,36452,22791,6657,13664,23425,18766,12428,339,12700,21252,15594,28241,10210,14694,6522,4731,34511,14453,1353,19816,17715,14644,437,11630,4358,22008,11719,28270,36414,32337,6805,312,12758,31079,40532,25412,46295,21653,37186,29016,18376,31250,
64,34478,26536,16026,15112,30096,24928,37364,47374,9621,47124,21519,31594,5884,41773,1321,1755,18662,49973,19533,401,45931,41288,46296,5896,28364,10502,9638,3260,413,2067,11931,19742,24002,10629,11975,13403,38014,34651,36452,22791,2108,11821,15054,12328,28673,17241,12935,40859,17341,43738,52256,10939,7359,11852,1600,38043,45079,14173,16449,10756,34048,17259,12361,12393,15317,19568,13708,25742,17066,33843,20380,33417,14840,6791,18729,22249,43630,20582,47503,19094,
65,34478,26536,16026,15112,30096,24928,37364,47374,9621,47124,21519,31594,5884,41773,1321,1755,18662,49973,19533,401,45931,41288,46296,5896,28364,10502,9638,3260,413,2067,11931,19742,24002,10629,11975,13403,38014,34651,36452,22791,1333,14675,14429,13820,13852,7833,47144,16643,12424,16872,28566,16263,35244,17952,722,14337,23902,16905,5238,32312,2572,14236,3080,12180,11113,21310,16901,39281,19455,6721,13201,16949,3597,15187,16233,15248,13592,27383,11936,12915,
66,34478,26536,16026,15112,30096,24928,37364,47374,9621,47124,21519,31594,5884,41773,1321,1755,18662,49973,19533,401,45931,41288,46296,5896,28364,10502,9638,3260,413,2067,11931,19742,24002,10629,11975,13403,38014,34651,36452,22791,10707,23830,12481,54100,11113,10772,13304,27731,21797,56668,39853,17524,3011,10969,930,15570,15748,14714,1155,49386,317,15202,9940,17390,39085,13953,34045,19891,6909,1622,31732,16943,43965,18759,24241,11237,23262,12299,11585,22135,
67,34478,26536,16026,15112,30096,24928,37364,47374,9621,47124,21519,31594,5884,41773,1321,1755,18662,49973,19533,401,45931,41288,46296,5896,28364,10502,9638,3260,413,2067,11931,19742,24002,10629,11975,13403,38014,34651,36452,22791,1306,21514,15727,12920,24210,46684,11017,25282,17279,13382,18213,17186,7652,5833,49809,16052,13018,12732,22539,14556,317,13071,27383,13470,55860,36691,10911,14406,7015,5183,21935,15892,31528,7192,12255,12278,32993,16239,13648,12056,
68,34478,26536,16026,15112,30096,24928,37364,47374,9621,47124,21519,31594,5884,41773,1321,1755,18662,49973,19533,401,45931,41288,46296,5896,28364,10502,9638,3260,413,2067,11931,19742,24002,10629,11975,13403,38014,34651,36452,22791,2787,19033,22582,43633,39300,12030,28647,24809,17574,11398,28071,42393,4337,22469,7893,14946,4122,16276,41225,10479,23651,13071,9986,13449,15409,17459,11965,38401,23015,42248,37349,21757,17750,6619,13979,36750,4534,35644,31884,12921,
69,34478,26536,16026,15112,30096,24928,37364,47374,9621,47124,21519,31594,5884,41773,1321,1755,18662,49973,19533,401,45931,41288,46296,5896,28364,10502,9638,3260,413,2067,11931,19742,24002,10629,11975,13403,38014,34651,36452,22791,12368,22593,11320,26587,15580,2350,22498,17052,37786,29514,52237,13568,29453,11949,364,14397,21174,13917,1391,24202,31902,21437,17260,19681,31807,13584,15762,14036,6230,17700,17159,17547,33070,31995,23842,31334,8199,13313,53758,15979,
70,34478,26536,16026,15112,30096,24928,37364,47374,9621,47124,21519,31594,5884,41773,1321,1755,18662,49973,19533,401,45931,41288,46296,5896,28364,10502,9638,3260,413,2067,11931,19742,24002,10629,11975,13403,38014,34651,36452,22791,3505,23487,15793,22552,12354,2895,28832,32564,22077,40783,19720,33581,8909,5909,14737,14798,5389,18064,41471,23586,2786,54718,37643,32643,17895,18637,22607,14941,9125,37560,12564,21861,15991,20759,28180,36590,16523,15036,12873,23508,
71,34478,26536,16026,15112,30096,24928,37364,47374,9621,47124,21519,31594,5884,41773,1321,1755,18662,49973,19533,401,45931,41288,46296,5896,28364,10502,9638,3260,413,2067,11931,19742,24002,10629,11975,13403,38014,34651,36452,22791,682,10704,23810,12381,14410,16529,10488,11635,27386,14941,10925,21800,39577,25856,23147,19251,18442,10465,6211,19315,6541,16344,27472,53824,41188,28116,21190,15889,33863,16909,12926,13407,1634,26890,25349,13080,18133,13025,11932,28892,
72,34478,26536,16026,15112,30096,24928,37364,47374,9621,47124,21519,31594,5884,41773,1321,1755,18662,49973,19533,401,45931,41288,46296,5896,28364,10502,9638,3260,413,2067,11931,19742,24002,10629,11975,13403,38014,34651,36452,22791,19182,28357,43578,18853,19556,13112,27643,35054,40758,29369,18922,18870,26710,5854,4699,28360,1092,13111,11233,23234,4509,24269,16595,15604,13626,43623,16839,17972,15931,2193,15581,15699,2294,3562,16632,58925,9614,17769,19806,20647,
73,34478,26536,16026,15112,30096,24928,37364,47374,9621,47124,21519,31594,5884,41773,1321,1755,18662,49973,19533,401,45931,41288,46296,5896,28364,10502,9638,3260,413,2067,11931,19742,24002,10629,11975,13403,38014,34651,36452,22791,13209,10747,10770,27446,27100,2377,16109,10998,22923,12412,26398,11940,42757,7977,10564,36698,21572,10338,12303,18064,4694,12910,22029,17505,20558,15014,27281,26685,4200,7191,20038,12829,16660,23189,33732,17570,684,24101,13889,13571,
74,34478,26536,16026,15112,30096,24928,37364,47374,9621,47124,21519,31594,5884,41773,1321,1755,18662,49973,19533,401,45931,41288,46296,5896,28364,10502,9638,3260,413,2067,11931,19742,24002,10629,11975,13403,38014,34651,36452,22791,27538,13111,20611,26791,11750,29844,32472,17652,22847,28279,25934,13217,13206,4437,7185,11245,32286,19628,9298,57293,5432,18850,1147,35292,12415,17111,23724,18281,6945,3835,15443,25663,39450,7914,32095,39802,44318,12964,36232,10271,
75,34478,26536,16026,15112,30096,24928,37364,47374,9621,47124,21519,31594,5884,41773,1321,1755,18662,49973,19533,401,45931,41288,46296,5896,28364,10502,9638,3260,413,2067,11931,19742,24002,10629,11975,13403,38014,34651,36452,22791,4553,21374,17836,22762,37222,13464,13779,20656,42857,25519,32958,37580,17719,41092,590,15373,23756,24739,18222,17338,8671,21892,2794,35222,37407,10788,23933,13186,7976,25069,18163,22041,7944,17298,46429,17452,8825,14295,20966,10271,
76,34478,26536,16026,15112,30096,24928,37364,47374,9621,47124,21519,31594,5884,41773,1321,1755,18662,49973,19533,401,45931,41288,46296,5896,28364,10502,9638,3260,413,2067,11931,19742,24002,10629,11975,13403,38014,34651,36452,22791,4260,30247,20468,14129,23957,45169,11050,10453,51499,10190,17274,10121,1915,20420,18129,24448,9558,16385,1865,34276,6661,20946,7460,30427,35314,51483,42152,14267,411,6689,12202,13390,4400,17617,14167,11429,4191,49514,25171,28707,
77,34478,26536,16026,15112,30096,24928,37364,47374,9621,47124,21519,31594,5884,41773,1321,1755,18662,49973,19533,401,45931,41288,46296,5896,28364,10502,9638,3260,413,2067,11931,19742,24002,10629,11975,13403,38014,34651,36452,22791,5075,35234,27202,20726,23364,3610,35783,41296,25666,17262,20407,11075,17110,8593,31732,10789,25087,12857,18409,10496,19208,13880,11200,10698,45231,28938,22498,36339,411,23176,39557,34583,6161,2284,14538,17047,34321,36065,14242,29525,
78,34478,26536,16026,15112,30096,24928,37364,47374,9621,47124,21519,31594,5884,41773,1321,1755,18662,49973,19533,401,45931,41288,46296,5896,28364,10502,9638,3260,413,2067,11931,19742,24002,10629,11975,13403,38014,34651,36452,22791,5610,20413,42162,12235,17236,11820,22079,22287,42889,15922,13536,29337,3958,11997,17986,24027,22219,10076,33013,23525,8562,22973,7344,32141,28630,29612,22910,15647,11214,76,20147,25276,10449,1044,15827,48573,3383,13543,14242,10891,
79,34478,26536,16026,15112,30096,24928,37364,47374,9621,47124,21519,31594,5884,41773,1321,1755,18662,49973,19533,401,45931,41288,46296,5896,28364,10502,9638,3260,413,2067,11931,19742,24002,10629,11975,13403,38014,34651,36452,22791,4912,14339,22849,12390,49630,25203,12726,39966,26666,20116,33686,36621,2534,8050,23470,23743,199,10076,2759,12303,26723,22002,38293,29654,26839,26793,33749,36054,41226,947,34010,19638,445,27405,26252,12660,45538,21570,23303,18272,
80,34478,26536,16026,15112,30096,24928,37364,47374,9621,47124,21519,31594,5884,41773,1321,1755,18662,49973,19533,401,45931,41288,46296,5896,28364,10502,9638,3260,413,2067,11931,19742,24002,10629,11975,13403,38014,34651,36452,22791,18949,11605,39629,12390,13203,5906,10959,26295,24537,11494,28808,25757,1873,3944,30385,47857,35627,48359,19485,12315,3154,22750,6576,19401,38119,16030,22444,22295,12873,17810,15236,25845,20906,30981,18031,15259,29303,12304,38817,43369,
81,34478,26536,16026,15112,30096,24928,37364,47374,9621,47124,21519,31594,5884,41773,1321,1755,18662,49973,19533,401,45931,41288,46296,5896,28364,10502,9638,3260,413,2067,11931,19742,24002,10629,11975,13403,38014,34651,36452,22791,17577,28476,11508,12194,31338,46774,10959,20552,36084,13403,13523,46286,26606,33030,30950,14211,19261,10960,6801,15339,26754,13417,9126,17683,26205,26807,12563,13675,24291,3541,17960,37348,9430,31011,18957,44637,2600,12474,36422,44785,
82,34478,26536,16026,15112,30096,24928,37364,47374,9621,47124,21519,31594,5884,41773,1321,1755,18662,49973,19533,401,45931,41288,46296,5896,28364,10502,9638,3260,413,2067,11931,19742,24002,10629,11975,13403,38014,34651,36452,22791,3999,23242,11078,13262,21182,9451,10959,22084,22352,13536,15791,52278,21550,39848,23158,12783,84,12863,32585,25736,2152,44893,2512,23855,20790,30595,11317,20819,2407,4827,22494,11871,4646,12435,12188,12060,34422,13696,10627,39356,
83,34478,26536,16026,15112,30096,24928,37364,47374,9621,47124,21519,31594,5884,41773,1321,1755,18662,49973,19533,401,45931,41288,46296,5896,28364,10502,9638,3260,413,2067,11931,19742,24002,10629,11975,13403,38014,34651,36452,22791,44140,24326,35560,11138,13161,27900,54123,10299,14831,13221,13943,23780,15499,11450,1635,19786,39854,12013,3093,13034,7406,14655,13939,10112,23878,30595,56575,17838,2856,11918,44381,10550,9978,9780,21693,12060,6371,23601,55726,11729,
84,34478,26536,16026,15112,30096,24928,37364,47374,9621,47124,21519,31594,5884,41773,1321,1755,18662,49973,19533,401,45931,41288,46296,5896,28364,10502,9638,3260,413,2067,11931,19742,24002,10629,11975,13403,38014,34651,36452,22791,24579,19123,33197,58851,13161,24540,21700,24533,11754,29929,16750,13553,21488,3009,10164,29088,15602,10683,32575,14877,2808,15678,1281,43271,28924,36976,43537,10858,5317,18585,46127,10550,3229,8510,20058,10140,32537,11832,43025,15094,
85,34478,26536,16026,15112,30096,24928,37364,47374,9621,47124,21519,31594,5884,41773,1321,1755,18662,49973,19533,401,45931,41288,46296,5896,28364,10502,9638,3260,413,2067,11931,19742,24002,10629,11975,13403,38014,34651,36452,22791,47536,34781,18582,10908,50295,6353,12521,39350,16373,10942,30275,25689,22142,24211,8559,45649,10607,26881,32881,23931,31490,37259,4726,18524,53821,57088,18844,46265,16802,18452,10952,18941,23801,33166,11604,47337,13949,17142,48972,10356,
86,34478,26536,16026,15112,30096,24928,37364,47374,9621,47124,21519,31594,5884,41773,1321,1755,18662,49973,19533,401,45931,41288,46296,5896,28364,10502,9638,3260,413,2067,11931,19742,24002,10629,11975,13403,38014,34651,36452,22791,18348,36213,30277,12572,20530,8400,19180,14812,40405,17085,13109,24890,21468,7633,11095,15782,10332,18962,25681,24898,42472,21427,8813,17458,28386,25913,25387,16679,27300,19570,14164,14067,6462,43941,18103,15328,8954,12498,29607,57822,
87,34478,26536,16026,15112,30096,24928,37364,47374,9621,47124,21519,31594,5884,41773,1321,1755,18662,49973,19533,401,45931,41288,46296,5896,28364,10502,9638,3260,413,2067,11931,19742,24002,10629,11975,13403,38014,34651,36452,22791,19083,15583,16659,11153,38266,16343,43189,24224,25146,34956,40387,15136,19237,5234,21195,36106,10791,33381,1888,19533,13465,13371,1617,41419,18697,14251,11834,19013,4079,11807,16912,24759,13156,25891,13125,26339,32180,16600,17634,27512,
88,34478,26536,16026,15112,30096,24928,37364,47374,9621,47124,21519,31594,5884,41773,1321,1755,18662,49973,19533,401,45931,41288,46296,5896,28364,10502,9638,3260,413,2067,11931,19742,24002,10629,11975,13403,38014,34651,36452,22791,2819,19643,25029,26863,23008,3128,21924,26948,16863,15847,16051,21690,31321,45254,27146,49909,54027,32256,15397,42041,7383,11806,1569,13180,18611,11252,10280,41329,2603,8281,40818,14246,2525,31599,33531,19898,28754,39329,45197,39581,
89,34478,26536,16026,15112,30096,24928,37364,47374,9621,47124,21519,31594,5884,41773,1321,1755,18662,49973,19533,401,45931,41288,46296,5896,28364,10502,9638,3260,413,2067,11931,19742,24002,10629,11975,13403,38014,34651,36452,22791,21027,32766,39567,35770,43574,305,34419,15605,12744,30172,47067,34335,22865,24273,20358,22834,37270,12777,8900,45331,40997,11913,3683,11549,23022,42566,40278,21980,14274,4706,13764,14523,16432,7254,19205,12819,4492,45953,15269,37840,
90,34478,26536,16026,15112,30096,24928,37364,47374,9621,47124,21519,31594,5884,41773,1321,1755,18662,49973,19533,401,45931,41288,46296,5896,28364,10502,9638,3260,413,2067,11931,19742,24002,10629,11975,13403,38014,34651,36452,22791,5713,34154,32849,11401,20359,10742,54609,18166,15343,10132,14968,11982,20341,14834,13335,13904,18288,44303,22178,43357,8981,11309,9070,16429,34677,29564,12432,44253,20509,8082,25464,14100,16361,3839,30163,10566,28731,13056,20071,26668,
91,34478,26536,16026,15112,30096,24928,37364,47374,9621,47124,21519,31594,5884,41773,1321,1755,18662,49973,19533,401,45931,41288,46296,5896,28364,10502,9638,3260,413,2067,11931,19742,24002,10629,11975,13403,38014,34651,36452,22791,3139,20124,22745,25966,44871,9402,35690,23865,12597,58339,38936,11309,10895,9800,631,17752,26220,18319,13298,31543,21420,10846,14801,13261,28436,22271,12667,22346,449,33101,15859,28076,28400,1889,25509,11299,10623,10972,11871,25486,
92,34478,26536,16026,15112,30096,24928,37364,47374,9621,47124,21519,31594,5884,41773,1321,1755,18662,49973,19533,401,45931,41288,46296,5896,28364,10502,9638,3260,413,2067,11931,19742,24002,10629,11975,13403,38014,34651,36452,22791,11238,46609,15612,16253,10203,7176,11241,11202,16896,41774,17660,29060,24927,14200,17028,13177,29746,52658,27534,46407,13587,12694,20234,22433,47234,18543,12667,12265,2671,39525,48115,24724,30553,21667,15378,21470,3631,41456,37170,38948,
93,34478,26536,16026,15112,30096,24928,37364,47374,9621,47124,21519,31594,5884,41773,1321,1755,18662,49973,19533,401,45931,41288,46296,5896,28364,10502,9638,3260,413,2067,11931,19742,24002,10629,11975,13403,38014,34651,36452,22791,11095,42607,27557,11879,14689,16224,12482,28853,21816,51394,13165,13279,47246,25917,1932,47978,14703,23655,44620,33981,26965,22612,3117,22422,22467,24500,49135,26824,18162,13875,11925,13703,22637,28694,27206,35182,7409,33994,13497,22014,
94,34478,26536,16026,15112,30096,24928,37364,47374,9621,47124,21519,31594,5884,41773,1321,1755,18662,49973,19533,401,45931,41288,46296,5896,28364,10502,9638,3260,413,2067,11931,19742,24002,10629,11975,13403,38014,34651,36452,22791,6636,12579,12841,43633,16184,14315,19384,38615,14711,35596,15817,20891,17502,11390,18232,11721,11647,16180,34020,26961,4569,10821,1528,10361,32490,13308,39116,17706,15774,37843,44714,16764,3709,15952,45456,45159,6765,38372,13497,20038,
95,34478,26536,16026,15112,30096,24928,37364,47374,9621,47124,21519,31594,5884,41773,1321,1755,18662,49973,19533,401,45931,41288,46296,5896,28364,10502,9638,3260,413,2067,11931,19742,24002,10629,11975,13403,38014,34651,36452,22791,21539,15642,25502,22356,18825,32941,13818,12156,30311,17323,13419,37788,10904,29520,4620,34363,20924,12586,15800,51025,34201,11494,1775,10485,16367,28329,41275,11135,13516,10810,11216,17979,10356,7051,46459,18556,17181,34193,35435,37810,
96,34478,26536,16026,15112,30096,24928,37364,47374,9621,47124,21519,31594,5884,41773,1321,1755,18662,49973,19533,401,45931,41288,46296,5896,28364,10502,9638,3260,413,2067,11931,19742,24002,10629,11975,13403,38014,34651,36452,22791,7909,19760,47615,20851,13417,1295,17073,13794,31925,19461,48376,20758,23761,5312,12527,22298,17239,12892,8402,25656,1618,11119,8007,17671,11600,11150,34966,18809,5417,15563,19663,31640,28566,35359,15784,10738,19630,27751,12361,32493,
97,34478,26536,16026,15112,30096,24928,37364,47374,9621,47124,21519,31594,5884,41773,1321,1755,18662,49973,19533,401,45931,41288,46296,5896,28364,10502,9638,3260,413,2067,11931,19742,24002,10629,11975,13403,38014,34651,36452,22791,7616,21101,36516,13751,14044,9984,21025,10631,53605,10432,15899,39317,38504,11686,16715,43827,14645,13502,1094,22997,3412,32161,29747,38100,14236,34919,17100,40440,4214,6199,14025,12409,12228,16491,18746,10738,1607,13824,10547,11265,
98,34478,26536,16026,15112,30096,24928,37364,47374,9621,47124,21519,31594,5884,41773,1321,1755,18662,49973,19533,401,45931,41288,46296,5896,28364,10502,9638,3260,413,2067,11931,19742,24002,10629,11975,13403,38014,34651,36452,22791,27467,42311,11298,25817,26183,1132,17508,12352,26584,13375,30030,16332,15628,11903,6287,11427,19237,12733,8079,22531,31379,12782,14420,55094,24602,15901,23689,21732,12557,8168,26560,32729,8286,44221,16653,34978,18601,15277,14300,19345,
99,34478,26536,16026,15112,30096,24928,37364,47374,9621,47124,21519,31594,5884,41773,1321,1755,18662,49973,19533,401,45931,41288,46296,5896,28364,10502,9638,3260,413,2067,11931,19742,24002,10629,11975,13403,38014,34651,36452,22791,10287,41994,38448,16322,13928,4494,20406,12126,42723,13375,11052,38686,35034,3081,15616,36902,29733,21887,44869,50454,10092,10418,35699,21752,18803,12500,12164,22782,31200,1522,23750,17045,17481,4583,26139,39885,4500,18624,27768,16196,
100,34478,26536,16026,15112,30096,24928,37364,47374,9621,47124,21519,31594,5884,41773,1321,1755,18662,49973,19533,401,45931,41288,46296,5896,28364,10502,9638,3260,413,2067,11931,19742,24002,10629,11975,13403,38014,34651,36452,22791,40500,13233,55939,10571,29599,12094,16241,13377,12018,42190,18460,15460,15037,35564,1678,51957,10389,14446,15705,11569,6370,12608,1300,22839,12742,48936,16200,16585,13469,9093,32761,11256,3638,9710,21591,21994,19208,10240,42320,33994,
