1,38167,34946,23004,19823,470,44122,24399,19960,28008,45049,45812,28981,35036,7538,44937,7863,48087,42406,23448,34976,32144,17670,44580,29806,42973,42168,42478,17419,44501,1179,49924,9901,32014,20304,48785,38140,42479,40223,27628,22155,25856,41006,6764,29038,34676,21874,47356,30392,28841,23007,33272,35364,35720,33073,45101,45599,26021,23477,7175,115,48972,34598,24734,47918,19272,36217,33550,32647,23240,26507,6653,25495,5176,18440,43115,35865,40376,6577,22701,27789,
2,38167,34946,23004,19823,470,44122,24399,19960,28008,45049,45812,28981,35036,7538,44937,7863,48087,42406,23448,34976,32144,17670,44580,29806,42973,42168,42478,17419,44501,1179,49924,9901,32014,20304,48785,38140,42479,40223,27628,22155,25856,41006,6764,29038,34676,21874,47356,30392,28841,23007,33272,35364,35720,33073,45101,45599,26021,23477,7175,115,48972,34598,24734,47918,19272,36217,33550,32647,23240,26507,6653,25495,9086,7805,9906,7432,1710,2370,27862,31364,
3,38167,34946,23004,19823,470,44122,24399,19960,28008,45049,45812,28981,35036,7538,44937,7863,48087,42406,23448,34976,32144,17670,44580,29806,42973,42168,42478,17419,44501,1179,49924,9901,32014,20304,48785,38140,42479,40223,27628,22155,25856,41006,6764,29038,34676,21874,47356,30392,28841,23007,33272,35364,35720,33073,45101,45599,26021,23477,7175,115,48972,34598,24734,47918,19272,36217,33550,32647,23240,26507,6653,25495,4861,34837,6027,8727,1710,20625,22929,3145,
4,38167,34946,23004,19823,470,44122,24399,19960,28008,45049,45812,28981,35036,7538,44937,7863,48087,42406,23448,34976,32144,17670,44580,29806,42973,42168,42478,17419,44501,1179,49924,9901,32014,20304,48785,38140,42479,40223,27628,22155,25856,41006,6764,29038,34676,21874,47356,30392,28841,23007,33272,35364,35720,33073,45101,45599,26021,23477,7175,115,48972,34598,24734,47918,19272,36217,33550,32647,23240,26507,6653,25495,11587,5257,6027,4690,42589,3988,1805,2087,
5,38167,34946,23004,19823,470,44122,24399,19960,28008,45049,45812,28981,35036,7538,44937,7863,48087,42406,23448,34976,32144,17670,44580,29806,42973,42168,42478,17419,44501,1179,49924,9901,32014,20304,48785,38140,42479,40223,27628,22155,25856,41006,6764,29038,34676,21874,47356,30392,28841,23007,33272,35364,35720,33073,45101,45599,26021,23477,7175,115,48972,34598,24734,47918,19272,36217,33550,32647,23240,26507,6653,25495,6376,21888,17886,4646,2981,22183,2113,12922,
6,38167,34946,23004,19823,470,44122,24399,19960,28008,45049,45812,28981,35036,7538,44937,7863,48087,42406,23448,34976,32144,17670,44580,29806,42973,42168,42478,17419,44501,1179,49924,9901,32014,20304,48785,38140,42479,40223,27628,22155,25856,41006,6764,29038,34676,21874,47356,30392,28841,23007,33272,35364,35720,33073,45101,45599,26021,23477,7175,115,48972,34598,24734,47918,19272,36217,33550,32647,23240,26507,6653,25495,31984,21935,7462,665,5808,24837,20665,10158,
7,38167,34946,23004,19823,470,44122,24399,19960,28008,45049,45812,28981,35036,7538,44937,7863,48087,42406,23448,34976,32144,17670,44580,29806,42973,42168,42478,17419,44501,1179,49924,9901,32014,20304,48785,38140,42479,40223,27628,22155,25856,41006,6764,29038,34676,21874,47356,30392,28841,23007,33272,35364,35720,33073,45101,45599,26021,23477,7175,115,48972,34598,24734,47918,19272,36217,33550,32647,23240,26507,6653,25495,12149,8734,115,829,42205,26361,415,7293,
8,38167,34946,23004,19823,470,44122,24399,19960,28008,45049,45812,28981,35036,7538,44937,7863,48087,42406,23448,34976,32144,17670,44580,29806,42973,42168,42478,17419,44501,1179,49924,9901,32014,20304,48785,38140,42479,40223,27628,22155,25856,41006,6764,29038,34676,21874,47356,30392,28841,23007,33272,35364,35720,33073,45101,45599,26021,23477,7175,115,48972,34598,24734,47918,19272,36217,33550,32647,23240,26507,6653,25495,15207,6518,49086,7055,8664,15043,7913,36395,
9,38167,34946,23004,19823,470,44122,24399,19960,28008,45049,45812,28981,35036,7538,44937,7863,48087,42406,23448,34976,32144,17670,44580,29806,42973,42168,42478,17419,44501,1179,49924,9901,32014,20304,48785,38140,42479,40223,27628,22155,25856,41006,6764,29038,34676,21874,47356,30392,28841,23007,33272,35364,35720,33073,45101,45599,26021,23477,7175,115,48972,34598,24734,47918,19272,36217,33550,32647,23240,26507,6653,25495,2939,646,28985,27699,1932,11447,4135,18779,
10,38167,34946,23004,19823,470,44122,24399,19960,28008,45049,45812,28981,35036,7538,44937,7863,48087,42406,23448,34976,32144,17670,44580,29806,42973,42168,42478,17419,44501,1179,49924,9901,32014,20304,48785,38140,42479,40223,27628,22155,25856,41006,6764,29038,34676,21874,47356,30392,28841,23007,33272,35364,35720,33073,45101,45599,26021,23477,7175,115,48972,34598,24734,47918,19272,36217,33550,32647,23240,26507,6653,25495,14903,17280,17281,29409,33410,7999,3465,2281,
11,38167,34946,23004,19823,470,44122,24399,19960,28008,45049,45812,28981,35036,7538,44937,7863,48087,42406,23448,34976,32144,17670,44580,29806,42973,42168,42478,17419,44501,1179,49924,9901,32014,20304,48785,38140,42479,40223,27628,22155,25856,41006,6764,29038,34676,21874,47356,30392,28841,23007,33272,35364,35720,33073,45101,45599,26021,23477,7175,115,48972,34598,24734,47918,19272,36217,33550,32647,23240,26507,6653,25495,21120,14587,47116,13262,16747,23193,7698,19388,
12,38167,34946,23004,19823,470,44122,24399,19960,28008,45049,45812,28981,35036,7538,44937,7863,48087,42406,23448,34976,32144,17670,44580,29806,42973,42168,42478,17419,44501,1179,49924,9901,32014,20304,48785,38140,42479,40223,27628,22155,25856,41006,6764,29038,34676,21874,47356,30392,28841,23007,33272,35364,35720,33073,45101,45599,26021,23477,7175,115,48972,34598,24734,47918,19272,36217,33550,32647,23240,26507,6653,25495,2373,21988,14447,37128,28862,2198,18113,28035,
13,38167,34946,23004,19823,470,44122,24399,19960,28008,45049,45812,28981,35036,7538,44937,7863,48087,42406,23448,34976,32144,17670,44580,29806,42973,42168,42478,17419,44501,1179,49924,9901,32014,20304,48785,38140,42479,40223,27628,22155,25856,41006,6764,29038,34676,21874,47356,30392,28841,23007,33272,35364,35720,33073,45101,45599,26021,23477,7175,115,48972,34598,24734,47918,19272,36217,33550,32647,23240,26507,6653,25495,10143,21465,26065,21982,5704,16420,676,20361,
14,38167,34946,23004,19823,470,44122,24399,19960,28008,45049,45812,28981,35036,7538,44937,7863,48087,42406,23448,34976,32144,17670,44580,29806,42973,42168,42478,17419,44501,1179,49924,9901,32014,20304,48785,38140,42479,40223,27628,22155,25856,41006,6764,29038,34676,21874,47356,30392,28841,23007,33272,35364,35720,33073,45101,45599,26021,23477,7175,115,48972,34598,24734,47918,19272,36217,33550,32647,23240,26507,6653,25495,18022,2672,45062,31447,1948,20715,36123,12286,
15,38167,34946,23004,19823,470,44122,24399,19960,28008,45049,45812,28981,35036,7538,44937,7863,48087,42406,23448,34976,32144,17670,44580,29806,42973,42168,42478,17419,44501,1179,49924,9901,32014,20304,48785,38140,42479,40223,27628,22155,25856,41006,6764,29038,34676,21874,47356,30392,28841,23007,33272,35364,35720,33073,45101,45599,26021,23477,7175,115,48972,34598,24734,47918,19272,36217,33550,32647,23240,26507,6653,25495,23701,9266,10158,439,16680,39465,11281,7546,
16,38167,34946,23004,19823,470,44122,24399,19960,28008,45049,45812,28981,35036,7538,44937,7863,48087,42406,23448,34976,32144,17670,44580,29806,42973,42168,42478,17419,44501,1179,49924,9901,32014,20304,48785,38140,42479,40223,27628,22155,25856,41006,6764,29038,34676,21874,47356,30392,28841,23007,33272,35364,35720,33073,45101,45599,26021,23477,7175,115,48972,34598,24734,47918,19272,36217,33550,32647,23240,26507,6653,25495,11537,10189,29515,32539,12688,1069,20779,12223,
17,38167,34946,23004,19823,470,44122,24399,19960,28008,45049,45812,28981,35036,7538,44937,7863,48087,42406,23448,34976,32144,17670,44580,29806,42973,42168,42478,17419,44501,1179,49924,9901,32014,20304,48785,38140,42479,40223,27628,22155,25856,41006,6764,29038,34676,21874,47356,30392,28841,23007,33272,35364,35720,33073,45101,45599,26021,23477,7175,115,48972,34598,24734,47918,19272,36217,33550,32647,23240,26507,6653,25495,3983,374,31814,19734,6113,11150,39008,7109,
18,38167,34946,23004,19823,470,44122,24399,19960,28008,45049,45812,28981,35036,7538,44937,7863,48087,42406,23448,34976,32144,17670,44580,29806,42973,42168,42478,17419,44501,1179,49924,9901,32014,20304,48785,38140,42479,40223,27628,22155,25856,41006,6764,29038,34676,21874,47356,30392,28841,23007,33272,35364,35720,33073,45101,45599,26021,23477,7175,115,48972,34598,24734,47918,19272,36217,33550,32647,23240,26507,6653,25495,1616,16710,26227,11161,21876,10354,1422,3765,
19,38167,34946,23004,19823,470,44122,24399,19960,28008,45049,45812,28981,35036,7538,44937,7863,48087,42406,23448,34976,32144,17670,44580,29806,42973,42168,42478,17419,44501,1179,49924,9901,32014,20304,48785,38140,42479,40223,27628,22155,25856,41006,6764,29038,34676,21874,47356,30392,28841,23007,33272,35364,35720,33073,45101,45599,26021,23477,7175,115,48972,34598,24734,47918,19272,36217,33550,32647,23240,26507,6653,25495,22038,3327,11675,13579,9322,7594,6985,5051,
20,38167,34946,23004,19823,470,44122,24399,19960,28008,45049,45812,28981,35036,7538,44937,7863,48087,42406,23448,34976,32144,17670,44580,29806,42973,42168,42478,17419,44501,1179,49924,9901,32014,20304,48785,38140,42479,40223,27628,22155,25856,41006,6764,29038,34676,21874,47356,30392,28841,23007,33272,35364,35720,33073,45101,45599,26021,23477,7175,115,48972,34598,24734,47918,19272,36217,33550,32647,23240,26507,6653,25495,14472,1540,44077,33152,10856,2593,15470,2164,
21,38167,34946,23004,19823,470,44122,24399,19960,28008,45049,45812,28981,35036,7538,44937,7863,48087,42406,23448,34976,32144,17670,44580,29806,42973,42168,42478,17419,44501,1179,49924,9901,32014,20304,48785,38140,42479,40223,27628,22155,25856,41006,6764,29038,34676,21874,47356,30392,28841,23007,33272,35364,35720,33073,45101,45599,26021,23477,7175,115,48972,34598,24734,47918,19272,36217,33550,32647,23240,26507,6653,25495,16785,12343,10765,11478,4856,2593,8447,36918,
22,38167,34946,23004,19823,470,44122,24399,19960,28008,45049,45812,28981,35036,7538,44937,7863,48087,42406,23448,34976,32144,17670,44580,29806,42973,42168,42478,17419,44501,1179,49924,9901,32014,20304,48785,38140,42479,40223,27628,22155,25856,41006,6764,29038,34676,21874,47356,30392,28841,23007,33272,35364,35720,33073,45101,45599,26021,23477,7175,115,48972,34598,24734,47918,19272,36217,33550,32647,23240,26507,6653,25495,17486,18130,10636,27491,22724,3570,36535,38353,
23,38167,34946,23004,19823,470,44122,24399,19960,28008,45049,45812,28981,35036,7538,44937,7863,48087,42406,23448,34976,32144,17670,44580,29806,42973,42168,42478,17419,44501,1179,49924,9901,32014,20304,48785,38140,42479,40223,27628,22155,25856,41006,6764,29038,34676,21874,47356,30392,28841,23007,33272,35364,35720,33073,45101,45599,26021,23477,7175,115,48972,34598,24734,47918,19272,36217,33550,32647,23240,26507,6653,25495,11044,6637,11052,28351,22358,26365,1067,32705,
24,38167,34946,23004,19823,470,44122,24399,19960,28008,45049,45812,28981,35036,7538,44937,7863,48087,42406,23448,34976,32144,17670,44580,29806,42973,42168,42478,17419,44501,1179,49924,9901,32014,20304,48785,38140,42479,40223,27628,22155,25856,41006,6764,29038,34676,21874,47356,30392,28841,23007,33272,35364,35720,33073,45101,45599,26021,23477,7175,115,48972,34598,24734,47918,19272,36217,33550,32647,23240,26507,6653,25495,9348,2069,16355,13704,10481,40170,14172,4761,
25,38167,34946,23004,19823,470,44122,24399,19960,28008,45049,45812,28981,35036,7538,44937,7863,48087,42406,23448,34976,32144,17670,44580,29806,42973,42168,42478,17419,44501,1179,49924,9901,32014,20304,48785,38140,42479,40223,27628,22155,25856,41006,6764,29038,34676,21874,47356,30392,28841,23007,33272,35364,35720,33073,45101,45599,26021,23477,7175,115,48972,34598,24734,47918,19272,36217,33550,32647,23240,26507,6653,25495,52992,8065,25458,27590,18915,38685,16890,4467,
26,38167,34946,23004,19823,470,44122,24399,19960,28008,45049,45812,28981,35036,7538,44937,7863,48087,42406,23448,34976,32144,17670,44580,29806,42973,42168,42478,17419,44501,1179,49924,9901,32014,20304,48785,38140,42479,40223,27628,22155,25856,41006,6764,29038,34676,21874,47356,30392,28841,23007,33272,35364,35720,33073,45101,45599,26021,23477,7175,115,48972,34598,24734,47918,19272,36217,33550,32647,23240,26507,6653,25495,28849,20137,30461,28031,27103,12036,12369,34905,
27,38167,34946,23004,19823,470,44122,24399,19960,28008,45049,45812,28981,35036,7538,44937,7863,48087,42406,23448,34976,32144,17670,44580,29806,42973,42168,42478,17419,44501,1179,49924,9901,32014,20304,48785,38140,42479,40223,27628,22155,25856,41006,6764,29038,34676,21874,47356,30392,28841,23007,33272,35364,35720,33073,45101,45599,26021,23477,7175,115,48972,34598,24734,47918,19272,36217,33550,32647,23240,26507,6653,25495,11630,4847,30454,44413,7424,7282,7252,6026,
28,38167,34946,23004,19823,470,44122,24399,19960,28008,45049,45812,28981,35036,7538,44937,7863,48087,42406,23448,34976,32144,17670,44580,29806,42973,42168,42478,17419,44501,1179,49924,9901,32014,20304,48785,38140,42479,40223,27628,22155,25856,41006,6764,29038,34676,21874,47356,30392,28841,23007,33272,35364,35720,33073,45101,45599,26021,23477,7175,115,48972,34598,24734,47918,19272,36217,33550,32647,23240,26507,6653,25495,28684,11874,22675,14301,4040,6855,20226,14182,
29,38167,34946,23004,19823,470,44122,24399,19960,28008,45049,45812,28981,35036,7538,44937,7863,48087,42406,23448,34976,32144,17670,44580,29806,42973,42168,42478,17419,44501,1179,49924,9901,32014,20304,48785,38140,42479,40223,27628,22155,25856,41006,6764,29038,34676,21874,47356,30392,28841,23007,33272,35364,35720,33073,45101,45599,26021,23477,7175,115,48972,34598,24734,47918,19272,36217,33550,32647,23240,26507,6653,25495,10961,23398,42882,22245,2647,7235,19601,10932,
30,38167,34946,23004,19823,470,44122,24399,19960,28008,45049,45812,28981,35036,7538,44937,7863,48087,42406,23448,34976,32144,17670,44580,29806,42973,42168,42478,17419,44501,1179,49924,9901,32014,20304,48785,38140,42479,40223,27628,22155,25856,41006,6764,29038,34676,21874,47356,30392,28841,23007,33272,35364,35720,33073,45101,45599,26021,23477,7175,115,48972,34598,24734,47918,19272,36217,33550,32647,23240,26507,6653,25495,34331,2747,43494,37535,1154,20642,1631,4469,
31,38167,34946,23004,19823,470,44122,24399,19960,28008,45049,45812,28981,35036,7538,44937,7863,48087,42406,23448,34976,32144,17670,44580,29806,42973,42168,42478,17419,44501,1179,49924,9901,32014,20304,48785,38140,42479,40223,27628,22155,25856,41006,6764,29038,34676,21874,47356,30392,28841,23007,33272,35364,35720,33073,45101,45599,26021,23477,7175,115,48972,34598,24734,47918,19272,36217,33550,32647,23240,26507,6653,25495,20642,1285,19992,15734,29988,23916,36579,25099,
32,38167,34946,23004,19823,470,44122,24399,19960,28008,45049,45812,28981,35036,7538,44937,7863,48087,42406,23448,34976,32144,17670,44580,29806,42973,42168,42478,17419,44501,1179,49924,9901,32014,20304,48785,38140,42479,40223,27628,22155,25856,41006,6764,29038,34676,21874,47356,30392,28841,23007,33272,35364,35720,33073,45101,45599,26021,23477,7175,115,48972,34598,24734,47918,19272,36217,33550,32647,23240,26507,6653,25495,11601,7832,27167,50545,2641,12151,17110,34818,
33,38167,34946,23004,19823,470,44122,24399,19960,28008,45049,45812,28981,35036,7538,44937,7863,48087,42406,23448,34976,32144,17670,44580,29806,42973,42168,42478,17419,44501,1179,49924,9901,32014,20304,48785,38140,42479,40223,27628,22155,25856,41006,6764,29038,34676,21874,47356,30392,28841,23007,33272,35364,35720,33073,45101,45599,26021,23477,7175,115,48972,34598,24734,47918,19272,36217,33550,32647,23240,26507,6653,25495,33200,4400,49042,38834,1452,35269,20796,2719,
34,38167,34946,23004,19823,470,44122,24399,19960,28008,45049,45812,28981,35036,7538,44937,7863,48087,42406,23448,34976,32144,17670,44580,29806,42973,42168,42478,17419,44501,1179,49924,9901,32014,20304,48785,38140,42479,40223,27628,22155,25856,41006,6764,29038,34676,21874,47356,30392,28841,23007,33272,35364,35720,33073,45101,45599,26021,23477,7175,115,48972,34598,24734,47918,19272,36217,33550,32647,23240,26507,6653,25495,17918,6849,40325,43151,16897,2008,349,4715,
35,38167,34946,23004,19823,470,44122,24399,19960,28008,45049,45812,28981,35036,7538,44937,7863,48087,42406,23448,34976,32144,17670,44580,29806,42973,42168,42478,17419,44501,1179,49924,9901,32014,20304,48785,38140,42479,40223,27628,22155,25856,41006,6764,29038,34676,21874,47356,30392,28841,23007,33272,35364,35720,33073,45101,45599,26021,23477,7175,115,48972,34598,24734,47918,19272,36217,33550,32647,23240,26507,6653,25495,20101,23769,11017,47081,6734,1413,461,15076,
36,38167,34946,23004,19823,470,44122,24399,19960,28008,45049,45812,28981,35036,7538,44937,7863,48087,42406,23448,34976,32144,17670,44580,29806,42973,42168,42478,17419,44501,1179,49924,9901,32014,20304,48785,38140,42479,40223,27628,22155,25856,41006,6764,29038,34676,21874,47356,30392,28841,23007,33272,35364,35720,33073,45101,45599,26021,23477,7175,115,48972,34598,24734,47918,19272,36217,33550,32647,23240,26507,6653,25495,11703,22341,36519,13720,17151,30020,39291,10102,
37,38167,34946,23004,19823,470,44122,24399,19960,28008,45049,45812,28981,35036,7538,44937,7863,48087,42406,23448,34976,32144,17670,44580,29806,42973,42168,42478,17419,44501,1179,49924,9901,32014,20304,48785,38140,42479,40223,27628,22155,25856,41006,6764,29038,34676,21874,47356,30392,28841,23007,33272,35364,35720,33073,45101,45599,26021,23477,7175,115,48972,34598,24734,47918,19272,36217,33550,32647,23240,26507,6653,25495,20878,44569,59133,30040,6432,19509,2580,1432,
38,38167,34946,23004,19823,470,44122,24399,19960,28008,45049,45812,28981,35036,7538,44937,7863,48087,42406,23448,34976,32144,17670,44580,29806,42973,42168,42478,17419,44501,1179,49924,9901,32014,20304,48785,38140,42479,40223,27628,22155,25856,41006,6764,29038,34676,21874,47356,30392,28841,23007,33272,35364,35720,33073,45101,45599,26021,23477,7175,115,48972,34598,24734,47918,19272,36217,33550,32647,23240,26507,6653,25495,25391,43120,24512,16801,12899,17791,1751,1325,
39,38167,34946,23004,19823,470,44122,24399,19960,28008,45049,45812,28981,35036,7538,44937,7863,48087,42406,23448,34976,32144,17670,44580,29806,42973,42168,42478,17419,44501,1179,49924,9901,32014,20304,48785,38140,42479,40223,27628,22155,25856,41006,6764,29038,34676,21874,47356,30392,28841,23007,33272,35364,35720,33073,45101,45599,26021,23477,7175,115,48972,34598,24734,47918,19272,36217,33550,32647,23240,26507,6653,25495,28258,7704,45603,36168,10134,29245,26003,12751,
40,38167,34946,23004,19823,470,44122,24399,19960,28008,45049,45812,28981,35036,7538,44937,7863,48087,42406,23448,34976,32144,17670,44580,29806,42973,42168,42478,17419,44501,1179,49924,9901,32014,20304,48785,38140,42479,40223,27628,22155,25856,41006,6764,29038,34676,21874,47356,30392,28841,23007,33272,35364,35720,33073,45101,45599,26021,23477,7175,115,48972,34598,24734,47918,19272,36217,33550,32647,23240,26507,6653,25495,21585,142,13287,14724,30792,5202,788,23253,
41,38167,34946,23004,19823,470,44122,24399,19960,28008,45049,45812,28981,35036,7538,44937,7863,48087,42406,23448,34976,32144,17670,44580,29806,42973,42168,42478,17419,44501,1179,49924,9901,32014,20304,48785,38140,42479,40223,27628,22155,25856,41006,6764,29038,34676,21874,47356,30392,28841,23007,33272,35364,35720,33073,45101,45599,26021,23477,7175,115,48972,34598,24734,47918,19272,36217,33550,32647,23240,26507,6653,25495,41485,142,12553,36151,1529,7865,2287,4819,
42,38167,34946,23004,19823,470,44122,24399,19960,28008,45049,45812,28981,35036,7538,44937,7863,48087,42406,23448,34976,32144,17670,44580,29806,42973,42168,42478,17419,44501,1179,49924,9901,32014,20304,48785,38140,42479,40223,27628,22155,25856,41006,6764,29038,34676,21874,47356,30392,28841,23007,33272,35364,35720,33073,45101,45599,26021,23477,7175,115,48972,34598,24734,47918,19272,36217,33550,32647,23240,26507,6653,25495,47482,142,10692,22450,9574,29496,17009,5580,
43,38167,34946,23004,19823,470,44122,24399,19960,28008,45049,45812,28981,35036,7538,44937,7863,48087,42406,23448,34976,32144,17670,44580,29806,42973,42168,42478,17419,44501,1179,49924,9901,32014,20304,48785,38140,42479,40223,27628,22155,25856,41006,6764,29038,34676,21874,47356,30392,28841,23007,33272,35364,35720,33073,45101,45599,26021,23477,7175,115,48972,34598,24734,47918,19272,36217,33550,32647,23240,26507,6653,25495,27168,142,25921,21496,2045,8981,3002,9854,
44,38167,34946,23004,19823,470,44122,24399,19960,28008,45049,45812,28981,35036,7538,44937,7863,48087,42406,23448,34976,32144,17670,44580,29806,42973,42168,42478,17419,44501,1179,49924,9901,32014,20304,48785,38140,42479,40223,27628,22155,25856,41006,6764,29038,34676,21874,47356,30392,28841,23007,33272,35364,35720,33073,45101,45599,26021,23477,7175,115,48972,34598,24734,47918,19272,36217,33550,32647,23240,26507,6653,25495,19689,142,14616,26503,4480,29259,39880,21989,
45,38167,34946,23004,19823,470,44122,24399,19960,28008,45049,45812,28981,35036,7538,44937,7863,48087,42406,23448,34976,32144,17670,44580,29806,42973,42168,42478,17419,44501,1179,49924,9901,32014,20304,48785,38140,42479,40223,27628,22155,25856,41006,6764,29038,34676,21874,47356,30392,28841,23007,33272,35364,35720,33073,45101,45599,26021,23477,7175,115,48972,34598,24734,47918,19272,36217,33550,32647,23240,26507,6653,25495,13328,59071,25127,31156,7945,18475,2801,43159,
46,38167,34946,23004,19823,470,44122,24399,19960,28008,45049,45812,28981,35036,7538,44937,7863,48087,42406,23448,34976,32144,17670,44580,29806,42973,42168,42478,17419,44501,1179,49924,9901,32014,20304,48785,38140,42479,40223,27628,22155,25856,41006,6764,29038,34676,21874,47356,30392,28841,23007,33272,35364,35720,33073,45101,45599,26021,23477,7175,115,48972,34598,24734,47918,19272,36217,33550,32647,23240,26507,6653,25495,11185,16340,12747,30041,43469,5555,2013,377,
47,38167,34946,23004,19823,470,44122,24399,19960,28008,45049,45812,28981,35036,7538,44937,7863,48087,42406,23448,34976,32144,17670,44580,29806,42973,42168,42478,17419,44501,1179,49924,9901,32014,20304,48785,38140,42479,40223,27628,22155,25856,41006,6764,29038,34676,21874,47356,30392,28841,23007,33272,35364,35720,33073,45101,45599,26021,23477,7175,115,48972,34598,24734,47918,19272,36217,33550,32647,23240,26507,6653,25495,19394,11770,23378,55270,796,8106,2013,5257,
48,38167,34946,23004,19823,470,44122,24399,19960,28008,45049,45812,28981,35036,7538,44937,7863,48087,42406,23448,34976,32144,17670,44580,29806,42973,42168,42478,17419,44501,1179,49924,9901,32014,20304,48785,38140,42479,40223,27628,22155,25856,41006,6764,29038,34676,21874,47356,30392,28841,23007,33272,35364,35720,33073,45101,45599,26021,23477,7175,115,48972,34598,24734,47918,19272,36217,33550,32647,23240,26507,6653,25495,54327,20417,12981,23598,31711,7951,44937,22017,
49,38167,34946,23004,19823,470,44122,24399,19960,28008,45049,45812,28981,35036,7538,44937,7863,48087,42406,23448,34976,32144,17670,44580,29806,42973,42168,42478,17419,44501,1179,49924,9901,32014,20304,48785,38140,42479,40223,27628,22155,25856,41006,6764,29038,34676,21874,47356,30392,28841,23007,33272,35364,35720,33073,45101,45599,26021,23477,7175,115,48972,34598,24734,47918,19272,36217,33550,32647,23240,26507,6653,25495,15353,38216,24356,33562,10933,992,4013,2911,
50,38167,34946,23004,19823,470,44122,24399,19960,28008,45049,45812,28981,35036,7538,44937,7863,48087,42406,23448,34976,32144,17670,44580,29806,42973,42168,42478,17419,44501,1179,49924,9901,32014,20304,48785,38140,42479,40223,27628,22155,25856,41006,6764,29038,34676,21874,47356,30392,28841,23007,33272,35364,35720,33073,45101,45599,26021,23477,7175,115,48972,34598,24734,47918,19272,36217,33550,32647,23240,26507,6653,25495,14374,26257,22522,32370,1708,681,2299,3299,
51,38167,34946,23004,19823,470,44122,24399,19960,28008,45049,45812,28981,35036,7538,44937,7863,48087,42406,23448,34976,32144,17670,44580,29806,42973,42168,42478,17419,44501,1179,49924,9901,32014,20304,48785,38140,42479,40223,27628,22155,25856,41006,6764,29038,34676,21874,47356,30392,28841,23007,33272,35364,35720,33073,45101,45599,26021,23477,7175,115,48972,34598,24734,47918,19272,36217,33550,32647,23240,26507,6653,25495,28651,20902,18924,13834,2073,20718,7379,17129,
52,38167,34946,23004,19823,470,44122,24399,19960,28008,45049,45812,28981,35036,7538,44937,7863,48087,42406,23448,34976,32144,17670,44580,29806,42973,42168,42478,17419,44501,1179,49924,9901,32014,20304,48785,38140,42479,40223,27628,22155,25856,41006,6764,29038,34676,21874,47356,30392,28841,23007,33272,35364,35720,33073,45101,45599,26021,23477,7175,115,48972,34598,24734,47918,19272,36217,33550,32647,23240,26507,6653,25495,47074,60240,41802,37782,9844,24312,18936,4234,
53,38167,34946,23004,19823,470,44122,24399,19960,28008,45049,45812,28981,35036,7538,44937,7863,48087,42406,23448,34976,32144,17670,44580,29806,42973,42168,42478,17419,44501,1179,49924,9901,32014,20304,48785,38140,42479,40223,27628,22155,25856,41006,6764,29038,34676,21874,47356,30392,28841,23007,33272,35364,35720,33073,45101,45599,26021,23477,7175,115,48972,34598,24734,47918,19272,36217,33550,32647,23240,26507,6653,25495,35431,25671,13239,13557,13141,5588,2115,6778,
54,38167,34946,23004,19823,470,44122,24399,19960,28008,45049,45812,28981,35036,7538,44937,7863,48087,42406,23448,34976,32144,17670,44580,29806,42973,42168,42478,17419,44501,1179,49924,9901,32014,20304,48785,38140,42479,40223,27628,22155,25856,41006,6764,29038,34676,21874,47356,30392,28841,23007,33272,35364,35720,33073,45101,45599,26021,23477,7175,115,48972,34598,24734,47918,19272,36217,33550,32647,23240,26507,6653,25495,15090,44244,24149,23633,27898,580,15654,12635,
55,38167,34946,23004,19823,470,44122,24399,19960,28008,45049,45812,28981,35036,7538,44937,7863,48087,42406,23448,34976,32144,17670,44580,29806,42973,42168,42478,17419,44501,1179,49924,9901,32014,20304,48785,38140,42479,40223,27628,22155,25856,41006,6764,29038,34676,21874,47356,30392,28841,23007,33272,35364,35720,33073,45101,45599,26021,23477,7175,115,48972,34598,24734,47918,19272,36217,33550,32647,23240,26507,6653,25495,15509,11110,15355,10586,18252,580,9420,2835,
56,38167,34946,23004,19823,470,44122,24399,19960,28008,45049,45812,28981,35036,7538,44937,7863,48087,42406,23448,34976,32144,17670,44580,29806,42973,42168,42478,17419,44501,1179,49924,9901,32014,20304,48785,38140,42479,40223,27628,22155,25856,41006,6764,29038,34676,21874,47356,30392,28841,23007,33272,35364,35720,33073,45101,45599,26021,23477,7175,115,48972,34598,24734,47918,19272,36217,33550,32647,23240,26507,6653,25495,13705,18066,34305,14878,2068,5031,19122,10942,
57,38167,34946,23004,19823,470,44122,24399,19960,28008,45049,45812,28981,35036,7538,44937,7863,48087,42406,23448,34976,32144,17670,44580,29806,42973,42168,42478,17419,44501,1179,49924,9901,32014,20304,48785,38140,42479,40223,27628,22155,25856,41006,6764,29038,34676,21874,47356,30392,28841,23007,33272,35364,35720,33073,45101,45599,26021,23477,7175,115,48972,34598,24734,47918,19272,36217,33550,32647,23240,26507,6653,25495,33147,11835,20385,12055,2068,12888,4317,31867,
58,38167,34946,23004,19823,470,44122,24399,19960,28008,45049,45812,28981,35036,7538,44937,7863,48087,42406,23448,34976,32144,17670,44580,29806,42973,42168,42478,17419,44501,1179,49924,9901,32014,20304,48785,38140,42479,40223,27628,22155,25856,41006,6764,29038,34676,21874,47356,30392,28841,23007,33272,35364,35720,33073,45101,45599,26021,23477,7175,115,48972,34598,24734,47918,19272,36217,33550,32647,23240,26507,6653,25495,11392,10878,37476,26323,4896,4996,37838,11927,
59,38167,34946,23004,19823,470,44122,24399,19960,28008,45049,45812,28981,35036,7538,44937,7863,48087,42406,23448,34976,32144,17670,44580,29806,42973,42168,42478,17419,44501,1179,49924,9901,32014,20304,48785,38140,42479,40223,27628,22155,25856,41006,6764,29038,34676,21874,47356,30392,28841,23007,33272,35364,35720,33073,45101,45599,26021,23477,7175,115,48972,34598,24734,47918,19272,36217,33550,32647,23240,26507,6653,25495,16519,19228,24896,16872,4793,35650,42965,5678,
60,38167,34946,23004,19823,470,44122,24399,19960,28008,45049,45812,28981,35036,7538,44937,7863,48087,42406,23448,34976,32144,17670,44580,29806,42973,42168,42478,17419,44501,1179,49924,9901,32014,20304,48785,38140,42479,40223,27628,22155,25856,41006,6764,29038,34676,21874,47356,30392,28841,23007,33272,35364,35720,33073,45101,45599,26021,23477,7175,115,48972,34598,24734,47918,19272,36217,33550,32647,23240,26507,6653,25495,13030,17813,10411,33037,2990,8195,6797,5326,
61,38167,34946,23004,19823,470,44122,24399,19960,28008,45049,45812,28981,35036,7538,44937,7863,48087,42406,23448,34976,32144,17670,44580,29806,42973,42168,42478,17419,44501,1179,49924,9901,32014,20304,48785,38140,42479,40223,27628,22155,25856,41006,6764,29038,34676,21874,47356,30392,28841,23007,33272,35364,35720,33073,45101,45599,26021,23477,7175,115,48972,34598,24734,47918,19272,36217,33550,32647,23240,26507,6653,25495,26525,38841,14687,13913,44451,7972,15590,20039,
62,38167,34946,23004,19823,470,44122,24399,19960,28008,45049,45812,28981,35036,7538,44937,7863,48087,42406,23448,34976,32144,17670,44580,29806,42973,42168,42478,17419,44501,1179,49924,9901,32014,20304,48785,38140,42479,40223,27628,22155,25856,41006,6764,29038,34676,21874,47356,30392,28841,23007,33272,35364,35720,33073,45101,45599,26021,23477,7175,115,48972,34598,24734,47918,19272,36217,33550,32647,23240,26507,6653,25495,26133,13241,14922,35981,7381,16680,5234,1268,
63,38167,34946,23004,19823,470,44122,24399,19960,28008,45049,45812,28981,35036,7538,44937,7863,48087,42406,23448,34976,32144,17670,44580,29806,42973,42168,42478,17419,44501,1179,49924,9901,32014,20304,48785,38140,42479,40223,27628,22155,25856,41006,6764,29038,34676,21874,47356,30392,28841,23007,33272,35364,35720,33073,45101,45599,26021,23477,7175,115,48972,34598,24734,47918,19272,36217,33550,32647,23240,26507,6653,25495,41196,22764,21491,23519,4058,19449,24612,20155,
64,38167,34946,23004,19823,470,44122,24399,19960,28008,45049,45812,28981,35036,7538,44937,7863,48087,42406,23448,34976,32144,17670,44580,29806,42973,42168,42478,17419,44501,1179,49924,9901,32014,20304,48785,38140,42479,40223,27628,22155,25856,41006,6764,29038,34676,21874,47356,30392,28841,23007,33272,35364,35720,33073,45101,45599,26021,23477,7175,115,48972,34598,24734,47918,19272,36217,33550,32647,23240,26507,6653,25495,35827,14719,18547,28843,4172,6206,42285,21001,
65,38167,34946,23004,19823,470,44122,24399,19960,28008,45049,45812,28981,35036,7538,44937,7863,48087,42406,23448,34976,32144,17670,44580,29806,42973,42168,42478,17419,44501,1179,49924,9901,32014,20304,48785,38140,42479,40223,27628,22155,25856,41006,6764,29038,34676,21874,47356,30392,28841,23007,33272,35364,35720,33073,45101,45599,26021,23477,7175,115,48972,34598,24734,47918,19272,36217,33550,32647,23240,26507,6653,25495,16660,25047,42846,21950,19800,5890,10444,8022,
66,38167,34946,23004,19823,470,44122,24399,19960,28008,45049,45812,28981,35036,7538,44937,7863,48087,42406,23448,34976,32144,17670,44580,29806,42973,42168,42478,17419,44501,1179,49924,9901,32014,20304,48785,38140,42479,40223,27628,22155,25856,41006,6764,29038,34676,21874,47356,30392,28841,23007,33272,35364,35720,33073,45101,45599,26021,23477,7175,115,48972,34598,24734,47918,19272,36217,33550,32647,23240,26507,6653,25495,13903,23238,11964,18688,23144,5579,28837,7692,
67,38167,34946,23004,19823,470,44122,24399,19960,28008,45049,45812,28981,35036,7538,44937,7863,48087,42406,23448,34976,32144,17670,44580,29806,42973,42168,42478,17419,44501,1179,49924,9901,32014,20304,48785,38140,42479,40223,27628,22155,25856,41006,6764,29038,34676,21874,47356,30392,28841,23007,33272,35364,35720,33073,45101,45599,26021,23477,7175,115,48972,34598,24734,47918,19272,36217,33550,32647,23240,26507,6653,25495,15368,32820,22104,38157,1728,17021,6428,16495,
68,38167,34946,23004,19823,470,44122,24399,19960,28008,45049,45812,28981,35036,7538,44937,7863,48087,42406,23448,34976,32144,17670,44580,29806,42973,42168,42478,17419,44501,1179,49924,9901,32014,20304,48785,38140,42479,40223,27628,22155,25856,41006,6764,29038,34676,21874,47356,30392,28841,23007,33272,35364,35720,33073,45101,45599,26021,23477,7175,115,48972,34598,24734,47918,19272,36217,33550,32647,23240,26507,6653,25495,18100,13043,15725,10863,16118,7722,15776,12843,
69,38167,34946,23004,19823,470,44122,24399,19960,28008,45049,45812,28981,35036,7538,44937,7863,48087,42406,23448,34976,32144,17670,44580,29806,42973,42168,42478,17419,44501,1179,49924,9901,32014,20304,48785,38140,42479,40223,27628,22155,25856,41006,6764,29038,34676,21874,47356,30392,28841,23007,33272,35364,35720,33073,45101,45599,26021,23477,7175,115,48972,34598,24734,47918,19272,36217,33550,32647,23240,26507,6653,25495,28178,23490,11557,45405,29965,32393,24014,19136,
70,38167,34946,23004,19823,470,44122,24399,19960,28008,45049,45812,28981,35036,7538,44937,7863,48087,42406,23448,34976,32144,17670,44580,29806,42973,42168,42478,17419,44501,1179,49924,9901,32014,20304,48785,38140,42479,40223,27628,22155,25856,41006,6764,29038,34676,21874,47356,30392,28841,23007,33272,35364,35720,33073,45101,45599,26021,23477,7175,115,48972,34598,24734,47918,19272,36217,33550,32647,23240,26507,6653,25495,41055,18816,24351,26340,10580,1630,5049,10066,
71,38167,34946,23004,19823,470,44122,24399,19960,28008,45049,45812,28981,35036,7538,44937,7863,48087,42406,23448,34976,32144,17670,44580,29806,42973,42168,42478,17419,44501,1179,49924,9901,32014,20304,48785,38140,42479,40223,27628,22155,25856,41006,6764,29038,34676,21874,47356,30392,28841,23007,33272,35364,35720,33073,45101,45599,26021,23477,7175,115,48972,34598,24734,47918,19272,36217,33550,32647,23240,26507,6653,25495,20923,15950,31772,29276,57097,12683,28403,4793,
72,38167,34946,23004,19823,470,44122,24399,19960,28008,45049,45812,28981,35036,7538,44937,7863,48087,42406,23448,34976,32144,17670,44580,29806,42973,42168,42478,17419,44501,1179,49924,9901,32014,20304,48785,38140,42479,40223,27628,22155,25856,41006,6764,29038,34676,21874,47356,30392,28841,23007,33272,35364,35720,33073,45101,45599,26021,23477,7175,115,48972,34598,24734,47918,19272,36217,33550,32647,23240,26507,6653,25495,23785,14656,22460,26755,14572,2338,44134,32032,
73,38167,34946,23004,19823,470,44122,24399,19960,28008,45049,45812,28981,35036,7538,44937,7863,48087,42406,23448,34976,32144,17670,44580,29806,42973,42168,42478,17419,44501,1179,49924,9901,32014,20304,48785,38140,42479,40223,27628,22155,25856,41006,6764,29038,34676,21874,47356,30392,28841,23007,33272,35364,35720,33073,45101,45599,26021,23477,7175,115,48972,34598,24734,47918,19272,36217,33550,32647,23240,26507,6653,25495,39623,13749,15463,40161,11796,9013,13152,968,
74,38167,34946,23004,19823,470,44122,24399,19960,28008,45049,45812,28981,35036,7538,44937,7863,48087,42406,23448,34976,32144,17670,44580,29806,42973,42168,42478,17419,44501,1179,49924,9901,32014,20304,48785,38140,42479,40223,27628,22155,25856,41006,6764,29038,34676,21874,47356,30392,28841,23007,33272,35364,35720,33073,45101,45599,26021,23477,7175,115,48972,34598,24734,47918,19272,36217,33550,32647,23240,26507,6653,25495,29582,29419,13060,42782,11796,8940,29773,45888,
75,38167,34946,23004,19823,470,44122,24399,19960,28008,45049,45812,28981,35036,7538,44937,7863,48087,42406,23448,34976,32144,17670,44580,29806,42973,42168,42478,17419,44501,1179,49924,9901,32014,20304,48785,38140,42479,40223,27628,22155,25856,41006,6764,29038,34676,21874,47356,30392,28841,23007,33272,35364,35720,33073,45101,45599,26021,23477,7175,115,48972,34598,24734,47918,19272,36217,33550,32647,23240,26507,6653,25495,49734,12960,17966,16575,28760,5362,14457,4000,
76,38167,34946,23004,19823,470,44122,24399,19960,28008,45049,45812,28981,35036,7538,44937,7863,48087,42406,23448,34976,32144,17670,44580,29806,42973,42168,42478,17419,44501,1179,49924,9901,32014,20304,48785,38140,42479,40223,27628,22155,25856,41006,6764,29038,34676,21874,47356,30392,28841,23007,33272,35364,35720,33073,45101,45599,26021,23477,7175,115,48972,34598,24734,47918,19272,36217,33550,32647,23240,26507,6653,25495,14843,55570,18157,47862,49105,2439,985,22333,
77,38167,34946,23004,19823,470,44122,24399,19960,28008,45049,45812,28981,35036,7538,44937,7863,48087,42406,23448,34976,32144,17670,44580,29806,42973,42168,42478,17419,44501,1179,49924,9901,32014,20304,48785,38140,42479,40223,27628,22155,25856,41006,6764,29038,34676,21874,47356,30392,28841,23007,33272,35364,35720,33073,45101,45599,26021,23477,7175,115,48972,34598,24734,47918,19272,36217,33550,32647,23240,26507,6653,25495,18237,28782,17510,36707,13416,2017,17712,29860,
78,38167,34946,23004,19823,470,44122,24399,19960,28008,45049,45812,28981,35036,7538,44937,7863,48087,42406,23448,34976,32144,17670,44580,29806,42973,42168,42478,17419,44501,1179,49924,9901,32014,20304,48785,38140,42479,40223,27628,22155,25856,41006,6764,29038,34676,21874,47356,30392,28841,23007,33272,35364,35720,33073,45101,45599,26021,23477,7175,115,48972,34598,24734,47918,19272,36217,33550,32647,23240,26507,6653,25495,34359,17934,16884,22526,42931,49618,39429,7133,
79,38167,34946,23004,19823,470,44122,24399,19960,28008,45049,45812,28981,35036,7538,44937,7863,48087,42406,23448,34976,32144,17670,44580,29806,42973,42168,42478,17419,44501,1179,49924,9901,32014,20304,48785,38140,42479,40223,27628,22155,25856,41006,6764,29038,34676,21874,47356,30392,28841,23007,33272,35364,35720,33073,45101,45599,26021,23477,7175,115,48972,34598,24734,47918,19272,36217,33550,32647,23240,26507,6653,25495,19609,12938,27822,11544,11414,13895,9058,9095,
80,38167,34946,23004,19823,470,44122,24399,19960,28008,45049,45812,28981,35036,7538,44937,7863,48087,42406,23448,34976,32144,17670,44580,29806,42973,42168,42478,17419,44501,1179,49924,9901,32014,20304,48785,38140,42479,40223,27628,22155,25856,41006,6764,29038,34676,21874,47356,30392,28841,23007,33272,35364,35720,33073,45101,45599,26021,23477,7175,115,48972,34598,24734,47918,19272,36217,33550,32647,23240,26507,6653,25495,51300,12214,28388,21271,12817,24081,15907,10010,
81,38167,34946,23004,19823,470,44122,24399,19960,28008,45049,45812,28981,35036,7538,44937,7863,48087,42406,23448,34976,32144,17670,44580,29806,42973,42168,42478,17419,44501,1179,49924,9901,32014,20304,48785,38140,42479,40223,27628,22155,25856,41006,6764,29038,34676,21874,47356,30392,28841,23007,33272,35364,35720,33073,45101,45599,26021,23477,7175,115,48972,34598,24734,47918,19272,36217,33550,32647,23240,26507,6653,25495,22128,12731,14513,40052,17358,39344,6553,25774,
82,38167,34946,23004,19823,470,44122,24399,19960,28008,45049,45812,28981,35036,7538,44937,7863,48087,42406,23448,34976,32144,17670,44580,29806,42973,42168,42478,17419,44501,1179,49924,9901,32014,20304,48785,38140,42479,40223,27628,22155,25856,41006,6764,29038,34676,21874,47356,30392,28841,23007,33272,35364,35720,33073,45101,45599,26021,23477,7175,115,48972,34598,24734,47918,19272,36217,33550,32647,23240,26507,6653,25495,12164,17772,12777,15648,15725,44108,11662,28138,
83,38167,34946,23004,19823,470,44122,24399,19960,28008,45049,45812,28981,35036,7538,44937,7863,48087,42406,23448,34976,32144,17670,44580,29806,42973,42168,42478,17419,44501,1179,49924,9901,32014,20304,48785,38140,42479,40223,27628,22155,25856,41006,6764,29038,34676,21874,47356,30392,28841,23007,33272,35364,35720,33073,45101,45599,26021,23477,7175,115,48972,34598,24734,47918,19272,36217,33550,32647,23240,26507,6653,25495,15613,27114,46383,24056,45723,14116,5776,1366,
84,38167,34946,23004,19823,470,44122,24399,19960,28008,45049,45812,28981,35036,7538,44937,7863,48087,42406,23448,34976,32144,17670,44580,29806,42973,42168,42478,17419,44501,1179,49924,9901,32014,20304,48785,38140,42479,40223,27628,22155,25856,41006,6764,29038,34676,21874,47356,30392,28841,23007,33272,35364,35720,33073,45101,45599,26021,23477,7175,115,48972,34598,24734,47918,19272,36217,33550,32647,23240,26507,6653,25495,28732,16093,15966,11332,26709,21296,4686,6239,
85,38167,34946,23004,19823,470,44122,24399,19960,28008,45049,45812,28981,35036,7538,44937,7863,48087,42406,23448,34976,32144,17670,44580,29806,42973,42168,42478,17419,44501,1179,49924,9901,32014,20304,48785,38140,42479,40223,27628,22155,25856,41006,6764,29038,34676,21874,47356,30392,28841,23007,33272,35364,35720,33073,45101,45599,26021,23477,7175,115,48972,34598,24734,47918,19272,36217,33550,32647,23240,26507,6653,25495,34671,51843,11184,33011,15672,4856,58029,3252,
86,38167,34946,23004,19823,470,44122,24399,19960,28008,45049,45812,28981,35036,7538,44937,7863,48087,42406,23448,34976,32144,17670,44580,29806,42973,42168,42478,17419,44501,1179,49924,9901,32014,20304,48785,38140,42479,40223,27628,22155,25856,41006,6764,29038,34676,21874,47356,30392,28841,23007,33272,35364,35720,33073,45101,45599,26021,23477,7175,115,48972,34598,24734,47918,19272,36217,33550,32647,23240,26507,6653,25495,53336,14261,47335,13954,35566,10852,27919,20592,
87,38167,34946,23004,19823,470,44122,24399,19960,28008,45049,45812,28981,35036,7538,44937,7863,48087,42406,23448,34976,32144,17670,44580,29806,42973,42168,42478,17419,44501,1179,49924,9901,32014,20304,48785,38140,42479,40223,27628,22155,25856,41006,6764,29038,34676,21874,47356,30392,28841,23007,33272,35364,35720,33073,45101,45599,26021,23477,7175,115,48972,34598,24734,47918,19272,36217,33550,32647,23240,26507,6653,25495,16227,25399,22577,13176,18328,12751,2625,5322,
88,38167,34946,23004,19823,470,44122,24399,19960,28008,45049,45812,28981,35036,7538,44937,7863,48087,42406,23448,34976,32144,17670,44580,29806,42973,42168,42478,17419,44501,1179,49924,9901,32014,20304,48785,38140,42479,40223,27628,22155,25856,41006,6764,29038,34676,21874,47356,30392,28841,23007,33272,35364,35720,33073,45101,45599,26021,23477,7175,115,48972,34598,24734,47918,19272,36217,33550,32647,23240,26507,6653,25495,10812,20787,12460,37686,10709,1522,2608,6857,
89,38167,34946,23004,19823,470,44122,24399,19960,28008,45049,45812,28981,35036,7538,44937,7863,48087,42406,23448,34976,32144,17670,44580,29806,42973,42168,42478,17419,44501,1179,49924,9901,32014,20304,48785,38140,42479,40223,27628,22155,25856,41006,6764,29038,34676,21874,47356,30392,28841,23007,33272,35364,35720,33073,45101,45599,26021,23477,7175,115,48972,34598,24734,47918,19272,36217,33550,32647,23240,26507,6653,25495,15519,13825,24979,32213,39241,33114,23754,10520,
90,38167,34946,23004,19823,470,44122,24399,19960,28008,45049,45812,28981,35036,7538,44937,7863,48087,42406,23448,34976,32144,17670,44580,29806,42973,42168,42478,17419,44501,1179,49924,9901,32014,20304,48785,38140,42479,40223,27628,22155,25856,41006,6764,29038,34676,21874,47356,30392,28841,23007,33272,35364,35720,33073,45101,45599,26021,23477,7175,115,48972,34598,24734,47918,19272,36217,33550,32647,23240,26507,6653,25495,17816,46685,19649,11969,33563,42942,16523,666,
91,38167,34946,23004,19823,470,44122,24399,19960,28008,45049,45812,28981,35036,7538,44937,7863,48087,42406,23448,34976,32144,17670,44580,29806,42973,42168,42478,17419,44501,1179,49924,9901,32014,20304,48785,38140,42479,40223,27628,22155,25856,41006,6764,29038,34676,21874,47356,30392,28841,23007,33272,35364,35720,33073,45101,45599,26021,23477,7175,115,48972,34598,24734,47918,19272,36217,33550,32647,23240,26507,6653,25495,19947,10225,10952,18062,33595,1316,5322,4751,
92,38167,34946,23004,19823,470,44122,24399,19960,28008,45049,45812,28981,35036,7538,44937,7863,48087,42406,23448,34976,32144,17670,44580,29806,42973,42168,42478,17419,44501,1179,49924,9901,32014,20304,48785,38140,42479,40223,27628,22155,25856,41006,6764,29038,34676,21874,47356,30392,28841,23007,33272,35364,35720,33073,45101,45599,26021,23477,7175,115,48972,34598,24734,47918,19272,36217,33550,32647,23240,26507,6653,25495,10729,32096,18192,11581,19641,26368,2253,1379,
93,38167,34946,23004,19823,470,44122,24399,19960,28008,45049,45812,28981,35036,7538,44937,7863,48087,42406,23448,34976,32144,17670,44580,29806,42973,42168,42478,17419,44501,1179,49924,9901,32014,20304,48785,38140,42479,40223,27628,22155,25856,41006,6764,29038,34676,21874,47356,30392,28841,23007,33272,35364,35720,33073,45101,45599,26021,23477,7175,115,48972,34598,24734,47918,19272,36217,33550,32647,23240,26507,6653,25495,35512,11616,45646,50177,17821,17739,13228,10982,
94,38167,34946,23004,19823,470,44122,24399,19960,28008,45049,45812,28981,35036,7538,44937,7863,48087,42406,23448,34976,32144,17670,44580,29806,42973,42168,42478,17419,44501,1179,49924,9901,32014,20304,48785,38140,42479,40223,27628,22155,25856,41006,6764,29038,34676,21874,47356,30392,28841,23007,33272,35364,35720,33073,45101,45599,26021,23477,7175,115,48972,34598,24734,47918,19272,36217,33550,32647,23240,26507,6653,25495,40282,12515,28014,14841,42082,1337,1380,3495,
95,38167,34946,23004,19823,470,44122,24399,19960,28008,45049,45812,28981,35036,7538,44937,7863,48087,42406,23448,34976,32144,17670,44580,29806,42973,42168,42478,17419,44501,1179,49924,9901,32014,20304,48785,38140,42479,40223,27628,22155,25856,41006,6764,29038,34676,21874,47356,30392,28841,23007,33272,35364,35720,33073,45101,45599,26021,23477,7175,115,48972,34598,24734,47918,19272,36217,33550,32647,23240,26507,6653,25495,23155,15093,17579,11434,19408,1712,8550,29416,
96,38167,34946,23004,19823,470,44122,24399,19960,28008,45049,45812,28981,35036,7538,44937,7863,48087,42406,23448,34976,32144,17670,44580,29806,42973,42168,42478,17419,44501,1179,49924,9901,32014,20304,48785,38140,42479,40223,27628,22155,25856,41006,6764,29038,34676,21874,47356,30392,28841,23007,33272,35364,35720,33073,45101,45599,26021,23477,7175,115,48972,34598,24734,47918,19272,36217,33550,32647,23240,26507,6653,25495,28433,52453,19615,11656,15482,25822,6327,8561,
97,38167,34946,23004,19823,470,44122,24399,19960,28008,45049,45812,28981,35036,7538,44937,7863,48087,42406,23448,34976,32144,17670,44580,29806,42973,42168,42478,17419,44501,1179,49924,9901,32014,20304,48785,38140,42479,40223,27628,22155,25856,41006,6764,29038,34676,21874,47356,30392,28841,23007,33272,35364,35720,33073,45101,45599,26021,23477,7175,115,48972,34598,24734,47918,19272,36217,33550,32647,23240,26507,6653,25495,47297,28690,24003,31453,12310,9160,1395,11956,
98,38167,34946,23004,19823,470,44122,24399,19960,28008,45049,45812,28981,35036,7538,44937,7863,48087,42406,23448,34976,32144,17670,44580,29806,42973,42168,42478,17419,44501,1179,49924,9901,32014,20304,48785,38140,42479,40223,27628,22155,25856,41006,6764,29038,34676,21874,47356,30392,28841,23007,33272,35364,35720,33073,45101,45599,26021,23477,7175,115,48972,34598,24734,47918,19272,36217,33550,32647,23240,26507,6653,25495,23266,20923,31461,11146,20324,1306,2254,912,
99,38167,34946,23004,19823,470,44122,24399,19960,28008,45049,45812,28981,35036,7538,44937,7863,48087,42406,23448,34976,32144,17670,44580,29806,42973,42168,42478,17419,44501,1179,49924,9901,32014,20304,48785,38140,42479,40223,27628,22155,25856,41006,6764,29038,34676,21874,47356,30392,28841,23007,33272,35364,35720,33073,45101,45599,26021,23477,7175,115,48972,34598,24734,47918,19272,36217,33550,32647,23240,26507,6653,25495,19130,16002,11302,30398,13845,6545,20805,1115,
100,38167,34946,23004,19823,470,44122,24399,19960,28008,45049,45812,28981,35036,7538,44937,7863,48087,42406,23448,34976,32144,17670,44580,29806,42973,42168,42478,17419,44501,1179,49924,9901,32014,20304,48785,38140,42479,40223,27628,22155,25856,41006,6764,29038,34676,21874,47356,30392,28841,23007,33272,35364,35720,33073,45101,45599,26021,23477,7175,115,48972,34598,24734,47918,19272,36217,33550,32647,23240,26507,6653,25495,18630,11564,18521,40942,18801,5530,11323,8422,
