1,21422,37738,14237,38647,42718,15940,29272,38797,25528,6830,37373,26631,4840,33387,28333,14925,34305,42802,48633,43869,30300,17578,34707,49196,11045,20800,1516,43533,6439,3958,22971,24080,40149,1791,32166,37085,11252,28123,25986,5643,49501,369,31009,27161,17158,38723,8174,12955,28402,19046,6543,24307,47676,24525,23734,3415,37696,23801,28023,2833,2588,34920,28714,6371,26968,29054,44197,24328,24550,6282,4300,20508,50069,13934,47751,39943,1331,42974,6639,31441,
2,21422,37738,14237,38647,42718,15940,29272,38797,25528,6830,37373,26631,4840,33387,28333,14925,34305,42802,48633,43869,30300,17578,34707,49196,11045,20800,1516,43533,6439,3958,22971,24080,40149,1791,32166,37085,11252,28123,25986,5643,49501,369,31009,27161,17158,38723,8174,12955,28402,19046,6543,24307,47676,24525,23734,3415,37696,23801,28023,2833,2588,34920,28714,6371,26968,29054,44197,24328,24550,6282,4300,20508,16463,28807,1579,20887,19372,4019,26084,11345,
3,21422,37738,14237,38647,42718,15940,29272,38797,25528,6830,37373,26631,4840,33387,28333,14925,34305,42802,48633,43869,30300,17578,34707,49196,11045,20800,1516,43533,6439,3958,22971,24080,40149,1791,32166,37085,11252,28123,25986,5643,49501,369,31009,27161,17158,38723,8174,12955,28402,19046,6543,24307,47676,24525,23734,3415,37696,23801,28023,2833,2588,34920,28714,6371,26968,29054,44197,24328,24550,6282,4300,20508,17283,4314,45492,26367,2030,41628,8933,22125,
4,21422,37738,14237,38647,42718,15940,29272,38797,25528,6830,37373,26631,4840,33387,28333,14925,34305,42802,48633,43869,30300,17578,34707,49196,11045,20800,1516,43533,6439,3958,22971,24080,40149,1791,32166,37085,11252,28123,25986,5643,49501,369,31009,27161,17158,38723,8174,12955,28402,19046,6543,24307,47676,24525,23734,3415,37696,23801,28023,2833,2588,34920,28714,6371,26968,29054,44197,24328,24550,6282,4300,20508,352,33032,41873,2856,11634,861,15474,7391,
5,21422,37738,14237,38647,42718,15940,29272,38797,25528,6830,37373,26631,4840,33387,28333,14925,34305,42802,48633,43869,30300,17578,34707,49196,11045,20800,1516,43533,6439,3958,22971,24080,40149,1791,32166,37085,11252,28123,25986,5643,49501,369,31009,27161,17158,38723,8174,12955,28402,19046,6543,24307,47676,24525,23734,3415,37696,23801,28023,2833,2588,34920,28714,6371,26968,29054,44197,24328,24550,6282,4300,20508,10887,4767,5939,21723,8808,13728,17662,6240,
6,21422,37738,14237,38647,42718,15940,29272,38797,25528,6830,37373,26631,4840,33387,28333,14925,34305,42802,48633,43869,30300,17578,34707,49196,11045,20800,1516,43533,6439,3958,22971,24080,40149,1791,32166,37085,11252,28123,25986,5643,49501,369,31009,27161,17158,38723,8174,12955,28402,19046,6543,24307,47676,24525,23734,3415,37696,23801,28023,2833,2588,34920,28714,6371,26968,29054,44197,24328,24550,6282,4300,20508,10218,45016,3170,4319,29238,2857,331,3770,
7,21422,37738,14237,38647,42718,15940,29272,38797,25528,6830,37373,26631,4840,33387,28333,14925,34305,42802,48633,43869,30300,17578,34707,49196,11045,20800,1516,43533,6439,3958,22971,24080,40149,1791,32166,37085,11252,28123,25986,5643,49501,369,31009,27161,17158,38723,8174,12955,28402,19046,6543,24307,47676,24525,23734,3415,37696,23801,28023,2833,2588,34920,28714,6371,26968,29054,44197,24328,24550,6282,4300,20508,14589,8236,22291,3247,4147,3850,33453,14107,
8,21422,37738,14237,38647,42718,15940,29272,38797,25528,6830,37373,26631,4840,33387,28333,14925,34305,42802,48633,43869,30300,17578,34707,49196,11045,20800,1516,43533,6439,3958,22971,24080,40149,1791,32166,37085,11252,28123,25986,5643,49501,369,31009,27161,17158,38723,8174,12955,28402,19046,6543,24307,47676,24525,23734,3415,37696,23801,28023,2833,2588,34920,28714,6371,26968,29054,44197,24328,24550,6282,4300,20508,792,19156,3264,8634,5857,2103,3372,2655,
9,21422,37738,14237,38647,42718,15940,29272,38797,25528,6830,37373,26631,4840,33387,28333,14925,34305,42802,48633,43869,30300,17578,34707,49196,11045,20800,1516,43533,6439,3958,22971,24080,40149,1791,32166,37085,11252,28123,25986,5643,49501,369,31009,27161,17158,38723,8174,12955,28402,19046,6543,24307,47676,24525,23734,3415,37696,23801,28023,2833,2588,34920,28714,6371,26968,29054,44197,24328,24550,6282,4300,20508,2244,4635,11787,18511,2162,365,3611,5126,
10,21422,37738,14237,38647,42718,15940,29272,38797,25528,6830,37373,26631,4840,33387,28333,14925,34305,42802,48633,43869,30300,17578,34707,49196,11045,20800,1516,43533,6439,3958,22971,24080,40149,1791,32166,37085,11252,28123,25986,5643,49501,369,31009,27161,17158,38723,8174,12955,28402,19046,6543,24307,47676,24525,23734,3415,37696,23801,28023,2833,2588,34920,28714,6371,26968,29054,44197,24328,24550,6282,4300,20508,7557,6973,2695,33206,34734,4444,15183,8910,
11,21422,37738,14237,38647,42718,15940,29272,38797,25528,6830,37373,26631,4840,33387,28333,14925,34305,42802,48633,43869,30300,17578,34707,49196,11045,20800,1516,43533,6439,3958,22971,24080,40149,1791,32166,37085,11252,28123,25986,5643,49501,369,31009,27161,17158,38723,8174,12955,28402,19046,6543,24307,47676,24525,23734,3415,37696,23801,28023,2833,2588,34920,28714,6371,26968,29054,44197,24328,24550,6282,4300,20508,3536,7934,7841,3662,23804,21534,5892,31245,
12,21422,37738,14237,38647,42718,15940,29272,38797,25528,6830,37373,26631,4840,33387,28333,14925,34305,42802,48633,43869,30300,17578,34707,49196,11045,20800,1516,43533,6439,3958,22971,24080,40149,1791,32166,37085,11252,28123,25986,5643,49501,369,31009,27161,17158,38723,8174,12955,28402,19046,6543,24307,47676,24525,23734,3415,37696,23801,28023,2833,2588,34920,28714,6371,26968,29054,44197,24328,24550,6282,4300,20508,28553,7291,1430,8764,30533,8544,1056,27081,
13,21422,37738,14237,38647,42718,15940,29272,38797,25528,6830,37373,26631,4840,33387,28333,14925,34305,42802,48633,43869,30300,17578,34707,49196,11045,20800,1516,43533,6439,3958,22971,24080,40149,1791,32166,37085,11252,28123,25986,5643,49501,369,31009,27161,17158,38723,8174,12955,28402,19046,6543,24307,47676,24525,23734,3415,37696,23801,28023,2833,2588,34920,28714,6371,26968,29054,44197,24328,24550,6282,4300,20508,29753,23849,3509,6809,3150,16378,2880,23119,
14,21422,37738,14237,38647,42718,15940,29272,38797,25528,6830,37373,26631,4840,33387,28333,14925,34305,42802,48633,43869,30300,17578,34707,49196,11045,20800,1516,43533,6439,3958,22971,24080,40149,1791,32166,37085,11252,28123,25986,5643,49501,369,31009,27161,17158,38723,8174,12955,28402,19046,6543,24307,47676,24525,23734,3415,37696,23801,28023,2833,2588,34920,28714,6371,26968,29054,44197,24328,24550,6282,4300,20508,37506,1231,18690,4836,32179,7199,8899,7703,
15,21422,37738,14237,38647,42718,15940,29272,38797,25528,6830,37373,26631,4840,33387,28333,14925,34305,42802,48633,43869,30300,17578,34707,49196,11045,20800,1516,43533,6439,3958,22971,24080,40149,1791,32166,37085,11252,28123,25986,5643,49501,369,31009,27161,17158,38723,8174,12955,28402,19046,6543,24307,47676,24525,23734,3415,37696,23801,28023,2833,2588,34920,28714,6371,26968,29054,44197,24328,24550,6282,4300,20508,12040,3194,7742,14619,2875,1474,10511,8743,
16,21422,37738,14237,38647,42718,15940,29272,38797,25528,6830,37373,26631,4840,33387,28333,14925,34305,42802,48633,43869,30300,17578,34707,49196,11045,20800,1516,43533,6439,3958,22971,24080,40149,1791,32166,37085,11252,28123,25986,5643,49501,369,31009,27161,17158,38723,8174,12955,28402,19046,6543,24307,47676,24525,23734,3415,37696,23801,28023,2833,2588,34920,28714,6371,26968,29054,44197,24328,24550,6282,4300,20508,13248,7000,16090,14327,9461,4555,9125,8743,
17,21422,37738,14237,38647,42718,15940,29272,38797,25528,6830,37373,26631,4840,33387,28333,14925,34305,42802,48633,43869,30300,17578,34707,49196,11045,20800,1516,43533,6439,3958,22971,24080,40149,1791,32166,37085,11252,28123,25986,5643,49501,369,31009,27161,17158,38723,8174,12955,28402,19046,6543,24307,47676,24525,23734,3415,37696,23801,28023,2833,2588,34920,28714,6371,26968,29054,44197,24328,24550,6282,4300,20508,3453,2579,7400,5833,9608,48340,33388,8186,
18,21422,37738,14237,38647,42718,15940,29272,38797,25528,6830,37373,26631,4840,33387,28333,14925,34305,42802,48633,43869,30300,17578,34707,49196,11045,20800,1516,43533,6439,3958,22971,24080,40149,1791,32166,37085,11252,28123,25986,5643,49501,369,31009,27161,17158,38723,8174,12955,28402,19046,6543,24307,47676,24525,23734,3415,37696,23801,28023,2833,2588,34920,28714,6371,26968,29054,44197,24328,24550,6282,4300,20508,12258,13135,4361,23558,7962,5536,17717,31441,
19,21422,37738,14237,38647,42718,15940,29272,38797,25528,6830,37373,26631,4840,33387,28333,14925,34305,42802,48633,43869,30300,17578,34707,49196,11045,20800,1516,43533,6439,3958,22971,24080,40149,1791,32166,37085,11252,28123,25986,5643,49501,369,31009,27161,17158,38723,8174,12955,28402,19046,6543,24307,47676,24525,23734,3415,37696,23801,28023,2833,2588,34920,28714,6371,26968,29054,44197,24328,24550,6282,4300,20508,5286,11975,42216,5951,25683,12190,45224,21036,
20,21422,37738,14237,38647,42718,15940,29272,38797,25528,6830,37373,26631,4840,33387,28333,14925,34305,42802,48633,43869,30300,17578,34707,49196,11045,20800,1516,43533,6439,3958,22971,24080,40149,1791,32166,37085,11252,28123,25986,5643,49501,369,31009,27161,17158,38723,8174,12955,28402,19046,6543,24307,47676,24525,23734,3415,37696,23801,28023,2833,2588,34920,28714,6371,26968,29054,44197,24328,24550,6282,4300,20508,4920,34860,310,36726,27839,17280,34553,14802,
21,21422,37738,14237,38647,42718,15940,29272,38797,25528,6830,37373,26631,4840,33387,28333,14925,34305,42802,48633,43869,30300,17578,34707,49196,11045,20800,1516,43533,6439,3958,22971,24080,40149,1791,32166,37085,11252,28123,25986,5643,49501,369,31009,27161,17158,38723,8174,12955,28402,19046,6543,24307,47676,24525,23734,3415,37696,23801,28023,2833,2588,34920,28714,6371,26968,29054,44197,24328,24550,6282,4300,20508,3184,6420,22348,4521,5860,14741,17187,2809,
22,21422,37738,14237,38647,42718,15940,29272,38797,25528,6830,37373,26631,4840,33387,28333,14925,34305,42802,48633,43869,30300,17578,34707,49196,11045,20800,1516,43533,6439,3958,22971,24080,40149,1791,32166,37085,11252,28123,25986,5643,49501,369,31009,27161,17158,38723,8174,12955,28402,19046,6543,24307,47676,24525,23734,3415,37696,23801,28023,2833,2588,34920,28714,6371,26968,29054,44197,24328,24550,6282,4300,20508,27971,5286,22892,4625,17862,15163,3800,8322,
23,21422,37738,14237,38647,42718,15940,29272,38797,25528,6830,37373,26631,4840,33387,28333,14925,34305,42802,48633,43869,30300,17578,34707,49196,11045,20800,1516,43533,6439,3958,22971,24080,40149,1791,32166,37085,11252,28123,25986,5643,49501,369,31009,27161,17158,38723,8174,12955,28402,19046,6543,24307,47676,24525,23734,3415,37696,23801,28023,2833,2588,34920,28714,6371,26968,29054,44197,24328,24550,6282,4300,20508,22582,42571,14323,10973,30964,26450,2036,565,
24,21422,37738,14237,38647,42718,15940,29272,38797,25528,6830,37373,26631,4840,33387,28333,14925,34305,42802,48633,43869,30300,17578,34707,49196,11045,20800,1516,43533,6439,3958,22971,24080,40149,1791,32166,37085,11252,28123,25986,5643,49501,369,31009,27161,17158,38723,8174,12955,28402,19046,6543,24307,47676,24525,23734,3415,37696,23801,28023,2833,2588,34920,28714,6371,26968,29054,44197,24328,24550,6282,4300,20508,5027,41876,24599,17263,10981,17897,259,15739,
25,21422,37738,14237,38647,42718,15940,29272,38797,25528,6830,37373,26631,4840,33387,28333,14925,34305,42802,48633,43869,30300,17578,34707,49196,11045,20800,1516,43533,6439,3958,22971,24080,40149,1791,32166,37085,11252,28123,25986,5643,49501,369,31009,27161,17158,38723,8174,12955,28402,19046,6543,24307,47676,24525,23734,3415,37696,23801,28023,2833,2588,34920,28714,6371,26968,29054,44197,24328,24550,6282,4300,20508,17131,36450,26007,584,22220,29722,259,5520,
26,21422,37738,14237,38647,42718,15940,29272,38797,25528,6830,37373,26631,4840,33387,28333,14925,34305,42802,48633,43869,30300,17578,34707,49196,11045,20800,1516,43533,6439,3958,22971,24080,40149,1791,32166,37085,11252,28123,25986,5643,49501,369,31009,27161,17158,38723,8174,12955,28402,19046,6543,24307,47676,24525,23734,3415,37696,23801,28023,2833,2588,34920,28714,6371,26968,29054,44197,24328,24550,6282,4300,20508,1309,12678,11975,8299,17873,1833,28928,34887,
27,21422,37738,14237,38647,42718,15940,29272,38797,25528,6830,37373,26631,4840,33387,28333,14925,34305,42802,48633,43869,30300,17578,34707,49196,11045,20800,1516,43533,6439,3958,22971,24080,40149,1791,32166,37085,11252,28123,25986,5643,49501,369,31009,27161,17158,38723,8174,12955,28402,19046,6543,24307,47676,24525,23734,3415,37696,23801,28023,2833,2588,34920,28714,6371,26968,29054,44197,24328,24550,6282,4300,20508,21330,35734,35908,2041,4892,10542,16086,586,
28,21422,37738,14237,38647,42718,15940,29272,38797,25528,6830,37373,26631,4840,33387,28333,14925,34305,42802,48633,43869,30300,17578,34707,49196,11045,20800,1516,43533,6439,3958,22971,24080,40149,1791,32166,37085,11252,28123,25986,5643,49501,369,31009,27161,17158,38723,8174,12955,28402,19046,6543,24307,47676,24525,23734,3415,37696,23801,28023,2833,2588,34920,28714,6371,26968,29054,44197,24328,24550,6282,4300,20508,19188,3196,7772,21207,5517,264,22179,586,
29,21422,37738,14237,38647,42718,15940,29272,38797,25528,6830,37373,26631,4840,33387,28333,14925,34305,42802,48633,43869,30300,17578,34707,49196,11045,20800,1516,43533,6439,3958,22971,24080,40149,1791,32166,37085,11252,28123,25986,5643,49501,369,31009,27161,17158,38723,8174,12955,28402,19046,6543,24307,47676,24525,23734,3415,37696,23801,28023,2833,2588,34920,28714,6371,26968,29054,44197,24328,24550,6282,4300,20508,7715,9620,13939,6625,12104,264,3747,586,
30,21422,37738,14237,38647,42718,15940,29272,38797,25528,6830,37373,26631,4840,33387,28333,14925,34305,42802,48633,43869,30300,17578,34707,49196,11045,20800,1516,43533,6439,3958,22971,24080,40149,1791,32166,37085,11252,28123,25986,5643,49501,369,31009,27161,17158,38723,8174,12955,28402,19046,6543,24307,47676,24525,23734,3415,37696,23801,28023,2833,2588,34920,28714,6371,26968,29054,44197,24328,24550,6282,4300,20508,32998,875,20482,6160,20069,39927,6992,586,
31,21422,37738,14237,38647,42718,15940,29272,38797,25528,6830,37373,26631,4840,33387,28333,14925,34305,42802,48633,43869,30300,17578,34707,49196,11045,20800,1516,43533,6439,3958,22971,24080,40149,1791,32166,37085,11252,28123,25986,5643,49501,369,31009,27161,17158,38723,8174,12955,28402,19046,6543,24307,47676,24525,23734,3415,37696,23801,28023,2833,2588,34920,28714,6371,26968,29054,44197,24328,24550,6282,4300,20508,12801,21132,30587,26701,17453,34272,52983,17189,
32,21422,37738,14237,38647,42718,15940,29272,38797,25528,6830,37373,26631,4840,33387,28333,14925,34305,42802,48633,43869,30300,17578,34707,49196,11045,20800,1516,43533,6439,3958,22971,24080,40149,1791,32166,37085,11252,28123,25986,5643,49501,369,31009,27161,17158,38723,8174,12955,28402,19046,6543,24307,47676,24525,23734,3415,37696,23801,28023,2833,2588,34920,28714,6371,26968,29054,44197,24328,24550,6282,4300,20508,35522,6229,36993,26558,5105,10605,13892,8768,
33,21422,37738,14237,38647,42718,15940,29272,38797,25528,6830,37373,26631,4840,33387,28333,14925,34305,42802,48633,43869,30300,17578,34707,49196,11045,20800,1516,43533,6439,3958,22971,24080,40149,1791,32166,37085,11252,28123,25986,5643,49501,369,31009,27161,17158,38723,8174,12955,28402,19046,6543,24307,47676,24525,23734,3415,37696,23801,28023,2833,2588,34920,28714,6371,26968,29054,44197,24328,24550,6282,4300,20508,12062,37501,860,16930,14849,38196,15862,43146,
34,21422,37738,14237,38647,42718,15940,29272,38797,25528,6830,37373,26631,4840,33387,28333,14925,34305,42802,48633,43869,30300,17578,34707,49196,11045,20800,1516,43533,6439,3958,22971,24080,40149,1791,32166,37085,11252,28123,25986,5643,49501,369,31009,27161,17158,38723,8174,12955,28402,19046,6543,24307,47676,24525,23734,3415,37696,23801,28023,2833,2588,34920,28714,6371,26968,29054,44197,24328,24550,6282,4300,20508,5262,15945,10073,17169,27837,46389,33231,21413,
35,21422,37738,14237,38647,42718,15940,29272,38797,25528,6830,37373,26631,4840,33387,28333,14925,34305,42802,48633,43869,30300,17578,34707,49196,11045,20800,1516,43533,6439,3958,22971,24080,40149,1791,32166,37085,11252,28123,25986,5643,49501,369,31009,27161,17158,38723,8174,12955,28402,19046,6543,24307,47676,24525,23734,3415,37696,23801,28023,2833,2588,34920,28714,6371,26968,29054,44197,24328,24550,6282,4300,20508,41728,12383,33284,4398,149,12012,30102,2213,
36,21422,37738,14237,38647,42718,15940,29272,38797,25528,6830,37373,26631,4840,33387,28333,14925,34305,42802,48633,43869,30300,17578,34707,49196,11045,20800,1516,43533,6439,3958,22971,24080,40149,1791,32166,37085,11252,28123,25986,5643,49501,369,31009,27161,17158,38723,8174,12955,28402,19046,6543,24307,47676,24525,23734,3415,37696,23801,28023,2833,2588,34920,28714,6371,26968,29054,44197,24328,24550,6282,4300,20508,5185,30336,10991,36969,34316,13350,11039,2132,
37,21422,37738,14237,38647,42718,15940,29272,38797,25528,6830,37373,26631,4840,33387,28333,14925,34305,42802,48633,43869,30300,17578,34707,49196,11045,20800,1516,43533,6439,3958,22971,24080,40149,1791,32166,37085,11252,28123,25986,5643,49501,369,31009,27161,17158,38723,8174,12955,28402,19046,6543,24307,47676,24525,23734,3415,37696,23801,28023,2833,2588,34920,28714,6371,26968,29054,44197,24328,24550,6282,4300,20508,5752,26067,3170,2454,19850,45910,25617,35370,
38,21422,37738,14237,38647,42718,15940,29272,38797,25528,6830,37373,26631,4840,33387,28333,14925,34305,42802,48633,43869,30300,17578,34707,49196,11045,20800,1516,43533,6439,3958,22971,24080,40149,1791,32166,37085,11252,28123,25986,5643,49501,369,31009,27161,17158,38723,8174,12955,28402,19046,6543,24307,47676,24525,23734,3415,37696,23801,28023,2833,2588,34920,28714,6371,26968,29054,44197,24328,24550,6282,4300,20508,36557,17014,5851,3056,14484,18635,30726,15687,
39,21422,37738,14237,38647,42718,15940,29272,38797,25528,6830,37373,26631,4840,33387,28333,14925,34305,42802,48633,43869,30300,17578,34707,49196,11045,20800,1516,43533,6439,3958,22971,24080,40149,1791,32166,37085,11252,28123,25986,5643,49501,369,31009,27161,17158,38723,8174,12955,28402,19046,6543,24307,47676,24525,23734,3415,37696,23801,28023,2833,2588,34920,28714,6371,26968,29054,44197,24328,24550,6282,4300,20508,1842,2260,13927,20878,11951,12225,39399,1267,
40,21422,37738,14237,38647,42718,15940,29272,38797,25528,6830,37373,26631,4840,33387,28333,14925,34305,42802,48633,43869,30300,17578,34707,49196,11045,20800,1516,43533,6439,3958,22971,24080,40149,1791,32166,37085,11252,28123,25986,5643,49501,369,31009,27161,17158,38723,8174,12955,28402,19046,6543,24307,47676,24525,23734,3415,37696,23801,28023,2833,2588,34920,28714,6371,26968,29054,44197,24328,24550,6282,4300,20508,20197,3804,6762,9961,13557,13870,10890,48081,
41,21422,37738,14237,38647,42718,15940,29272,38797,25528,6830,37373,26631,4840,33387,28333,14925,34305,42802,48633,43869,30300,17578,34707,49196,11045,20800,1516,43533,6439,3958,22971,24080,40149,1791,32166,37085,11252,28123,25986,5643,49501,369,31009,27161,17158,38723,8174,12955,28402,19046,6543,24307,47676,24525,23734,3415,37696,23801,28023,2833,2588,34920,28714,6371,26968,29054,44197,24328,24550,6282,4300,20508,27903,19578,5546,32554,30732,25417,49463,32627,
42,21422,37738,14237,38647,42718,15940,29272,38797,25528,6830,37373,26631,4840,33387,28333,14925,34305,42802,48633,43869,30300,17578,34707,49196,11045,20800,1516,43533,6439,3958,22971,24080,40149,1791,32166,37085,11252,28123,25986,5643,49501,369,31009,27161,17158,38723,8174,12955,28402,19046,6543,24307,47676,24525,23734,3415,37696,23801,28023,2833,2588,34920,28714,6371,26968,29054,44197,24328,24550,6282,4300,20508,5620,1343,9830,6280,452,32680,42177,2559,
43,21422,37738,14237,38647,42718,15940,29272,38797,25528,6830,37373,26631,4840,33387,28333,14925,34305,42802,48633,43869,30300,17578,34707,49196,11045,20800,1516,43533,6439,3958,22971,24080,40149,1791,32166,37085,11252,28123,25986,5643,49501,369,31009,27161,17158,38723,8174,12955,28402,19046,6543,24307,47676,24525,23734,3415,37696,23801,28023,2833,2588,34920,28714,6371,26968,29054,44197,24328,24550,6282,4300,20508,13694,27610,193,6003,35434,11361,37207,45186,
44,21422,37738,14237,38647,42718,15940,29272,38797,25528,6830,37373,26631,4840,33387,28333,14925,34305,42802,48633,43869,30300,17578,34707,49196,11045,20800,1516,43533,6439,3958,22971,24080,40149,1791,32166,37085,11252,28123,25986,5643,49501,369,31009,27161,17158,38723,8174,12955,28402,19046,6543,24307,47676,24525,23734,3415,37696,23801,28023,2833,2588,34920,28714,6371,26968,29054,44197,24328,24550,6282,4300,20508,22994,2183,193,18673,5371,25217,11531,13823,
45,21422,37738,14237,38647,42718,15940,29272,38797,25528,6830,37373,26631,4840,33387,28333,14925,34305,42802,48633,43869,30300,17578,34707,49196,11045,20800,1516,43533,6439,3958,22971,24080,40149,1791,32166,37085,11252,28123,25986,5643,49501,369,31009,27161,17158,38723,8174,12955,28402,19046,6543,24307,47676,24525,23734,3415,37696,23801,28023,2833,2588,34920,28714,6371,26968,29054,44197,24328,24550,6282,4300,20508,36721,7327,59558,2674,2861,26422,37341,8861,
46,21422,37738,14237,38647,42718,15940,29272,38797,25528,6830,37373,26631,4840,33387,28333,14925,34305,42802,48633,43869,30300,17578,34707,49196,11045,20800,1516,43533,6439,3958,22971,24080,40149,1791,32166,37085,11252,28123,25986,5643,49501,369,31009,27161,17158,38723,8174,12955,28402,19046,6543,24307,47676,24525,23734,3415,37696,23801,28023,2833,2588,34920,28714,6371,26968,29054,44197,24328,24550,6282,4300,20508,44697,2972,12319,38528,34941,40208,11906,31576,
47,21422,37738,14237,38647,42718,15940,29272,38797,25528,6830,37373,26631,4840,33387,28333,14925,34305,42802,48633,43869,30300,17578,34707,49196,11045,20800,1516,43533,6439,3958,22971,24080,40149,1791,32166,37085,11252,28123,25986,5643,49501,369,31009,27161,17158,38723,8174,12955,28402,19046,6543,24307,47676,24525,23734,3415,37696,23801,28023,2833,2588,34920,28714,6371,26968,29054,44197,24328,24550,6282,4300,20508,35138,26399,13592,5261,19812,48954,11796,17256,
48,21422,37738,14237,38647,42718,15940,29272,38797,25528,6830,37373,26631,4840,33387,28333,14925,34305,42802,48633,43869,30300,17578,34707,49196,11045,20800,1516,43533,6439,3958,22971,24080,40149,1791,32166,37085,11252,28123,25986,5643,49501,369,31009,27161,17158,38723,8174,12955,28402,19046,6543,24307,47676,24525,23734,3415,37696,23801,28023,2833,2588,34920,28714,6371,26968,29054,44197,24328,24550,6282,4300,20508,14012,4456,20887,13990,11374,15396,57988,1915,
49,21422,37738,14237,38647,42718,15940,29272,38797,25528,6830,37373,26631,4840,33387,28333,14925,34305,42802,48633,43869,30300,17578,34707,49196,11045,20800,1516,43533,6439,3958,22971,24080,40149,1791,32166,37085,11252,28123,25986,5643,49501,369,31009,27161,17158,38723,8174,12955,28402,19046,6543,24307,47676,24525,23734,3415,37696,23801,28023,2833,2588,34920,28714,6371,26968,29054,44197,24328,24550,6282,4300,20508,2413,39601,17654,22054,2483,12108,14516,502,
50,21422,37738,14237,38647,42718,15940,29272,38797,25528,6830,37373,26631,4840,33387,28333,14925,34305,42802,48633,43869,30300,17578,34707,49196,11045,20800,1516,43533,6439,3958,22971,24080,40149,1791,32166,37085,11252,28123,25986,5643,49501,369,31009,27161,17158,38723,8174,12955,28402,19046,6543,24307,47676,24525,23734,3415,37696,23801,28023,2833,2588,34920,28714,6371,26968,29054,44197,24328,24550,6282,4300,20508,19933,3172,37683,20515,2424,11510,12448,10338,
51,21422,37738,14237,38647,42718,15940,29272,38797,25528,6830,37373,26631,4840,33387,28333,14925,34305,42802,48633,43869,30300,17578,34707,49196,11045,20800,1516,43533,6439,3958,22971,24080,40149,1791,32166,37085,11252,28123,25986,5643,49501,369,31009,27161,17158,38723,8174,12955,28402,19046,6543,24307,47676,24525,23734,3415,37696,23801,28023,2833,2588,34920,28714,6371,26968,29054,44197,24328,24550,6282,4300,20508,5078,21234,20972,14277,2424,20939,13099,27223,
52,21422,37738,14237,38647,42718,15940,29272,38797,25528,6830,37373,26631,4840,33387,28333,14925,34305,42802,48633,43869,30300,17578,34707,49196,11045,20800,1516,43533,6439,3958,22971,24080,40149,1791,32166,37085,11252,28123,25986,5643,49501,369,31009,27161,17158,38723,8174,12955,28402,19046,6543,24307,47676,24525,23734,3415,37696,23801,28023,2833,2588,34920,28714,6371,26968,29054,44197,24328,24550,6282,4300,20508,24914,3154,26762,30267,4506,35855,13821,20036,
53,21422,37738,14237,38647,42718,15940,29272,38797,25528,6830,37373,26631,4840,33387,28333,14925,34305,42802,48633,43869,30300,17578,34707,49196,11045,20800,1516,43533,6439,3958,22971,24080,40149,1791,32166,37085,11252,28123,25986,5643,49501,369,31009,27161,17158,38723,8174,12955,28402,19046,6543,24307,47676,24525,23734,3415,37696,23801,28023,2833,2588,34920,28714,6371,26968,29054,44197,24328,24550,6282,4300,20508,2988,27750,28693,9180,5335,19846,42481,32162,
54,21422,37738,14237,38647,42718,15940,29272,38797,25528,6830,37373,26631,4840,33387,28333,14925,34305,42802,48633,43869,30300,17578,34707,49196,11045,20800,1516,43533,6439,3958,22971,24080,40149,1791,32166,37085,11252,28123,25986,5643,49501,369,31009,27161,17158,38723,8174,12955,28402,19046,6543,24307,47676,24525,23734,3415,37696,23801,28023,2833,2588,34920,28714,6371,26968,29054,44197,24328,24550,6282,4300,20508,6903,8110,17069,228,32534,39591,13565,691,
55,21422,37738,14237,38647,42718,15940,29272,38797,25528,6830,37373,26631,4840,33387,28333,14925,34305,42802,48633,43869,30300,17578,34707,49196,11045,20800,1516,43533,6439,3958,22971,24080,40149,1791,32166,37085,11252,28123,25986,5643,49501,369,31009,27161,17158,38723,8174,12955,28402,19046,6543,24307,47676,24525,23734,3415,37696,23801,28023,2833,2588,34920,28714,6371,26968,29054,44197,24328,24550,6282,4300,20508,1924,16351,14934,35706,9618,42634,11302,22161,
56,21422,37738,14237,38647,42718,15940,29272,38797,25528,6830,37373,26631,4840,33387,28333,14925,34305,42802,48633,43869,30300,17578,34707,49196,11045,20800,1516,43533,6439,3958,22971,24080,40149,1791,32166,37085,11252,28123,25986,5643,49501,369,31009,27161,17158,38723,8174,12955,28402,19046,6543,24307,47676,24525,23734,3415,37696,23801,28023,2833,2588,34920,28714,6371,26968,29054,44197,24328,24550,6282,4300,20508,3171,10344,10423,1456,732,12743,21155,6920,
57,21422,37738,14237,38647,42718,15940,29272,38797,25528,6830,37373,26631,4840,33387,28333,14925,34305,42802,48633,43869,30300,17578,34707,49196,11045,20800,1516,43533,6439,3958,22971,24080,40149,1791,32166,37085,11252,28123,25986,5643,49501,369,31009,27161,17158,38723,8174,12955,28402,19046,6543,24307,47676,24525,23734,3415,37696,23801,28023,2833,2588,34920,28714,6371,26968,29054,44197,24328,24550,6282,4300,20508,2047,20546,11185,10210,2705,12015,30768,284,
58,21422,37738,14237,38647,42718,15940,29272,38797,25528,6830,37373,26631,4840,33387,28333,14925,34305,42802,48633,43869,30300,17578,34707,49196,11045,20800,1516,43533,6439,3958,22971,24080,40149,1791,32166,37085,11252,28123,25986,5643,49501,369,31009,27161,17158,38723,8174,12955,28402,19046,6543,24307,47676,24525,23734,3415,37696,23801,28023,2833,2588,34920,28714,6371,26968,29054,44197,24328,24550,6282,4300,20508,2861,4531,22634,10538,3010,26515,29410,2341,
59,21422,37738,14237,38647,42718,15940,29272,38797,25528,6830,37373,26631,4840,33387,28333,14925,34305,42802,48633,43869,30300,17578,34707,49196,11045,20800,1516,43533,6439,3958,22971,24080,40149,1791,32166,37085,11252,28123,25986,5643,49501,369,31009,27161,17158,38723,8174,12955,28402,19046,6543,24307,47676,24525,23734,3415,37696,23801,28023,2833,2588,34920,28714,6371,26968,29054,44197,24328,24550,6282,4300,20508,5331,12491,14533,43329,9448,14668,20277,28859,
60,21422,37738,14237,38647,42718,15940,29272,38797,25528,6830,37373,26631,4840,33387,28333,14925,34305,42802,48633,43869,30300,17578,34707,49196,11045,20800,1516,43533,6439,3958,22971,24080,40149,1791,32166,37085,11252,28123,25986,5643,49501,369,31009,27161,17158,38723,8174,12955,28402,19046,6543,24307,47676,24525,23734,3415,37696,23801,28023,2833,2588,34920,28714,6371,26968,29054,44197,24328,24550,6282,4300,20508,26682,1510,40272,43384,5173,39756,18482,40400,
61,21422,37738,14237,38647,42718,15940,29272,38797,25528,6830,37373,26631,4840,33387,28333,14925,34305,42802,48633,43869,30300,17578,34707,49196,11045,20800,1516,43533,6439,3958,22971,24080,40149,1791,32166,37085,11252,28123,25986,5643,49501,369,31009,27161,17158,38723,8174,12955,28402,19046,6543,24307,47676,24525,23734,3415,37696,23801,28023,2833,2588,34920,28714,6371,26968,29054,44197,24328,24550,6282,4300,20508,25458,2860,10796,36140,3969,26378,27481,20662,
62,21422,37738,14237,38647,42718,15940,29272,38797,25528,6830,37373,26631,4840,33387,28333,14925,34305,42802,48633,43869,30300,17578,34707,49196,11045,20800,1516,43533,6439,3958,22971,24080,40149,1791,32166,37085,11252,28123,25986,5643,49501,369,31009,27161,17158,38723,8174,12955,28402,19046,6543,24307,47676,24525,23734,3415,37696,23801,28023,2833,2588,34920,28714,6371,26968,29054,44197,24328,24550,6282,4300,20508,16343,3234,31170,9766,6224,20399,37017,19305,
63,21422,37738,14237,38647,42718,15940,29272,38797,25528,6830,37373,26631,4840,33387,28333,14925,34305,42802,48633,43869,30300,17578,34707,49196,11045,20800,1516,43533,6439,3958,22971,24080,40149,1791,32166,37085,11252,28123,25986,5643,49501,369,31009,27161,17158,38723,8174,12955,28402,19046,6543,24307,47676,24525,23734,3415,37696,23801,28023,2833,2588,34920,28714,6371,26968,29054,44197,24328,24550,6282,4300,20508,1233,12172,11156,31594,17836,11930,30401,48997,
64,21422,37738,14237,38647,42718,15940,29272,38797,25528,6830,37373,26631,4840,33387,28333,14925,34305,42802,48633,43869,30300,17578,34707,49196,11045,20800,1516,43533,6439,3958,22971,24080,40149,1791,32166,37085,11252,28123,25986,5643,49501,369,31009,27161,17158,38723,8174,12955,28402,19046,6543,24307,47676,24525,23734,3415,37696,23801,28023,2833,2588,34920,28714,6371,26968,29054,44197,24328,24550,6282,4300,20508,11358,6196,15986,16230,24425,15454,29580,48658,
65,21422,37738,14237,38647,42718,15940,29272,38797,25528,6830,37373,26631,4840,33387,28333,14925,34305,42802,48633,43869,30300,17578,34707,49196,11045,20800,1516,43533,6439,3958,22971,24080,40149,1791,32166,37085,11252,28123,25986,5643,49501,369,31009,27161,17158,38723,8174,12955,28402,19046,6543,24307,47676,24525,23734,3415,37696,23801,28023,2833,2588,34920,28714,6371,26968,29054,44197,24328,24550,6282,4300,20508,8964,15511,14664,3435,3202,28230,12228,13877,
66,21422,37738,14237,38647,42718,15940,29272,38797,25528,6830,37373,26631,4840,33387,28333,14925,34305,42802,48633,43869,30300,17578,34707,49196,11045,20800,1516,43533,6439,3958,22971,24080,40149,1791,32166,37085,11252,28123,25986,5643,49501,369,31009,27161,17158,38723,8174,12955,28402,19046,6543,24307,47676,24525,23734,3415,37696,23801,28023,2833,2588,34920,28714,6371,26968,29054,44197,24328,24550,6282,4300,20508,19859,31677,14648,7189,27064,24432,12295,28643,
67,21422,37738,14237,38647,42718,15940,29272,38797,25528,6830,37373,26631,4840,33387,28333,14925,34305,42802,48633,43869,30300,17578,34707,49196,11045,20800,1516,43533,6439,3958,22971,24080,40149,1791,32166,37085,11252,28123,25986,5643,49501,369,31009,27161,17158,38723,8174,12955,28402,19046,6543,24307,47676,24525,23734,3415,37696,23801,28023,2833,2588,34920,28714,6371,26968,29054,44197,24328,24550,6282,4300,20508,2779,5948,15142,5942,1200,42293,28677,13328,
68,21422,37738,14237,38647,42718,15940,29272,38797,25528,6830,37373,26631,4840,33387,28333,14925,34305,42802,48633,43869,30300,17578,34707,49196,11045,20800,1516,43533,6439,3958,22971,24080,40149,1791,32166,37085,11252,28123,25986,5643,49501,369,31009,27161,17158,38723,8174,12955,28402,19046,6543,24307,47676,24525,23734,3415,37696,23801,28023,2833,2588,34920,28714,6371,26968,29054,44197,24328,24550,6282,4300,20508,29942,583,12263,48996,15732,21607,54831,47551,
69,21422,37738,14237,38647,42718,15940,29272,38797,25528,6830,37373,26631,4840,33387,28333,14925,34305,42802,48633,43869,30300,17578,34707,49196,11045,20800,1516,43533,6439,3958,22971,24080,40149,1791,32166,37085,11252,28123,25986,5643,49501,369,31009,27161,17158,38723,8174,12955,28402,19046,6543,24307,47676,24525,23734,3415,37696,23801,28023,2833,2588,34920,28714,6371,26968,29054,44197,24328,24550,6282,4300,20508,1616,17363,50119,31293,34592,50465,46134,33116,
70,21422,37738,14237,38647,42718,15940,29272,38797,25528,6830,37373,26631,4840,33387,28333,14925,34305,42802,48633,43869,30300,17578,34707,49196,11045,20800,1516,43533,6439,3958,22971,24080,40149,1791,32166,37085,11252,28123,25986,5643,49501,369,31009,27161,17158,38723,8174,12955,28402,19046,6543,24307,47676,24525,23734,3415,37696,23801,28023,2833,2588,34920,28714,6371,26968,29054,44197,24328,24550,6282,4300,20508,779,12161,34196,36312,16284,34621,13485,29092,
71,21422,37738,14237,38647,42718,15940,29272,38797,25528,6830,37373,26631,4840,33387,28333,14925,34305,42802,48633,43869,30300,17578,34707,49196,11045,20800,1516,43533,6439,3958,22971,24080,40149,1791,32166,37085,11252,28123,25986,5643,49501,369,31009,27161,17158,38723,8174,12955,28402,19046,6543,24307,47676,24525,23734,3415,37696,23801,28023,2833,2588,34920,28714,6371,26968,29054,44197,24328,24550,6282,4300,20508,13075,17709,14955,6673,1920,26064,20299,24299,
72,21422,37738,14237,38647,42718,15940,29272,38797,25528,6830,37373,26631,4840,33387,28333,14925,34305,42802,48633,43869,30300,17578,34707,49196,11045,20800,1516,43533,6439,3958,22971,24080,40149,1791,32166,37085,11252,28123,25986,5643,49501,369,31009,27161,17158,38723,8174,12955,28402,19046,6543,24307,47676,24525,23734,3415,37696,23801,28023,2833,2588,34920,28714,6371,26968,29054,44197,24328,24550,6282,4300,20508,11004,8592,15192,39217,2463,23828,22027,14956,
73,21422,37738,14237,38647,42718,15940,29272,38797,25528,6830,37373,26631,4840,33387,28333,14925,34305,42802,48633,43869,30300,17578,34707,49196,11045,20800,1516,43533,6439,3958,22971,24080,40149,1791,32166,37085,11252,28123,25986,5643,49501,369,31009,27161,17158,38723,8174,12955,28402,19046,6543,24307,47676,24525,23734,3415,37696,23801,28023,2833,2588,34920,28714,6371,26968,29054,44197,24328,24550,6282,4300,20508,1038,33089,15927,13712,20830,17028,55488,14956,
74,21422,37738,14237,38647,42718,15940,29272,38797,25528,6830,37373,26631,4840,33387,28333,14925,34305,42802,48633,43869,30300,17578,34707,49196,11045,20800,1516,43533,6439,3958,22971,24080,40149,1791,32166,37085,11252,28123,25986,5643,49501,369,31009,27161,17158,38723,8174,12955,28402,19046,6543,24307,47676,24525,23734,3415,37696,23801,28023,2833,2588,34920,28714,6371,26968,29054,44197,24328,24550,6282,4300,20508,7124,33643,18785,6997,27818,17629,54772,11704,
75,21422,37738,14237,38647,42718,15940,29272,38797,25528,6830,37373,26631,4840,33387,28333,14925,34305,42802,48633,43869,30300,17578,34707,49196,11045,20800,1516,43533,6439,3958,22971,24080,40149,1791,32166,37085,11252,28123,25986,5643,49501,369,31009,27161,17158,38723,8174,12955,28402,19046,6543,24307,47676,24525,23734,3415,37696,23801,28023,2833,2588,34920,28714,6371,26968,29054,44197,24328,24550,6282,4300,20508,6440,20575,13091,9785,29749,24054,43109,28738,
76,21422,37738,14237,38647,42718,15940,29272,38797,25528,6830,37373,26631,4840,33387,28333,14925,34305,42802,48633,43869,30300,17578,34707,49196,11045,20800,1516,43533,6439,3958,22971,24080,40149,1791,32166,37085,11252,28123,25986,5643,49501,369,31009,27161,17158,38723,8174,12955,28402,19046,6543,24307,47676,24525,23734,3415,37696,23801,28023,2833,2588,34920,28714,6371,26968,29054,44197,24328,24550,6282,4300,20508,6074,8010,14418,38820,5462,12060,25932,23159,
77,21422,37738,14237,38647,42718,15940,29272,38797,25528,6830,37373,26631,4840,33387,28333,14925,34305,42802,48633,43869,30300,17578,34707,49196,11045,20800,1516,43533,6439,3958,22971,24080,40149,1791,32166,37085,11252,28123,25986,5643,49501,369,31009,27161,17158,38723,8174,12955,28402,19046,6543,24307,47676,24525,23734,3415,37696,23801,28023,2833,2588,34920,28714,6371,26968,29054,44197,24328,24550,6282,4300,20508,7824,9017,35061,15349,2600,34958,42232,40721,
78,21422,37738,14237,38647,42718,15940,29272,38797,25528,6830,37373,26631,4840,33387,28333,14925,34305,42802,48633,43869,30300,17578,34707,49196,11045,20800,1516,43533,6439,3958,22971,24080,40149,1791,32166,37085,11252,28123,25986,5643,49501,369,31009,27161,17158,38723,8174,12955,28402,19046,6543,24307,47676,24525,23734,3415,37696,23801,28023,2833,2588,34920,28714,6371,26968,29054,44197,24328,24550,6282,4300,20508,41600,22003,12602,28471,40133,24487,37591,10744,
79,21422,37738,14237,38647,42718,15940,29272,38797,25528,6830,37373,26631,4840,33387,28333,14925,34305,42802,48633,43869,30300,17578,34707,49196,11045,20800,1516,43533,6439,3958,22971,24080,40149,1791,32166,37085,11252,28123,25986,5643,49501,369,31009,27161,17158,38723,8174,12955,28402,19046,6543,24307,47676,24525,23734,3415,37696,23801,28023,2833,2588,34920,28714,6371,26968,29054,44197,24328,24550,6282,4300,20508,28138,14280,20277,7449,21807,42644,18171,10891,
80,21422,37738,14237,38647,42718,15940,29272,38797,25528,6830,37373,26631,4840,33387,28333,14925,34305,42802,48633,43869,30300,17578,34707,49196,11045,20800,1516,43533,6439,3958,22971,24080,40149,1791,32166,37085,11252,28123,25986,5643,49501,369,31009,27161,17158,38723,8174,12955,28402,19046,6543,24307,47676,24525,23734,3415,37696,23801,28023,2833,2588,34920,28714,6371,26968,29054,44197,24328,24550,6282,4300,20508,21940,41470,50926,18818,2920,29816,37011,10385,
81,21422,37738,14237,38647,42718,15940,29272,38797,25528,6830,37373,26631,4840,33387,28333,14925,34305,42802,48633,43869,30300,17578,34707,49196,11045,20800,1516,43533,6439,3958,22971,24080,40149,1791,32166,37085,11252,28123,25986,5643,49501,369,31009,27161,17158,38723,8174,12955,28402,19046,6543,24307,47676,24525,23734,3415,37696,23801,28023,2833,2588,34920,28714,6371,26968,29054,44197,24328,24550,6282,4300,20508,1016,1718,24055,27136,23224,18377,15888,32041,
82,21422,37738,14237,38647,42718,15940,29272,38797,25528,6830,37373,26631,4840,33387,28333,14925,34305,42802,48633,43869,30300,17578,34707,49196,11045,20800,1516,43533,6439,3958,22971,24080,40149,1791,32166,37085,11252,28123,25986,5643,49501,369,31009,27161,17158,38723,8174,12955,28402,19046,6543,24307,47676,24525,23734,3415,37696,23801,28023,2833,2588,34920,28714,6371,26968,29054,44197,24328,24550,6282,4300,20508,3633,8236,35765,25432,4500,17369,10861,15193,
83,21422,37738,14237,38647,42718,15940,29272,38797,25528,6830,37373,26631,4840,33387,28333,14925,34305,42802,48633,43869,30300,17578,34707,49196,11045,20800,1516,43533,6439,3958,22971,24080,40149,1791,32166,37085,11252,28123,25986,5643,49501,369,31009,27161,17158,38723,8174,12955,28402,19046,6543,24307,47676,24525,23734,3415,37696,23801,28023,2833,2588,34920,28714,6371,26968,29054,44197,24328,24550,6282,4300,20508,9396,21640,34928,16598,24988,34844,19472,10554,
84,21422,37738,14237,38647,42718,15940,29272,38797,25528,6830,37373,26631,4840,33387,28333,14925,34305,42802,48633,43869,30300,17578,34707,49196,11045,20800,1516,43533,6439,3958,22971,24080,40149,1791,32166,37085,11252,28123,25986,5643,49501,369,31009,27161,17158,38723,8174,12955,28402,19046,6543,24307,47676,24525,23734,3415,37696,23801,28023,2833,2588,34920,28714,6371,26968,29054,44197,24328,24550,6282,4300,20508,1682,8452,16492,14514,25604,38235,18394,16386,
85,21422,37738,14237,38647,42718,15940,29272,38797,25528,6830,37373,26631,4840,33387,28333,14925,34305,42802,48633,43869,30300,17578,34707,49196,11045,20800,1516,43533,6439,3958,22971,24080,40149,1791,32166,37085,11252,28123,25986,5643,49501,369,31009,27161,17158,38723,8174,12955,28402,19046,6543,24307,47676,24525,23734,3415,37696,23801,28023,2833,2588,34920,28714,6371,26968,29054,44197,24328,24550,6282,4300,20508,13164,487,18056,19807,4411,27697,35324,13300,
86,21422,37738,14237,38647,42718,15940,29272,38797,25528,6830,37373,26631,4840,33387,28333,14925,34305,42802,48633,43869,30300,17578,34707,49196,11045,20800,1516,43533,6439,3958,22971,24080,40149,1791,32166,37085,11252,28123,25986,5643,49501,369,31009,27161,17158,38723,8174,12955,28402,19046,6543,24307,47676,24525,23734,3415,37696,23801,28023,2833,2588,34920,28714,6371,26968,29054,44197,24328,24550,6282,4300,20508,411,14098,27944,22181,8793,32347,34471,28380,
87,21422,37738,14237,38647,42718,15940,29272,38797,25528,6830,37373,26631,4840,33387,28333,14925,34305,42802,48633,43869,30300,17578,34707,49196,11045,20800,1516,43533,6439,3958,22971,24080,40149,1791,32166,37085,11252,28123,25986,5643,49501,369,31009,27161,17158,38723,8174,12955,28402,19046,6543,24307,47676,24525,23734,3415,37696,23801,28023,2833,2588,34920,28714,6371,26968,29054,44197,24328,24550,6282,4300,20508,32188,24525,11749,39641,3282,33341,16152,11721,
88,21422,37738,14237,38647,42718,15940,29272,38797,25528,6830,37373,26631,4840,33387,28333,14925,34305,42802,48633,43869,30300,17578,34707,49196,11045,20800,1516,43533,6439,3958,22971,24080,40149,1791,32166,37085,11252,28123,25986,5643,49501,369,31009,27161,17158,38723,8174,12955,28402,19046,6543,24307,47676,24525,23734,3415,37696,23801,28023,2833,2588,34920,28714,6371,26968,29054,44197,24328,24550,6282,4300,20508,6327,1618,51678,5276,14878,10803,27697,14677,
89,21422,37738,14237,38647,42718,15940,29272,38797,25528,6830,37373,26631,4840,33387,28333,14925,34305,42802,48633,43869,30300,17578,34707,49196,11045,20800,1516,43533,6439,3958,22971,24080,40149,1791,32166,37085,11252,28123,25986,5643,49501,369,31009,27161,17158,38723,8174,12955,28402,19046,6543,24307,47676,24525,23734,3415,37696,23801,28023,2833,2588,34920,28714,6371,26968,29054,44197,24328,24550,6282,4300,20508,27602,34894,15943,26745,4736,18768,12018,45332,
90,21422,37738,14237,38647,42718,15940,29272,38797,25528,6830,37373,26631,4840,33387,28333,14925,34305,42802,48633,43869,30300,17578,34707,49196,11045,20800,1516,43533,6439,3958,22971,24080,40149,1791,32166,37085,11252,28123,25986,5643,49501,369,31009,27161,17158,38723,8174,12955,28402,19046,6543,24307,47676,24525,23734,3415,37696,23801,28023,2833,2588,34920,28714,6371,26968,29054,44197,24328,24550,6282,4300,20508,24604,1541,34281,29328,28719,37837,39571,16808,
91,21422,37738,14237,38647,42718,15940,29272,38797,25528,6830,37373,26631,4840,33387,28333,14925,34305,42802,48633,43869,30300,17578,34707,49196,11045,20800,1516,43533,6439,3958,22971,24080,40149,1791,32166,37085,11252,28123,25986,5643,49501,369,31009,27161,17158,38723,8174,12955,28402,19046,6543,24307,47676,24525,23734,3415,37696,23801,28023,2833,2588,34920,28714,6371,26968,29054,44197,24328,24550,6282,4300,20508,1042,22754,10494,27039,6123,15263,14128,22583,
92,21422,37738,14237,38647,42718,15940,29272,38797,25528,6830,37373,26631,4840,33387,28333,14925,34305,42802,48633,43869,30300,17578,34707,49196,11045,20800,1516,43533,6439,3958,22971,24080,40149,1791,32166,37085,11252,28123,25986,5643,49501,369,31009,27161,17158,38723,8174,12955,28402,19046,6543,24307,47676,24525,23734,3415,37696,23801,28023,2833,2588,34920,28714,6371,26968,29054,44197,24328,24550,6282,4300,20508,2734,11943,29874,29837,8017,12821,14320,20781,
93,21422,37738,14237,38647,42718,15940,29272,38797,25528,6830,37373,26631,4840,33387,28333,14925,34305,42802,48633,43869,30300,17578,34707,49196,11045,20800,1516,43533,6439,3958,22971,24080,40149,1791,32166,37085,11252,28123,25986,5643,49501,369,31009,27161,17158,38723,8174,12955,28402,19046,6543,24307,47676,24525,23734,3415,37696,23801,28023,2833,2588,34920,28714,6371,26968,29054,44197,24328,24550,6282,4300,20508,15605,12929,33126,27282,6114,10887,22553,38063,
94,21422,37738,14237,38647,42718,15940,29272,38797,25528,6830,37373,26631,4840,33387,28333,14925,34305,42802,48633,43869,30300,17578,34707,49196,11045,20800,1516,43533,6439,3958,22971,24080,40149,1791,32166,37085,11252,28123,25986,5643,49501,369,31009,27161,17158,38723,8174,12955,28402,19046,6543,24307,47676,24525,23734,3415,37696,23801,28023,2833,2588,34920,28714,6371,26968,29054,44197,24328,24550,6282,4300,20508,20971,4949,31553,29174,7455,37391,18913,11297,
95,21422,37738,14237,38647,42718,15940,29272,38797,25528,6830,37373,26631,4840,33387,28333,14925,34305,42802,48633,43869,30300,17578,34707,49196,11045,20800,1516,43533,6439,3958,22971,24080,40149,1791,32166,37085,11252,28123,25986,5643,49501,369,31009,27161,17158,38723,8174,12955,28402,19046,6543,24307,47676,24525,23734,3415,37696,23801,28023,2833,2588,34920,28714,6371,26968,29054,44197,24328,24550,6282,4300,20508,13671,5229,24614,20103,1821,36323,25732,31838,
96,21422,37738,14237,38647,42718,15940,29272,38797,25528,6830,37373,26631,4840,33387,28333,14925,34305,42802,48633,43869,30300,17578,34707,49196,11045,20800,1516,43533,6439,3958,22971,24080,40149,1791,32166,37085,11252,28123,25986,5643,49501,369,31009,27161,17158,38723,8174,12955,28402,19046,6543,24307,47676,24525,23734,3415,37696,23801,28023,2833,2588,34920,28714,6371,26968,29054,44197,24328,24550,6282,4300,20508,1413,4893,33085,658,4021,36375,11962,19162,
97,21422,37738,14237,38647,42718,15940,29272,38797,25528,6830,37373,26631,4840,33387,28333,14925,34305,42802,48633,43869,30300,17578,34707,49196,11045,20800,1516,43533,6439,3958,22971,24080,40149,1791,32166,37085,11252,28123,25986,5643,49501,369,31009,27161,17158,38723,8174,12955,28402,19046,6543,24307,47676,24525,23734,3415,37696,23801,28023,2833,2588,34920,28714,6371,26968,29054,44197,24328,24550,6282,4300,20508,17632,10918,32082,12669,25210,19041,11858,15434,
98,21422,37738,14237,38647,42718,15940,29272,38797,25528,6830,37373,26631,4840,33387,28333,14925,34305,42802,48633,43869,30300,17578,34707,49196,11045,20800,1516,43533,6439,3958,22971,24080,40149,1791,32166,37085,11252,28123,25986,5643,49501,369,31009,27161,17158,38723,8174,12955,28402,19046,6543,24307,47676,24525,23734,3415,37696,23801,28023,2833,2588,34920,28714,6371,26968,29054,44197,24328,24550,6282,4300,20508,3184,17646,18542,1410,15347,34200,10727,14922,
99,21422,37738,14237,38647,42718,15940,29272,38797,25528,6830,37373,26631,4840,33387,28333,14925,34305,42802,48633,43869,30300,17578,34707,49196,11045,20800,1516,43533,6439,3958,22971,24080,40149,1791,32166,37085,11252,28123,25986,5643,49501,369,31009,27161,17158,38723,8174,12955,28402,19046,6543,24307,47676,24525,23734,3415,37696,23801,28023,2833,2588,34920,28714,6371,26968,29054,44197,24328,24550,6282,4300,20508,42663,5765,39246,11149,2071,12585,46106,14088,
100,21422,37738,14237,38647,42718,15940,29272,38797,25528,6830,37373,26631,4840,33387,28333,14925,34305,42802,48633,43869,30300,17578,34707,49196,11045,20800,1516,43533,6439,3958,22971,24080,40149,1791,32166,37085,11252,28123,25986,5643,49501,369,31009,27161,17158,38723,8174,12955,28402,19046,6543,24307,47676,24525,23734,3415,37696,23801,28023,2833,2588,34920,28714,6371,26968,29054,44197,24328,24550,6282,4300,20508,18487,37760,30466,22102,38551,32175,50282,38280,
