1,22073,24536,27379,39487,44729,29151,41328,27179,6306,38604,39966,41178,38252,41834,38282,32332,6974,9298,42542,10322,46880,27940,44877,5583,47268,20754,29328,30785,42968,21392,5309,41977,22161,49206,743,31014,36941,14729,16849,26345,27781,3580,19698,25724,20217,30415,35956,42004,28697,41630,48744,35638,41016,6633,7428,42824,9974,15499,38590,34255,50181,33163,11621,8178,48458,40611,18685,43226,50133,15886,40851,44765,42619,42763,49998,28681,33263,16130,5980,7669,
2,22073,24536,27379,39487,44729,29151,41328,27179,6306,38604,39966,41178,38252,41834,38282,32332,6974,9298,42542,10322,46880,27940,44877,5583,47268,20754,29328,30785,42968,21392,5309,41977,22161,49206,743,31014,36941,14729,16849,26345,1543,2050,3299,2626,2001,6237,20655,9638,19213,34605,881,5899,1468,20742,5849,23750,17341,28010,32902,12394,3601,4709,17953,649,5561,26894,247,7818,2986,2756,13402,2438,7452,15739,49505,4746,38522,41192,2585,4713,
3,22073,24536,27379,39487,44729,29151,41328,27179,6306,38604,39966,41178,38252,41834,38282,32332,6974,9298,42542,10322,46880,27940,44877,5583,47268,20754,29328,30785,42968,21392,5309,41977,22161,49206,743,31014,36941,14729,16849,26345,1757,23492,20859,25986,5676,13473,2978,37539,14325,5010,4831,22470,19604,769,27705,24921,9478,1587,25558,49616,2935,13850,25101,38584,8013,44903,247,11150,26183,16850,6847,22585,11049,15634,22215,14839,6430,11792,14116,33380,
4,22073,24536,27379,39487,44729,29151,41328,27179,6306,38604,39966,41178,38252,41834,38282,32332,6974,9298,42542,10322,46880,27940,44877,5583,47268,20754,29328,30785,42968,21392,5309,41977,22161,49206,743,31014,36941,14729,16849,26345,6708,19570,7617,42472,9596,11060,22148,2619,119,15569,18652,3909,13151,769,5513,9179,7092,1792,17631,18867,3448,3602,25035,27408,42542,8237,247,34523,7637,39138,17928,41087,4152,20954,19411,2752,1013,33999,13448,32682,
5,22073,24536,27379,39487,44729,29151,41328,27179,6306,38604,39966,41178,38252,41834,38282,32332,6974,9298,42542,10322,46880,27940,44877,5583,47268,20754,29328,30785,42968,21392,5309,41977,22161,49206,743,31014,36941,14729,16849,26345,15187,46928,7052,24298,20110,5437,19532,10702,40125,13642,30290,34966,11101,769,39301,23859,21051,12320,1664,45657,23065,1262,8888,20191,8867,23365,42137,16271,44887,4281,38480,12025,4731,20773,12765,2513,51848,361,3730,23254,
6,22073,24536,27379,39487,44729,29151,41328,27179,6306,38604,39966,41178,38252,41834,38282,32332,6974,9298,42542,10322,46880,27940,44877,5583,47268,20754,29328,30785,42968,21392,5309,41977,22161,49206,743,31014,36941,14729,16849,26345,14425,25078,10314,5881,475,30175,8392,16789,17630,5683,33311,12841,2428,25448,7753,24809,11295,37100,18430,17433,8041,13595,3101,26658,5805,5384,35422,3572,24496,1200,20854,43442,23995,36512,12619,2673,18414,7925,27432,14672,
7,22073,24536,27379,39487,44729,29151,41328,27179,6306,38604,39966,41178,38252,41834,38282,32332,6974,9298,42542,10322,46880,27940,44877,5583,47268,20754,29328,30785,42968,21392,5309,41977,22161,49206,743,31014,36941,14729,16849,26345,22487,14242,15141,11542,2001,14457,538,3319,13972,11725,16444,37492,25723,4608,3075,15312,3036,16834,11109,4550,2574,1708,14689,5728,3904,5895,10193,2265,36601,11725,3256,3939,26695,4931,1784,2533,14330,8765,6766,19103,
8,22073,24536,27379,39487,44729,29151,41328,27179,6306,38604,39966,41178,38252,41834,38282,32332,6974,9298,42542,10322,46880,27940,44877,5583,47268,20754,29328,30785,42968,21392,5309,41977,22161,49206,743,31014,36941,14729,16849,26345,1526,46556,13915,11831,6776,17964,9006,19294,18825,2515,3803,2237,13768,11375,7300,16653,23492,31786,3713,42354,7375,32777,8529,27460,16720,16361,3814,3832,3177,7769,44087,21343,10305,474,36203,29179,19418,24214,5871,8350,
9,22073,24536,27379,39487,44729,29151,41328,27179,6306,38604,39966,41178,38252,41834,38282,32332,6974,9298,42542,10322,46880,27940,44877,5583,47268,20754,29328,30785,42968,21392,5309,41977,22161,49206,743,31014,36941,14729,16849,26345,10364,14432,6165,17467,3826,6480,16054,1559,12201,41325,11121,8712,1310,8840,23062,4439,996,18555,8001,23415,37697,27756,13087,7660,35022,11727,20657,15289,9752,16331,35982,17986,28576,6613,14031,9035,10481,30583,5871,216,
10,22073,24536,27379,39487,44729,29151,41328,27179,6306,38604,39966,41178,38252,41834,38282,32332,6974,9298,42542,10322,46880,27940,44877,5583,47268,20754,29328,30785,42968,21392,5309,41977,22161,49206,743,31014,36941,14729,16849,26345,48219,24468,3961,9849,20362,9486,23423,2036,30564,17344,7119,13174,38676,11743,28921,7052,21795,6662,2080,34229,2534,27612,846,5892,40425,4440,1924,1458,32638,6620,16963,6118,2141,24713,18320,2160,45205,8028,350,216,
11,22073,24536,27379,39487,44729,29151,41328,27179,6306,38604,39966,41178,38252,41834,38282,32332,6974,9298,42542,10322,46880,27940,44877,5583,47268,20754,29328,30785,42968,21392,5309,41977,22161,49206,743,31014,36941,14729,16849,26345,33258,33333,24234,16415,28192,37896,5347,35499,40170,14307,10834,1172,13471,26276,7016,21524,15600,34063,13052,24692,21680,17536,34594,3893,1666,31555,24295,15067,2357,17057,29717,9067,217,33443,436,14615,24338,7082,20112,24962,
12,22073,24536,27379,39487,44729,29151,41328,27179,6306,38604,39966,41178,38252,41834,38282,32332,6974,9298,42542,10322,46880,27940,44877,5583,47268,20754,29328,30785,42968,21392,5309,41977,22161,49206,743,31014,36941,14729,16849,26345,20362,10326,27924,42323,1096,17647,16888,3257,24303,5034,20881,39458,53510,12435,3953,411,27400,15436,10435,815,14558,36453,3527,8355,6007,14355,587,20761,13989,3677,13082,30396,25037,20586,24957,25481,25952,3798,17744,31590,
13,22073,24536,27379,39487,44729,29151,41328,27179,6306,38604,39966,41178,38252,41834,38282,32332,6974,9298,42542,10322,46880,27940,44877,5583,47268,20754,29328,30785,42968,21392,5309,41977,22161,49206,743,31014,36941,14729,16849,26345,11521,10655,9789,3574,49340,514,6302,47188,31005,4916,13590,21755,11767,4292,15760,7658,22890,11725,22495,56396,4292,11912,16312,220,15864,21640,2229,11135,27146,3386,11862,4661,11797,5812,15416,7662,13350,27189,4060,12573,
14,22073,24536,27379,39487,44729,29151,41328,27179,6306,38604,39966,41178,38252,41834,38282,32332,6974,9298,42542,10322,46880,27940,44877,5583,47268,20754,29328,30785,42968,21392,5309,41977,22161,49206,743,31014,36941,14729,16849,26345,28800,29091,33330,2978,29507,514,32765,9915,50156,29450,18799,6091,23209,666,2711,920,15242,11460,321,35587,14708,13316,10035,709,33850,43830,44086,4689,19635,8060,37083,7884,16267,18020,651,36730,32598,13283,27148,2311,
15,22073,24536,27379,39487,44729,29151,41328,27179,6306,38604,39966,41178,38252,41834,38282,32332,6974,9298,42542,10322,46880,27940,44877,5583,47268,20754,29328,30785,42968,21392,5309,41977,22161,49206,743,31014,36941,14729,16849,26345,11074,52344,7065,46475,30418,10090,13554,45162,34241,11869,4442,35053,21871,18882,5003,14010,16808,36813,34719,11389,27148,3860,10574,45480,5947,13209,35490,9884,16218,4613,18104,34963,8691,36367,17180,24757,31460,15841,1571,16742,
16,22073,24536,27379,39487,44729,29151,41328,27179,6306,38604,39966,41178,38252,41834,38282,32332,6974,9298,42542,10322,46880,27940,44877,5583,47268,20754,29328,30785,42968,21392,5309,41977,22161,49206,743,31014,36941,14729,16849,26345,13612,16108,10846,16556,30783,1585,800,11842,48336,18577,8452,8262,49462,20755,28536,41663,7407,10831,7045,46170,13710,7792,8942,11839,1621,10240,15057,25774,1704,126,14618,396,29316,12378,3078,28870,27380,3438,1829,39358,
17,22073,24536,27379,39487,44729,29151,41328,27179,6306,38604,39966,41178,38252,41834,38282,32332,6974,9298,42542,10322,46880,27940,44877,5583,47268,20754,29328,30785,42968,21392,5309,41977,22161,49206,743,31014,36941,14729,16849,26345,31963,28852,25643,5962,1160,14453,9257,14499,18546,14044,7228,913,11440,12520,36481,15175,3583,12959,16048,42202,2009,27054,15919,34789,21462,1898,34174,16234,1472,56549,43062,31330,4340,16952,6871,16222,22859,6066,7749,1370,
18,22073,24536,27379,39487,44729,29151,41328,27179,6306,38604,39966,41178,38252,41834,38282,32332,6974,9298,42542,10322,46880,27940,44877,5583,47268,20754,29328,30785,42968,21392,5309,41977,22161,49206,743,31014,36941,14729,16849,26345,13474,36202,19797,39727,41809,38971,119,9666,17857,760,3232,30204,41712,16075,3572,2259,22985,4700,39527,15036,40551,494,2217,13075,7358,35728,11734,6014,13529,34776,15244,9972,40584,33571,1965,14188,34496,7862,16657,28693,
19,22073,24536,27379,39487,44729,29151,41328,27179,6306,38604,39966,41178,38252,41834,38282,32332,6974,9298,42542,10322,46880,27940,44877,5583,47268,20754,29328,30785,42968,21392,5309,41977,22161,49206,743,31014,36941,14729,16849,26345,27856,51753,1472,13731,865,23080,41587,12611,45544,32135,4780,27164,38209,42292,13596,20391,5213,39325,8038,19458,18376,47431,6097,493,5003,27890,29284,24217,16385,11584,30226,3192,6639,30778,42515,16393,33109,4813,28712,35872,
20,22073,24536,27379,39487,44729,29151,41328,27179,6306,38604,39966,41178,38252,41834,38282,32332,6974,9298,42542,10322,46880,27940,44877,5583,47268,20754,29328,30785,42968,21392,5309,41977,22161,49206,743,31014,36941,14729,16849,26345,14810,10412,13731,241,18192,28980,16181,3988,21387,32229,20023,12188,11328,33432,2384,23303,29857,24774,9410,13447,22727,8191,424,6359,33619,10052,17849,17012,11599,47350,15747,5367,18650,28881,16570,11028,15071,22331,46021,11894,
21,22073,24536,27379,39487,44729,29151,41328,27179,6306,38604,39966,41178,38252,41834,38282,32332,6974,9298,42542,10322,46880,27940,44877,5583,47268,20754,29328,30785,42968,21392,5309,41977,22161,49206,743,31014,36941,14729,16849,26345,14150,29856,9980,40487,2818,21906,52904,16949,18557,11844,26701,5427,41113,10496,31335,2166,20767,8032,17554,12509,11934,18498,21416,13064,27085,9241,10383,33381,18991,32670,12411,9621,7132,20350,29538,23493,12144,1289,14540,18025,
22,22073,24536,27379,39487,44729,29151,41328,27179,6306,38604,39966,41178,38252,41834,38282,32332,6974,9298,42542,10322,46880,27940,44877,5583,47268,20754,29328,30785,42968,21392,5309,41977,22161,49206,743,31014,36941,14729,16849,26345,22262,11882,3558,18344,7920,2320,27915,6336,58031,8047,9561,9224,14436,28442,6322,11749,23729,32989,1609,15230,14526,12745,7457,36849,3149,6246,20247,11124,4235,27982,41160,4623,1958,25339,17124,16433,45477,6987,34332,26682,
23,22073,24536,27379,39487,44729,29151,41328,27179,6306,38604,39966,41178,38252,41834,38282,32332,6974,9298,42542,10322,46880,27940,44877,5583,47268,20754,29328,30785,42968,21392,5309,41977,22161,49206,743,31014,36941,14729,16849,26345,19351,18761,722,18658,16805,656,15690,4031,36050,13546,29940,38484,13740,14411,7622,4721,20166,11539,3085,13247,18100,16271,12683,5704,3070,45290,15462,3665,36232,13731,35560,7015,12944,20206,16612,37769,10734,42015,5933,3651,
24,22073,24536,27379,39487,44729,29151,41328,27179,6306,38604,39966,41178,38252,41834,38282,32332,6974,9298,42542,10322,46880,27940,44877,5583,47268,20754,29328,30785,42968,21392,5309,41977,22161,49206,743,31014,36941,14729,16849,26345,30941,16704,722,13271,19525,3131,16766,6293,14522,5615,15050,5578,17161,39154,7351,11302,18956,2466,3600,10377,58238,36162,2173,14395,24396,1321,14064,2836,13324,12736,28637,33831,7120,2157,3296,27874,47736,30336,31874,13878,
25,22073,24536,27379,39487,44729,29151,41328,27179,6306,38604,39966,41178,38252,41834,38282,32332,6974,9298,42542,10322,46880,27940,44877,5583,47268,20754,29328,30785,42968,21392,5309,41977,22161,49206,743,31014,36941,14729,16849,26345,11153,15982,17306,15153,4339,24754,23087,23266,17118,23342,9401,37838,19308,30896,20006,15296,15354,5452,10339,13944,23895,2622,2527,3802,17372,2356,41835,39456,17155,32374,22335,26510,15612,32286,24596,8120,22956,29842,15082,3909,
26,22073,24536,27379,39487,44729,29151,41328,27179,6306,38604,39966,41178,38252,41834,38282,32332,6974,9298,42542,10322,46880,27940,44877,5583,47268,20754,29328,30785,42968,21392,5309,41977,22161,49206,743,31014,36941,14729,16849,26345,17415,32588,8963,19324,2203,15784,17052,10392,14195,8826,14881,33772,13357,8292,26787,1677,10329,6923,5110,50010,13067,950,5671,22980,387,12887,17666,6640,4434,22401,16661,3263,21670,9832,1690,27320,11959,4836,9272,318,
27,22073,24536,27379,39487,44729,29151,41328,27179,6306,38604,39966,41178,38252,41834,38282,32332,6974,9298,42542,10322,46880,27940,44877,5583,47268,20754,29328,30785,42968,21392,5309,41977,22161,49206,743,31014,36941,14729,16849,26345,52203,34938,7300,18120,6840,4288,33730,1709,12768,317,3602,30668,19436,25998,1041,8778,45879,14615,8911,34188,12524,8820,13887,17834,43697,9901,45457,14346,16105,52988,10511,19510,4880,7686,21467,21068,20123,13414,1786,4587,
28,22073,24536,27379,39487,44729,29151,41328,27179,6306,38604,39966,41178,38252,41834,38282,32332,6974,9298,42542,10322,46880,27940,44877,5583,47268,20754,29328,30785,42968,21392,5309,41977,22161,49206,743,31014,36941,14729,16849,26345,19778,23388,4740,32887,4134,32717,28912,2644,21764,29898,10741,3506,19023,2037,3124,25788,18450,41009,14365,13770,14264,18964,3222,26607,21069,10184,11837,20132,1991,12779,56024,33704,19085,28068,40590,15560,13800,6536,21672,22395,
29,22073,24536,27379,39487,44729,29151,41328,27179,6306,38604,39966,41178,38252,41834,38282,32332,6974,9298,42542,10322,46880,27940,44877,5583,47268,20754,29328,30785,42968,21392,5309,41977,22161,49206,743,31014,36941,14729,16849,26345,22729,23388,18608,19721,32010,32111,17490,22995,16639,9408,2487,1570,13737,726,3124,2498,32719,9512,2736,18238,12526,9787,3222,4330,15778,7565,15413,5627,15902,30596,10359,29915,4788,17429,28597,13300,14068,37608,1768,1176,
30,22073,24536,27379,39487,44729,29151,41328,27179,6306,38604,39966,41178,38252,41834,38282,32332,6974,9298,42542,10322,46880,27940,44877,5583,47268,20754,29328,30785,42968,21392,5309,41977,22161,49206,743,31014,36941,14729,16849,26345,16534,29941,29907,18035,2226,18399,26275,6856,11251,10332,18104,7952,11690,49882,25889,12491,18365,21583,20915,12815,15105,5733,16568,19274,20641,17598,18400,876,42923,43316,24317,411,36570,6004,22830,17726,15146,8176,9100,7362,
31,22073,24536,27379,39487,44729,29151,41328,27179,6306,38604,39966,41178,38252,41834,38282,32332,6974,9298,42542,10322,46880,27940,44877,5583,47268,20754,29328,30785,42968,21392,5309,41977,22161,49206,743,31014,36941,14729,16849,26345,14634,23996,31192,12483,36186,17080,19247,13560,11978,5057,28814,10380,25633,23602,7480,17438,23311,3625,5777,34797,12984,12617,13139,31210,32035,16722,33634,25780,2124,26523,19918,11377,34589,25878,19877,2207,39764,1114,6789,3751,
32,22073,24536,27379,39487,44729,29151,41328,27179,6306,38604,39966,41178,38252,41834,38282,32332,6974,9298,42542,10322,46880,27940,44877,5583,47268,20754,29328,30785,42968,21392,5309,41977,22161,49206,743,31014,36941,14729,16849,26345,25275,30900,23182,11905,3931,30615,32843,19110,22815,34358,34156,6209,19364,20141,12111,6702,5292,35278,36063,35517,26521,42819,2064,37184,25380,14372,34382,851,5939,28528,12267,468,7703,6944,36522,869,35136,8096,3347,7309,
33,22073,24536,27379,39487,44729,29151,41328,27179,6306,38604,39966,41178,38252,41834,38282,32332,6974,9298,42542,10322,46880,27940,44877,5583,47268,20754,29328,30785,42968,21392,5309,41977,22161,49206,743,31014,36941,14729,16849,26345,24724,20823,13526,29707,36661,663,28803,20812,17057,8701,2827,27788,17007,23974,751,3857,7331,7241,30493,20725,40594,29347,3410,4907,17382,3716,16517,4942,1648,35917,46015,6152,6398,13522,25120,17679,14056,2714,14640,3218,
34,22073,24536,27379,39487,44729,29151,41328,27179,6306,38604,39966,41178,38252,41834,38282,32332,6974,9298,42542,10322,46880,27940,44877,5583,47268,20754,29328,30785,42968,21392,5309,41977,22161,49206,743,31014,36941,14729,16849,26345,20785,10819,28979,17725,14458,15954,23375,4247,26280,2433,19598,8858,14609,22074,1792,2336,808,30258,14373,50071,14119,14689,16428,11676,51473,31823,37378,6471,17260,19236,17255,6427,8168,4271,1432,43373,10422,2087,20061,4512,
35,22073,24536,27379,39487,44729,29151,41328,27179,6306,38604,39966,41178,38252,41834,38282,32332,6974,9298,42542,10322,46880,27940,44877,5583,47268,20754,29328,30785,42968,21392,5309,41977,22161,49206,743,31014,36941,14729,16849,26345,32035,13553,13697,55057,28746,28106,35420,629,12611,5550,16360,3786,23066,24251,12880,2336,6220,33077,5089,11709,16491,8290,21290,16247,45079,3649,33790,6478,2614,39837,17082,4771,2818,40354,24341,20538,13241,20892,7071,19811,
36,22073,24536,27379,39487,44729,29151,41328,27179,6306,38604,39966,41178,38252,41834,38282,32332,6974,9298,42542,10322,46880,27940,44877,5583,47268,20754,29328,30785,42968,21392,5309,41977,22161,49206,743,31014,36941,14729,16849,26345,32770,28517,12626,11393,446,15916,24150,14332,37304,9607,20933,33116,18416,15702,38852,15626,20966,10701,1409,23290,37567,6826,8373,14776,12520,11486,23664,32425,21483,28068,34605,18361,7067,35063,12111,44632,23353,12054,1502,5705,
37,22073,24536,27379,39487,44729,29151,41328,27179,6306,38604,39966,41178,38252,41834,38282,32332,6974,9298,42542,10322,46880,27940,44877,5583,47268,20754,29328,30785,42968,21392,5309,41977,22161,49206,743,31014,36941,14729,16849,26345,32182,20330,33089,14396,1217,1515,12628,21591,23186,5091,11493,9060,38252,12429,14536,3473,10761,18015,269,17182,27395,8834,4639,8867,12886,5418,31502,17939,5893,17298,12432,15401,10227,829,15523,702,11749,12054,162,30926,
38,22073,24536,27379,39487,44729,29151,41328,27179,6306,38604,39966,41178,38252,41834,38282,32332,6974,9298,42542,10322,46880,27940,44877,5583,47268,20754,29328,30785,42968,21392,5309,41977,22161,49206,743,31014,36941,14729,16849,26345,14830,16188,2971,37327,22417,12491,17430,6580,39870,31749,26537,28104,18529,27713,9348,15199,18182,24303,1918,11593,24550,2518,30929,34832,33414,17186,41210,6777,14593,27640,30270,27290,13814,10209,20104,34588,49382,40864,39606,571,
39,22073,24536,27379,39487,44729,29151,41328,27179,6306,38604,39966,41178,38252,41834,38282,32332,6974,9298,42542,10322,46880,27940,44877,5583,47268,20754,29328,30785,42968,21392,5309,41977,22161,49206,743,31014,36941,14729,16849,26345,39170,11849,16042,17556,949,46118,17277,4749,19184,38755,3526,35894,14682,17567,38742,9320,5530,3933,34151,46257,15007,3506,3059,16175,16508,6541,37557,16053,8301,21746,35545,13473,9164,14657,48955,4693,20760,10492,4729,17386,
40,22073,24536,27379,39487,44729,29151,41328,27179,6306,38604,39966,41178,38252,41834,38282,32332,6974,9298,42542,10322,46880,27940,44877,5583,47268,20754,29328,30785,42968,21392,5309,41977,22161,49206,743,31014,36941,14729,16849,26345,22665,16553,2689,53871,17660,10508,28560,25773,34502,5132,7708,15479,12573,22853,2461,7316,28868,27123,9017,40248,15820,7718,16462,13085,14726,10977,17833,25914,38748,12319,13360,5870,5756,18425,13006,4927,23896,20765,27433,746,
41,22073,24536,27379,39487,44729,29151,41328,27179,6306,38604,39966,41178,38252,41834,38282,32332,6974,9298,42542,10322,46880,27940,44877,5583,47268,20754,29328,30785,42968,21392,5309,41977,22161,49206,743,31014,36941,14729,16849,26345,13068,30693,3133,38565,13475,5244,25475,15967,45501,29642,25307,3438,14364,48646,25322,3610,4650,28974,12887,15261,27623,13711,5684,16144,38941,1234,22982,4618,6025,23462,10667,21395,15725,19449,13006,18875,47251,32828,9678,10773,
42,22073,24536,27379,39487,44729,29151,41328,27179,6306,38604,39966,41178,38252,41834,38282,32332,6974,9298,42542,10322,46880,27940,44877,5583,47268,20754,29328,30785,42968,21392,5309,41977,22161,49206,743,31014,36941,14729,16849,26345,54497,33808,6389,52095,33131,1623,35049,4508,12510,10143,2884,5819,12350,43277,765,8838,14398,12578,16787,32233,17206,13575,28479,7476,26944,23215,16189,12503,26938,16537,21828,29259,21817,9796,32870,1333,19942,37480,2886,10656,
43,22073,24536,27379,39487,44729,29151,41328,27179,6306,38604,39966,41178,38252,41834,38282,32332,6974,9298,42542,10322,46880,27940,44877,5583,47268,20754,29328,30785,42968,21392,5309,41977,22161,49206,743,31014,36941,14729,16849,26345,25455,39356,29400,34827,30457,25147,32780,10228,32877,18403,2715,14047,17334,12466,2032,12164,34367,13372,1302,21958,35132,13708,3546,29738,23416,6899,13863,32762,5051,14914,43440,2352,15754,889,21881,3159,42333,29752,22676,720,
44,22073,24536,27379,39487,44729,29151,41328,27179,6306,38604,39966,41178,38252,41834,38282,32332,6974,9298,42542,10322,46880,27940,44877,5583,47268,20754,29328,30785,42968,21392,5309,41977,22161,49206,743,31014,36941,14729,16849,26345,27031,29572,9217,13990,15360,10114,25158,13657,12916,3732,9530,4327,18101,26359,17383,28772,15846,12121,5845,15454,22703,1246,4857,4454,45058,18836,13609,7649,6321,48189,34901,9474,31781,23434,14288,33431,18771,10365,110,3912,
45,22073,24536,27379,39487,44729,29151,41328,27179,6306,38604,39966,41178,38252,41834,38282,32332,6974,9298,42542,10322,46880,27940,44877,5583,47268,20754,29328,30785,42968,21392,5309,41977,22161,49206,743,31014,36941,14729,16849,26345,47086,28516,4335,36633,8123,1625,23717,27206,27609,13793,2018,23803,45408,45881,8410,8195,15721,1290,39571,22011,10769,28355,27115,774,10446,9237,23018,19202,36440,12539,11189,18379,30560,24390,23752,3217,13571,27649,40407,3912,
46,22073,24536,27379,39487,44729,29151,41328,27179,6306,38604,39966,41178,38252,41834,38282,32332,6974,9298,42542,10322,46880,27940,44877,5583,47268,20754,29328,30785,42968,21392,5309,41977,22161,49206,743,31014,36941,14729,16849,26345,11623,40156,18876,17218,31179,12955,23932,19157,32416,7308,22244,30655,34693,17782,1457,12478,8905,1290,1383,13822,10869,29843,1780,4525,50553,587,37259,4383,175,12396,21512,15041,3767,6278,42495,5070,55586,20224,11699,25498,
47,22073,24536,27379,39487,44729,29151,41328,27179,6306,38604,39966,41178,38252,41834,38282,32332,6974,9298,42542,10322,46880,27940,44877,5583,47268,20754,29328,30785,42968,21392,5309,41977,22161,49206,743,31014,36941,14729,16849,26345,13617,12079,5616,13225,1462,7396,21797,15508,17115,3111,30847,4238,38705,11142,5910,40982,1305,1438,436,15473,33967,4120,39984,21534,22382,1554,10179,3573,10299,11370,13531,5092,31491,33075,18502,42107,16280,658,4768,928,
48,22073,24536,27379,39487,44729,29151,41328,27179,6306,38604,39966,41178,38252,41834,38282,32332,6974,9298,42542,10322,46880,27940,44877,5583,47268,20754,29328,30785,42968,21392,5309,41977,22161,49206,743,31014,36941,14729,16849,26345,23275,12796,27799,39233,1102,1965,12400,7211,22344,642,10876,17813,20880,16434,21392,2849,14691,4364,32898,33205,30032,12474,12465,10372,38094,25117,11887,35141,14080,10537,40519,9024,25386,39528,21315,2418,14970,37656,37913,928,
49,22073,24536,27379,39487,44729,29151,41328,27179,6306,38604,39966,41178,38252,41834,38282,32332,6974,9298,42542,10322,46880,27940,44877,5583,47268,20754,29328,30785,42968,21392,5309,41977,22161,49206,743,31014,36941,14729,16849,26345,41789,46897,22690,38368,1388,49956,14181,11301,31314,8378,8052,2230,32989,25298,13353,2849,18991,2866,12232,42420,37467,804,27772,18128,14323,42370,31240,1426,29487,12463,11784,163,12857,9154,13427,177,36309,7400,497,30676,
50,22073,24536,27379,39487,44729,29151,41328,27179,6306,38604,39966,41178,38252,41834,38282,32332,6974,9298,42542,10322,46880,27940,44877,5583,47268,20754,29328,30785,42968,21392,5309,41977,22161,49206,743,31014,36941,14729,16849,26345,25251,25355,30444,19478,9999,10514,22871,40105,41056,17517,10177,5924,41416,11109,36132,17182,46874,10606,4803,44102,17906,18021,16264,10056,13968,5388,26701,23466,37922,32513,15072,26678,6469,738,42226,10867,49838,57327,14797,14111,
51,22073,24536,27379,39487,44729,29151,41328,27179,6306,38604,39966,41178,38252,41834,38282,32332,6974,9298,42542,10322,46880,27940,44877,5583,47268,20754,29328,30785,42968,21392,5309,41977,22161,49206,743,31014,36941,14729,16849,26345,17330,32467,17876,29947,23596,10500,40640,5230,37524,10982,1399,2907,20881,11769,22535,24410,39248,8282,32672,23470,44814,18201,45004,14814,43637,12136,10975,16888,1608,48168,12501,36760,2593,23104,42024,12621,49958,14316,22019,591,
52,22073,24536,27379,39487,44729,29151,41328,27179,6306,38604,39966,41178,38252,41834,38282,32332,6974,9298,42542,10322,46880,27940,44877,5583,47268,20754,29328,30785,42968,21392,5309,41977,22161,49206,743,31014,36941,14729,16849,26345,11947,35898,16917,21689,2142,40531,13036,12911,22407,48067,27088,25069,53654,10567,9269,17814,12079,9088,15628,19767,14465,4807,6450,34812,13835,6392,17114,9254,37020,28630,24023,2395,2170,27993,20242,3130,45486,52872,19193,15689,
53,22073,24536,27379,39487,44729,29151,41328,27179,6306,38604,39966,41178,38252,41834,38282,32332,6974,9298,42542,10322,46880,27940,44877,5583,47268,20754,29328,30785,42968,21392,5309,41977,22161,49206,743,31014,36941,14729,16849,26345,24896,11286,11896,11883,6988,26483,15494,22383,28262,2919,13823,3177,48506,31555,17875,14367,22182,4626,26881,43777,19613,11930,44055,29098,16582,9353,10800,4225,23138,45768,11389,55406,23182,14989,39079,4894,30249,18440,35999,32781,
54,22073,24536,27379,39487,44729,29151,41328,27179,6306,38604,39966,41178,38252,41834,38282,32332,6974,9298,42542,10322,46880,27940,44877,5583,47268,20754,29328,30785,42968,21392,5309,41977,22161,49206,743,31014,36941,14729,16849,26345,11420,10866,35965,11883,15012,11298,28260,43573,18438,20763,38802,4109,20003,25206,11463,17990,747,21411,4756,18286,53321,23257,8886,5557,16819,2512,11195,7028,4298,28622,11238,25062,610,17027,15906,631,16815,25042,33738,4853,
55,22073,24536,27379,39487,44729,29151,41328,27179,6306,38604,39966,41178,38252,41834,38282,32332,6974,9298,42542,10322,46880,27940,44877,5583,47268,20754,29328,30785,42968,21392,5309,41977,22161,49206,743,31014,36941,14729,16849,26345,11941,27342,27068,16283,12039,25857,42077,22892,50755,8423,13437,9857,16399,49239,9608,48141,15737,7087,8336,19494,16084,19851,41667,30038,18124,15276,21475,29224,47501,26261,11143,24634,610,23816,47268,46614,11942,18661,14805,501,
56,22073,24536,27379,39487,44729,29151,41328,27179,6306,38604,39966,41178,38252,41834,38282,32332,6974,9298,42542,10322,46880,27940,44877,5583,47268,20754,29328,30785,42968,21392,5309,41977,22161,49206,743,31014,36941,14729,16849,26345,28153,21411,15636,24956,16916,12335,38606,897,50765,19837,24135,37529,23574,23231,41866,16829,4616,40384,41555,21034,27147,8979,34549,11968,13347,3272,13030,16924,13155,13331,13749,15204,1288,22167,18591,18146,24923,56576,46038,501,
57,22073,24536,27379,39487,44729,29151,41328,27179,6306,38604,39966,41178,38252,41834,38282,32332,6974,9298,42542,10322,46880,27940,44877,5583,47268,20754,29328,30785,42968,21392,5309,41977,22161,49206,743,31014,36941,14729,16849,26345,24198,12582,1484,24890,4476,13817,54530,22174,17540,22392,2615,668,18568,47073,31683,20802,2147,10731,10025,13784,11295,15892,425,9262,13965,42470,35058,747,18263,31830,28991,40408,10934,1876,30056,17294,29975,17030,27930,8896,
58,22073,24536,27379,39487,44729,29151,41328,27179,6306,38604,39966,41178,38252,41834,38282,32332,6974,9298,42542,10322,46880,27940,44877,5583,47268,20754,29328,30785,42968,21392,5309,41977,22161,49206,743,31014,36941,14729,16849,26345,17439,17622,9057,37173,8973,46043,10635,32883,11164,4160,4282,12992,11004,16527,8123,12785,27477,6824,16215,30945,15291,12069,1871,17769,19147,20128,21062,747,28279,10705,14631,38149,3749,15506,54025,26313,15065,10728,39005,46658,
59,22073,24536,27379,39487,44729,29151,41328,27179,6306,38604,39966,41178,38252,41834,38282,32332,6974,9298,42542,10322,46880,27940,44877,5583,47268,20754,29328,30785,42968,21392,5309,41977,22161,49206,743,31014,36941,14729,16849,26345,39394,35142,18783,15755,576,43428,29321,9366,14176,10081,22005,33134,26796,10579,6016,27254,23752,5452,10846,36341,14946,6922,27258,712,13267,21696,26121,5143,19523,31927,15438,43427,17743,1140,11572,25900,31652,40977,55234,35495,
60,22073,24536,27379,39487,44729,29151,41328,27179,6306,38604,39966,41178,38252,41834,38282,32332,6974,9298,42542,10322,46880,27940,44877,5583,47268,20754,29328,30785,42968,21392,5309,41977,22161,49206,743,31014,36941,14729,16849,26345,17407,14996,19796,12976,51411,22682,19975,1719,19827,20134,40467,25117,19458,28631,5613,33109,39884,601,28426,21904,10548,9829,10676,25034,13575,10728,15881,1465,18637,18657,17993,21830,4190,15727,51072,10616,38561,11937,27817,28047,
61,22073,24536,27379,39487,44729,29151,41328,27179,6306,38604,39966,41178,38252,41834,38282,32332,6974,9298,42542,10322,46880,27940,44877,5583,47268,20754,29328,30785,42968,21392,5309,41977,22161,49206,743,31014,36941,14729,16849,26345,43064,17529,38451,10487,44587,41518,13009,973,15198,488,652,5269,23877,21779,4527,29322,45025,30359,12184,34382,32664,19310,24369,2085,51734,12376,35911,15445,32760,19231,21739,11183,50486,27125,11592,24772,11377,12042,25690,11052,
62,22073,24536,27379,39487,44729,29151,41328,27179,6306,38604,39966,41178,38252,41834,38282,32332,6974,9298,42542,10322,46880,27940,44877,5583,47268,20754,29328,30785,42968,21392,5309,41977,22161,49206,743,31014,36941,14729,16849,26345,11331,18943,30894,50633,42687,13720,27798,37217,14850,488,14286,13724,36746,24360,4485,26449,15146,9293,2661,17049,15317,1027,26895,10314,16570,10897,21378,37575,12410,10024,34032,40994,16254,2755,32236,24954,17010,43301,36303,7785,
63,22073,24536,27379,39487,44729,29151,41328,27179,6306,38604,39966,41178,38252,41834,38282,32332,6974,9298,42542,10322,46880,27940,44877,5583,47268,20754,29328,30785,42968,21392,5309,41977,22161,49206,743,31014,36941,14729,16849,26345,28209,45074,11859,35267,11804,15276,16074,27196,10922,488,1175,25982,11024,18903,10523,11712,22876,8473,2338,25378,48371,26807,3179,4252,13850,16424,24305,40136,13093,10024,36577,23301,40525,4652,44806,14664,32568,11908,17091,5355,
64,22073,24536,27379,39487,44729,29151,41328,27179,6306,38604,39966,41178,38252,41834,38282,32332,6974,9298,42542,10322,46880,27940,44877,5583,47268,20754,29328,30785,42968,21392,5309,41977,22161,49206,743,31014,36941,14729,16849,26345,44090,10805,3507,35911,15048,22613,47326,8656,34472,2986,15179,662,12754,21578,2750,33743,1246,1834,9250,11690,10514,5147,14731,2234,43610,41664,17814,5963,50556,10024,27051,14714,1203,32222,31153,41418,32629,12798,37794,3780,
65,22073,24536,27379,39487,44729,29151,41328,27179,6306,38604,39966,41178,38252,41834,38282,32332,6974,9298,42542,10322,46880,27940,44877,5583,47268,20754,29328,30785,42968,21392,5309,41977,22161,49206,743,31014,36941,14729,16849,26345,26563,10805,16885,23524,45851,30263,12745,37689,42983,18793,39345,14977,20795,15306,949,15097,26202,36169,24221,26378,11364,10048,8927,33915,14068,1852,31650,13959,15514,10024,28511,14220,3446,11597,12397,12242,14556,10446,10381,360,
66,22073,24536,27379,39487,44729,29151,41328,27179,6306,38604,39966,41178,38252,41834,38282,32332,6974,9298,42542,10322,46880,27940,44877,5583,47268,20754,29328,30785,42968,21392,5309,41977,22161,49206,743,31014,36941,14729,16849,26345,42330,38274,18842,10801,16627,25063,19496,1212,15231,2573,3289,7061,55701,18590,5556,12266,32416,47006,2641,52805,13842,2858,35131,9340,47704,2737,22352,26313,33516,29471,19966,15043,21627,37882,12174,21086,43995,15006,11749,9087,
67,22073,24536,27379,39487,44729,29151,41328,27179,6306,38604,39966,41178,38252,41834,38282,32332,6974,9298,42542,10322,46880,27940,44877,5583,47268,20754,29328,30785,42968,21392,5309,41977,22161,49206,743,31014,36941,14729,16849,26345,32886,18907,305,29047,27546,40627,13097,1216,12915,21759,49018,23354,18522,16995,3146,17426,3837,23880,19372,31277,28477,3392,23100,21282,30504,6702,13078,41220,32737,13327,10851,55575,2588,32049,15295,24110,34829,13501,38147,32644,
68,22073,24536,27379,39487,44729,29151,41328,27179,6306,38604,39966,41178,38252,41834,38282,32332,6974,9298,42542,10322,46880,27940,44877,5583,47268,20754,29328,30785,42968,21392,5309,41977,22161,49206,743,31014,36941,14729,16849,26345,11052,23879,41311,19221,34227,18470,44448,2134,40502,10765,2889,27549,11814,26979,8097,20163,29363,36987,18517,31906,33459,5139,1636,29757,11021,24243,17265,7720,36312,11151,18354,25719,38828,11538,41031,48449,10367,22343,44325,18424,
69,22073,24536,27379,39487,44729,29151,41328,27179,6306,38604,39966,41178,38252,41834,38282,32332,6974,9298,42542,10322,46880,27940,44877,5583,47268,20754,29328,30785,42968,21392,5309,41977,22161,49206,743,31014,36941,14729,16849,26345,20882,35046,31035,12223,28513,37431,34544,2582,33128,21413,18771,7073,29314,16274,416,11773,1894,15493,7310,14757,48418,24370,2802,6688,38330,4112,23168,40217,45335,12095,17032,10481,7064,27084,32259,36289,13682,14432,38322,7855,
70,22073,24536,27379,39487,44729,29151,41328,27179,6306,38604,39966,41178,38252,41834,38282,32332,6974,9298,42542,10322,46880,27940,44877,5583,47268,20754,29328,30785,42968,21392,5309,41977,22161,49206,743,31014,36941,14729,16849,26345,13151,27547,2173,26998,29052,27773,29383,26125,28411,2183,20158,11763,17636,21415,47290,15401,6645,6181,5492,20146,38669,20033,19046,44250,28275,29049,19236,12410,19809,18019,10724,37098,4321,13181,15342,16980,14883,14715,40590,3466,
71,22073,24536,27379,39487,44729,29151,41328,27179,6306,38604,39966,41178,38252,41834,38282,32332,6974,9298,42542,10322,46880,27940,44877,5583,47268,20754,29328,30785,42968,21392,5309,41977,22161,49206,743,31014,36941,14729,16849,26345,13891,46434,14315,12515,15835,31287,17335,12736,25783,1949,34101,2489,14645,27979,16280,24004,272,3558,29260,10317,15555,18248,22237,22316,33208,3407,23686,7736,27427,11083,44209,23350,12840,32744,18450,12147,13357,27266,28927,13781,
72,22073,24536,27379,39487,44729,29151,41328,27179,6306,38604,39966,41178,38252,41834,38282,32332,6974,9298,42542,10322,46880,27940,44877,5583,47268,20754,29328,30785,42968,21392,5309,41977,22161,49206,743,31014,36941,14729,16849,26345,23274,14476,33828,37575,11366,36936,21482,21564,30487,18362,14428,26336,29471,48172,13476,36083,40989,907,15035,10317,31241,13059,11958,13599,15366,5722,10232,59523,11796,23664,12935,38769,21387,2799,15357,35002,54740,18274,33032,2240,
73,22073,24536,27379,39487,44729,29151,41328,27179,6306,38604,39966,41178,38252,41834,38282,32332,6974,9298,42542,10322,46880,27940,44877,5583,47268,20754,29328,30785,42968,21392,5309,41977,22161,49206,743,31014,36941,14729,16849,26345,12933,23467,9543,11401,39658,24676,47133,23127,26937,9423,2921,11184,10095,22125,20647,35813,14467,18497,11252,19598,17591,7700,9325,35352,42878,30035,51001,22266,43515,21192,40578,11699,12650,28350,10908,39531,22050,27339,22748,7943,
74,22073,24536,27379,39487,44729,29151,41328,27179,6306,38604,39966,41178,38252,41834,38282,32332,6974,9298,42542,10322,46880,27940,44877,5583,47268,20754,29328,30785,42968,21392,5309,41977,22161,49206,743,31014,36941,14729,16849,26345,10444,12741,438,55365,45559,11692,33618,3063,12186,23731,33308,37358,47719,17753,14953,21988,8781,23386,14623,49022,17996,28235,3205,16610,14587,22275,35881,15752,32747,42907,40322,13922,10340,13843,22708,25128,25887,26502,31776,4033,
75,22073,24536,27379,39487,44729,29151,41328,27179,6306,38604,39966,41178,38252,41834,38282,32332,6974,9298,42542,10322,46880,27940,44877,5583,47268,20754,29328,30785,42968,21392,5309,41977,22161,49206,743,31014,36941,14729,16849,26345,10444,48157,24419,19058,14713,25659,15565,3610,15681,11978,2336,2685,37534,52016,42788,35306,45849,2176,26862,54308,12402,13169,14551,52131,13704,6778,26379,11559,13799,20223,10203,18728,11070,22058,15044,11379,16700,21850,40879,12412,
76,22073,24536,27379,39487,44729,29151,41328,27179,6306,38604,39966,41178,38252,41834,38282,32332,6974,9298,42542,10322,46880,27940,44877,5583,47268,20754,29328,30785,42968,21392,5309,41977,22161,49206,743,31014,36941,14729,16849,26345,10473,10360,11529,28667,19001,22401,37161,15101,34084,46479,30985,5435,25649,19927,22247,34283,41191,15107,36682,44127,43219,1039,33267,19954,33546,26493,14746,11559,24412,39121,33098,13449,1627,12964,19362,29689,10072,14373,19092,786,
77,22073,24536,27379,39487,44729,29151,41328,27179,6306,38604,39966,41178,38252,41834,38282,32332,6974,9298,42542,10322,46880,27940,44877,5583,47268,20754,29328,30785,42968,21392,5309,41977,22161,49206,743,31014,36941,14729,16849,26345,21183,22812,8104,10346,28288,14422,12823,16918,15886,3842,36263,11087,12161,16508,25027,15169,10212,18408,22547,11447,15883,26323,7870,12084,31863,19218,46368,30383,18627,19181,16595,12493,21399,20664,19475,13088,10072,30073,37312,7858,
78,22073,24536,27379,39487,44729,29151,41328,27179,6306,38604,39966,41178,38252,41834,38282,32332,6974,9298,42542,10322,46880,27940,44877,5583,47268,20754,29328,30785,42968,21392,5309,41977,22161,49206,743,31014,36941,14729,16849,26345,12873,18187,34097,30635,27670,12976,10644,1743,18415,31044,34718,4302,36721,11436,43238,43278,18786,26480,26912,20616,14823,25621,10179,28540,30651,5015,54169,18507,27308,15962,15327,20538,30271,2107,18370,31940,45887,26972,13395,10812,
79,22073,24536,27379,39487,44729,29151,41328,27179,6306,38604,39966,41178,38252,41834,38282,32332,6974,9298,42542,10322,46880,27940,44877,5583,47268,20754,29328,30785,42968,21392,5309,41977,22161,49206,743,31014,36941,14729,16849,26345,12059,34620,4558,29215,21926,28680,18105,20141,19609,20730,25853,30768,37625,36515,12541,22699,395,11318,14449,26988,21706,30208,7979,52087,50141,4000,46565,34098,31657,39046,18473,14227,8825,42759,19513,48594,55539,21377,15207,12258,
80,22073,24536,27379,39487,44729,29151,41328,27179,6306,38604,39966,41178,38252,41834,38282,32332,6974,9298,42542,10322,46880,27940,44877,5583,47268,20754,29328,30785,42968,21392,5309,41977,22161,49206,743,31014,36941,14729,16849,26345,13880,14981,21844,12319,15506,21957,15913,6279,36552,12003,15681,22107,28407,13581,12522,57105,21392,10482,13090,34867,11973,19074,38646,31553,46942,1368,22046,17501,13459,27076,28681,15227,10375,5739,12140,11759,24694,55150,26025,8726,
81,22073,24536,27379,39487,44729,29151,41328,27179,6306,38604,39966,41178,38252,41834,38282,32332,6974,9298,42542,10322,46880,27940,44877,5583,47268,20754,29328,30785,42968,21392,5309,41977,22161,49206,743,31014,36941,14729,16849,26345,39047,10675,6732,12542,13137,12024,12434,13670,18541,2821,36572,338,24412,25324,11032,41170,958,10289,12403,14285,54743,15268,19510,23363,10899,12851,33066,22975,13004,15732,39565,11032,4210,17719,23751,27082,42802,32268,52119,8002,
82,22073,24536,27379,39487,44729,29151,41328,27179,6306,38604,39966,41178,38252,41834,38282,32332,6974,9298,42542,10322,46880,27940,44877,5583,47268,20754,29328,30785,42968,21392,5309,41977,22161,49206,743,31014,36941,14729,16849,26345,36896,59531,15128,12273,33853,24752,12016,5062,14034,22820,17771,877,11440,12201,19152,27027,12707,32374,11235,52462,10124,9723,18321,10768,14171,4383,32367,22704,46431,16517,23491,32438,3655,15451,13338,37354,13637,13418,12871,39041,
83,22073,24536,27379,39487,44729,29151,41328,27179,6306,38604,39966,41178,38252,41834,38282,32332,6974,9298,42542,10322,46880,27940,44877,5583,47268,20754,29328,30785,42968,21392,5309,41977,22161,49206,743,31014,36941,14729,16849,26345,19436,11045,16545,17326,37319,32586,10451,15129,13877,2404,15032,23462,14064,16719,15229,25242,9594,2811,37599,21257,10124,6494,19326,20264,18690,17656,12390,12752,18655,11051,16424,43802,4221,18619,36528,16781,44168,21699,18974,2476,
84,22073,24536,27379,39487,44729,29151,41328,27179,6306,38604,39966,41178,38252,41834,38282,32332,6974,9298,42542,10322,46880,27940,44877,5583,47268,20754,29328,30785,42968,21392,5309,41977,22161,49206,743,31014,36941,14729,16849,26345,12196,17764,28163,31926,13952,19458,10451,4135,24577,22325,19002,20709,14520,19436,19603,14956,15579,3842,21456,22706,59798,3363,3566,35005,42341,6099,22937,12362,12334,36649,21934,22759,22443,25730,16429,16106,14292,12366,12143,26439,
85,22073,24536,27379,39487,44729,29151,41328,27179,6306,38604,39966,41178,38252,41834,38282,32332,6974,9298,42542,10322,46880,27940,44877,5583,47268,20754,29328,30785,42968,21392,5309,41977,22161,49206,743,31014,36941,14729,16849,26345,25106,29269,4623,17476,14142,16613,11459,4419,21119,13112,17516,13563,17076,26822,20798,51711,26522,10554,10760,44220,26093,4848,24279,20489,26160,19298,18035,15353,14043,34163,19608,11368,28340,22810,18926,18139,26928,31565,33587,8227,
86,22073,24536,27379,39487,44729,29151,41328,27179,6306,38604,39966,41178,38252,41834,38282,32332,6974,9298,42542,10322,46880,27940,44877,5583,47268,20754,29328,30785,42968,21392,5309,41977,22161,49206,743,31014,36941,14729,16849,26345,11241,28638,39070,17438,27315,11869,44831,14933,26252,10422,2741,6019,18218,39900,31975,39465,45097,544,36899,18399,20501,4267,7961,11739,20987,1020,15277,11093,34220,31535,32682,16885,8045,1954,12167,37920,42393,40463,19634,3294,
87,22073,24536,27379,39487,44729,29151,41328,27179,6306,38604,39966,41178,38252,41834,38282,32332,6974,9298,42542,10322,46880,27940,44877,5583,47268,20754,29328,30785,42968,21392,5309,41977,22161,49206,743,31014,36941,14729,16849,26345,11437,18505,13223,18924,10312,30805,42335,9923,46037,10422,20536,4218,24041,22323,47104,34243,12223,544,26170,11902,14087,1661,12642,14158,27525,7242,28938,13109,41499,23792,12544,23805,2657,21373,13696,30580,56947,13407,23909,11112,
88,22073,24536,27379,39487,44729,29151,41328,27179,6306,38604,39966,41178,38252,41834,38282,32332,6974,9298,42542,10322,46880,27940,44877,5583,47268,20754,29328,30785,42968,21392,5309,41977,22161,49206,743,31014,36941,14729,16849,26345,10134,32942,35047,41918,13402,12849,21598,11597,48848,10221,12806,3947,19496,21725,18554,11708,14487,36392,19596,13867,14706,1661,22249,44294,25814,26372,53896,49993,45093,22845,17998,11976,17836,20150,39978,12202,24060,18782,62290,28523,
89,22073,24536,27379,39487,44729,29151,41328,27179,6306,38604,39966,41178,38252,41834,38282,32332,6974,9298,42542,10322,46880,27940,44877,5583,47268,20754,29328,30785,42968,21392,5309,41977,22161,49206,743,31014,36941,14729,16849,26345,10134,42828,42570,10583,13793,37190,33712,43844,19141,50449,19405,8803,33681,13956,56713,15655,4136,25374,12155,11432,46469,20048,2703,12271,27762,8973,10174,16431,27876,11669,10660,18720,766,33384,18492,12447,28362,52978,37593,4912,
90,22073,24536,27379,39487,44729,29151,41328,27179,6306,38604,39966,41178,38252,41834,38282,32332,6974,9298,42542,10322,46880,27940,44877,5583,47268,20754,29328,30785,42968,21392,5309,41977,22161,49206,743,31014,36941,14729,16849,26345,28037,31909,34968,17617,11129,13770,14092,7566,27339,45734,1797,4230,12183,13956,35269,10997,8258,11423,12394,55917,19448,3593,25080,36753,33590,6443,10174,34968,14289,24051,10359,39877,29676,1423,41622,21027,10385,11141,20944,7247,
91,22073,24536,27379,39487,44729,29151,41328,27179,6306,38604,39966,41178,38252,41834,38282,32332,6974,9298,42542,10322,46880,27940,44877,5583,47268,20754,29328,30785,42968,21392,5309,41977,22161,49206,743,31014,36941,14729,16849,26345,49301,24307,8596,10729,34781,13252,12730,7173,38787,14507,8343,7567,17692,15889,34775,34712,40412,8861,47549,22284,25384,21223,5758,21326,28691,16237,30788,19277,11921,20696,10359,16007,19025,32757,11239,32128,10749,16503,11802,15626,
92,22073,24536,27379,39487,44729,29151,41328,27179,6306,38604,39966,41178,38252,41834,38282,32332,6974,9298,42542,10322,46880,27940,44877,5583,47268,20754,29328,30785,42968,21392,5309,41977,22161,49206,743,31014,36941,14729,16849,26345,39983,41037,17888,18447,11607,41451,17139,15597,40524,14425,26539,7567,26868,52903,10812,20757,3271,6867,11618,12771,38153,29499,3695,36066,47014,4884,29844,16168,25735,32816,25130,27029,16049,22327,35185,12114,14172,55001,14405,32503,
93,22073,24536,27379,39487,44729,29151,41328,27179,6306,38604,39966,41178,38252,41834,38282,32332,6974,9298,42542,10322,46880,27940,44877,5583,47268,20754,29328,30785,42968,21392,5309,41977,22161,49206,743,31014,36941,14729,16849,26345,19173,45226,7120,21735,42965,12453,11542,32816,10642,15416,34630,3041,17103,13761,11674,23227,12204,19147,11470,21269,24506,16955,25302,41882,27461,26810,28321,45050,29681,11421,29403,20135,39269,41915,18433,16539,12472,32459,14606,20293,
94,22073,24536,27379,39487,44729,29151,41328,27179,6306,38604,39966,41178,38252,41834,38282,32332,6974,9298,42542,10322,46880,27940,44877,5583,47268,20754,29328,30785,42968,21392,5309,41977,22161,49206,743,31014,36941,14729,16849,26345,37730,37387,28300,33540,24821,10931,28282,10041,22773,23775,3522,518,12460,14208,11747,27752,12093,32280,11470,12081,36243,16223,18179,24396,27457,883,18949,17028,26818,35195,30757,29005,6284,5380,28652,11634,40101,11453,22404,26830,
95,22073,24536,27379,39487,44729,29151,41328,27179,6306,38604,39966,41178,38252,41834,38282,32332,6974,9298,42542,10322,46880,27940,44877,5583,47268,20754,29328,30785,42968,21392,5309,41977,22161,49206,743,31014,36941,14729,16849,26345,11824,15131,38726,23489,12292,47711,11367,3122,23706,13705,13333,36506,42454,26494,10991,15068,2169,22128,11351,49852,21599,3377,20697,16339,40226,7634,16574,15453,34613,31936,32504,47583,12551,11110,20809,55069,14122,13797,36725,31146,
96,22073,24536,27379,39487,44729,29151,41328,27179,6306,38604,39966,41178,38252,41834,38282,32332,6974,9298,42542,10322,46880,27940,44877,5583,47268,20754,29328,30785,42968,21392,5309,41977,22161,49206,743,31014,36941,14729,16849,26345,52450,10987,14678,19496,21459,15870,30624,13099,25330,11356,29528,1343,20327,19107,30194,13101,20528,21223,18983,17769,11601,36344,11966,56872,16062,48167,20677,16394,36117,10112,26519,20599,12551,25390,35546,20161,22380,29413,12861,6718,
97,22073,24536,27379,39487,44729,29151,41328,27179,6306,38604,39966,41178,38252,41834,38282,32332,6974,9298,42542,10322,46880,27940,44877,5583,47268,20754,29328,30785,42968,21392,5309,41977,22161,49206,743,31014,36941,14729,16849,26345,10998,14114,25241,12656,11045,12770,10646,8654,44669,44336,6058,2851,29990,14251,14906,18415,24587,5996,11481,20362,16715,32662,36560,41214,16875,3767,12907,17850,31935,50286,48330,40539,17498,19993,20145,17976,11161,14405,16624,17128,
98,22073,24536,27379,39487,44729,29151,41328,27179,6306,38604,39966,41178,38252,41834,38282,32332,6974,9298,42542,10322,46880,27940,44877,5583,47268,20754,29328,30785,42968,21392,5309,41977,22161,49206,743,31014,36941,14729,16849,26345,37534,35502,9915,22240,46279,13451,12350,27669,27113,23648,39567,3203,11899,26891,32729,20536,12109,31063,18733,16553,23522,22186,51696,33507,12183,23412,12296,29727,29796,25592,12532,12098,2475,43020,22017,21901,11161,18918,27501,31735,
99,22073,24536,27379,39487,44729,29151,41328,27179,6306,38604,39966,41178,38252,41834,38282,32332,6974,9298,42542,10322,46880,27940,44877,5583,47268,20754,29328,30785,42968,21392,5309,41977,22161,49206,743,31014,36941,14729,16849,26345,12947,16657,10513,20490,28922,19371,23186,7803,22615,32103,8234,919,26053,27882,12043,18651,3910,12473,28594,12741,13083,744,40056,18050,41524,21762,15145,10830,11377,28699,15772,30682,7309,8833,12755,21235,44675,14197,11942,5795,
100,22073,24536,27379,39487,44729,29151,41328,27179,6306,38604,39966,41178,38252,41834,38282,32332,6974,9298,42542,10322,46880,27940,44877,5583,47268,20754,29328,30785,42968,21392,5309,41977,22161,49206,743,31014,36941,14729,16849,26345,53136,15143,2559,40238,22234,20661,30482,33050,26777,48318,3382,5836,12501,11899,12727,28788,15515,45875,30340,18274,27592,3063,49569,22064,28342,2763,34335,34808,22009,30335,13075,35322,21126,3495,14649,26978,13837,13204,12782,27686,
