1,18224,34180,42413,30709,25158,42285,15949,14807,16424,48841,51631,17857,40928,38600,27193,21164,28792,23432,49208,30907,13729,5812,20708,42161,25752,46967,147,45735,801,34026,24578,46361,21763,20635,45998,37861,40707,32888,37386,42737,22621,6504,34853,23691,17217,162,32481,8536,33423,43945,32222,46793,2661,47740,15277,45863,45149,34409,37661,8524,44440,15648,26971,49616,11455,32360,35641,18756,13577,49250,43457,28729,44620,19450,21757,18174,18485,4582,5998,49035,
2,147,162,147,801,162,2661,801,2661,966,15279,8768,13769,1468,5852,562,15279,1539,914,5852,2168,2098,4443,11531,11531,360,2138,8768,1287,15279,8768,5852,139,139,13769,6377,11531,6377,4328,2125,1466,4386,19520,5009,4180,2388,17088,18382,42532,35617,28286,15796,19166,8188,21042,24306,1825,4414,1829,5264,26925,38959,17003,19247,42425,4147,642,13654,13149,14742,19078,43382,789,38686,10110,42801,4823,4955,33396,6343,21692,
3,139,139,139,139,139,139,139,139,4724,139,139,1028,1671,1099,446,139,4724,3041,139,139,1287,8187,139,6046,139,1000,139,853,139,147,139,973,2195,8187,801,139,147,8883,1610,2928,139,52068,42548,56899,2597,20720,4457,29913,25784,49443,8788,12625,6611,139,147,31196,147,9193,311,595,1353,25469,31421,13860,26844,2822,27181,139,194,25612,23450,30470,31193,139,18248,27065,50580,2681,139,4352,
4,139,139,139,139,139,139,139,139,139,139,139,139,139,139,139,139,6841,139,147,9633,139,139,139,139,10083,139,139,139,139,3535,139,139,139,139,139,139,690,139,139,139,32568,16931,139,29084,139,139,30407,48003,30398,49880,139,34713,916,44573,51641,139,30175,13259,39166,10946,60847,17594,1859,13638,139,139,2216,139,49629,34126,139,139,39722,139,8320,139,31757,44205,58936,57475,
5,139,139,139,139,139,139,139,139,139,139,139,139,139,139,8909,139,139,139,139,139,139,139,139,139,139,139,139,139,139,139,139,8909,139,139,139,139,139,139,139,139,139,32805,15862,38513,139,22870,17302,54706,139,46328,42789,39918,45581,17534,106,23576,2551,50304,139,46371,57120,46734,22754,55207,39802,28206,12294,139,47916,24253,139,32243,46332,23983,30446,139,139,50113,22214,34887,
6,106,139,139,139,139,139,139,139,139,139,139,139,139,139,139,139,139,139,139,139,139,139,139,106,139,139,139,106,139,139,139,139,139,139,139,139,139,139,139,139,139,24334,139,4920,39127,139,106,139,42658,50714,10269,26507,32052,57786,139,139,12897,48957,59397,139,139,10579,24345,139,17740,11002,139,47546,25851,139,139,55044,11102,43111,34849,139,13720,139,139,139,
7,106,106,106,106,139,139,139,139,139,139,139,106,106,139,139,139,139,139,139,106,5761,5761,139,139,139,139,106,139,139,139,139,139,139,139,106,139,139,139,139,139,35345,139,12718,19126,48882,139,11964,106,28301,44309,33984,106,3421,35689,106,139,16657,48449,13382,10727,60210,139,47611,53909,43004,139,10830,53731,15326,106,438,24611,52349,14726,11989,139,139,139,22349,16750,
8,106,106,106,106,106,106,106,106,15709,106,26487,3393,139,106,139,139,106,106,106,106,106,139,139,106,2775,139,106,106,139,106,106,139,139,139,15742,106,106,139,106,106,34992,18468,15608,14629,106,106,11302,29724,106,139,30883,106,15880,38444,42072,42266,17982,13398,28025,34677,139,4975,106,33024,106,50991,17807,48032,106,21324,106,106,14697,106,17705,13041,106,4557,106,139,
9,106,106,106,106,106,106,106,106,106,106,106,106,106,106,106,106,106,106,106,106,106,106,1607,106,106,106,106,106,106,106,106,106,106,106,106,2967,106,106,106,106,22244,54816,54340,106,106,106,106,106,106,11337,106,27384,106,29697,139,59162,50950,25823,106,54305,106,56988,51055,106,106,106,8274,106,41374,20884,106,52681,58142,50613,45446,32146,54314,50042,106,106,
10,106,106,106,106,106,106,106,106,106,106,106,106,106,106,106,106,106,106,10639,106,106,106,106,106,106,106,106,106,106,106,106,106,106,106,106,106,106,106,106,201,106,18718,106,31035,29257,48618,26304,16631,106,661,106,106,3061,106,106,52030,35434,106,23668,44827,34874,46201,48878,12564,106,54296,106,106,106,32157,24525,9907,17763,57529,106,106,106,45977,106,33267,
11,106,106,106,106,106,106,106,106,106,12551,106,106,106,106,106,106,5228,106,106,5228,106,106,13269,106,106,106,106,106,1465,106,106,106,106,106,106,22553,106,106,22553,106,106,11259,106,37641,18225,106,58459,106,58431,29562,23566,38099,36178,106,106,1465,106,106,26275,106,44267,23341,106,106,34109,4049,2409,39716,27225,106,106,106,20218,20144,25021,26107,106,106,56639,27188,
12,106,106,106,106,106,106,106,106,106,106,106,106,106,106,9022,106,106,106,106,106,106,106,106,106,106,106,106,106,106,106,106,106,106,106,106,106,106,106,106,106,106,39305,11583,106,44646,106,106,106,48014,21391,47399,106,106,43883,30072,59012,20387,106,106,106,46167,106,41307,20750,106,106,24685,45267,106,51977,12254,46423,106,60710,21103,26211,106,106,106,106,
13,106,106,106,106,106,106,106,106,106,106,106,106,106,13961,106,106,106,106,106,4339,106,106,13187,106,106,14392,106,106,106,106,106,14392,106,106,106,106,106,106,106,106,106,32330,106,106,42677,15377,36138,106,106,106,15806,22465,41602,106,106,106,42466,45206,106,15986,57223,53606,28255,12190,106,11606,17132,106,37697,106,106,13684,106,106,106,42928,47009,106,15422,32730,
14,106,106,106,106,106,106,106,106,106,106,106,106,106,7485,106,106,106,106,106,106,106,106,106,106,106,106,106,106,106,106,106,106,7485,106,106,106,106,7485,106,106,46480,435,43483,106,6418,58754,106,106,54565,23747,106,106,106,106,106,49085,32818,40221,17366,106,54487,26774,45513,38714,56504,106,106,35083,106,57413,106,106,50391,106,52806,106,106,38587,48018,106,
15,106,106,106,106,106,106,106,106,106,106,106,106,106,106,106,106,3312,106,106,106,106,106,106,106,3312,106,3312,106,106,106,106,106,106,106,15478,106,106,106,15478,106,44337,704,40597,42702,18208,19848,106,8395,13921,106,17302,7845,57982,106,48241,47992,34148,50905,106,19964,56109,11879,106,106,33034,2364,106,106,106,106,18892,106,58441,2504,860,106,106,106,51485,7562,
16,106,106,106,106,106,106,106,106,106,106,106,106,106,106,106,106,106,106,106,106,106,106,106,106,106,106,106,106,106,106,106,106,106,106,106,106,106,106,106,106,106,106,106,106,47948,106,46925,106,106,56562,51902,34821,56737,106,106,47716,106,106,106,106,24061,106,45530,15646,39263,106,106,55343,47639,55422,106,48204,106,30832,27436,58978,106,55397,58865,106,
17,106,106,106,106,106,106,106,106,10955,106,106,106,106,106,106,6898,106,106,106,106,106,106,106,106,106,106,106,106,106,106,106,106,106,106,106,106,106,106,106,106,38839,15507,17822,106,106,49851,106,29024,106,43327,40340,106,106,106,106,106,52976,10200,106,106,23874,106,4919,106,2018,106,106,106,41586,55203,106,46767,106,42859,21718,106,59914,42021,106,106,
18,106,106,106,106,106,106,106,106,106,106,106,106,106,106,106,106,106,106,106,106,106,106,106,106,106,106,106,10297,106,3759,106,106,106,106,106,106,106,24786,106,106,11862,37005,32250,23609,106,15608,32530,106,106,50086,24950,106,106,19659,34592,54092,106,106,44293,11788,106,50042,57834,48095,106,11960,106,32569,39251,38047,40017,106,47225,40561,41010,15831,27687,39130,106,106,
19,106,106,106,106,106,106,106,106,106,106,106,106,106,106,106,133,106,106,133,106,106,106,106,106,24359,106,106,9961,106,133,16710,15313,106,15313,106,106,106,106,106,106,24394,29426,106,1874,49340,106,106,58473,29780,106,106,33833,42234,11048,24197,106,106,106,33680,20776,106,106,106,106,4899,106,53517,106,106,106,22723,106,106,106,21568,54905,106,18440,43365,28810,
20,106,106,106,106,106,106,106,106,16134,106,106,106,106,25568,106,13143,106,106,106,3391,106,106,106,106,106,106,106,106,106,16134,12386,16134,3391,106,106,106,106,106,106,106,9309,106,9550,57904,23955,106,106,106,106,106,42704,27959,106,9015,106,133,53338,42661,49432,106,24437,21507,2145,49019,106,459,5146,106,17909,46738,11086,106,52660,11571,106,106,43998,22220,29106,106,
21,106,106,106,106,106,106,106,106,106,106,106,106,106,106,106,106,106,106,106,106,106,106,13158,106,106,106,106,106,106,106,106,106,106,106,106,106,106,106,106,106,106,106,106,35686,34717,45179,43665,106,49090,106,106,106,106,106,6927,106,54512,106,57266,17378,106,38251,36071,4599,106,106,106,43276,106,106,106,106,43137,23284,106,45708,24705,43447,106,106,
22,106,106,106,106,106,106,106,106,106,106,106,106,106,106,106,106,106,106,106,106,106,106,106,106,106,106,106,106,106,106,106,106,5510,106,106,106,106,106,106,106,106,8131,106,40703,32133,46362,106,106,3338,47401,106,106,33883,106,34782,53925,106,106,106,56522,1558,106,106,45147,14584,106,24997,15212,52328,52824,106,106,52663,106,15483,106,58119,54259,52058,106,
23,106,106,106,106,106,106,106,106,106,106,455,106,106,106,106,106,106,106,106,106,106,106,106,106,106,106,106,106,106,106,106,106,106,106,106,106,106,106,106,106,55106,106,106,106,51976,50837,13291,106,106,106,20639,106,30597,106,106,106,27811,106,16105,34696,17716,106,18541,43411,106,30975,106,38597,43047,28178,106,106,20759,14552,11434,106,106,106,26025,106,
24,106,106,106,106,106,106,106,106,106,106,106,106,106,106,106,106,15235,106,106,106,106,106,106,106,106,106,106,20691,106,106,20691,106,106,11656,106,106,106,106,106,106,30094,28268,106,35464,45374,43397,106,48581,10650,106,106,106,26406,43951,106,106,31286,106,30675,106,55509,106,106,40775,106,19163,47365,106,106,53023,18172,16190,13131,10333,106,21656,35426,106,106,106,
25,106,106,106,106,106,106,106,106,106,106,106,106,106,106,16109,106,106,106,106,106,7800,106,106,520,106,106,106,106,106,18399,920,106,106,106,106,106,13139,106,106,7800,18952,106,57381,23998,53587,33105,37970,106,33974,106,10947,106,41921,10402,106,106,22741,106,106,106,106,19913,27382,55927,47726,14303,25305,106,106,3636,52277,29479,106,33673,10119,1474,106,47195,21133,106,
26,106,106,106,106,106,106,106,106,106,106,106,106,106,106,106,106,106,106,106,106,106,106,106,106,106,106,106,106,106,106,106,106,106,106,106,106,106,106,106,106,106,106,106,106,59969,106,18654,48647,106,106,37877,106,38720,106,27652,106,36171,52993,32311,106,106,37107,106,20637,12150,47986,37102,57379,17584,34229,106,106,106,106,106,28062,53885,106,36939,19169,
27,106,106,106,106,106,106,106,106,106,106,106,106,106,106,106,106,106,106,106,106,106,7715,106,106,106,106,106,106,106,106,106,106,106,106,106,106,106,106,106,106,22546,47390,106,31379,28974,58470,106,31582,51387,106,106,20701,48403,106,45896,106,45915,29687,106,106,106,106,106,14093,106,47594,12612,49272,48292,13036,106,106,106,106,106,106,106,106,1758,19651,
28,106,106,106,106,106,106,106,106,106,15131,13894,106,106,106,106,106,106,106,106,106,106,106,106,106,106,106,106,106,106,106,106,106,106,106,106,106,106,106,106,106,52194,106,56752,106,51650,106,57624,106,106,23265,106,106,106,23545,58853,32566,20887,106,10920,55017,106,106,49735,106,57515,13279,106,17639,106,106,106,13594,106,46253,106,45021,106,106,20336,106,
29,106,106,106,106,106,106,106,106,106,106,106,106,106,106,106,106,106,106,11623,106,106,106,11298,106,106,1429,106,106,106,106,106,106,106,106,106,106,106,106,106,106,42035,106,59282,54788,11403,106,106,106,56900,106,52369,58048,35524,42788,59079,17784,106,106,106,10675,3298,17417,56361,106,54602,106,106,45496,12971,106,39491,13088,50434,106,28988,106,15549,59133,106,44587,
30,106,106,106,106,106,106,106,106,106,106,106,10072,106,106,10072,106,106,106,10529,106,106,106,9997,106,106,106,106,106,106,106,10072,106,106,106,106,106,106,106,106,106,106,106,53198,2909,27533,106,53835,106,41451,16934,106,106,106,51291,106,40726,106,106,106,106,1554,2145,21984,31954,106,4203,106,106,17245,28335,34285,106,12194,106,22906,10333,17133,10695,1466,56769,
31,106,106,106,106,106,106,106,106,2128,106,106,11567,106,106,106,106,106,106,106,106,106,106,106,106,106,106,106,27855,106,27855,106,20817,106,106,106,11567,106,106,106,106,106,30327,21374,106,24930,59094,106,106,106,43930,106,41749,56632,37685,8367,56260,106,106,106,56415,106,24673,23034,106,106,2301,20860,106,106,45935,59379,53739,50494,106,49469,22459,39079,2336,106,106,
32,106,106,106,106,106,106,106,106,106,19685,106,106,106,19685,106,106,106,106,106,12429,106,106,106,106,106,11795,106,106,106,106,106,106,106,106,106,106,106,106,4313,106,35425,106,42876,51852,106,57783,23345,43944,38693,20879,30131,891,11606,106,106,106,47326,25565,3306,26585,106,23506,106,106,48483,33066,106,29171,48754,46094,19921,106,106,12314,6439,38098,106,24220,106,25486,
33,106,106,106,106,106,106,106,106,106,106,106,106,106,106,106,13866,106,106,106,106,106,106,106,106,106,106,106,106,106,106,106,106,106,106,106,106,106,106,106,106,106,106,20865,106,106,49291,43745,106,54446,10747,45310,52229,106,106,27018,51811,54372,57073,20050,106,58230,106,20702,106,106,106,54104,106,106,106,106,106,106,16838,106,18972,25456,106,19492,106,
34,106,106,106,106,106,106,106,106,106,106,106,106,106,106,106,106,106,106,106,106,106,106,106,106,106,106,106,106,106,17955,106,106,106,106,106,27813,106,106,106,106,106,106,106,15179,106,19750,32406,53121,106,35266,106,44914,59592,51359,106,13138,106,106,53494,106,106,106,106,49619,106,106,106,1012,106,106,106,55041,59647,106,106,31817,34681,106,48675,106,
35,106,106,106,106,106,106,106,106,106,106,106,106,106,106,12487,106,106,106,106,106,12487,106,106,106,106,106,106,106,106,106,106,106,106,106,106,106,106,106,106,12487,59458,19064,28599,35447,106,106,106,21682,106,106,106,43479,106,49170,11439,45634,21105,106,23772,12698,106,106,28790,10440,106,33667,32172,106,36424,40622,49783,34952,39278,106,38459,106,50601,23238,12434,106,
36,106,106,106,106,106,106,106,106,106,106,106,106,106,106,106,106,106,106,106,11600,106,106,106,106,106,106,106,106,106,106,23380,106,106,106,106,106,106,106,106,106,106,106,18296,106,106,26782,15024,35579,106,106,49505,55487,50314,106,15943,106,52979,54969,24159,106,58653,106,106,26455,106,106,14514,49603,13531,106,50206,106,27559,106,106,106,106,12895,49940,50796,
37,106,106,106,106,106,106,106,106,106,106,106,106,26493,106,2535,106,106,106,106,106,106,106,106,106,106,106,106,106,106,106,106,106,106,106,106,106,106,106,106,14408,30933,106,51425,106,106,58222,54880,33135,55296,29322,26912,106,54487,106,106,106,58519,106,106,30370,30232,24091,4358,37096,106,106,106,36224,31830,52226,55755,18468,106,106,106,16585,106,44748,106,46057,
38,106,106,106,106,106,106,106,106,22096,12887,17586,106,23734,106,106,106,106,106,23734,22096,23734,106,11916,106,106,106,106,106,106,106,106,106,106,106,106,106,106,106,106,106,106,106,53712,19732,21163,44256,13522,10526,106,7570,106,106,106,43460,106,48808,106,106,50821,3603,8939,106,40835,46756,106,36233,106,106,106,14381,1872,24443,26782,106,106,23141,40683,106,16158,106,
39,106,106,106,106,106,106,106,106,106,106,106,106,106,10277,106,106,106,106,106,106,106,106,106,106,106,106,106,10319,106,106,106,106,106,106,106,106,10106,106,106,106,45125,56443,22279,106,19928,55743,24774,106,106,106,43250,106,14514,51790,28537,106,106,22498,106,106,106,28779,35699,31667,28301,106,10198,106,41216,54987,106,106,45500,34792,21739,54769,106,106,22932,106,
40,106,106,106,106,106,106,106,106,10106,106,106,106,106,106,106,106,106,106,106,106,106,106,106,106,10106,19752,106,106,106,106,106,15059,106,106,3153,10106,106,11882,106,106,106,319,106,106,41755,106,48478,106,106,55131,106,47113,106,106,106,40314,106,47249,10191,106,106,52399,106,106,106,55067,26804,57549,12417,22080,45955,56102,55117,106,12244,48190,106,56937,23805,11861,
41,106,106,106,106,106,106,106,106,106,106,106,106,106,106,106,22221,106,106,16776,106,11054,106,106,106,106,106,106,106,106,106,106,106,22221,106,106,106,106,106,106,106,106,59913,58058,22698,15517,106,23472,4669,106,106,106,106,106,106,106,106,28085,106,24927,106,106,37285,106,22209,39628,45060,44452,106,106,44457,44785,21721,106,106,106,106,55062,106,106,43134,
42,106,106,106,106,106,106,106,106,106,20041,11447,106,106,106,106,106,106,106,106,106,106,16618,106,106,106,106,106,106,106,106,106,106,11447,7844,106,106,16618,106,106,106,106,106,54300,106,51518,17406,26181,38230,106,106,5764,13118,106,106,106,43658,51591,106,26631,10342,106,22519,106,39376,47167,55059,106,106,106,18712,106,52276,22552,106,11847,41296,106,106,106,106,
43,106,106,106,106,106,106,106,106,106,106,106,106,106,106,106,106,106,106,106,106,106,106,106,106,106,106,106,106,106,106,106,106,106,106,106,106,106,106,106,106,4967,52371,106,106,1403,43593,106,52271,106,50112,106,106,24578,14746,19099,58871,11535,7527,55957,21486,35515,40202,106,46934,10998,22355,22474,22614,23491,32895,106,40312,106,106,106,106,11300,57703,106,46491,
44,106,106,106,106,106,106,106,106,106,106,14823,106,106,106,106,106,106,10499,106,15310,106,106,19559,106,106,106,106,13059,106,2689,106,106,12097,18752,106,106,4952,106,106,12095,106,35769,29208,106,18150,106,27190,56056,10461,15300,19256,10445,106,29207,3971,15587,106,11903,44512,106,36765,56137,30822,106,58087,106,49811,38626,10660,106,106,106,106,106,46739,106,106,57547,12371,53993,
45,106,106,106,106,106,106,106,106,106,106,106,106,106,106,106,106,106,106,106,106,106,106,106,106,106,106,106,106,106,106,106,106,106,106,106,106,106,106,106,106,106,106,106,57125,52881,50042,106,106,106,11272,54341,106,106,57321,106,40438,106,106,14627,106,25406,52321,106,106,19545,18031,26171,106,52014,106,57096,106,22676,22523,27490,106,106,106,25541,106,
46,106,106,106,106,106,106,106,106,106,106,106,106,106,106,106,23523,106,106,106,106,106,106,106,106,106,106,106,106,106,106,106,106,106,106,24049,23523,106,106,23523,106,37692,45050,50185,35066,106,16367,57129,4047,106,106,13009,106,106,53264,3444,106,106,28502,106,106,106,58767,106,106,45307,106,106,106,54486,16187,106,50939,58964,48826,58511,43472,106,26293,106,11427,
47,106,106,106,106,106,106,106,106,106,21948,106,106,106,106,106,106,106,106,106,106,106,106,106,106,106,106,106,21948,106,106,21948,106,106,106,106,106,106,106,106,106,106,49414,50715,106,106,106,106,22968,106,106,106,106,106,106,55109,106,106,25564,36720,60445,106,106,43494,15000,49119,10138,106,106,51118,106,53094,45902,106,106,29286,20255,23263,663,106,106,
48,106,106,106,106,106,106,106,106,106,106,106,21566,106,106,106,106,106,106,106,28898,2173,106,12582,14896,106,106,106,106,2173,106,106,106,106,106,106,106,106,106,106,106,42526,36043,106,31489,106,106,106,106,106,57733,33407,25648,13221,106,46999,47235,35877,106,106,20017,106,18658,106,11008,106,33547,106,29770,11315,51826,38560,40364,106,106,106,106,17180,106,55084,20184,
49,106,106,106,106,106,106,106,106,23140,106,106,106,106,106,106,106,106,106,106,106,106,106,106,106,106,106,106,106,11315,106,106,106,106,106,106,106,106,106,12125,106,17623,43329,106,20523,106,106,24728,11081,26108,106,106,106,1033,106,38890,50159,61385,106,54507,28091,106,106,29704,106,53047,54150,35756,106,52088,32356,4202,59180,106,59558,26376,48671,106,51638,106,106,
50,106,106,106,106,106,106,106,106,106,106,106,106,106,106,106,106,106,106,106,106,106,106,106,106,106,11791,106,106,106,106,21069,106,106,106,106,106,106,106,106,106,26539,48446,106,106,55013,40046,106,106,106,106,106,57467,46571,106,106,106,106,28178,106,13823,38727,24406,11325,13578,43105,106,19058,50380,106,106,40780,26997,106,106,38038,57709,14191,2218,106,106,
51,106,106,106,106,106,106,106,106,106,106,106,106,106,106,106,106,7363,106,106,1683,106,106,106,106,106,106,106,106,106,106,21207,106,106,106,106,106,106,106,106,106,55733,106,16781,106,12906,20807,106,106,106,16776,56844,106,10602,106,106,106,46450,106,106,17151,18150,106,106,59418,106,25916,46885,106,106,106,106,44708,48909,56812,106,49978,106,106,106,106,
52,106,106,106,106,106,106,106,106,106,106,106,106,106,106,3505,106,106,106,106,106,106,106,106,106,13341,106,106,106,106,106,106,3505,106,106,106,106,106,106,106,106,106,56215,106,32344,21942,106,21547,106,106,106,314,42862,20888,106,106,106,52863,106,34086,52204,106,106,106,19299,106,106,58830,106,10677,106,106,106,44882,44343,106,15979,106,106,16582,106,
53,106,106,106,106,106,106,106,106,106,106,106,106,106,106,106,106,14419,106,106,106,106,106,106,106,106,106,106,106,106,106,106,106,106,106,106,106,106,106,106,106,106,48701,14184,31672,106,58862,35335,106,106,13227,50368,54523,50598,106,25744,106,106,106,19417,106,46354,106,106,54576,30018,106,15643,106,29510,48218,40253,11686,20747,57945,41757,106,106,26610,106,106,
54,106,106,106,106,106,106,106,106,106,106,106,106,106,106,106,106,17132,106,10266,1398,106,106,106,11525,14169,106,106,106,106,106,106,106,106,106,106,106,106,106,106,106,3815,106,24823,36021,106,6797,40034,38533,106,106,106,106,28833,11740,106,35697,52787,20657,106,39273,106,34179,15034,106,106,36388,22499,106,51816,16528,106,26335,106,106,46928,15926,106,106,14046,106,
55,106,106,106,106,106,106,106,106,106,106,106,12929,16177,18193,106,106,106,106,106,106,106,106,106,106,18193,106,106,106,106,106,106,106,106,799,106,10266,106,106,106,106,54047,106,106,106,38321,12568,30400,106,106,106,106,19159,23814,106,56797,106,54042,106,11434,106,11222,106,106,13274,106,106,106,106,106,106,48208,106,106,10298,106,106,106,106,106,106,
56,106,106,106,106,106,106,106,106,106,106,106,106,106,106,106,106,106,106,6155,106,106,106,106,106,106,106,106,106,106,106,106,106,106,106,106,106,106,106,6155,106,18138,106,106,25506,19906,106,106,106,10557,39763,56580,106,34040,106,106,24040,106,51284,106,49182,106,106,49484,106,48218,106,106,50734,40768,14965,18134,106,106,11757,106,51904,48052,106,47750,106,
57,106,106,106,106,106,106,106,106,106,16723,106,16723,12578,106,106,18286,106,106,106,11727,106,18286,106,14441,106,7902,106,106,14441,106,106,106,106,106,16723,106,106,106,106,106,106,26451,24242,17117,106,48401,106,19465,52924,59023,19101,22967,2238,106,106,325,20214,106,106,106,43999,29794,25034,27683,17873,22156,106,2227,13194,106,106,51311,45792,18258,26108,106,31106,106,106,49895,
58,106,106,106,106,106,106,106,106,106,106,106,106,106,106,106,106,106,106,106,106,106,106,106,106,106,106,106,106,106,106,106,106,106,106,106,106,106,106,106,106,20013,25346,106,106,106,106,25437,32052,106,60451,22136,106,58931,106,106,42089,35115,106,106,52226,106,106,41192,106,106,106,106,106,42668,11180,39115,23254,106,106,106,106,33526,60263,106,34971,
59,106,106,106,106,106,106,106,106,106,106,106,106,106,106,106,106,106,9151,106,106,106,106,106,11077,106,9151,106,106,106,106,106,106,106,106,106,106,106,106,106,106,106,48082,54191,3818,45657,106,106,106,22700,106,106,106,106,106,661,31906,1362,6757,56451,106,106,23628,6212,106,43741,106,106,13064,47945,56607,106,24175,106,12315,106,21245,106,12923,53494,50613,
60,106,106,106,106,106,106,106,106,1993,106,106,106,106,106,106,106,106,106,106,106,106,106,106,106,2448,106,106,106,106,106,106,106,106,14185,106,106,106,106,106,106,106,5150,16371,16637,12761,106,18991,106,106,106,28929,39212,1240,106,106,106,106,106,106,16742,42073,106,52885,24765,106,14900,43317,106,106,106,22185,106,39183,106,106,47629,106,30725,36976,106,
61,106,106,106,106,106,106,106,106,106,106,106,4987,106,106,106,106,106,106,106,106,106,106,106,106,106,106,106,106,10106,106,106,106,106,106,106,106,10106,106,106,6552,57034,10195,106,106,1893,106,106,31195,39890,106,13651,58865,11051,106,59903,106,48056,49356,106,52628,31954,106,25398,1635,46105,16212,22410,39003,53195,53320,106,106,54470,106,106,106,29637,106,106,106,
62,106,106,106,106,106,106,106,106,106,106,106,106,106,106,106,106,106,106,106,106,18652,106,106,106,106,106,106,106,25195,106,106,7226,106,106,106,19185,106,106,106,106,106,55719,53693,106,106,106,106,37779,106,46317,32485,106,16880,106,106,106,14212,51286,12125,106,24529,23201,106,58066,106,55005,52711,20039,45097,56986,5307,48873,106,10085,106,56502,52166,45027,106,106,
63,106,106,106,106,106,106,106,106,106,21175,106,106,106,106,106,106,21175,106,106,106,106,106,106,106,106,106,1326,106,106,106,1326,106,106,106,106,21175,106,2009,9484,106,106,106,33866,106,106,54080,42466,47905,4423,30770,40426,14624,106,10722,38221,17384,23209,24472,20959,106,20310,18884,106,15546,26258,42037,106,106,51230,13103,106,46652,30814,44676,19480,28030,11466,106,106,106,
64,106,106,106,106,106,106,106,106,106,106,106,106,106,106,106,106,106,106,106,106,106,106,106,106,106,106,106,106,106,106,106,106,106,106,106,106,106,106,106,106,35927,106,106,35513,28428,106,106,106,42615,43702,106,57379,106,106,13740,106,106,106,106,106,106,71970,36791,106,36968,56672,106,106,106,20339,46262,106,106,12883,106,106,34068,106,106,106,
65,106,106,106,106,106,106,106,106,106,106,11603,106,106,106,106,106,106,106,106,106,106,106,106,106,106,106,106,106,106,106,106,106,106,106,106,106,106,106,34758,106,106,12295,19830,106,106,106,106,106,106,106,52370,106,106,45895,30538,106,45757,106,17594,17194,14934,54522,56664,106,106,39649,106,28632,106,58766,106,106,14377,106,106,106,22060,46291,38632,106,
66,106,106,106,106,106,106,106,106,106,106,106,106,106,106,106,106,106,784,106,106,106,106,106,106,106,106,784,784,15677,106,106,106,106,106,106,106,106,106,106,106,106,106,106,31337,53753,17546,41168,13999,106,106,36461,106,34304,106,56323,3181,106,49247,10875,42500,40355,37342,8507,11966,14650,106,106,106,44021,44600,23526,41011,106,106,5833,106,23720,915,41737,106,
67,106,106,106,106,106,106,106,106,106,106,106,106,106,106,106,106,106,106,106,106,106,106,17086,106,17793,106,106,15652,106,106,106,106,106,106,106,106,106,106,106,106,10942,1980,59058,106,16940,106,11804,17620,37001,53652,44999,106,5348,9144,106,10754,3348,25727,41593,13353,16057,43056,106,12663,31001,51537,42011,47308,106,106,3268,15023,106,106,29024,27488,106,18803,51569,19010,
68,106,106,106,106,106,106,106,106,106,106,106,106,106,106,106,106,106,106,106,106,106,106,106,106,106,106,106,106,106,106,106,106,106,106,106,106,106,106,106,106,106,106,56816,41430,106,56850,106,55677,54951,106,106,43025,46346,38633,44689,106,106,106,106,106,106,106,106,22339,106,106,106,106,58191,43097,106,43339,106,106,106,38955,20908,56438,106,106,
69,106,106,106,106,106,106,106,106,19453,106,106,106,106,106,106,106,106,106,106,106,106,106,106,106,106,106,106,106,106,106,106,106,106,106,106,106,106,106,106,106,32938,106,11593,106,53737,106,25014,106,49654,106,53947,40120,29060,106,9843,106,106,106,20714,106,23653,41777,9991,54049,106,57490,106,25647,10741,42361,27964,37814,35951,13795,42062,35534,48409,30607,26244,46376,
70,106,106,106,106,106,106,106,106,106,106,106,1991,106,13736,106,26244,106,106,106,106,106,106,106,106,106,106,106,106,106,106,106,8228,106,106,106,106,25483,106,106,106,49109,106,48806,106,106,54176,106,106,106,106,106,51041,18400,106,58031,54329,15406,106,15655,12909,16729,106,50279,106,106,106,106,106,48193,26742,54999,106,20994,106,32689,11356,106,106,30506,30927,
71,106,106,106,106,106,106,106,106,106,106,106,106,106,106,20166,106,106,106,20166,106,106,106,106,3800,106,26919,106,106,106,106,106,20166,106,106,14482,106,106,106,106,106,13610,14777,13545,106,106,106,49902,49152,106,34397,106,35206,51871,50218,106,39383,12465,49298,12877,106,59093,35183,52289,106,36471,40445,34687,106,39970,48583,14078,38105,10534,106,106,29448,46292,48698,106,106,
72,106,106,106,106,106,106,106,106,106,106,106,106,106,106,106,106,106,106,106,106,106,106,106,106,106,106,106,106,106,106,106,106,3830,106,106,106,106,106,106,106,10433,106,47187,51432,106,33226,15306,106,55920,13742,106,21866,106,106,106,51085,16441,50214,106,106,106,43041,46730,106,15746,106,40734,53684,106,28789,106,106,12728,15295,58332,106,35834,58255,52204,14652,
73,106,106,106,106,106,106,106,106,106,106,106,106,106,106,106,14846,106,24949,18845,106,106,106,106,106,106,106,17085,106,106,106,106,106,106,106,106,18845,106,106,106,106,106,106,19699,34182,45574,48254,10680,106,56687,21060,46788,106,2699,106,106,33123,42884,106,106,44969,12402,60126,55433,106,56734,106,48687,106,106,7135,106,47952,18745,106,11389,106,20171,106,37013,25353,
74,106,106,106,106,106,106,106,106,106,106,106,10222,106,2699,106,106,106,24735,24735,106,106,106,106,106,106,106,106,106,106,106,106,106,15393,7125,106,106,106,106,106,106,106,106,1398,36407,106,21199,10067,38556,20836,23954,12319,4985,106,106,35624,106,106,17284,24279,48505,11625,106,106,106,106,16837,13033,106,59459,106,13501,106,106,31318,32419,106,106,23890,106,31303,
75,106,106,106,106,106,106,106,106,106,106,17245,106,5412,106,106,106,106,106,106,106,106,106,3559,106,106,106,106,106,106,106,106,106,106,106,106,8496,106,106,8496,106,48480,106,106,4407,106,106,41024,47149,106,106,50665,106,106,106,106,15440,51996,10503,30565,50934,106,49130,106,22346,48122,106,106,57329,106,106,58312,14106,47181,106,27330,47520,52722,46886,37190,18443,
76,106,106,106,106,106,106,106,106,106,106,106,106,106,11098,106,106,106,106,19275,106,106,106,106,106,11949,106,12441,106,106,106,22629,106,106,106,106,106,11849,23155,106,23155,22473,26273,106,106,28930,106,106,25300,106,32640,106,33886,22804,48263,4916,43536,54357,106,106,25230,106,106,59899,51150,106,9442,56033,106,106,10031,48006,10027,106,40899,106,15556,106,34538,58291,15373,
77,106,106,106,106,106,106,106,106,106,106,106,106,106,106,106,106,106,106,106,106,106,106,106,106,106,106,106,106,106,106,106,106,106,106,106,106,106,106,106,106,57774,46730,34950,106,106,106,46106,53928,30873,15366,106,58965,25119,106,10927,106,106,48560,106,106,106,106,46606,12093,106,55934,106,45831,49748,106,106,21002,106,106,51238,50836,47481,57261,106,29125,
78,106,106,106,106,106,106,106,106,106,106,10432,106,106,106,106,106,106,106,106,106,6944,106,9523,106,106,9523,106,19042,106,106,13472,106,106,106,19042,106,106,106,16991,106,35818,17564,106,106,35552,48288,106,21879,54249,30250,106,106,54810,28359,20085,16136,31908,58039,3133,42412,106,5071,106,18572,52109,106,54227,106,106,106,52941,27519,3077,106,106,29764,52731,12884,106,106,
79,106,106,106,106,106,106,106,106,106,106,106,106,106,106,106,106,106,106,106,106,106,106,106,106,106,106,106,106,106,106,106,106,106,106,106,106,106,106,106,106,106,106,106,106,106,18715,106,60968,14155,106,106,106,106,57484,106,106,106,106,54000,106,106,45393,12562,106,106,55127,16146,19738,46097,106,20633,106,106,106,16903,12758,15910,52309,106,41532,
80,106,106,106,106,106,106,106,106,106,106,106,106,106,106,106,106,106,106,106,106,106,106,106,106,106,106,106,106,106,106,106,106,106,106,106,106,106,106,106,106,51611,106,42707,32978,45961,106,106,41857,106,45517,28359,46598,106,106,106,23118,106,35953,53925,106,48373,106,18026,106,43302,106,106,106,106,52091,106,52825,10562,1466,106,106,25866,13926,52987,106,
81,106,106,106,106,106,106,106,106,106,106,106,106,106,106,106,6908,106,106,106,106,106,6908,15106,106,19397,106,106,106,106,12912,106,106,106,106,106,106,106,106,106,106,48515,106,106,106,48997,17927,106,21089,106,1833,32971,41470,106,106,18175,106,44346,52571,44161,106,42322,46028,106,5489,106,7964,45793,47774,55355,29201,47459,10993,28402,39550,14474,49569,22974,22155,106,106,
82,106,106,106,106,106,106,106,106,106,106,106,106,106,106,106,106,106,106,106,106,106,106,106,106,106,106,106,106,106,106,106,106,106,106,106,106,106,106,106,106,55015,106,106,52601,106,18363,22500,24084,57478,106,106,106,12918,106,13356,46602,106,55228,44747,51937,106,106,32143,106,106,106,106,55859,106,52836,49741,106,55385,106,40230,16197,37055,106,59794,21027,
83,106,106,106,106,106,106,106,106,106,106,106,25008,106,6126,106,106,106,106,106,25008,106,9071,3661,6126,106,106,106,25008,106,11541,106,106,6126,106,106,106,106,106,15547,106,106,106,106,21436,106,106,20193,106,53955,58595,27435,24620,106,10542,54322,40932,12829,50520,25113,40736,106,49153,18863,106,106,18403,106,20138,48235,55678,44827,14652,36660,106,27185,106,106,106,8297,106,
84,106,106,106,106,106,106,106,106,106,106,106,106,106,106,106,106,106,106,106,106,106,106,106,106,106,106,106,106,106,106,106,106,106,106,106,106,106,106,106,106,106,106,106,16484,54483,48369,42413,16996,106,106,19043,106,31415,106,20779,50774,106,43559,106,106,106,106,106,59351,16345,106,56150,106,106,106,106,51438,55325,106,106,43348,106,59999,16509,56898,
85,106,106,106,106,106,106,106,106,106,106,14116,106,106,106,106,106,106,106,106,106,3750,106,106,106,106,106,106,106,11017,106,106,106,106,106,106,106,106,106,106,106,29548,28425,106,40815,35501,42883,106,52103,49968,27884,106,106,106,106,106,106,106,106,106,106,106,20848,46896,106,106,106,61526,106,9610,106,106,106,58699,12434,44532,106,53131,106,24719,106,
86,106,106,106,106,106,106,106,106,106,7716,106,106,106,106,106,106,106,106,106,106,106,106,9884,106,106,106,106,106,106,106,4710,106,106,106,106,106,106,106,106,106,106,12851,106,45083,106,50325,106,53991,106,106,19135,12095,17644,106,50626,106,29221,40765,106,13979,106,18860,106,41830,106,29766,18239,39791,33634,106,20207,106,3988,106,106,13059,31881,60716,106,10235,
87,106,106,106,106,106,106,106,106,106,106,106,106,106,7414,7414,106,12248,17415,17996,106,106,106,106,106,106,106,106,106,106,7414,106,106,106,106,106,106,106,106,106,106,45352,55671,16579,106,106,49097,49254,44413,6365,23188,57957,106,17782,5718,29776,106,27731,106,106,2038,20975,106,55352,25424,49455,24661,51609,106,106,106,106,41503,106,106,52197,33878,106,106,11430,106,
88,106,106,106,106,106,106,106,106,106,106,106,106,106,14862,106,3605,106,106,106,106,106,106,106,6031,106,106,106,14949,106,106,106,106,106,106,106,106,106,106,106,106,106,106,10857,106,106,13548,35951,106,57803,19182,57983,35114,106,106,106,29260,106,15789,8631,106,56438,106,106,34485,48803,106,13926,106,106,40014,106,106,44697,106,35504,46375,106,2426,106,48855,
89,106,106,106,106,106,106,106,106,18571,12417,106,106,106,106,106,106,106,106,106,106,106,106,106,106,106,106,106,106,106,106,106,106,106,11429,106,106,10857,106,106,106,57805,13347,19557,106,106,12565,106,55839,59997,106,106,52419,106,40158,10409,61294,18342,106,106,106,106,28074,53329,44182,19407,48242,106,106,10886,49877,16888,55256,489,3905,11353,106,45737,106,45010,106,
90,106,106,106,106,106,106,106,106,106,28755,106,106,106,106,106,106,106,106,106,106,106,106,3063,106,106,106,106,106,28755,10857,106,106,106,28755,106,106,106,28755,106,106,106,31313,49719,106,27293,37165,53711,54067,11992,47967,20390,106,32038,54892,47470,54512,29934,35511,106,50937,51710,22089,106,58791,106,106,106,106,24712,106,38697,7918,106,12453,48301,27403,106,18267,106,41152,
91,106,106,106,106,106,106,106,106,106,106,106,106,106,106,106,106,106,106,106,106,106,106,106,106,106,106,106,106,106,106,106,106,106,106,106,106,106,106,106,106,48612,106,25034,60340,41679,40886,39640,58166,13146,42043,54839,106,25311,11493,47294,51606,24493,106,106,57269,59071,106,47070,10387,31668,106,106,106,106,106,106,58578,58282,31211,55049,106,53761,47956,106,106,
92,106,106,106,106,106,106,106,106,106,106,19540,106,22342,106,106,19686,106,16626,106,106,12345,16626,11223,106,106,106,22778,106,106,27282,106,106,106,16626,19686,106,106,106,106,106,58879,31340,31861,23993,106,106,106,5545,25612,25241,19183,16125,571,4123,4534,9586,53425,60665,106,30978,11825,37422,106,14341,2768,106,106,52740,45612,40703,106,22959,106,58046,106,106,29404,106,24769,9883,
93,106,106,106,106,106,106,106,106,106,106,106,106,106,106,106,106,106,106,106,106,106,106,106,106,106,106,106,106,106,106,106,106,106,106,106,106,106,106,106,106,106,59609,25298,106,11245,46278,44518,106,52927,106,106,106,41005,45748,54723,106,106,106,106,106,45643,106,106,106,106,14169,44670,106,51858,55057,106,36178,106,106,106,22669,106,106,14212,20119,
94,106,106,106,106,106,106,106,106,106,106,106,106,106,106,106,13482,106,106,106,106,106,106,391,106,106,106,106,106,106,106,106,106,106,106,27932,391,27932,106,106,106,106,18624,26619,106,106,29138,106,53933,46301,106,14888,20821,106,106,106,19146,106,16636,106,32635,31668,41654,23388,106,52184,106,38529,46867,106,106,23987,106,106,17431,34138,14051,391,51606,106,14242,
95,106,106,106,106,106,106,106,106,106,106,106,106,106,106,2004,106,106,106,106,106,9959,106,106,106,106,106,106,106,106,106,106,106,106,106,106,106,106,106,106,106,106,18200,57312,106,10745,23217,106,106,55252,27143,23299,21982,6364,58571,55234,106,41367,58517,24188,106,41289,106,106,106,41648,106,106,48927,43379,106,106,46945,106,106,33685,106,106,106,106,54648,
96,106,106,106,106,106,106,106,106,106,106,106,22090,106,106,106,106,14266,106,106,106,106,11772,106,106,106,106,106,106,27046,106,106,106,106,106,106,106,106,106,106,106,57686,106,28068,106,48617,14765,106,106,106,34613,106,26730,47686,19901,106,14636,43145,45175,49260,21292,106,26544,41078,24411,106,106,16633,106,13449,57071,28562,20346,106,25425,10487,106,49917,29603,106,106,
97,106,106,106,106,106,106,106,106,106,106,106,106,106,106,106,106,106,106,106,14519,106,106,106,106,106,106,106,106,106,14519,106,106,106,106,106,106,106,106,106,106,28615,33443,106,46740,14285,10127,106,106,9131,18987,106,38690,50433,106,106,106,14208,28724,106,47593,53526,20186,106,106,57714,16777,106,106,106,106,31770,106,106,106,106,2470,106,60872,19149,3748,
98,106,106,106,106,106,106,106,106,106,106,106,3531,106,106,106,106,106,106,106,106,106,106,106,106,106,106,106,106,106,13504,106,106,106,106,106,106,10449,106,106,106,56487,106,106,17154,106,106,106,47102,106,33716,106,50576,46687,106,21052,20633,106,106,106,44330,34645,52649,35149,106,106,106,25780,106,17697,106,106,14426,106,41411,41466,13841,47135,61297,18795,33750,
99,106,106,106,106,106,106,106,106,106,106,106,106,106,106,106,12449,106,106,106,106,106,106,106,106,106,106,106,106,106,106,106,106,106,8254,106,106,12484,106,106,106,54850,33436,106,39751,1130,4207,106,47628,106,30078,106,106,106,52116,106,106,5632,106,4643,106,106,10537,52892,106,106,106,27152,45112,22070,1936,106,106,38632,106,48070,106,106,106,106,54108,
100,106,106,106,106,106,106,106,106,106,10476,10476,106,106,106,20094,106,106,106,106,106,106,106,106,106,106,106,106,106,106,106,106,20094,106,106,106,106,106,106,106,106,46884,106,15568,49579,27003,106,106,11817,106,45300,31679,20573,41552,58937,106,106,49637,37108,106,106,47290,106,106,38469,55254,106,32126,36911,106,48057,27508,11539,45224,33378,19589,29707,106,43086,13084,52091,
