1,15340,7618,46105,23440,34971,2930,6323,41685,18115,33226,28725,27610,23712,42103,47095,3513,32858,33108,10485,35931,41215,16889,14677,48443,36955,17060,41678,36158,9645,1446,44057,46022,25971,40309,24532,37838,2575,32093,19759,30309,18001,24991,15382,46572,5362,20318,50801,14791,14298,32895,37170,8961,7527,47310,19452,20068,45314,42213,37692,14468,21864,8825,4426,50062,1304,49591,47723,2351,43401,20418,25275,13724,31090,47078,35047,33308,7488,14437,21078,44789,
2,15340,7618,46105,23440,34971,2930,6323,41685,18115,33226,28725,27610,23712,42103,47095,3513,32858,33108,10485,35931,41215,16889,14677,48443,36955,17060,41678,36158,9645,1446,44057,46022,25971,40309,24532,37838,2575,32093,19759,30309,17753,6778,44338,3831,29722,3320,1818,3722,30041,9364,7157,8330,172,7924,9237,1929,18739,11346,11447,771,31079,5047,4065,1289,5916,13127,2066,8403,734,9870,28200,4319,3215,2108,27387,14985,34923,25649,4183,6500,
3,15340,7618,46105,23440,34971,2930,6323,41685,18115,33226,28725,27610,23712,42103,47095,3513,32858,33108,10485,35931,41215,16889,14677,48443,36955,17060,41678,36158,9645,1446,44057,46022,25971,40309,24532,37838,2575,32093,19759,30309,44082,5279,16954,2780,27656,1264,4702,40181,38224,5131,26931,2702,172,11812,11398,12082,4828,8978,19900,30725,653,8810,19680,4907,2115,6972,551,7695,11271,10186,444,5212,4261,7943,46026,25056,8355,7785,21687,2939,
4,15340,7618,46105,23440,34971,2930,6323,41685,18115,33226,28725,27610,23712,42103,47095,3513,32858,33108,10485,35931,41215,16889,14677,48443,36955,17060,41678,36158,9645,1446,44057,46022,25971,40309,24532,37838,2575,32093,19759,30309,22086,4091,13544,3418,2255,14673,23039,13857,5855,9453,4486,11370,44970,941,5260,39883,408,1363,5085,19631,3184,41563,37668,1510,34313,11128,5507,14435,1194,1519,4015,1448,22604,15061,10769,26683,10932,31188,29678,764,
5,15340,7618,46105,23440,34971,2930,6323,41685,18115,33226,28725,27610,23712,42103,47095,3513,32858,33108,10485,35931,41215,16889,14677,48443,36955,17060,41678,36158,9645,1446,44057,46022,25971,40309,24532,37838,2575,32093,19759,30309,31639,6088,33241,31604,1792,10285,20558,11987,20561,7193,15178,34432,11544,21101,5340,20795,4680,11157,7991,819,9363,16021,35297,32499,17102,48149,12718,2381,7208,34663,13408,15286,7576,5357,34199,45203,27943,9082,39651,484,
6,15340,7618,46105,23440,34971,2930,6323,41685,18115,33226,28725,27610,23712,42103,47095,3513,32858,33108,10485,35931,41215,16889,14677,48443,36955,17060,41678,36158,9645,1446,44057,46022,25971,40309,24532,37838,2575,32093,19759,30309,21531,6206,9028,10632,1792,3066,16207,31923,14801,16722,16698,1082,17446,27228,6958,1290,1518,19171,13192,819,13873,11771,820,4419,3803,15911,3021,3348,12093,25183,35655,30431,1153,18424,6202,6168,3405,10795,6732,7703,
7,15340,7618,46105,23440,34971,2930,6323,41685,18115,33226,28725,27610,23712,42103,47095,3513,32858,33108,10485,35931,41215,16889,14677,48443,36955,17060,41678,36158,9645,1446,44057,46022,25971,40309,24532,37838,2575,32093,19759,30309,22801,2654,19663,32140,7108,17944,670,13534,19415,31631,36733,47902,21170,5516,2123,23765,2083,13561,19896,36170,553,3639,56216,2379,27950,29359,23710,17218,8385,22589,1218,5669,5359,1087,4410,6462,13462,12382,24551,37094,
8,15340,7618,46105,23440,34971,2930,6323,41685,18115,33226,28725,27610,23712,42103,47095,3513,32858,33108,10485,35931,41215,16889,14677,48443,36955,17060,41678,36158,9645,1446,44057,46022,25971,40309,24532,37838,2575,32093,19759,30309,2665,34017,849,2365,2490,25718,2273,31323,11854,12138,5491,24575,13405,2722,8157,32471,8547,13967,21948,2437,12918,1143,18569,28302,10578,6887,2897,8163,1259,3959,50637,32045,45308,38216,7712,11940,6895,10470,2963,25890,
9,15340,7618,46105,23440,34971,2930,6323,41685,18115,33226,28725,27610,23712,42103,47095,3513,32858,33108,10485,35931,41215,16889,14677,48443,36955,17060,41678,36158,9645,1446,44057,46022,25971,40309,24532,37838,2575,32093,19759,30309,648,2629,2523,1454,50659,7855,29980,14602,19126,30337,1196,1559,24769,37502,13815,1734,10231,15635,1898,2437,18414,5086,16703,34126,7516,14049,17177,3324,28388,23937,33707,4365,24441,40680,30467,15465,1102,642,34793,7179,
10,15340,7618,46105,23440,34971,2930,6323,41685,18115,33226,28725,27610,23712,42103,47095,3513,32858,33108,10485,35931,41215,16889,14677,48443,36955,17060,41678,36158,9645,1446,44057,46022,25971,40309,24532,37838,2575,32093,19759,30309,9098,6829,5768,45333,2934,6981,6104,10542,2764,2689,1606,15015,16720,13966,42621,1606,12819,31019,29238,27867,12641,16300,44802,2660,2258,4565,23723,12533,4624,1985,14520,16125,5913,16282,25835,20372,1102,6608,20594,11247,
11,15340,7618,46105,23440,34971,2930,6323,41685,18115,33226,28725,27610,23712,42103,47095,3513,32858,33108,10485,35931,41215,16889,14677,48443,36955,17060,41678,36158,9645,1446,44057,46022,25971,40309,24532,37838,2575,32093,19759,30309,6025,30257,7300,6277,33301,4383,3412,50691,21393,13015,1606,8731,31341,11820,2850,31241,6720,10863,11431,7801,5122,7835,41252,32924,9308,449,35385,4246,6427,57633,13910,16747,13389,23461,1598,9223,2182,8524,871,24125,
12,15340,7618,46105,23440,34971,2930,6323,41685,18115,33226,28725,27610,23712,42103,47095,3513,32858,33108,10485,35931,41215,16889,14677,48443,36955,17060,41678,36158,9645,1446,44057,46022,25971,40309,24532,37838,2575,32093,19759,30309,10999,8495,40016,31660,11884,20055,3557,32021,11407,3434,2902,9074,50175,4097,1528,769,19099,30033,11943,1195,1170,14981,10558,5637,1182,32966,11542,26305,8871,25421,18121,20394,4871,17938,866,21234,6990,13569,14013,24371,
13,15340,7618,46105,23440,34971,2930,6323,41685,18115,33226,28725,27610,23712,42103,47095,3513,32858,33108,10485,35931,41215,16889,14677,48443,36955,17060,41678,36158,9645,1446,44057,46022,25971,40309,24532,37838,2575,32093,19759,30309,8422,16462,15161,7356,27050,38456,28797,11679,10807,2377,10196,4672,15731,8324,40482,27218,23325,16647,29962,14738,3941,38789,15640,282,14649,12643,20305,1930,3130,46574,10320,2662,7808,38668,15318,683,9049,26329,8165,4121,
14,15340,7618,46105,23440,34971,2930,6323,41685,18115,33226,28725,27610,23712,42103,47095,3513,32858,33108,10485,35931,41215,16889,14677,48443,36955,17060,41678,36158,9645,1446,44057,46022,25971,40309,24532,37838,2575,32093,19759,30309,1894,8201,10747,8227,514,6517,1235,12181,14782,16492,11263,1959,19955,1989,7340,5707,31997,36490,34054,43018,6799,4816,20038,20882,2536,20277,2069,31805,25192,31920,17698,23209,6090,35985,14837,24003,25673,23471,8962,8974,
15,15340,7618,46105,23440,34971,2930,6323,41685,18115,33226,28725,27610,23712,42103,47095,3513,32858,33108,10485,35931,41215,16889,14677,48443,36955,17060,41678,36158,9645,1446,44057,46022,25971,40309,24532,37838,2575,32093,19759,30309,28651,1412,13655,10872,16346,31856,6930,34070,19545,36686,34911,59033,11657,17276,8912,30461,1588,10569,12062,26204,16466,20431,16936,11646,27313,6027,47951,37201,8090,10605,27235,10387,23151,32304,17335,12480,8248,19264,21292,23612,
16,15340,7618,46105,23440,34971,2930,6323,41685,18115,33226,28725,27610,23712,42103,47095,3513,32858,33108,10485,35931,41215,16889,14677,48443,36955,17060,41678,36158,9645,1446,44057,46022,25971,40309,24532,37838,2575,32093,19759,30309,20592,1888,1420,1485,9105,33881,16617,10655,19439,10923,1390,42774,14898,5658,5263,2749,42111,13902,6483,433,5005,13579,44490,22487,11908,36957,3453,295,31466,38446,27487,26515,37894,13520,22598,28990,29982,2142,21397,2073,
17,15340,7618,46105,23440,34971,2930,6323,41685,18115,33226,28725,27610,23712,42103,47095,3513,32858,33108,10485,35931,41215,16889,14677,48443,36955,17060,41678,36158,9645,1446,44057,46022,25971,40309,24532,37838,2575,32093,19759,30309,754,18815,22138,4606,38931,5378,20060,41398,11247,30691,13216,26961,14898,6333,2569,12951,26951,12545,27009,5249,31184,3658,36085,17624,36698,2494,9181,40279,39202,40126,30805,2829,4211,40516,3089,28483,9417,29265,25680,1978,
18,15340,7618,46105,23440,34971,2930,6323,41685,18115,33226,28725,27610,23712,42103,47095,3513,32858,33108,10485,35931,41215,16889,14677,48443,36955,17060,41678,36158,9645,1446,44057,46022,25971,40309,24532,37838,2575,32093,19759,30309,16530,17096,25356,45841,27549,24849,33799,15540,58856,22219,13731,24665,46503,14880,51752,4391,35902,31039,28213,9133,21536,6225,43371,16481,2376,2494,14996,30862,7044,14394,13278,17721,17613,12538,6518,13079,12847,9041,2137,4795,
19,15340,7618,46105,23440,34971,2930,6323,41685,18115,33226,28725,27610,23712,42103,47095,3513,32858,33108,10485,35931,41215,16889,14677,48443,36955,17060,41678,36158,9645,1446,44057,46022,25971,40309,24532,37838,2575,32093,19759,30309,3569,12355,13589,4054,25362,18034,5443,15167,13004,2036,11032,17619,20058,17461,22455,4016,29557,14489,19302,23997,24546,1628,16338,10766,6953,5121,34170,7676,20000,14078,50616,18059,2858,11514,16067,41032,9822,2787,4050,11202,
20,15340,7618,46105,23440,34971,2930,6323,41685,18115,33226,28725,27610,23712,42103,47095,3513,32858,33108,10485,35931,41215,16889,14677,48443,36955,17060,41678,36158,9645,1446,44057,46022,25971,40309,24532,37838,2575,32093,19759,30309,33099,3210,24232,7095,24971,14233,6973,19741,13004,5711,21926,22695,22463,10825,28862,1075,22833,22265,18657,11646,30784,47777,13856,33107,25435,16015,1353,18387,1586,12199,16609,7466,23029,18836,20590,34230,28122,19589,39135,7811,
21,15340,7618,46105,23440,34971,2930,6323,41685,18115,33226,28725,27610,23712,42103,47095,3513,32858,33108,10485,35931,41215,16889,14677,48443,36955,17060,41678,36158,9645,1446,44057,46022,25971,40309,24532,37838,2575,32093,19759,30309,37982,14462,30914,1290,3652,8949,6973,32645,11141,9025,7875,33108,28456,26947,34715,21587,13017,27855,29976,35143,5781,9346,49172,23544,6092,3699,3427,5342,342,35150,15423,19729,1901,33408,28025,33867,14611,19725,6060,31779,
22,15340,7618,46105,23440,34971,2930,6323,41685,18115,33226,28725,27610,23712,42103,47095,3513,32858,33108,10485,35931,41215,16889,14677,48443,36955,17060,41678,36158,9645,1446,44057,46022,25971,40309,24532,37838,2575,32093,19759,30309,24605,2111,13360,1290,24924,17855,11874,13502,13941,4907,30406,16255,12141,2524,21222,33831,30641,11283,20994,16392,3133,18752,15641,28135,11372,15515,7727,8591,14726,33495,23163,3964,6132,10966,2572,16489,41937,5179,8671,2828,
23,15340,7618,46105,23440,34971,2930,6323,41685,18115,33226,28725,27610,23712,42103,47095,3513,32858,33108,10485,35931,41215,16889,14677,48443,36955,17060,41678,36158,9645,1446,44057,46022,25971,40309,24532,37838,2575,32093,19759,30309,16892,27336,11647,11351,11219,27915,7256,17973,19591,16904,19125,11285,50130,3077,10961,11060,10024,29670,6972,8104,16047,13958,16087,33837,6703,39860,7626,4721,17281,43724,18232,12063,32441,17231,15019,36370,15309,18250,11239,14591,
24,15340,7618,46105,23440,34971,2930,6323,41685,18115,33226,28725,27610,23712,42103,47095,3513,32858,33108,10485,35931,41215,16889,14677,48443,36955,17060,41678,36158,9645,1446,44057,46022,25971,40309,24532,37838,2575,32093,19759,30309,18865,5878,1474,14408,25223,7248,40879,13286,14688,13117,3209,13157,37635,5599,37180,2234,10024,37929,4240,6566,12069,24381,20365,21996,4837,21373,11775,18384,14355,46995,25655,20887,7702,16041,1048,38856,2520,12188,26779,20932,
25,15340,7618,46105,23440,34971,2930,6323,41685,18115,33226,28725,27610,23712,42103,47095,3513,32858,33108,10485,35931,41215,16889,14677,48443,36955,17060,41678,36158,9645,1446,44057,46022,25971,40309,24532,37838,2575,32093,19759,30309,4753,2752,12267,10168,22909,2370,16106,12000,11927,1940,23135,22258,11996,10793,13833,25838,23419,25217,17119,12150,41041,1854,11167,32457,39481,17338,24585,39614,50152,20327,33230,725,37055,10378,40240,40757,24743,9821,4765,30861,
26,15340,7618,46105,23440,34971,2930,6323,41685,18115,33226,28725,27610,23712,42103,47095,3513,32858,33108,10485,35931,41215,16889,14677,48443,36955,17060,41678,36158,9645,1446,44057,46022,25971,40309,24532,37838,2575,32093,19759,30309,39273,1675,10724,10928,7705,38109,18663,27675,15011,12464,18115,21088,10835,16476,34890,28500,17392,13992,1685,19826,18326,18899,13830,30963,2190,16018,3675,18821,12215,28472,26108,3691,810,43454,4521,12772,8131,22685,10067,18941,
27,15340,7618,46105,23440,34971,2930,6323,41685,18115,33226,28725,27610,23712,42103,47095,3513,32858,33108,10485,35931,41215,16889,14677,48443,36955,17060,41678,36158,9645,1446,44057,46022,25971,40309,24532,37838,2575,32093,19759,30309,31846,31740,17206,15886,9367,34294,14210,20501,25285,10146,11094,40113,11529,537,12392,10398,28144,14969,18981,1871,4095,16642,29264,21122,10574,11806,942,15724,22491,44796,12795,3200,2852,27101,6913,13207,37760,19698,19929,33998,
28,15340,7618,46105,23440,34971,2930,6323,41685,18115,33226,28725,27610,23712,42103,47095,3513,32858,33108,10485,35931,41215,16889,14677,48443,36955,17060,41678,36158,9645,1446,44057,46022,25971,40309,24532,37838,2575,32093,19759,30309,3432,17378,28238,19440,10355,5163,24104,15419,15213,1515,9922,17767,17631,7159,24471,11540,36675,13740,15220,2720,4370,16035,10611,11037,23552,20934,18655,6008,42975,14414,32465,19600,12760,15160,1885,34527,1057,21270,6872,22522,
29,15340,7618,46105,23440,34971,2930,6323,41685,18115,33226,28725,27610,23712,42103,47095,3513,32858,33108,10485,35931,41215,16889,14677,48443,36955,17060,41678,36158,9645,1446,44057,46022,25971,40309,24532,37838,2575,32093,19759,30309,5144,40851,31965,559,34910,21471,6034,13357,25120,537,5505,41221,11137,8228,19361,11540,42669,29544,756,16478,7043,9023,28556,16297,13448,7646,1579,5004,17718,32797,46988,4790,24507,39411,25687,23325,16650,23799,47724,23798,
30,15340,7618,46105,23440,34971,2930,6323,41685,18115,33226,28725,27610,23712,42103,47095,3513,32858,33108,10485,35931,41215,16889,14677,48443,36955,17060,41678,36158,9645,1446,44057,46022,25971,40309,24532,37838,2575,32093,19759,30309,35091,11859,28707,10051,5934,22892,11716,11062,15101,35299,24518,34852,38056,1442,10532,27370,37598,45711,2058,329,11122,20130,19694,29035,7428,3595,4373,5428,13767,10937,24065,956,4578,31137,28637,35751,33583,3845,966,3153,
31,15340,7618,46105,23440,34971,2930,6323,41685,18115,33226,28725,27610,23712,42103,47095,3513,32858,33108,10485,35931,41215,16889,14677,48443,36955,17060,41678,36158,9645,1446,44057,46022,25971,40309,24532,37838,2575,32093,19759,30309,26404,33468,15003,32665,4568,1341,3416,15127,17042,2038,4752,15966,44902,31716,23681,31316,32993,19078,2215,15975,2133,6858,15396,19957,21263,9781,11819,24026,27153,15717,40139,14155,11103,24597,12084,50933,722,1709,16892,24074,
32,15340,7618,46105,23440,34971,2930,6323,41685,18115,33226,28725,27610,23712,42103,47095,3513,32858,33108,10485,35931,41215,16889,14677,48443,36955,17060,41678,36158,9645,1446,44057,46022,25971,40309,24532,37838,2575,32093,19759,30309,851,4972,23769,23260,29240,38733,14821,21547,33482,733,804,10331,13926,18274,16083,1796,16432,32122,3644,2466,1609,10078,25988,15581,45869,30883,6956,1542,21308,12660,22993,504,2142,15097,23880,24297,1169,3786,10046,16023,
33,15340,7618,46105,23440,34971,2930,6323,41685,18115,33226,28725,27610,23712,42103,47095,3513,32858,33108,10485,35931,41215,16889,14677,48443,36955,17060,41678,36158,9645,1446,44057,46022,25971,40309,24532,37838,2575,32093,19759,30309,12484,35246,13950,30538,9612,10128,13430,18576,10891,2746,2029,10331,17728,23831,15608,1796,25731,53977,1177,1672,43244,12618,15195,31190,4962,12685,19281,2953,11004,53722,11515,28440,2564,11392,27569,16482,12161,38505,21767,25467,
34,15340,7618,46105,23440,34971,2930,6323,41685,18115,33226,28725,27610,23712,42103,47095,3513,32858,33108,10485,35931,41215,16889,14677,48443,36955,17060,41678,36158,9645,1446,44057,46022,25971,40309,24532,37838,2575,32093,19759,30309,46505,22008,11648,28438,18406,35999,6882,13785,11439,6251,10211,11330,17333,1454,14419,26261,10115,13480,9724,2057,19291,2119,19662,28738,34412,3903,8478,24121,15880,51306,17158,1025,6875,14355,6270,18894,15485,20159,34677,3524,
35,15340,7618,46105,23440,34971,2930,6323,41685,18115,33226,28725,27610,23712,42103,47095,3513,32858,33108,10485,35931,41215,16889,14677,48443,36955,17060,41678,36158,9645,1446,44057,46022,25971,40309,24532,37838,2575,32093,19759,30309,27165,37272,20544,5651,174,29038,14964,14199,28503,29355,2192,10024,31356,1454,16841,35843,12445,31530,3422,29202,15092,10715,14060,33152,21072,8302,22207,15385,22686,52392,27981,38012,11853,30480,13974,29019,24152,5415,3480,3524,
36,15340,7618,46105,23440,34971,2930,6323,41685,18115,33226,28725,27610,23712,42103,47095,3513,32858,33108,10485,35931,41215,16889,14677,48443,36955,17060,41678,36158,9645,1446,44057,46022,25971,40309,24532,37838,2575,32093,19759,30309,30242,6980,17553,2111,29955,2071,1080,29352,27542,28023,5965,46976,24505,37346,12396,28312,47912,17016,7127,4336,7509,3478,15599,16163,14033,46901,13152,26287,12529,26840,18902,13834,6482,27727,8914,22490,14146,43653,4781,3052,
37,15340,7618,46105,23440,34971,2930,6323,41685,18115,33226,28725,27610,23712,42103,47095,3513,32858,33108,10485,35931,41215,16889,14677,48443,36955,17060,41678,36158,9645,1446,44057,46022,25971,40309,24532,37838,2575,32093,19759,30309,5056,2692,51725,14787,10041,924,26341,18143,30909,1668,21913,19253,44206,14748,16316,5667,14594,13339,5080,2184,10422,14237,14104,23276,1646,2612,20855,24456,17276,54059,20448,33002,29470,38434,7827,19459,38345,13495,8347,43889,
38,15340,7618,46105,23440,34971,2930,6323,41685,18115,33226,28725,27610,23712,42103,47095,3513,32858,33108,10485,35931,41215,16889,14677,48443,36955,17060,41678,36158,9645,1446,44057,46022,25971,40309,24532,37838,2575,32093,19759,30309,3808,3959,14747,11358,4116,13115,3081,15582,27946,1117,2911,23816,25401,15597,21577,1290,19166,15679,27032,29193,21918,25862,51365,33953,3233,22640,9734,4161,10152,39687,14111,31127,9690,25630,40773,11596,3904,2637,18158,20220,
39,15340,7618,46105,23440,34971,2930,6323,41685,18115,33226,28725,27610,23712,42103,47095,3513,32858,33108,10485,35931,41215,16889,14677,48443,36955,17060,41678,36158,9645,1446,44057,46022,25971,40309,24532,37838,2575,32093,19759,30309,11938,936,43916,3596,424,15768,47024,34579,49559,15767,26945,31755,12041,12090,29001,15655,12477,11043,1611,9776,7359,5853,14180,12105,2697,745,4078,12100,10152,19028,29002,15009,12160,18611,7317,22420,15191,1917,31654,15568,
40,15340,7618,46105,23440,34971,2930,6323,41685,18115,33226,28725,27610,23712,42103,47095,3513,32858,33108,10485,35931,41215,16889,14677,48443,36955,17060,41678,36158,9645,1446,44057,46022,25971,40309,24532,37838,2575,32093,19759,30309,5083,6132,38195,1119,10539,1788,20317,42394,13747,43808,1422,44872,25863,20631,10970,4466,18954,22966,1611,17690,12245,1749,35416,23967,42281,832,49574,5033,15246,45631,11393,28058,23050,15038,34715,18703,26419,15412,15802,22485,
41,15340,7618,46105,23440,34971,2930,6323,41685,18115,33226,28725,27610,23712,42103,47095,3513,32858,33108,10485,35931,41215,16889,14677,48443,36955,17060,41678,36158,9645,1446,44057,46022,25971,40309,24532,37838,2575,32093,19759,30309,3568,14598,17494,31655,16829,4653,1557,33020,41679,8129,1686,50476,37140,12727,10970,12240,18932,13707,9823,26615,929,3569,19339,11921,2696,6752,53254,21945,15192,36899,11899,25819,1892,11630,15220,23625,10005,9236,2443,42372,
42,15340,7618,46105,23440,34971,2930,6323,41685,18115,33226,28725,27610,23712,42103,47095,3513,32858,33108,10485,35931,41215,16889,14677,48443,36955,17060,41678,36158,9645,1446,44057,46022,25971,40309,24532,37838,2575,32093,19759,30309,5715,14657,35189,2784,6558,8975,21609,44458,17771,30857,609,17682,13516,473,14430,13598,13408,30686,1008,18787,33518,5411,27379,19199,11665,764,18104,14031,39451,19088,15858,30223,12375,16374,1420,17820,2955,8848,41685,15626,
43,15340,7618,46105,23440,34971,2930,6323,41685,18115,33226,28725,27610,23712,42103,47095,3513,32858,33108,10485,35931,41215,16889,14677,48443,36955,17060,41678,36158,9645,1446,44057,46022,25971,40309,24532,37838,2575,32093,19759,30309,2369,2498,16793,8688,17179,30279,39759,18388,59670,1863,5025,34786,14829,5678,15263,494,14955,48079,2484,21237,19297,26804,16449,11915,18050,24074,42476,37133,11503,33685,14576,24767,1894,11142,13833,20103,2955,11652,3698,3805,
44,15340,7618,46105,23440,34971,2930,6323,41685,18115,33226,28725,27610,23712,42103,47095,3513,32858,33108,10485,35931,41215,16889,14677,48443,36955,17060,41678,36158,9645,1446,44057,46022,25971,40309,24532,37838,2575,32093,19759,30309,3375,4190,12515,38731,995,37095,15422,21430,34243,1438,5025,16251,44663,5579,41603,6827,10979,16734,2160,11514,25384,20174,14457,11311,38792,35320,40565,26358,53319,35457,22518,27159,15183,20503,13934,30754,9006,13770,4182,3805,
45,15340,7618,46105,23440,34971,2930,6323,41685,18115,33226,28725,27610,23712,42103,47095,3513,32858,33108,10485,35931,41215,16889,14677,48443,36955,17060,41678,36158,9645,1446,44057,46022,25971,40309,24532,37838,2575,32093,19759,30309,4097,15036,31302,789,9964,26429,6963,21615,20679,329,2981,33115,27964,5887,25359,15141,33404,25553,22515,2987,11257,4328,46019,25998,20434,6866,42364,4169,45207,10517,12550,311,13799,24486,18992,27886,44381,6589,7601,34402,
46,15340,7618,46105,23440,34971,2930,6323,41685,18115,33226,28725,27610,23712,42103,47095,3513,32858,33108,10485,35931,41215,16889,14677,48443,36955,17060,41678,36158,9645,1446,44057,46022,25971,40309,24532,37838,2575,32093,19759,30309,6175,20444,16127,28742,25833,11043,27677,35933,14486,42346,23599,12704,31383,2028,15792,24425,13176,13002,326,16734,4002,4903,46089,39765,22977,1131,11386,1613,19821,12760,24706,12241,5148,31659,1410,45035,6480,8720,18299,9483,
47,15340,7618,46105,23440,34971,2930,6323,41685,18115,33226,28725,27610,23712,42103,47095,3513,32858,33108,10485,35931,41215,16889,14677,48443,36955,17060,41678,36158,9645,1446,44057,46022,25971,40309,24532,37838,2575,32093,19759,30309,14931,18526,30132,2158,2689,12236,26110,47970,36428,10780,3022,19574,10896,7416,29144,11706,25523,12619,22584,9959,2670,11281,28102,15434,14798,14882,46706,42147,33960,16963,10334,18216,4675,11714,29037,48838,13706,3525,23283,8502,
48,15340,7618,46105,23440,34971,2930,6323,41685,18115,33226,28725,27610,23712,42103,47095,3513,32858,33108,10485,35931,41215,16889,14677,48443,36955,17060,41678,36158,9645,1446,44057,46022,25971,40309,24532,37838,2575,32093,19759,30309,22142,2218,53327,29845,32129,4985,19424,14872,12995,24689,24409,17452,44207,27903,18434,4274,16906,24035,25582,25932,13865,31218,23439,32448,9305,9843,10157,31186,32880,39773,28546,28773,189,39152,25928,14363,7347,5370,38882,38737,
49,15340,7618,46105,23440,34971,2930,6323,41685,18115,33226,28725,27610,23712,42103,47095,3513,32858,33108,10485,35931,41215,16889,14677,48443,36955,17060,41678,36158,9645,1446,44057,46022,25971,40309,24532,37838,2575,32093,19759,30309,6944,13107,20786,26365,4310,7903,1119,15237,10689,16742,31162,44966,29969,1391,25220,6995,13222,28771,19754,31764,2962,9312,21730,34150,44721,4703,16478,17682,10791,12639,10216,41959,60579,13206,39090,33065,24696,40347,26861,33564,
50,15340,7618,46105,23440,34971,2930,6323,41685,18115,33226,28725,27610,23712,42103,47095,3513,32858,33108,10485,35931,41215,16889,14677,48443,36955,17060,41678,36158,9645,1446,44057,46022,25971,40309,24532,37838,2575,32093,19759,30309,35079,17181,44014,7501,13019,13196,16993,16168,25174,12494,11212,57325,50271,12336,19036,7949,36447,10024,11225,28605,22003,2267,24134,30247,317,3761,25488,22970,48158,20379,37576,32510,31000,18720,19142,53658,7269,11089,13063,22638,
51,15340,7618,46105,23440,34971,2930,6323,41685,18115,33226,28725,27610,23712,42103,47095,3513,32858,33108,10485,35931,41215,16889,14677,48443,36955,17060,41678,36158,9645,1446,44057,46022,25971,40309,24532,37838,2575,32093,19759,30309,35764,10823,46858,247,5304,4317,13850,23142,18067,14736,14141,19319,19698,26202,17319,34202,16114,10024,36255,42383,20662,5336,17228,11771,23847,25224,48886,17619,25635,12837,51272,31612,45038,32285,7402,11861,13948,26065,3127,37356,
52,15340,7618,46105,23440,34971,2930,6323,41685,18115,33226,28725,27610,23712,42103,47095,3513,32858,33108,10485,35931,41215,16889,14677,48443,36955,17060,41678,36158,9645,1446,44057,46022,25971,40309,24532,37838,2575,32093,19759,30309,8420,35886,48102,34356,20856,1444,14981,16571,18654,24930,37029,19465,22369,15553,15238,13744,14570,10024,17718,12805,2362,8805,10787,14625,13656,3320,19963,23334,27513,23266,15001,28146,14781,26176,7102,11699,843,11304,1375,24870,
53,15340,7618,46105,23440,34971,2930,6323,41685,18115,33226,28725,27610,23712,42103,47095,3513,32858,33108,10485,35931,41215,16889,14677,48443,36955,17060,41678,36158,9645,1446,44057,46022,25971,40309,24532,37838,2575,32093,19759,30309,16178,13727,11209,27781,16597,9978,7158,39098,18654,11910,354,21799,20989,2323,48889,9804,19989,59833,14119,5217,8982,1881,11097,48122,15726,9087,14628,44802,12012,14369,10542,10863,34939,26642,5548,18331,20775,12599,19523,4547,
54,15340,7618,46105,23440,34971,2930,6323,41685,18115,33226,28725,27610,23712,42103,47095,3513,32858,33108,10485,35931,41215,16889,14677,48443,36955,17060,41678,36158,9645,1446,44057,46022,25971,40309,24532,37838,2575,32093,19759,30309,20689,19576,41960,15792,44748,2732,1757,31918,12385,27221,1117,27793,11418,5010,25301,5595,31698,40380,14440,21166,14343,9376,14068,15525,6178,30641,21443,29070,18397,10367,12715,3930,21347,14103,1406,20719,19306,12363,6860,26330,
55,15340,7618,46105,23440,34971,2930,6323,41685,18115,33226,28725,27610,23712,42103,47095,3513,32858,33108,10485,35931,41215,16889,14677,48443,36955,17060,41678,36158,9645,1446,44057,46022,25971,40309,24532,37838,2575,32093,19759,30309,16724,11723,11438,16814,11857,36067,6303,43386,34578,40755,9029,14325,17207,934,16599,4231,12715,12505,16383,7266,4850,7006,44586,21094,13135,43954,16737,18719,12003,42341,31620,3517,18105,34925,1366,37994,33393,21304,13525,37292,
56,15340,7618,46105,23440,34971,2930,6323,41685,18115,33226,28725,27610,23712,42103,47095,3513,32858,33108,10485,35931,41215,16889,14677,48443,36955,17060,41678,36158,9645,1446,44057,46022,25971,40309,24532,37838,2575,32093,19759,30309,2162,22361,24624,19832,2009,9521,8798,10743,15900,12216,41713,10847,26589,27742,41597,18261,14198,23087,4469,24764,10137,28873,11896,19557,9067,15844,34406,14033,35502,19612,25453,39691,23986,30779,2269,31358,25884,12455,4431,42799,
57,15340,7618,46105,23440,34971,2930,6323,41685,18115,33226,28725,27610,23712,42103,47095,3513,32858,33108,10485,35931,41215,16889,14677,48443,36955,17060,41678,36158,9645,1446,44057,46022,25971,40309,24532,37838,2575,32093,19759,30309,1670,25754,16052,5299,6908,14474,26886,19896,22662,21961,13099,22239,47049,2222,23173,26969,34504,22619,17187,855,1683,920,35683,23284,13553,174,20248,42746,40033,10997,17227,2836,21786,10634,18750,20465,38967,13190,17045,9823,
58,15340,7618,46105,23440,34971,2930,6323,41685,18115,33226,28725,27610,23712,42103,47095,3513,32858,33108,10485,35931,41215,16889,14677,48443,36955,17060,41678,36158,9645,1446,44057,46022,25971,40309,24532,37838,2575,32093,19759,30309,13475,13992,33314,8935,17548,21583,34459,16265,17418,23872,1012,29328,12301,8792,14645,20880,17167,14825,21611,2750,874,39511,11925,16039,39096,29212,37016,20870,16622,48287,15198,2907,26727,13499,5070,15401,19598,14963,2597,28004,
59,15340,7618,46105,23440,34971,2930,6323,41685,18115,33226,28725,27610,23712,42103,47095,3513,32858,33108,10485,35931,41215,16889,14677,48443,36955,17060,41678,36158,9645,1446,44057,46022,25971,40309,24532,37838,2575,32093,19759,30309,14290,48520,23691,41774,7123,19167,20704,16754,29724,43034,19220,17118,10643,8160,14992,36346,54670,23715,40819,45156,4820,27409,20808,14859,27112,23277,12918,21571,28768,32158,22866,4056,37140,47760,5404,13329,20788,19941,17161,28004,
60,15340,7618,46105,23440,34971,2930,6323,41685,18115,33226,28725,27610,23712,42103,47095,3513,32858,33108,10485,35931,41215,16889,14677,48443,36955,17060,41678,36158,9645,1446,44057,46022,25971,40309,24532,37838,2575,32093,19759,30309,17184,12863,16455,19816,2073,16303,7531,16067,16541,18824,620,27492,45390,19689,18511,15212,14067,31351,37225,30547,20878,18707,27474,16150,13463,25622,12918,29863,41460,19922,25038,7598,13674,43221,37268,14418,21985,30643,4509,846,
61,15340,7618,46105,23440,34971,2930,6323,41685,18115,33226,28725,27610,23712,42103,47095,3513,32858,33108,10485,35931,41215,16889,14677,48443,36955,17060,41678,36158,9645,1446,44057,46022,25971,40309,24532,37838,2575,32093,19759,30309,11573,22479,32102,893,6600,766,22771,13199,38981,22210,46526,31291,20056,1364,12978,35406,22638,25458,19992,28561,24247,38822,19011,48496,1015,1211,10484,28836,34852,45872,23680,19376,27064,14692,36127,43313,11451,11987,8771,42381,
62,15340,7618,46105,23440,34971,2930,6323,41685,18115,33226,28725,27610,23712,42103,47095,3513,32858,33108,10485,35931,41215,16889,14677,48443,36955,17060,41678,36158,9645,1446,44057,46022,25971,40309,24532,37838,2575,32093,19759,30309,5241,21342,25939,7942,524,15608,7151,38783,35451,21847,10652,22429,22401,40660,11948,36432,36050,12833,7238,18600,23483,37305,47002,37398,1104,26917,11802,29926,24622,14687,14070,34571,24255,14390,8251,20525,9885,20385,3211,13756,
63,15340,7618,46105,23440,34971,2930,6323,41685,18115,33226,28725,27610,23712,42103,47095,3513,32858,33108,10485,35931,41215,16889,14677,48443,36955,17060,41678,36158,9645,1446,44057,46022,25971,40309,24532,37838,2575,32093,19759,30309,1756,11149,28299,21893,6720,22275,4559,27838,37325,19901,19048,27217,42561,6517,24426,10766,48981,47490,25184,5983,19068,7977,18282,26264,25913,18580,27536,38297,39605,34725,17172,555,10501,13201,6752,26852,35944,14517,1315,17549,
64,15340,7618,46105,23440,34971,2930,6323,41685,18115,33226,28725,27610,23712,42103,47095,3513,32858,33108,10485,35931,41215,16889,14677,48443,36955,17060,41678,36158,9645,1446,44057,46022,25971,40309,24532,37838,2575,32093,19759,30309,32626,34029,45488,36189,3575,38586,56909,40881,25883,11498,2113,13913,16150,18412,22120,11156,41726,11818,7182,1572,9192,4263,13458,37099,27052,5606,45234,29844,19836,31497,23189,6097,45912,22787,1671,10614,14468,30762,28631,30108,
65,15340,7618,46105,23440,34971,2930,6323,41685,18115,33226,28725,27610,23712,42103,47095,3513,32858,33108,10485,35931,41215,16889,14677,48443,36955,17060,41678,36158,9645,1446,44057,46022,25971,40309,24532,37838,2575,32093,19759,30309,2525,22596,40731,4424,13688,3137,25863,16984,14209,26643,10391,12989,17416,4568,38677,32641,30438,25953,16697,7815,2966,836,17490,13952,20611,7812,29639,17048,34174,27101,18821,9142,16198,11646,1120,10697,1746,11567,34065,7428,
66,15340,7618,46105,23440,34971,2930,6323,41685,18115,33226,28725,27610,23712,42103,47095,3513,32858,33108,10485,35931,41215,16889,14677,48443,36955,17060,41678,36158,9645,1446,44057,46022,25971,40309,24532,37838,2575,32093,19759,30309,11040,13907,12699,20396,9604,33394,13808,11418,22782,22091,6926,28170,27363,3376,13702,12333,18151,15204,18603,26493,21890,17500,14892,41024,761,22037,16324,32264,47685,20464,17854,29898,17267,33603,1120,15777,9433,11567,211,29892,
67,15340,7618,46105,23440,34971,2930,6323,41685,18115,33226,28725,27610,23712,42103,47095,3513,32858,33108,10485,35931,41215,16889,14677,48443,36955,17060,41678,36158,9645,1446,44057,46022,25971,40309,24532,37838,2575,32093,19759,30309,38499,13907,12499,6014,3002,5850,11432,20151,22479,31473,22020,30748,12444,40316,36123,3380,11010,30758,3099,736,24820,5713,34348,48809,11530,18278,44752,12392,16911,12837,25829,21278,15545,13216,26930,25782,28252,12183,26633,7691,
68,15340,7618,46105,23440,34971,2930,6323,41685,18115,33226,28725,27610,23712,42103,47095,3513,32858,33108,10485,35931,41215,16889,14677,48443,36955,17060,41678,36158,9645,1446,44057,46022,25971,40309,24532,37838,2575,32093,19759,30309,31936,18739,32415,38739,1536,20804,51412,16595,40461,10945,20983,41956,16326,3112,19531,20784,22781,25535,21894,376,2398,3241,36042,14130,10943,822,19777,15283,12744,18216,20759,26661,32116,16007,1458,16442,2553,20399,21598,11116,
69,15340,7618,46105,23440,34971,2930,6323,41685,18115,33226,28725,27610,23712,42103,47095,3513,32858,33108,10485,35931,41215,16889,14677,48443,36955,17060,41678,36158,9645,1446,44057,46022,25971,40309,24532,37838,2575,32093,19759,30309,9778,41973,19007,13204,15016,3123,12366,29379,13055,15292,9874,44459,16326,14833,10262,3141,32624,26821,20037,3954,10403,3387,10566,10907,11326,6158,25295,12023,15344,16428,44913,32586,25634,18441,11233,12522,2262,50325,13710,16896,
70,15340,7618,46105,23440,34971,2930,6323,41685,18115,33226,28725,27610,23712,42103,47095,3513,32858,33108,10485,35931,41215,16889,14677,48443,36955,17060,41678,36158,9645,1446,44057,46022,25971,40309,24532,37838,2575,32093,19759,30309,5292,12287,13712,1227,3115,3664,15756,39833,20842,15449,936,33112,40403,5032,14346,5508,13858,31485,25520,5079,27993,13359,15343,57492,38293,14261,10273,24047,29898,20215,18733,20047,57643,31298,16209,15956,5284,27584,22713,9857,
71,15340,7618,46105,23440,34971,2930,6323,41685,18115,33226,28725,27610,23712,42103,47095,3513,32858,33108,10485,35931,41215,16889,14677,48443,36955,17060,41678,36158,9645,1446,44057,46022,25971,40309,24532,37838,2575,32093,19759,30309,6316,22682,44124,30747,7808,4782,21765,40663,13445,51480,16903,24404,17385,537,12217,10231,11640,41769,6941,7460,8202,19094,10107,23654,9570,1445,57891,12611,22535,21728,30644,4856,13302,31131,27972,27581,24882,50494,26306,14573,
72,15340,7618,46105,23440,34971,2930,6323,41685,18115,33226,28725,27610,23712,42103,47095,3513,32858,33108,10485,35931,41215,16889,14677,48443,36955,17060,41678,36158,9645,1446,44057,46022,25971,40309,24532,37838,2575,32093,19759,30309,18226,18846,18052,744,5779,7892,19168,18007,22751,23044,3292,11721,15234,11810,15442,18658,11459,22616,2651,27510,2361,20142,19000,17725,3995,14322,14582,28492,10656,14437,28150,12939,13898,15081,31462,33696,16146,12186,38981,843,
73,15340,7618,46105,23440,34971,2930,6323,41685,18115,33226,28725,27610,23712,42103,47095,3513,32858,33108,10485,35931,41215,16889,14677,48443,36955,17060,41678,36158,9645,1446,44057,46022,25971,40309,24532,37838,2575,32093,19759,30309,10575,10743,16608,6657,502,2833,13564,15435,16711,13926,8410,14483,19878,27086,25376,1852,19602,18307,43455,6913,2361,13923,16599,23115,2529,17164,52064,16829,44461,13267,34715,23431,25935,32715,114,18398,22022,14560,12845,843,
74,15340,7618,46105,23440,34971,2930,6323,41685,18115,33226,28725,27610,23712,42103,47095,3513,32858,33108,10485,35931,41215,16889,14677,48443,36955,17060,41678,36158,9645,1446,44057,46022,25971,40309,24532,37838,2575,32093,19759,30309,8981,20911,50827,1296,47038,20388,29495,37529,31089,39521,2539,24320,23940,12543,28402,31926,15729,19383,2984,16259,12247,13923,16329,11622,22728,359,50606,14256,11235,10628,25954,8332,17699,27810,19109,13158,16668,35118,20434,44962,
75,15340,7618,46105,23440,34971,2930,6323,41685,18115,33226,28725,27610,23712,42103,47095,3513,32858,33108,10485,35931,41215,16889,14677,48443,36955,17060,41678,36158,9645,1446,44057,46022,25971,40309,24532,37838,2575,32093,19759,30309,303,13469,16312,2211,25470,26431,13075,13060,44461,13761,946,18946,23174,15252,17686,2176,25181,37204,9015,24649,18170,3379,39880,32287,9405,39338,31318,17645,28863,26550,23437,34090,17699,10324,14447,16624,5605,19056,19492,1400,
76,15340,7618,46105,23440,34971,2930,6323,41685,18115,33226,28725,27610,23712,42103,47095,3513,32858,33108,10485,35931,41215,16889,14677,48443,36955,17060,41678,36158,9645,1446,44057,46022,25971,40309,24532,37838,2575,32093,19759,30309,60582,14244,47741,13410,17318,11816,26718,24748,17282,20403,38317,17940,54028,3774,44054,56968,32311,25875,2381,31773,13038,27052,26144,18322,4807,22708,17068,34071,49817,13555,37543,8751,28207,19984,58973,39746,699,37743,24632,27932,
77,15340,7618,46105,23440,34971,2930,6323,41685,18115,33226,28725,27610,23712,42103,47095,3513,32858,33108,10485,35931,41215,16889,14677,48443,36955,17060,41678,36158,9645,1446,44057,46022,25971,40309,24532,37838,2575,32093,19759,30309,16985,19780,41806,27791,10288,21135,20307,11152,17398,10813,23929,38733,13496,3774,11303,16636,24944,15575,2554,17606,2402,15751,11680,39272,18181,6210,21356,10491,18291,24889,20558,20138,11843,43923,25441,25629,10729,22113,14214,27484,
78,15340,7618,46105,23440,34971,2930,6323,41685,18115,33226,28725,27610,23712,42103,47095,3513,32858,33108,10485,35931,41215,16889,14677,48443,36955,17060,41678,36158,9645,1446,44057,46022,25971,40309,24532,37838,2575,32093,19759,30309,14463,12670,12531,40489,10288,26455,29927,41038,23052,18010,1077,35124,16821,441,34637,36378,11081,17884,8100,2224,9485,43963,26538,15352,54531,1036,20487,10491,43040,17397,10952,9011,14263,15013,14613,18803,24261,18685,11644,20752,
79,15340,7618,46105,23440,34971,2930,6323,41685,18115,33226,28725,27610,23712,42103,47095,3513,32858,33108,10485,35931,41215,16889,14677,48443,36955,17060,41678,36158,9645,1446,44057,46022,25971,40309,24532,37838,2575,32093,19759,30309,12411,10636,14426,4435,11976,15133,11889,21239,11046,24666,11150,19938,19864,1366,44222,10799,13076,14557,40764,18710,15014,45401,13658,12037,33221,8171,24293,51255,22805,39732,16282,1828,21237,16968,50029,14165,15064,17057,12145,10727,
80,15340,7618,46105,23440,34971,2930,6323,41685,18115,33226,28725,27610,23712,42103,47095,3513,32858,33108,10485,35931,41215,16889,14677,48443,36955,17060,41678,36158,9645,1446,44057,46022,25971,40309,24532,37838,2575,32093,19759,30309,22195,15447,13864,28865,12121,5776,10570,42720,19095,47383,648,48968,13060,20048,27363,16556,15311,17301,2898,7064,13399,14595,21080,12116,27326,1561,13153,14658,18682,37568,11529,14469,10910,17349,17178,14139,6982,51090,13381,623,
81,15340,7618,46105,23440,34971,2930,6323,41685,18115,33226,28725,27610,23712,42103,47095,3513,32858,33108,10485,35931,41215,16889,14677,48443,36955,17060,41678,36158,9645,1446,44057,46022,25971,40309,24532,37838,2575,32093,19759,30309,23523,44465,18474,27529,34224,2179,15717,44808,42230,13666,13387,10642,11063,2928,13940,18632,38272,14386,15390,9741,15564,23326,47495,22821,25373,10825,12960,26089,12783,19052,12711,23990,45083,15300,16475,47897,24076,13978,32297,20796,
82,15340,7618,46105,23440,34971,2930,6323,41685,18115,33226,28725,27610,23712,42103,47095,3513,32858,33108,10485,35931,41215,16889,14677,48443,36955,17060,41678,36158,9645,1446,44057,46022,25971,40309,24532,37838,2575,32093,19759,30309,14949,25134,14469,22367,15177,5047,23953,53482,39126,16103,5898,10676,12619,21318,12499,15739,51134,13497,14563,373,42749,50129,13539,14203,23133,5846,21185,55136,16967,33360,16687,19779,19432,29588,35745,20670,8483,19998,25731,17197,
83,15340,7618,46105,23440,34971,2930,6323,41685,18115,33226,28725,27610,23712,42103,47095,3513,32858,33108,10485,35931,41215,16889,14677,48443,36955,17060,41678,36158,9645,1446,44057,46022,25971,40309,24532,37838,2575,32093,19759,30309,14923,13669,12670,10056,35205,485,23520,16632,25174,40181,20266,14036,36663,35916,24009,28865,24187,15172,1632,13884,15468,19433,50629,19085,31199,2728,21185,16132,11680,12946,39547,4669,11898,51234,14653,12252,2856,30066,44425,897,
84,15340,7618,46105,23440,34971,2930,6323,41685,18115,33226,28725,27610,23712,42103,47095,3513,32858,33108,10485,35931,41215,16889,14677,48443,36955,17060,41678,36158,9645,1446,44057,46022,25971,40309,24532,37838,2575,32093,19759,30309,18271,20163,47317,5293,26548,3863,49839,47805,13741,20867,344,30414,33008,28041,13698,15072,13352,34644,19353,5478,5303,16753,16025,10275,48708,7612,12896,35079,11062,14502,16199,14538,25410,33158,32306,10511,12102,15773,31946,22513,
85,15340,7618,46105,23440,34971,2930,6323,41685,18115,33226,28725,27610,23712,42103,47095,3513,32858,33108,10485,35931,41215,16889,14677,48443,36955,17060,41678,36158,9645,1446,44057,46022,25971,40309,24532,37838,2575,32093,19759,30309,12177,37324,14710,4845,10845,6363,17175,12677,28071,18703,4377,26540,16301,4483,45020,26653,14023,21577,3509,15605,27125,18640,24064,13649,47305,1071,29359,17999,11272,50482,33396,20591,35577,13313,16149,31302,17838,17939,42529,4985,
86,15340,7618,46105,23440,34971,2930,6323,41685,18115,33226,28725,27610,23712,42103,47095,3513,32858,33108,10485,35931,41215,16889,14677,48443,36955,17060,41678,36158,9645,1446,44057,46022,25971,40309,24532,37838,2575,32093,19759,30309,40561,26145,40043,40380,21591,46650,18035,43813,23611,18306,22357,13614,26716,4257,55492,27947,11840,15757,14793,3548,18608,11281,13613,24823,20125,8659,38371,17838,17520,28657,16676,6696,22526,17969,18481,25561,1181,12833,29680,5901,
87,15340,7618,46105,23440,34971,2930,6323,41685,18115,33226,28725,27610,23712,42103,47095,3513,32858,33108,10485,35931,41215,16889,14677,48443,36955,17060,41678,36158,9645,1446,44057,46022,25971,40309,24532,37838,2575,32093,19759,30309,34339,12263,10541,10280,40885,4886,36463,13322,29026,33203,9643,10159,24780,13694,29929,26701,58082,51109,10401,3548,13088,19934,46623,15832,11719,24982,13067,20274,37757,15123,20683,10072,21675,34824,49349,31309,54108,10441,54802,11909,
88,15340,7618,46105,23440,34971,2930,6323,41685,18115,33226,28725,27610,23712,42103,47095,3513,32858,33108,10485,35931,41215,16889,14677,48443,36955,17060,41678,36158,9645,1446,44057,46022,25971,40309,24532,37838,2575,32093,19759,30309,32499,17669,12547,16672,16573,14163,28241,12180,35279,45321,18321,11945,21740,36060,13172,15297,35309,13533,4445,45574,25784,11581,27421,24674,12005,23810,30259,12269,26822,15602,36067,7392,11805,24350,29507,25071,15797,11197,23748,27895,
89,15340,7618,46105,23440,34971,2930,6323,41685,18115,33226,28725,27610,23712,42103,47095,3513,32858,33108,10485,35931,41215,16889,14677,48443,36955,17060,41678,36158,9645,1446,44057,46022,25971,40309,24532,37838,2575,32093,19759,30309,13214,24156,28346,11461,16710,2843,21155,26713,34439,16527,19852,12399,10807,362,15183,21626,31198,24771,2057,802,4310,12601,14448,15283,24408,14734,30259,20983,20075,23698,43285,5716,58489,30389,11128,30232,17411,19128,22835,9772,
90,15340,7618,46105,23440,34971,2930,6323,41685,18115,33226,28725,27610,23712,42103,47095,3513,32858,33108,10485,35931,41215,16889,14677,48443,36955,17060,41678,36158,9645,1446,44057,46022,25971,40309,24532,37838,2575,32093,19759,30309,43173,28115,21643,1106,19139,17026,30686,25900,15331,15021,11581,18144,11466,15411,14088,28525,23556,20521,13459,3793,23572,13359,13246,22261,45472,32254,11165,15630,18002,38346,17775,1326,27409,18883,11128,40346,38555,10518,41189,21576,
91,15340,7618,46105,23440,34971,2930,6323,41685,18115,33226,28725,27610,23712,42103,47095,3513,32858,33108,10485,35931,41215,16889,14677,48443,36955,17060,41678,36158,9645,1446,44057,46022,25971,40309,24532,37838,2575,32093,19759,30309,13789,11141,36390,1106,40476,3764,11892,22244,22377,12147,7266,16900,50375,39053,17896,12835,40766,19654,19814,13915,8627,17845,27101,12306,44652,19938,37395,37592,38625,34075,39750,7604,19630,19689,14358,48099,48631,17226,56542,17912,
92,15340,7618,46105,23440,34971,2930,6323,41685,18115,33226,28725,27610,23712,42103,47095,3513,32858,33108,10485,35931,41215,16889,14677,48443,36955,17060,41678,36158,9645,1446,44057,46022,25971,40309,24532,37838,2575,32093,19759,30309,21369,11546,20391,26596,14660,18910,35856,15318,11586,29388,8378,41899,33716,1096,12797,11919,16641,30800,13397,694,15000,31923,38475,12263,12754,3881,14125,24501,41000,25060,27248,22092,13165,41889,28594,14862,11225,38998,18239,5058,
93,15340,7618,46105,23440,34971,2930,6323,41685,18115,33226,28725,27610,23712,42103,47095,3513,32858,33108,10485,35931,41215,16889,14677,48443,36955,17060,41678,36158,9645,1446,44057,46022,25971,40309,24532,37838,2575,32093,19759,30309,12762,36676,18500,21135,11059,7838,13238,13177,20736,34856,35520,18548,28685,15674,38342,32489,37273,20090,31843,9535,26000,44622,19191,13244,41826,13267,47483,20670,10449,11876,52514,12994,42261,30157,28485,10295,15614,18442,29542,23532,
94,15340,7618,46105,23440,34971,2930,6323,41685,18115,33226,28725,27610,23712,42103,47095,3513,32858,33108,10485,35931,41215,16889,14677,48443,36955,17060,41678,36158,9645,1446,44057,46022,25971,40309,24532,37838,2575,32093,19759,30309,46360,23014,15113,2021,22540,12460,23693,34075,31490,24588,1695,15166,13842,18228,42666,39850,40354,39950,25887,1545,1626,22761,27346,24811,11517,33846,15685,13809,32643,47121,22156,4684,24205,11059,12765,10295,13115,21891,35806,9058,
95,15340,7618,46105,23440,34971,2930,6323,41685,18115,33226,28725,27610,23712,42103,47095,3513,32858,33108,10485,35931,41215,16889,14677,48443,36955,17060,41678,36158,9645,1446,44057,46022,25971,40309,24532,37838,2575,32093,19759,30309,11503,40629,10912,6965,15864,3092,34196,35195,17963,14350,9606,14113,27578,24741,10625,14420,32943,17099,3696,1009,28541,31287,34372,12012,11517,11428,33420,40254,22051,15881,11948,3567,11078,11059,27428,20008,19605,11306,13626,3886,
96,15340,7618,46105,23440,34971,2930,6323,41685,18115,33226,28725,27610,23712,42103,47095,3513,32858,33108,10485,35931,41215,16889,14677,48443,36955,17060,41678,36158,9645,1446,44057,46022,25971,40309,24532,37838,2575,32093,19759,30309,57897,17136,52406,5345,24493,19802,10944,41818,34502,11735,1417,43385,17551,2952,34172,27604,12905,46502,10017,35005,8997,19898,14617,34154,10984,30976,33723,10939,27116,55592,19877,35873,11078,12024,41275,28302,10337,25411,25186,2155,
97,15340,7618,46105,23440,34971,2930,6323,41685,18115,33226,28725,27610,23712,42103,47095,3513,32858,33108,10485,35931,41215,16889,14677,48443,36955,17060,41678,36158,9645,1446,44057,46022,25971,40309,24532,37838,2575,32093,19759,30309,17918,32629,14436,31942,26048,669,18474,27249,20370,26195,8863,12846,35753,54365,54649,19040,45533,11386,5025,19950,20652,37316,28441,11376,11073,11626,13045,21586,22772,22326,13427,37174,12697,12493,15180,32379,10117,13131,12556,11751,
98,15340,7618,46105,23440,34971,2930,6323,41685,18115,33226,28725,27610,23712,42103,47095,3513,32858,33108,10485,35931,41215,16889,14677,48443,36955,17060,41678,36158,9645,1446,44057,46022,25971,40309,24532,37838,2575,32093,19759,30309,37989,10565,12670,3566,18465,31695,41767,41951,32275,49125,7814,21599,22915,25291,17632,11428,32842,22210,5509,27869,17593,47841,48655,10667,24647,13670,44978,13430,26547,34247,13392,24077,10922,35355,15864,49090,10117,38992,23926,23130,
99,15340,7618,46105,23440,34971,2930,6323,41685,18115,33226,28725,27610,23712,42103,47095,3513,32858,33108,10485,35931,41215,16889,14677,48443,36955,17060,41678,36158,9645,1446,44057,46022,25971,40309,24532,37838,2575,32093,19759,30309,11414,26261,39625,17670,16176,10083,22083,14240,30963,15193,21884,14465,22915,15752,14365,35865,16328,14306,23832,2473,27313,11311,18709,58937,15624,4697,16459,15736,10516,17414,12175,28212,21595,38847,35457,18129,10117,31228,42556,2593,
100,15340,7618,46105,23440,34971,2930,6323,41685,18115,33226,28725,27610,23712,42103,47095,3513,32858,33108,10485,35931,41215,16889,14677,48443,36955,17060,41678,36158,9645,1446,44057,46022,25971,40309,24532,37838,2575,32093,19759,30309,53034,13600,11709,17134,28797,13063,16939,10667,10369,13586,17982,11709,30464,14390,28979,20383,17819,34884,20826,9030,19627,31028,11567,18310,18767,10447,23672,15736,14414,22985,10660,7610,44187,35687,35225,13525,10117,16851,37740,5469,
