1,26184,36502,44604,46610,9192,49658,40705,42942,5399,40043,36369,9193,25223,3608,14907,24246,7064,8560,40994,47309,43460,39266,43512,47106,35864,43165,11445,42328,24354,36955,9404,15369,27378,38874,49604,44987,24908,33727,47508,38169,46698,30385,46543,29390,26411,16799,34446,13673,8887,43698,20664,26384,49113,44676,12517,12189,47012,35187,11157,8045,44429,36287,6627,47307,26889,47400,3849,30540,48494,25737,2833,1126,47144,287,37115,39102,9483,20760,774,50488,
2,26184,36502,44604,46610,9192,49658,40705,42942,5399,40043,36369,9193,25223,3608,14907,24246,7064,8560,40994,47309,43460,39266,43512,47106,35864,43165,11445,42328,24354,36955,9404,15369,27378,38874,49604,44987,24908,33727,47508,38169,46698,30385,46543,29390,26411,16799,34446,13673,8887,43698,20664,26384,49113,44676,12517,12189,47012,35187,11157,8045,44429,36287,6627,47307,26889,47400,3849,30540,48494,25737,2833,1126,2576,25336,32107,5014,119,26642,4795,972,
3,26184,36502,44604,46610,9192,49658,40705,42942,5399,40043,36369,9193,25223,3608,14907,24246,7064,8560,40994,47309,43460,39266,43512,47106,35864,43165,11445,42328,24354,36955,9404,15369,27378,38874,49604,44987,24908,33727,47508,38169,46698,30385,46543,29390,26411,16799,34446,13673,8887,43698,20664,26384,49113,44676,12517,12189,47012,35187,11157,8045,44429,36287,6627,47307,26889,47400,3849,30540,48494,25737,2833,1126,23298,26959,1741,45556,50488,3512,33576,22833,
4,26184,36502,44604,46610,9192,49658,40705,42942,5399,40043,36369,9193,25223,3608,14907,24246,7064,8560,40994,47309,43460,39266,43512,47106,35864,43165,11445,42328,24354,36955,9404,15369,27378,38874,49604,44987,24908,33727,47508,38169,46698,30385,46543,29390,26411,16799,34446,13673,8887,43698,20664,26384,49113,44676,12517,12189,47012,35187,11157,8045,44429,36287,6627,47307,26889,47400,3849,30540,48494,25737,2833,1126,23198,13293,4971,6861,11986,24298,4115,7280,
5,26184,36502,44604,46610,9192,49658,40705,42942,5399,40043,36369,9193,25223,3608,14907,24246,7064,8560,40994,47309,43460,39266,43512,47106,35864,43165,11445,42328,24354,36955,9404,15369,27378,38874,49604,44987,24908,33727,47508,38169,46698,30385,46543,29390,26411,16799,34446,13673,8887,43698,20664,26384,49113,44676,12517,12189,47012,35187,11157,8045,44429,36287,6627,47307,26889,47400,3849,30540,48494,25737,2833,1126,32051,16649,29670,33840,24151,9811,17834,18828,
6,26184,36502,44604,46610,9192,49658,40705,42942,5399,40043,36369,9193,25223,3608,14907,24246,7064,8560,40994,47309,43460,39266,43512,47106,35864,43165,11445,42328,24354,36955,9404,15369,27378,38874,49604,44987,24908,33727,47508,38169,46698,30385,46543,29390,26411,16799,34446,13673,8887,43698,20664,26384,49113,44676,12517,12189,47012,35187,11157,8045,44429,36287,6627,47307,26889,47400,3849,30540,48494,25737,2833,1126,8329,11594,14412,19456,10162,35903,10852,29862,
7,26184,36502,44604,46610,9192,49658,40705,42942,5399,40043,36369,9193,25223,3608,14907,24246,7064,8560,40994,47309,43460,39266,43512,47106,35864,43165,11445,42328,24354,36955,9404,15369,27378,38874,49604,44987,24908,33727,47508,38169,46698,30385,46543,29390,26411,16799,34446,13673,8887,43698,20664,26384,49113,44676,12517,12189,47012,35187,11157,8045,44429,36287,6627,47307,26889,47400,3849,30540,48494,25737,2833,1126,18282,14409,30413,40507,21497,10009,8837,17802,
8,26184,36502,44604,46610,9192,49658,40705,42942,5399,40043,36369,9193,25223,3608,14907,24246,7064,8560,40994,47309,43460,39266,43512,47106,35864,43165,11445,42328,24354,36955,9404,15369,27378,38874,49604,44987,24908,33727,47508,38169,46698,30385,46543,29390,26411,16799,34446,13673,8887,43698,20664,26384,49113,44676,12517,12189,47012,35187,11157,8045,44429,36287,6627,47307,26889,47400,3849,30540,48494,25737,2833,1126,27289,10439,11282,13049,29733,27748,42163,10578,
9,26184,36502,44604,46610,9192,49658,40705,42942,5399,40043,36369,9193,25223,3608,14907,24246,7064,8560,40994,47309,43460,39266,43512,47106,35864,43165,11445,42328,24354,36955,9404,15369,27378,38874,49604,44987,24908,33727,47508,38169,46698,30385,46543,29390,26411,16799,34446,13673,8887,43698,20664,26384,49113,44676,12517,12189,47012,35187,11157,8045,44429,36287,6627,47307,26889,47400,3849,30540,48494,25737,2833,1126,4951,10965,35462,12702,32052,15637,1497,8759,
10,26184,36502,44604,46610,9192,49658,40705,42942,5399,40043,36369,9193,25223,3608,14907,24246,7064,8560,40994,47309,43460,39266,43512,47106,35864,43165,11445,42328,24354,36955,9404,15369,27378,38874,49604,44987,24908,33727,47508,38169,46698,30385,46543,29390,26411,16799,34446,13673,8887,43698,20664,26384,49113,44676,12517,12189,47012,35187,11157,8045,44429,36287,6627,47307,26889,47400,3849,30540,48494,25737,2833,1126,10450,48833,10743,2422,11143,22341,4642,13774,
11,26184,36502,44604,46610,9192,49658,40705,42942,5399,40043,36369,9193,25223,3608,14907,24246,7064,8560,40994,47309,43460,39266,43512,47106,35864,43165,11445,42328,24354,36955,9404,15369,27378,38874,49604,44987,24908,33727,47508,38169,46698,30385,46543,29390,26411,16799,34446,13673,8887,43698,20664,26384,49113,44676,12517,12189,47012,35187,11157,8045,44429,36287,6627,47307,26889,47400,3849,30540,48494,25737,2833,1126,3441,22829,5687,3972,11143,8633,9843,10891,
12,26184,36502,44604,46610,9192,49658,40705,42942,5399,40043,36369,9193,25223,3608,14907,24246,7064,8560,40994,47309,43460,39266,43512,47106,35864,43165,11445,42328,24354,36955,9404,15369,27378,38874,49604,44987,24908,33727,47508,38169,46698,30385,46543,29390,26411,16799,34446,13673,8887,43698,20664,26384,49113,44676,12517,12189,47012,35187,11157,8045,44429,36287,6627,47307,26889,47400,3849,30540,48494,25737,2833,1126,12203,10203,3236,2956,34450,13832,15069,10124,
13,26184,36502,44604,46610,9192,49658,40705,42942,5399,40043,36369,9193,25223,3608,14907,24246,7064,8560,40994,47309,43460,39266,43512,47106,35864,43165,11445,42328,24354,36955,9404,15369,27378,38874,49604,44987,24908,33727,47508,38169,46698,30385,46543,29390,26411,16799,34446,13673,8887,43698,20664,26384,49113,44676,12517,12189,47012,35187,11157,8045,44429,36287,6627,47307,26889,47400,3849,30540,48494,25737,2833,1126,40127,44138,13663,20484,53248,5964,24082,49935,
14,26184,36502,44604,46610,9192,49658,40705,42942,5399,40043,36369,9193,25223,3608,14907,24246,7064,8560,40994,47309,43460,39266,43512,47106,35864,43165,11445,42328,24354,36955,9404,15369,27378,38874,49604,44987,24908,33727,47508,38169,46698,30385,46543,29390,26411,16799,34446,13673,8887,43698,20664,26384,49113,44676,12517,12189,47012,35187,11157,8045,44429,36287,6627,47307,26889,47400,3849,30540,48494,25737,2833,1126,2794,18977,11051,7239,12820,2620,6923,9426,
15,26184,36502,44604,46610,9192,49658,40705,42942,5399,40043,36369,9193,25223,3608,14907,24246,7064,8560,40994,47309,43460,39266,43512,47106,35864,43165,11445,42328,24354,36955,9404,15369,27378,38874,49604,44987,24908,33727,47508,38169,46698,30385,46543,29390,26411,16799,34446,13673,8887,43698,20664,26384,49113,44676,12517,12189,47012,35187,11157,8045,44429,36287,6627,47307,26889,47400,3849,30540,48494,25737,2833,1126,7545,41001,5231,1339,16296,587,2397,33726,
16,26184,36502,44604,46610,9192,49658,40705,42942,5399,40043,36369,9193,25223,3608,14907,24246,7064,8560,40994,47309,43460,39266,43512,47106,35864,43165,11445,42328,24354,36955,9404,15369,27378,38874,49604,44987,24908,33727,47508,38169,46698,30385,46543,29390,26411,16799,34446,13673,8887,43698,20664,26384,49113,44676,12517,12189,47012,35187,11157,8045,44429,36287,6627,47307,26889,47400,3849,30540,48494,25737,2833,1126,14239,11069,18947,9763,18108,1491,15457,4223,
17,26184,36502,44604,46610,9192,49658,40705,42942,5399,40043,36369,9193,25223,3608,14907,24246,7064,8560,40994,47309,43460,39266,43512,47106,35864,43165,11445,42328,24354,36955,9404,15369,27378,38874,49604,44987,24908,33727,47508,38169,46698,30385,46543,29390,26411,16799,34446,13673,8887,43698,20664,26384,49113,44676,12517,12189,47012,35187,11157,8045,44429,36287,6627,47307,26889,47400,3849,30540,48494,25737,2833,1126,6440,15799,32259,29935,37405,183,12297,5536,
18,26184,36502,44604,46610,9192,49658,40705,42942,5399,40043,36369,9193,25223,3608,14907,24246,7064,8560,40994,47309,43460,39266,43512,47106,35864,43165,11445,42328,24354,36955,9404,15369,27378,38874,49604,44987,24908,33727,47508,38169,46698,30385,46543,29390,26411,16799,34446,13673,8887,43698,20664,26384,49113,44676,12517,12189,47012,35187,11157,8045,44429,36287,6627,47307,26889,47400,3849,30540,48494,25737,2833,1126,18287,16236,15136,9191,20695,7312,3290,35648,
19,26184,36502,44604,46610,9192,49658,40705,42942,5399,40043,36369,9193,25223,3608,14907,24246,7064,8560,40994,47309,43460,39266,43512,47106,35864,43165,11445,42328,24354,36955,9404,15369,27378,38874,49604,44987,24908,33727,47508,38169,46698,30385,46543,29390,26411,16799,34446,13673,8887,43698,20664,26384,49113,44676,12517,12189,47012,35187,11157,8045,44429,36287,6627,47307,26889,47400,3849,30540,48494,25737,2833,1126,20953,18054,27482,18618,14509,2012,51646,9627,
20,26184,36502,44604,46610,9192,49658,40705,42942,5399,40043,36369,9193,25223,3608,14907,24246,7064,8560,40994,47309,43460,39266,43512,47106,35864,43165,11445,42328,24354,36955,9404,15369,27378,38874,49604,44987,24908,33727,47508,38169,46698,30385,46543,29390,26411,16799,34446,13673,8887,43698,20664,26384,49113,44676,12517,12189,47012,35187,11157,8045,44429,36287,6627,47307,26889,47400,3849,30540,48494,25737,2833,1126,26286,40814,19627,11273,14668,21065,11879,6806,
21,26184,36502,44604,46610,9192,49658,40705,42942,5399,40043,36369,9193,25223,3608,14907,24246,7064,8560,40994,47309,43460,39266,43512,47106,35864,43165,11445,42328,24354,36955,9404,15369,27378,38874,49604,44987,24908,33727,47508,38169,46698,30385,46543,29390,26411,16799,34446,13673,8887,43698,20664,26384,49113,44676,12517,12189,47012,35187,11157,8045,44429,36287,6627,47307,26889,47400,3849,30540,48494,25737,2833,1126,18487,26661,7280,25454,12430,14977,11831,5274,
22,26184,36502,44604,46610,9192,49658,40705,42942,5399,40043,36369,9193,25223,3608,14907,24246,7064,8560,40994,47309,43460,39266,43512,47106,35864,43165,11445,42328,24354,36955,9404,15369,27378,38874,49604,44987,24908,33727,47508,38169,46698,30385,46543,29390,26411,16799,34446,13673,8887,43698,20664,26384,49113,44676,12517,12189,47012,35187,11157,8045,44429,36287,6627,47307,26889,47400,3849,30540,48494,25737,2833,1126,24335,20767,24665,7209,40488,29308,25206,4145,
23,26184,36502,44604,46610,9192,49658,40705,42942,5399,40043,36369,9193,25223,3608,14907,24246,7064,8560,40994,47309,43460,39266,43512,47106,35864,43165,11445,42328,24354,36955,9404,15369,27378,38874,49604,44987,24908,33727,47508,38169,46698,30385,46543,29390,26411,16799,34446,13673,8887,43698,20664,26384,49113,44676,12517,12189,47012,35187,11157,8045,44429,36287,6627,47307,26889,47400,3849,30540,48494,25737,2833,1126,812,23823,25616,18202,50304,5708,52118,3292,
24,26184,36502,44604,46610,9192,49658,40705,42942,5399,40043,36369,9193,25223,3608,14907,24246,7064,8560,40994,47309,43460,39266,43512,47106,35864,43165,11445,42328,24354,36955,9404,15369,27378,38874,49604,44987,24908,33727,47508,38169,46698,30385,46543,29390,26411,16799,34446,13673,8887,43698,20664,26384,49113,44676,12517,12189,47012,35187,11157,8045,44429,36287,6627,47307,26889,47400,3849,30540,48494,25737,2833,1126,4468,17500,25246,28131,31598,43938,53513,20477,
25,26184,36502,44604,46610,9192,49658,40705,42942,5399,40043,36369,9193,25223,3608,14907,24246,7064,8560,40994,47309,43460,39266,43512,47106,35864,43165,11445,42328,24354,36955,9404,15369,27378,38874,49604,44987,24908,33727,47508,38169,46698,30385,46543,29390,26411,16799,34446,13673,8887,43698,20664,26384,49113,44676,12517,12189,47012,35187,11157,8045,44429,36287,6627,47307,26889,47400,3849,30540,48494,25737,2833,1126,734,47235,9940,37447,24337,2440,21437,15330,
26,26184,36502,44604,46610,9192,49658,40705,42942,5399,40043,36369,9193,25223,3608,14907,24246,7064,8560,40994,47309,43460,39266,43512,47106,35864,43165,11445,42328,24354,36955,9404,15369,27378,38874,49604,44987,24908,33727,47508,38169,46698,30385,46543,29390,26411,16799,34446,13673,8887,43698,20664,26384,49113,44676,12517,12189,47012,35187,11157,8045,44429,36287,6627,47307,26889,47400,3849,30540,48494,25737,2833,1126,624,16679,27568,303,21419,14713,16277,3473,
27,26184,36502,44604,46610,9192,49658,40705,42942,5399,40043,36369,9193,25223,3608,14907,24246,7064,8560,40994,47309,43460,39266,43512,47106,35864,43165,11445,42328,24354,36955,9404,15369,27378,38874,49604,44987,24908,33727,47508,38169,46698,30385,46543,29390,26411,16799,34446,13673,8887,43698,20664,26384,49113,44676,12517,12189,47012,35187,11157,8045,44429,36287,6627,47307,26889,47400,3849,30540,48494,25737,2833,1126,2674,22905,29693,25137,17621,38781,44321,25841,
28,26184,36502,44604,46610,9192,49658,40705,42942,5399,40043,36369,9193,25223,3608,14907,24246,7064,8560,40994,47309,43460,39266,43512,47106,35864,43165,11445,42328,24354,36955,9404,15369,27378,38874,49604,44987,24908,33727,47508,38169,46698,30385,46543,29390,26411,16799,34446,13673,8887,43698,20664,26384,49113,44676,12517,12189,47012,35187,11157,8045,44429,36287,6627,47307,26889,47400,3849,30540,48494,25737,2833,1126,19996,49966,9249,6075,48722,14919,45154,4487,
29,26184,36502,44604,46610,9192,49658,40705,42942,5399,40043,36369,9193,25223,3608,14907,24246,7064,8560,40994,47309,43460,39266,43512,47106,35864,43165,11445,42328,24354,36955,9404,15369,27378,38874,49604,44987,24908,33727,47508,38169,46698,30385,46543,29390,26411,16799,34446,13673,8887,43698,20664,26384,49113,44676,12517,12189,47012,35187,11157,8045,44429,36287,6627,47307,26889,47400,3849,30540,48494,25737,2833,1126,10284,23471,5316,5388,50010,19324,34288,6832,
30,26184,36502,44604,46610,9192,49658,40705,42942,5399,40043,36369,9193,25223,3608,14907,24246,7064,8560,40994,47309,43460,39266,43512,47106,35864,43165,11445,42328,24354,36955,9404,15369,27378,38874,49604,44987,24908,33727,47508,38169,46698,30385,46543,29390,26411,16799,34446,13673,8887,43698,20664,26384,49113,44676,12517,12189,47012,35187,11157,8045,44429,36287,6627,47307,26889,47400,3849,30540,48494,25737,2833,1126,13331,27697,854,5417,25273,27313,27769,5895,
31,26184,36502,44604,46610,9192,49658,40705,42942,5399,40043,36369,9193,25223,3608,14907,24246,7064,8560,40994,47309,43460,39266,43512,47106,35864,43165,11445,42328,24354,36955,9404,15369,27378,38874,49604,44987,24908,33727,47508,38169,46698,30385,46543,29390,26411,16799,34446,13673,8887,43698,20664,26384,49113,44676,12517,12189,47012,35187,11157,8045,44429,36287,6627,47307,26889,47400,3849,30540,48494,25737,2833,1126,34084,39053,18892,33558,14087,4243,20868,4651,
32,26184,36502,44604,46610,9192,49658,40705,42942,5399,40043,36369,9193,25223,3608,14907,24246,7064,8560,40994,47309,43460,39266,43512,47106,35864,43165,11445,42328,24354,36955,9404,15369,27378,38874,49604,44987,24908,33727,47508,38169,46698,30385,46543,29390,26411,16799,34446,13673,8887,43698,20664,26384,49113,44676,12517,12189,47012,35187,11157,8045,44429,36287,6627,47307,26889,47400,3849,30540,48494,25737,2833,1126,48448,20236,31261,3998,28575,25663,11426,1083,
33,26184,36502,44604,46610,9192,49658,40705,42942,5399,40043,36369,9193,25223,3608,14907,24246,7064,8560,40994,47309,43460,39266,43512,47106,35864,43165,11445,42328,24354,36955,9404,15369,27378,38874,49604,44987,24908,33727,47508,38169,46698,30385,46543,29390,26411,16799,34446,13673,8887,43698,20664,26384,49113,44676,12517,12189,47012,35187,11157,8045,44429,36287,6627,47307,26889,47400,3849,30540,48494,25737,2833,1126,4641,13686,15211,37408,11506,2127,11821,24724,
34,26184,36502,44604,46610,9192,49658,40705,42942,5399,40043,36369,9193,25223,3608,14907,24246,7064,8560,40994,47309,43460,39266,43512,47106,35864,43165,11445,42328,24354,36955,9404,15369,27378,38874,49604,44987,24908,33727,47508,38169,46698,30385,46543,29390,26411,16799,34446,13673,8887,43698,20664,26384,49113,44676,12517,12189,47012,35187,11157,8045,44429,36287,6627,47307,26889,47400,3849,30540,48494,25737,2833,1126,7001,24717,31514,5277,18181,34841,13293,12191,
35,26184,36502,44604,46610,9192,49658,40705,42942,5399,40043,36369,9193,25223,3608,14907,24246,7064,8560,40994,47309,43460,39266,43512,47106,35864,43165,11445,42328,24354,36955,9404,15369,27378,38874,49604,44987,24908,33727,47508,38169,46698,30385,46543,29390,26411,16799,34446,13673,8887,43698,20664,26384,49113,44676,12517,12189,47012,35187,11157,8045,44429,36287,6627,47307,26889,47400,3849,30540,48494,25737,2833,1126,28913,30725,2640,2663,19853,10398,31134,22879,
36,26184,36502,44604,46610,9192,49658,40705,42942,5399,40043,36369,9193,25223,3608,14907,24246,7064,8560,40994,47309,43460,39266,43512,47106,35864,43165,11445,42328,24354,36955,9404,15369,27378,38874,49604,44987,24908,33727,47508,38169,46698,30385,46543,29390,26411,16799,34446,13673,8887,43698,20664,26384,49113,44676,12517,12189,47012,35187,11157,8045,44429,36287,6627,47307,26889,47400,3849,30540,48494,25737,2833,1126,2764,13626,17004,14268,38909,43197,23141,37526,
37,26184,36502,44604,46610,9192,49658,40705,42942,5399,40043,36369,9193,25223,3608,14907,24246,7064,8560,40994,47309,43460,39266,43512,47106,35864,43165,11445,42328,24354,36955,9404,15369,27378,38874,49604,44987,24908,33727,47508,38169,46698,30385,46543,29390,26411,16799,34446,13673,8887,43698,20664,26384,49113,44676,12517,12189,47012,35187,11157,8045,44429,36287,6627,47307,26889,47400,3849,30540,48494,25737,2833,1126,14412,15157,9507,2438,11687,19673,25371,11620,
38,26184,36502,44604,46610,9192,49658,40705,42942,5399,40043,36369,9193,25223,3608,14907,24246,7064,8560,40994,47309,43460,39266,43512,47106,35864,43165,11445,42328,24354,36955,9404,15369,27378,38874,49604,44987,24908,33727,47508,38169,46698,30385,46543,29390,26411,16799,34446,13673,8887,43698,20664,26384,49113,44676,12517,12189,47012,35187,11157,8045,44429,36287,6627,47307,26889,47400,3849,30540,48494,25737,2833,1126,13477,54392,4740,22906,11687,17440,10462,18522,
39,26184,36502,44604,46610,9192,49658,40705,42942,5399,40043,36369,9193,25223,3608,14907,24246,7064,8560,40994,47309,43460,39266,43512,47106,35864,43165,11445,42328,24354,36955,9404,15369,27378,38874,49604,44987,24908,33727,47508,38169,46698,30385,46543,29390,26411,16799,34446,13673,8887,43698,20664,26384,49113,44676,12517,12189,47012,35187,11157,8045,44429,36287,6627,47307,26889,47400,3849,30540,48494,25737,2833,1126,15255,18058,26830,35340,20229,29928,25128,2849,
40,26184,36502,44604,46610,9192,49658,40705,42942,5399,40043,36369,9193,25223,3608,14907,24246,7064,8560,40994,47309,43460,39266,43512,47106,35864,43165,11445,42328,24354,36955,9404,15369,27378,38874,49604,44987,24908,33727,47508,38169,46698,30385,46543,29390,26411,16799,34446,13673,8887,43698,20664,26384,49113,44676,12517,12189,47012,35187,11157,8045,44429,36287,6627,47307,26889,47400,3849,30540,48494,25737,2833,1126,6681,33506,8931,3684,19876,21324,14420,8192,
41,26184,36502,44604,46610,9192,49658,40705,42942,5399,40043,36369,9193,25223,3608,14907,24246,7064,8560,40994,47309,43460,39266,43512,47106,35864,43165,11445,42328,24354,36955,9404,15369,27378,38874,49604,44987,24908,33727,47508,38169,46698,30385,46543,29390,26411,16799,34446,13673,8887,43698,20664,26384,49113,44676,12517,12189,47012,35187,11157,8045,44429,36287,6627,47307,26889,47400,3849,30540,48494,25737,2833,1126,10502,21953,18947,38860,39978,9577,19912,31565,
42,26184,36502,44604,46610,9192,49658,40705,42942,5399,40043,36369,9193,25223,3608,14907,24246,7064,8560,40994,47309,43460,39266,43512,47106,35864,43165,11445,42328,24354,36955,9404,15369,27378,38874,49604,44987,24908,33727,47508,38169,46698,30385,46543,29390,26411,16799,34446,13673,8887,43698,20664,26384,49113,44676,12517,12189,47012,35187,11157,8045,44429,36287,6627,47307,26889,47400,3849,30540,48494,25737,2833,1126,6208,44672,30915,10850,47335,8683,11493,21554,
43,26184,36502,44604,46610,9192,49658,40705,42942,5399,40043,36369,9193,25223,3608,14907,24246,7064,8560,40994,47309,43460,39266,43512,47106,35864,43165,11445,42328,24354,36955,9404,15369,27378,38874,49604,44987,24908,33727,47508,38169,46698,30385,46543,29390,26411,16799,34446,13673,8887,43698,20664,26384,49113,44676,12517,12189,47012,35187,11157,8045,44429,36287,6627,47307,26889,47400,3849,30540,48494,25737,2833,1126,6089,19237,36447,14044,12842,8683,51692,42542,
44,26184,36502,44604,46610,9192,49658,40705,42942,5399,40043,36369,9193,25223,3608,14907,24246,7064,8560,40994,47309,43460,39266,43512,47106,35864,43165,11445,42328,24354,36955,9404,15369,27378,38874,49604,44987,24908,33727,47508,38169,46698,30385,46543,29390,26411,16799,34446,13673,8887,43698,20664,26384,49113,44676,12517,12189,47012,35187,11157,8045,44429,36287,6627,47307,26889,47400,3849,30540,48494,25737,2833,1126,1117,49597,17035,10512,14499,27722,26486,1795,
45,26184,36502,44604,46610,9192,49658,40705,42942,5399,40043,36369,9193,25223,3608,14907,24246,7064,8560,40994,47309,43460,39266,43512,47106,35864,43165,11445,42328,24354,36955,9404,15369,27378,38874,49604,44987,24908,33727,47508,38169,46698,30385,46543,29390,26411,16799,34446,13673,8887,43698,20664,26384,49113,44676,12517,12189,47012,35187,11157,8045,44429,36287,6627,47307,26889,47400,3849,30540,48494,25737,2833,1126,7930,17763,8043,28602,24297,5506,26486,23908,
46,26184,36502,44604,46610,9192,49658,40705,42942,5399,40043,36369,9193,25223,3608,14907,24246,7064,8560,40994,47309,43460,39266,43512,47106,35864,43165,11445,42328,24354,36955,9404,15369,27378,38874,49604,44987,24908,33727,47508,38169,46698,30385,46543,29390,26411,16799,34446,13673,8887,43698,20664,26384,49113,44676,12517,12189,47012,35187,11157,8045,44429,36287,6627,47307,26889,47400,3849,30540,48494,25737,2833,1126,17313,10831,2733,20403,26493,9015,24723,2068,
47,26184,36502,44604,46610,9192,49658,40705,42942,5399,40043,36369,9193,25223,3608,14907,24246,7064,8560,40994,47309,43460,39266,43512,47106,35864,43165,11445,42328,24354,36955,9404,15369,27378,38874,49604,44987,24908,33727,47508,38169,46698,30385,46543,29390,26411,16799,34446,13673,8887,43698,20664,26384,49113,44676,12517,12189,47012,35187,11157,8045,44429,36287,6627,47307,26889,47400,3849,30540,48494,25737,2833,1126,8152,50406,31339,11478,21087,47834,25334,12172,
48,26184,36502,44604,46610,9192,49658,40705,42942,5399,40043,36369,9193,25223,3608,14907,24246,7064,8560,40994,47309,43460,39266,43512,47106,35864,43165,11445,42328,24354,36955,9404,15369,27378,38874,49604,44987,24908,33727,47508,38169,46698,30385,46543,29390,26411,16799,34446,13673,8887,43698,20664,26384,49113,44676,12517,12189,47012,35187,11157,8045,44429,36287,6627,47307,26889,47400,3849,30540,48494,25737,2833,1126,12307,44254,23011,2522,29948,8592,26423,8007,
49,26184,36502,44604,46610,9192,49658,40705,42942,5399,40043,36369,9193,25223,3608,14907,24246,7064,8560,40994,47309,43460,39266,43512,47106,35864,43165,11445,42328,24354,36955,9404,15369,27378,38874,49604,44987,24908,33727,47508,38169,46698,30385,46543,29390,26411,16799,34446,13673,8887,43698,20664,26384,49113,44676,12517,12189,47012,35187,11157,8045,44429,36287,6627,47307,26889,47400,3849,30540,48494,25737,2833,1126,3041,17727,7829,11602,13809,29051,28901,25451,
50,26184,36502,44604,46610,9192,49658,40705,42942,5399,40043,36369,9193,25223,3608,14907,24246,7064,8560,40994,47309,43460,39266,43512,47106,35864,43165,11445,42328,24354,36955,9404,15369,27378,38874,49604,44987,24908,33727,47508,38169,46698,30385,46543,29390,26411,16799,34446,13673,8887,43698,20664,26384,49113,44676,12517,12189,47012,35187,11157,8045,44429,36287,6627,47307,26889,47400,3849,30540,48494,25737,2833,1126,19444,35436,35303,3188,19756,16071,17244,1369,
51,26184,36502,44604,46610,9192,49658,40705,42942,5399,40043,36369,9193,25223,3608,14907,24246,7064,8560,40994,47309,43460,39266,43512,47106,35864,43165,11445,42328,24354,36955,9404,15369,27378,38874,49604,44987,24908,33727,47508,38169,46698,30385,46543,29390,26411,16799,34446,13673,8887,43698,20664,26384,49113,44676,12517,12189,47012,35187,11157,8045,44429,36287,6627,47307,26889,47400,3849,30540,48494,25737,2833,1126,17130,29156,2477,31609,40856,38934,10155,15893,
52,26184,36502,44604,46610,9192,49658,40705,42942,5399,40043,36369,9193,25223,3608,14907,24246,7064,8560,40994,47309,43460,39266,43512,47106,35864,43165,11445,42328,24354,36955,9404,15369,27378,38874,49604,44987,24908,33727,47508,38169,46698,30385,46543,29390,26411,16799,34446,13673,8887,43698,20664,26384,49113,44676,12517,12189,47012,35187,11157,8045,44429,36287,6627,47307,26889,47400,3849,30540,48494,25737,2833,1126,353,18705,2807,34935,16976,26713,18673,33272,
53,26184,36502,44604,46610,9192,49658,40705,42942,5399,40043,36369,9193,25223,3608,14907,24246,7064,8560,40994,47309,43460,39266,43512,47106,35864,43165,11445,42328,24354,36955,9404,15369,27378,38874,49604,44987,24908,33727,47508,38169,46698,30385,46543,29390,26411,16799,34446,13673,8887,43698,20664,26384,49113,44676,12517,12189,47012,35187,11157,8045,44429,36287,6627,47307,26889,47400,3849,30540,48494,25737,2833,1126,5932,16637,36724,4970,10319,2796,14521,23513,
54,26184,36502,44604,46610,9192,49658,40705,42942,5399,40043,36369,9193,25223,3608,14907,24246,7064,8560,40994,47309,43460,39266,43512,47106,35864,43165,11445,42328,24354,36955,9404,15369,27378,38874,49604,44987,24908,33727,47508,38169,46698,30385,46543,29390,26411,16799,34446,13673,8887,43698,20664,26384,49113,44676,12517,12189,47012,35187,11157,8045,44429,36287,6627,47307,26889,47400,3849,30540,48494,25737,2833,1126,10057,33821,12845,4970,15643,16919,12519,43343,
55,26184,36502,44604,46610,9192,49658,40705,42942,5399,40043,36369,9193,25223,3608,14907,24246,7064,8560,40994,47309,43460,39266,43512,47106,35864,43165,11445,42328,24354,36955,9404,15369,27378,38874,49604,44987,24908,33727,47508,38169,46698,30385,46543,29390,26411,16799,34446,13673,8887,43698,20664,26384,49113,44676,12517,12189,47012,35187,11157,8045,44429,36287,6627,47307,26889,47400,3849,30540,48494,25737,2833,1126,15426,25448,45163,39054,11274,17197,37630,39286,
56,26184,36502,44604,46610,9192,49658,40705,42942,5399,40043,36369,9193,25223,3608,14907,24246,7064,8560,40994,47309,43460,39266,43512,47106,35864,43165,11445,42328,24354,36955,9404,15369,27378,38874,49604,44987,24908,33727,47508,38169,46698,30385,46543,29390,26411,16799,34446,13673,8887,43698,20664,26384,49113,44676,12517,12189,47012,35187,11157,8045,44429,36287,6627,47307,26889,47400,3849,30540,48494,25737,2833,1126,2037,38494,15914,36847,24379,23453,49565,7224,
57,26184,36502,44604,46610,9192,49658,40705,42942,5399,40043,36369,9193,25223,3608,14907,24246,7064,8560,40994,47309,43460,39266,43512,47106,35864,43165,11445,42328,24354,36955,9404,15369,27378,38874,49604,44987,24908,33727,47508,38169,46698,30385,46543,29390,26411,16799,34446,13673,8887,43698,20664,26384,49113,44676,12517,12189,47012,35187,11157,8045,44429,36287,6627,47307,26889,47400,3849,30540,48494,25737,2833,1126,546,27403,11353,5706,44930,3873,15918,7379,
58,26184,36502,44604,46610,9192,49658,40705,42942,5399,40043,36369,9193,25223,3608,14907,24246,7064,8560,40994,47309,43460,39266,43512,47106,35864,43165,11445,42328,24354,36955,9404,15369,27378,38874,49604,44987,24908,33727,47508,38169,46698,30385,46543,29390,26411,16799,34446,13673,8887,43698,20664,26384,49113,44676,12517,12189,47012,35187,11157,8045,44429,36287,6627,47307,26889,47400,3849,30540,48494,25737,2833,1126,22999,23238,29903,372,45496,3873,14960,2451,
59,26184,36502,44604,46610,9192,49658,40705,42942,5399,40043,36369,9193,25223,3608,14907,24246,7064,8560,40994,47309,43460,39266,43512,47106,35864,43165,11445,42328,24354,36955,9404,15369,27378,38874,49604,44987,24908,33727,47508,38169,46698,30385,46543,29390,26411,16799,34446,13673,8887,43698,20664,26384,49113,44676,12517,12189,47012,35187,11157,8045,44429,36287,6627,47307,26889,47400,3849,30540,48494,25737,2833,1126,28345,36399,33538,372,12386,25638,16636,35387,
60,26184,36502,44604,46610,9192,49658,40705,42942,5399,40043,36369,9193,25223,3608,14907,24246,7064,8560,40994,47309,43460,39266,43512,47106,35864,43165,11445,42328,24354,36955,9404,15369,27378,38874,49604,44987,24908,33727,47508,38169,46698,30385,46543,29390,26411,16799,34446,13673,8887,43698,20664,26384,49113,44676,12517,12189,47012,35187,11157,8045,44429,36287,6627,47307,26889,47400,3849,30540,48494,25737,2833,1126,41192,10296,14805,16946,15276,788,11630,26487,
61,26184,36502,44604,46610,9192,49658,40705,42942,5399,40043,36369,9193,25223,3608,14907,24246,7064,8560,40994,47309,43460,39266,43512,47106,35864,43165,11445,42328,24354,36955,9404,15369,27378,38874,49604,44987,24908,33727,47508,38169,46698,30385,46543,29390,26411,16799,34446,13673,8887,43698,20664,26384,49113,44676,12517,12189,47012,35187,11157,8045,44429,36287,6627,47307,26889,47400,3849,30540,48494,25737,2833,1126,3457,23143,18976,26470,26578,788,10777,14000,
62,26184,36502,44604,46610,9192,49658,40705,42942,5399,40043,36369,9193,25223,3608,14907,24246,7064,8560,40994,47309,43460,39266,43512,47106,35864,43165,11445,42328,24354,36955,9404,15369,27378,38874,49604,44987,24908,33727,47508,38169,46698,30385,46543,29390,26411,16799,34446,13673,8887,43698,20664,26384,49113,44676,12517,12189,47012,35187,11157,8045,44429,36287,6627,47307,26889,47400,3849,30540,48494,25737,2833,1126,15319,46982,38296,20065,11919,31062,41981,8036,
63,26184,36502,44604,46610,9192,49658,40705,42942,5399,40043,36369,9193,25223,3608,14907,24246,7064,8560,40994,47309,43460,39266,43512,47106,35864,43165,11445,42328,24354,36955,9404,15369,27378,38874,49604,44987,24908,33727,47508,38169,46698,30385,46543,29390,26411,16799,34446,13673,8887,43698,20664,26384,49113,44676,12517,12189,47012,35187,11157,8045,44429,36287,6627,47307,26889,47400,3849,30540,48494,25737,2833,1126,6910,15973,31051,19550,11919,25952,14872,8645,
64,26184,36502,44604,46610,9192,49658,40705,42942,5399,40043,36369,9193,25223,3608,14907,24246,7064,8560,40994,47309,43460,39266,43512,47106,35864,43165,11445,42328,24354,36955,9404,15369,27378,38874,49604,44987,24908,33727,47508,38169,46698,30385,46543,29390,26411,16799,34446,13673,8887,43698,20664,26384,49113,44676,12517,12189,47012,35187,11157,8045,44429,36287,6627,47307,26889,47400,3849,30540,48494,25737,2833,1126,16354,12813,16989,9734,13080,40190,31421,2916,
65,26184,36502,44604,46610,9192,49658,40705,42942,5399,40043,36369,9193,25223,3608,14907,24246,7064,8560,40994,47309,43460,39266,43512,47106,35864,43165,11445,42328,24354,36955,9404,15369,27378,38874,49604,44987,24908,33727,47508,38169,46698,30385,46543,29390,26411,16799,34446,13673,8887,43698,20664,26384,49113,44676,12517,12189,47012,35187,11157,8045,44429,36287,6627,47307,26889,47400,3849,30540,48494,25737,2833,1126,17843,36934,24502,24091,42819,9993,31492,9379,
66,26184,36502,44604,46610,9192,49658,40705,42942,5399,40043,36369,9193,25223,3608,14907,24246,7064,8560,40994,47309,43460,39266,43512,47106,35864,43165,11445,42328,24354,36955,9404,15369,27378,38874,49604,44987,24908,33727,47508,38169,46698,30385,46543,29390,26411,16799,34446,13673,8887,43698,20664,26384,49113,44676,12517,12189,47012,35187,11157,8045,44429,36287,6627,47307,26889,47400,3849,30540,48494,25737,2833,1126,5554,36555,11105,18936,12017,4666,22284,26582,
67,26184,36502,44604,46610,9192,49658,40705,42942,5399,40043,36369,9193,25223,3608,14907,24246,7064,8560,40994,47309,43460,39266,43512,47106,35864,43165,11445,42328,24354,36955,9404,15369,27378,38874,49604,44987,24908,33727,47508,38169,46698,30385,46543,29390,26411,16799,34446,13673,8887,43698,20664,26384,49113,44676,12517,12189,47012,35187,11157,8045,44429,36287,6627,47307,26889,47400,3849,30540,48494,25737,2833,1126,10018,42504,45354,2896,35158,1200,11551,30932,
68,26184,36502,44604,46610,9192,49658,40705,42942,5399,40043,36369,9193,25223,3608,14907,24246,7064,8560,40994,47309,43460,39266,43512,47106,35864,43165,11445,42328,24354,36955,9404,15369,27378,38874,49604,44987,24908,33727,47508,38169,46698,30385,46543,29390,26411,16799,34446,13673,8887,43698,20664,26384,49113,44676,12517,12189,47012,35187,11157,8045,44429,36287,6627,47307,26889,47400,3849,30540,48494,25737,2833,1126,25927,27071,12087,21916,16933,9655,19785,8379,
69,26184,36502,44604,46610,9192,49658,40705,42942,5399,40043,36369,9193,25223,3608,14907,24246,7064,8560,40994,47309,43460,39266,43512,47106,35864,43165,11445,42328,24354,36955,9404,15369,27378,38874,49604,44987,24908,33727,47508,38169,46698,30385,46543,29390,26411,16799,34446,13673,8887,43698,20664,26384,49113,44676,12517,12189,47012,35187,11157,8045,44429,36287,6627,47307,26889,47400,3849,30540,48494,25737,2833,1126,19814,52142,12276,4952,10078,5127,24647,8247,
70,26184,36502,44604,46610,9192,49658,40705,42942,5399,40043,36369,9193,25223,3608,14907,24246,7064,8560,40994,47309,43460,39266,43512,47106,35864,43165,11445,42328,24354,36955,9404,15369,27378,38874,49604,44987,24908,33727,47508,38169,46698,30385,46543,29390,26411,16799,34446,13673,8887,43698,20664,26384,49113,44676,12517,12189,47012,35187,11157,8045,44429,36287,6627,47307,26889,47400,3849,30540,48494,25737,2833,1126,8770,26096,12020,1458,13879,1766,10424,36254,
71,26184,36502,44604,46610,9192,49658,40705,42942,5399,40043,36369,9193,25223,3608,14907,24246,7064,8560,40994,47309,43460,39266,43512,47106,35864,43165,11445,42328,24354,36955,9404,15369,27378,38874,49604,44987,24908,33727,47508,38169,46698,30385,46543,29390,26411,16799,34446,13673,8887,43698,20664,26384,49113,44676,12517,12189,47012,35187,11157,8045,44429,36287,6627,47307,26889,47400,3849,30540,48494,25737,2833,1126,3079,26862,27379,25381,23817,20458,51648,1921,
72,26184,36502,44604,46610,9192,49658,40705,42942,5399,40043,36369,9193,25223,3608,14907,24246,7064,8560,40994,47309,43460,39266,43512,47106,35864,43165,11445,42328,24354,36955,9404,15369,27378,38874,49604,44987,24908,33727,47508,38169,46698,30385,46543,29390,26411,16799,34446,13673,8887,43698,20664,26384,49113,44676,12517,12189,47012,35187,11157,8045,44429,36287,6627,47307,26889,47400,3849,30540,48494,25737,2833,1126,26173,26693,11178,5562,16263,20214,38775,39292,
73,26184,36502,44604,46610,9192,49658,40705,42942,5399,40043,36369,9193,25223,3608,14907,24246,7064,8560,40994,47309,43460,39266,43512,47106,35864,43165,11445,42328,24354,36955,9404,15369,27378,38874,49604,44987,24908,33727,47508,38169,46698,30385,46543,29390,26411,16799,34446,13673,8887,43698,20664,26384,49113,44676,12517,12189,47012,35187,11157,8045,44429,36287,6627,47307,26889,47400,3849,30540,48494,25737,2833,1126,5988,26859,27880,24450,36860,1972,29072,25736,
74,26184,36502,44604,46610,9192,49658,40705,42942,5399,40043,36369,9193,25223,3608,14907,24246,7064,8560,40994,47309,43460,39266,43512,47106,35864,43165,11445,42328,24354,36955,9404,15369,27378,38874,49604,44987,24908,33727,47508,38169,46698,30385,46543,29390,26411,16799,34446,13673,8887,43698,20664,26384,49113,44676,12517,12189,47012,35187,11157,8045,44429,36287,6627,47307,26889,47400,3849,30540,48494,25737,2833,1126,5849,44275,28316,16189,15230,12678,10469,18687,
75,26184,36502,44604,46610,9192,49658,40705,42942,5399,40043,36369,9193,25223,3608,14907,24246,7064,8560,40994,47309,43460,39266,43512,47106,35864,43165,11445,42328,24354,36955,9404,15369,27378,38874,49604,44987,24908,33727,47508,38169,46698,30385,46543,29390,26411,16799,34446,13673,8887,43698,20664,26384,49113,44676,12517,12189,47012,35187,11157,8045,44429,36287,6627,47307,26889,47400,3849,30540,48494,25737,2833,1126,398,10916,10325,20504,51139,39528,37952,32663,
76,26184,36502,44604,46610,9192,49658,40705,42942,5399,40043,36369,9193,25223,3608,14907,24246,7064,8560,40994,47309,43460,39266,43512,47106,35864,43165,11445,42328,24354,36955,9404,15369,27378,38874,49604,44987,24908,33727,47508,38169,46698,30385,46543,29390,26411,16799,34446,13673,8887,43698,20664,26384,49113,44676,12517,12189,47012,35187,11157,8045,44429,36287,6627,47307,26889,47400,3849,30540,48494,25737,2833,1126,8801,31836,10202,11350,14496,41557,48937,18754,
77,26184,36502,44604,46610,9192,49658,40705,42942,5399,40043,36369,9193,25223,3608,14907,24246,7064,8560,40994,47309,43460,39266,43512,47106,35864,43165,11445,42328,24354,36955,9404,15369,27378,38874,49604,44987,24908,33727,47508,38169,46698,30385,46543,29390,26411,16799,34446,13673,8887,43698,20664,26384,49113,44676,12517,12189,47012,35187,11157,8045,44429,36287,6627,47307,26889,47400,3849,30540,48494,25737,2833,1126,3519,10577,21667,19707,31497,4447,34150,26375,
78,26184,36502,44604,46610,9192,49658,40705,42942,5399,40043,36369,9193,25223,3608,14907,24246,7064,8560,40994,47309,43460,39266,43512,47106,35864,43165,11445,42328,24354,36955,9404,15369,27378,38874,49604,44987,24908,33727,47508,38169,46698,30385,46543,29390,26411,16799,34446,13673,8887,43698,20664,26384,49113,44676,12517,12189,47012,35187,11157,8045,44429,36287,6627,47307,26889,47400,3849,30540,48494,25737,2833,1126,10927,21210,15722,6033,11117,21810,10664,6498,
79,26184,36502,44604,46610,9192,49658,40705,42942,5399,40043,36369,9193,25223,3608,14907,24246,7064,8560,40994,47309,43460,39266,43512,47106,35864,43165,11445,42328,24354,36955,9404,15369,27378,38874,49604,44987,24908,33727,47508,38169,46698,30385,46543,29390,26411,16799,34446,13673,8887,43698,20664,26384,49113,44676,12517,12189,47012,35187,11157,8045,44429,36287,6627,47307,26889,47400,3849,30540,48494,25737,2833,1126,27316,36268,39515,4368,14273,15888,12419,14180,
80,26184,36502,44604,46610,9192,49658,40705,42942,5399,40043,36369,9193,25223,3608,14907,24246,7064,8560,40994,47309,43460,39266,43512,47106,35864,43165,11445,42328,24354,36955,9404,15369,27378,38874,49604,44987,24908,33727,47508,38169,46698,30385,46543,29390,26411,16799,34446,13673,8887,43698,20664,26384,49113,44676,12517,12189,47012,35187,11157,8045,44429,36287,6627,47307,26889,47400,3849,30540,48494,25737,2833,1126,31779,19851,47902,24097,25261,18545,23777,24466,
81,26184,36502,44604,46610,9192,49658,40705,42942,5399,40043,36369,9193,25223,3608,14907,24246,7064,8560,40994,47309,43460,39266,43512,47106,35864,43165,11445,42328,24354,36955,9404,15369,27378,38874,49604,44987,24908,33727,47508,38169,46698,30385,46543,29390,26411,16799,34446,13673,8887,43698,20664,26384,49113,44676,12517,12189,47012,35187,11157,8045,44429,36287,6627,47307,26889,47400,3849,30540,48494,25737,2833,1126,16463,51033,13718,12392,26263,13503,21075,25818,
82,26184,36502,44604,46610,9192,49658,40705,42942,5399,40043,36369,9193,25223,3608,14907,24246,7064,8560,40994,47309,43460,39266,43512,47106,35864,43165,11445,42328,24354,36955,9404,15369,27378,38874,49604,44987,24908,33727,47508,38169,46698,30385,46543,29390,26411,16799,34446,13673,8887,43698,20664,26384,49113,44676,12517,12189,47012,35187,11157,8045,44429,36287,6627,47307,26889,47400,3849,30540,48494,25737,2833,1126,6815,17680,29912,3894,17829,2695,28767,28437,
83,26184,36502,44604,46610,9192,49658,40705,42942,5399,40043,36369,9193,25223,3608,14907,24246,7064,8560,40994,47309,43460,39266,43512,47106,35864,43165,11445,42328,24354,36955,9404,15369,27378,38874,49604,44987,24908,33727,47508,38169,46698,30385,46543,29390,26411,16799,34446,13673,8887,43698,20664,26384,49113,44676,12517,12189,47012,35187,11157,8045,44429,36287,6627,47307,26889,47400,3849,30540,48494,25737,2833,1126,10010,18061,30816,13546,34734,8126,10533,12231,
84,26184,36502,44604,46610,9192,49658,40705,42942,5399,40043,36369,9193,25223,3608,14907,24246,7064,8560,40994,47309,43460,39266,43512,47106,35864,43165,11445,42328,24354,36955,9404,15369,27378,38874,49604,44987,24908,33727,47508,38169,46698,30385,46543,29390,26411,16799,34446,13673,8887,43698,20664,26384,49113,44676,12517,12189,47012,35187,11157,8045,44429,36287,6627,47307,26889,47400,3849,30540,48494,25737,2833,1126,5345,12211,29762,21892,12868,6823,27965,24555,
85,26184,36502,44604,46610,9192,49658,40705,42942,5399,40043,36369,9193,25223,3608,14907,24246,7064,8560,40994,47309,43460,39266,43512,47106,35864,43165,11445,42328,24354,36955,9404,15369,27378,38874,49604,44987,24908,33727,47508,38169,46698,30385,46543,29390,26411,16799,34446,13673,8887,43698,20664,26384,49113,44676,12517,12189,47012,35187,11157,8045,44429,36287,6627,47307,26889,47400,3849,30540,48494,25737,2833,1126,21044,21742,22066,14172,17203,16784,47039,27990,
86,26184,36502,44604,46610,9192,49658,40705,42942,5399,40043,36369,9193,25223,3608,14907,24246,7064,8560,40994,47309,43460,39266,43512,47106,35864,43165,11445,42328,24354,36955,9404,15369,27378,38874,49604,44987,24908,33727,47508,38169,46698,30385,46543,29390,26411,16799,34446,13673,8887,43698,20664,26384,49113,44676,12517,12189,47012,35187,11157,8045,44429,36287,6627,47307,26889,47400,3849,30540,48494,25737,2833,1126,34101,12479,49867,5564,45583,8041,27019,8143,
87,26184,36502,44604,46610,9192,49658,40705,42942,5399,40043,36369,9193,25223,3608,14907,24246,7064,8560,40994,47309,43460,39266,43512,47106,35864,43165,11445,42328,24354,36955,9404,15369,27378,38874,49604,44987,24908,33727,47508,38169,46698,30385,46543,29390,26411,16799,34446,13673,8887,43698,20664,26384,49113,44676,12517,12189,47012,35187,11157,8045,44429,36287,6627,47307,26889,47400,3849,30540,48494,25737,2833,1126,563,21843,31036,21664,33298,7876,45407,4414,
88,26184,36502,44604,46610,9192,49658,40705,42942,5399,40043,36369,9193,25223,3608,14907,24246,7064,8560,40994,47309,43460,39266,43512,47106,35864,43165,11445,42328,24354,36955,9404,15369,27378,38874,49604,44987,24908,33727,47508,38169,46698,30385,46543,29390,26411,16799,34446,13673,8887,43698,20664,26384,49113,44676,12517,12189,47012,35187,11157,8045,44429,36287,6627,47307,26889,47400,3849,30540,48494,25737,2833,1126,17441,33721,13387,9764,32248,36731,26907,4043,
89,26184,36502,44604,46610,9192,49658,40705,42942,5399,40043,36369,9193,25223,3608,14907,24246,7064,8560,40994,47309,43460,39266,43512,47106,35864,43165,11445,42328,24354,36955,9404,15369,27378,38874,49604,44987,24908,33727,47508,38169,46698,30385,46543,29390,26411,16799,34446,13673,8887,43698,20664,26384,49113,44676,12517,12189,47012,35187,11157,8045,44429,36287,6627,47307,26889,47400,3849,30540,48494,25737,2833,1126,17215,15789,35221,5124,14577,1773,26249,1126,
90,26184,36502,44604,46610,9192,49658,40705,42942,5399,40043,36369,9193,25223,3608,14907,24246,7064,8560,40994,47309,43460,39266,43512,47106,35864,43165,11445,42328,24354,36955,9404,15369,27378,38874,49604,44987,24908,33727,47508,38169,46698,30385,46543,29390,26411,16799,34446,13673,8887,43698,20664,26384,49113,44676,12517,12189,47012,35187,11157,8045,44429,36287,6627,47307,26889,47400,3849,30540,48494,25737,2833,1126,17215,15763,17780,13299,12080,9937,12911,4026,
91,26184,36502,44604,46610,9192,49658,40705,42942,5399,40043,36369,9193,25223,3608,14907,24246,7064,8560,40994,47309,43460,39266,43512,47106,35864,43165,11445,42328,24354,36955,9404,15369,27378,38874,49604,44987,24908,33727,47508,38169,46698,30385,46543,29390,26411,16799,34446,13673,8887,43698,20664,26384,49113,44676,12517,12189,47012,35187,11157,8045,44429,36287,6627,47307,26889,47400,3849,30540,48494,25737,2833,1126,3656,49042,26215,12144,16397,33248,15884,2137,
92,26184,36502,44604,46610,9192,49658,40705,42942,5399,40043,36369,9193,25223,3608,14907,24246,7064,8560,40994,47309,43460,39266,43512,47106,35864,43165,11445,42328,24354,36955,9404,15369,27378,38874,49604,44987,24908,33727,47508,38169,46698,30385,46543,29390,26411,16799,34446,13673,8887,43698,20664,26384,49113,44676,12517,12189,47012,35187,11157,8045,44429,36287,6627,47307,26889,47400,3849,30540,48494,25737,2833,1126,2856,17445,49683,2728,11004,18953,33072,7140,
93,26184,36502,44604,46610,9192,49658,40705,42942,5399,40043,36369,9193,25223,3608,14907,24246,7064,8560,40994,47309,43460,39266,43512,47106,35864,43165,11445,42328,24354,36955,9404,15369,27378,38874,49604,44987,24908,33727,47508,38169,46698,30385,46543,29390,26411,16799,34446,13673,8887,43698,20664,26384,49113,44676,12517,12189,47012,35187,11157,8045,44429,36287,6627,47307,26889,47400,3849,30540,48494,25737,2833,1126,798,25149,36309,3389,19194,23333,40108,2848,
94,26184,36502,44604,46610,9192,49658,40705,42942,5399,40043,36369,9193,25223,3608,14907,24246,7064,8560,40994,47309,43460,39266,43512,47106,35864,43165,11445,42328,24354,36955,9404,15369,27378,38874,49604,44987,24908,33727,47508,38169,46698,30385,46543,29390,26411,16799,34446,13673,8887,43698,20664,26384,49113,44676,12517,12189,47012,35187,11157,8045,44429,36287,6627,47307,26889,47400,3849,30540,48494,25737,2833,1126,24818,15128,15600,6990,47109,22574,21578,4191,
95,26184,36502,44604,46610,9192,49658,40705,42942,5399,40043,36369,9193,25223,3608,14907,24246,7064,8560,40994,47309,43460,39266,43512,47106,35864,43165,11445,42328,24354,36955,9404,15369,27378,38874,49604,44987,24908,33727,47508,38169,46698,30385,46543,29390,26411,16799,34446,13673,8887,43698,20664,26384,49113,44676,12517,12189,47012,35187,11157,8045,44429,36287,6627,47307,26889,47400,3849,30540,48494,25737,2833,1126,10604,14371,32926,30476,19474,22267,32549,6588,
96,26184,36502,44604,46610,9192,49658,40705,42942,5399,40043,36369,9193,25223,3608,14907,24246,7064,8560,40994,47309,43460,39266,43512,47106,35864,43165,11445,42328,24354,36955,9404,15369,27378,38874,49604,44987,24908,33727,47508,38169,46698,30385,46543,29390,26411,16799,34446,13673,8887,43698,20664,26384,49113,44676,12517,12189,47012,35187,11157,8045,44429,36287,6627,47307,26889,47400,3849,30540,48494,25737,2833,1126,2256,15834,28695,31103,32492,6306,34655,45946,
97,26184,36502,44604,46610,9192,49658,40705,42942,5399,40043,36369,9193,25223,3608,14907,24246,7064,8560,40994,47309,43460,39266,43512,47106,35864,43165,11445,42328,24354,36955,9404,15369,27378,38874,49604,44987,24908,33727,47508,38169,46698,30385,46543,29390,26411,16799,34446,13673,8887,43698,20664,26384,49113,44676,12517,12189,47012,35187,11157,8045,44429,36287,6627,47307,26889,47400,3849,30540,48494,25737,2833,1126,9593,20531,35581,3317,13318,10249,21488,23612,
98,26184,36502,44604,46610,9192,49658,40705,42942,5399,40043,36369,9193,25223,3608,14907,24246,7064,8560,40994,47309,43460,39266,43512,47106,35864,43165,11445,42328,24354,36955,9404,15369,27378,38874,49604,44987,24908,33727,47508,38169,46698,30385,46543,29390,26411,16799,34446,13673,8887,43698,20664,26384,49113,44676,12517,12189,47012,35187,11157,8045,44429,36287,6627,47307,26889,47400,3849,30540,48494,25737,2833,1126,8918,13694,14898,9076,20026,42553,37135,25608,
99,26184,36502,44604,46610,9192,49658,40705,42942,5399,40043,36369,9193,25223,3608,14907,24246,7064,8560,40994,47309,43460,39266,43512,47106,35864,43165,11445,42328,24354,36955,9404,15369,27378,38874,49604,44987,24908,33727,47508,38169,46698,30385,46543,29390,26411,16799,34446,13673,8887,43698,20664,26384,49113,44676,12517,12189,47012,35187,11157,8045,44429,36287,6627,47307,26889,47400,3849,30540,48494,25737,2833,1126,2114,14032,25196,31265,23105,1245,29008,34422,
100,26184,36502,44604,46610,9192,49658,40705,42942,5399,40043,36369,9193,25223,3608,14907,24246,7064,8560,40994,47309,43460,39266,43512,47106,35864,43165,11445,42328,24354,36955,9404,15369,27378,38874,49604,44987,24908,33727,47508,38169,46698,30385,46543,29390,26411,16799,34446,13673,8887,43698,20664,26384,49113,44676,12517,12189,47012,35187,11157,8045,44429,36287,6627,47307,26889,47400,3849,30540,48494,25737,2833,1126,20083,17503,28293,7033,18587,34688,39688,16142,
