1,13063,19211,42821,3264,24844,32138,26242,7484,30701,35619,2992,21800,43766,38807,40865,1972,15199,23046,38521,31991,
2,1972,1972,1985,2068,6094,337,1138,2805,10199,2036,1425,3031,1125,2700,1775,1549,1425,1447,13203,19150,
3,337,1138,1125,1009,1679,1552,2077,1509,1745,1379,598,1972,2040,1425,1425,5011,1972,337,34751,7734,
4,337,337,337,1425,1031,1009,370,1745,609,609,1009,1590,1679,1139,824,337,598,1745,11358,28748,
5,337,337,337,1460,337,598,271,1128,337,824,337,609,598,337,337,609,337,1009,4051,6920,
6,271,337,337,337,598,337,609,337,337,337,337,337,271,337,337,337,337,337,15327,11305,
7,271,271,337,337,337,337,337,337,337,337,337,337,337,337,337,337,337,337,337,6503,
8,271,271,337,337,337,337,337,337,337,337,337,337,337,337,337,337,337,19605,1159,44031,
9,271,271,337,337,337,337,337,337,337,337,337,337,337,337,337,337,337,337,16211,27831,
10,271,271,337,337,337,2752,337,337,337,337,337,337,337,337,337,337,337,337,32375,2053,
11,271,271,337,337,337,337,337,337,337,337,337,337,337,337,337,337,337,15118,337,46037,
12,271,271,337,8950,337,337,337,337,337,337,337,337,271,337,337,337,337,337,7504,24732,
13,271,271,337,271,271,337,337,337,337,337,337,337,271,337,337,337,999,337,13751,6658,
14,271,271,337,337,337,337,337,271,337,337,337,337,999,271,337,337,337,337,337,337,
15,271,271,271,337,271,271,337,337,337,337,337,337,271,337,337,337,337,337,19536,52564,
16,271,271,337,337,271,271,337,337,337,337,337,337,337,271,337,337,337,337,37441,337,
17,271,271,337,337,337,337,337,337,337,337,337,337,13545,337,337,337,337,337,21666,11976,
18,271,271,337,337,337,337,337,337,9217,337,337,337,337,337,337,337,337,337,998,9669,
19,271,271,337,3843,337,337,337,337,337,337,337,337,13175,337,337,337,337,337,35646,35434,
20,271,271,337,337,337,337,337,337,337,337,337,337,337,337,337,337,337,337,10086,7284,
21,271,271,337,337,337,337,337,337,337,337,337,337,337,337,337,337,337,337,38690,27794,
22,271,271,337,337,337,337,337,337,337,337,337,337,337,337,337,337,337,337,27359,337,
23,271,271,337,337,337,337,337,337,337,337,337,337,28721,337,337,337,337,337,16031,33048,
24,271,271,337,337,337,337,337,337,337,337,337,337,337,337,337,337,337,337,29529,12919,
25,271,271,337,337,337,337,337,337,337,337,337,14692,337,337,337,337,337,337,337,49947,
26,271,271,337,337,20512,337,337,337,337,337,337,337,337,337,337,337,337,337,17674,28373,
27,271,271,337,337,337,337,337,337,337,337,337,337,337,337,337,337,337,337,337,2334,
28,271,271,337,337,337,337,337,337,337,337,337,337,337,337,337,337,337,337,19138,35108,
29,271,271,337,337,337,337,337,337,337,337,337,337,337,337,337,337,337,337,31385,22010,
30,271,271,337,337,337,337,337,337,337,7377,337,337,337,337,337,337,337,337,40877,45573,
31,271,271,337,337,337,337,337,337,337,337,337,337,337,337,337,337,337,337,28684,24447,
32,271,271,337,337,337,337,337,337,337,337,337,337,337,337,337,337,337,337,1107,9926,
33,271,271,337,337,337,337,337,337,337,337,337,337,23533,337,337,337,337,337,7719,28704,
34,271,271,337,337,337,337,337,337,337,337,337,337,337,337,337,337,337,337,337,11287,
35,271,271,337,337,337,337,337,337,337,337,337,337,337,337,337,337,337,337,25853,11151,
36,271,271,337,271,337,337,337,337,337,337,337,337,337,337,337,337,337,337,7443,337,
37,271,271,337,337,337,337,337,337,337,337,337,337,337,337,337,337,337,337,24739,11191,
38,271,271,337,337,337,337,337,337,337,337,337,337,337,337,337,337,337,337,337,36225,
39,271,271,337,337,337,337,337,337,337,337,337,337,337,337,337,337,18093,337,23334,45011,
40,271,271,337,337,337,337,337,337,337,337,337,337,337,337,337,337,337,337,43354,337,
41,271,271,337,337,337,337,337,337,337,337,337,337,337,337,337,337,337,337,33511,20562,
42,271,271,337,337,337,337,337,337,337,337,337,337,337,337,337,337,337,2564,8906,8988,
43,271,271,337,337,337,337,337,337,337,337,337,337,337,337,337,337,337,337,9683,15415,
44,271,271,271,337,337,337,337,337,510,337,337,337,337,337,337,2521,337,337,5249,2897,
45,271,271,337,337,337,337,337,337,40412,337,337,337,337,337,337,337,337,337,30490,36199,
46,271,271,337,337,337,337,337,337,337,5932,337,337,337,337,337,337,337,337,47047,4421,
47,271,271,337,337,337,337,337,337,337,337,337,271,337,337,337,337,337,337,1515,2373,
48,271,271,337,337,337,337,337,337,337,337,337,337,337,337,337,337,337,337,337,437,
49,271,271,337,337,337,337,337,337,337,337,337,337,337,337,337,337,337,337,48798,43495,
50,271,271,337,337,337,337,337,337,337,337,337,337,337,337,6632,337,337,337,17793,12243,
51,271,271,337,337,22560,337,337,337,337,337,337,337,337,337,337,337,337,337,10625,15137,
52,271,271,337,337,337,30438,337,337,337,337,337,337,337,337,337,337,337,337,337,1340,
53,271,271,337,337,337,337,337,337,337,337,337,337,337,337,337,337,337,337,16441,16474,
54,271,271,337,337,337,337,337,337,337,337,337,1894,337,337,337,337,271,337,14524,42570,
55,271,271,337,337,337,337,337,337,337,337,337,337,337,337,271,3549,337,337,11027,14095,
56,271,271,337,337,337,337,337,337,337,337,337,25617,337,337,337,337,337,337,44808,38568,
57,271,271,337,337,337,337,337,337,337,337,20116,337,337,271,337,337,5595,337,337,12075,
58,271,271,337,337,337,337,337,337,337,337,337,337,337,337,337,2277,337,337,9371,31596,
59,271,271,337,337,337,337,337,337,337,337,337,337,337,337,337,337,337,337,30345,7432,
60,271,271,337,337,337,337,337,337,337,271,337,337,337,337,337,337,337,337,337,13074,
61,271,271,337,337,337,337,337,337,337,337,337,337,337,337,271,337,337,337,30522,9107,
62,271,271,337,337,337,337,337,337,337,337,337,337,337,337,337,337,337,337,8740,27762,
63,271,271,337,337,337,337,337,337,337,337,337,337,337,337,337,337,337,337,38934,5827,
64,271,271,337,337,337,337,337,337,337,337,337,337,337,337,337,337,337,337,337,31734,
65,271,271,337,337,337,337,337,337,337,337,337,337,337,337,337,337,337,337,27569,337,
66,271,271,337,337,337,337,337,337,337,337,25085,337,337,337,337,337,271,337,18072,337,
67,271,271,337,337,337,337,337,337,337,337,337,337,337,337,337,4890,337,337,49739,12369,
68,271,271,337,337,337,337,337,337,337,337,337,337,337,337,337,337,337,337,27066,337,
69,271,271,337,337,337,337,337,337,337,337,337,337,337,337,337,337,337,337,40963,38664,
70,271,271,337,337,337,337,337,337,337,337,337,337,337,337,337,337,337,337,1607,13119,
71,271,271,337,337,337,337,337,337,337,337,337,337,337,337,337,271,337,337,1932,32831,
72,271,271,337,337,337,271,337,337,337,337,337,337,291,337,337,337,337,337,5694,29890,
73,271,271,337,337,337,337,337,337,271,337,291,337,337,337,337,337,337,337,11725,6656,
74,271,271,337,291,337,337,337,337,337,337,337,291,337,291,271,337,337,291,49556,47172,
75,271,271,291,291,291,337,291,291,337,337,337,291,337,337,337,291,291,291,16981,13373,
76,271,271,291,337,291,337,291,291,291,291,291,291,291,337,291,291,337,291,47494,41071,
77,271,271,291,291,291,291,291,291,291,291,291,291,291,291,291,291,291,291,374,291,
78,271,271,291,291,291,291,291,291,291,291,291,291,291,291,291,291,291,291,15620,9287,
79,271,271,291,291,291,291,291,291,291,269,291,291,291,291,291,291,291,291,32407,291,
80,269,271,291,291,291,291,20704,269,291,291,291,291,291,291,291,291,291,291,45024,14458,
81,269,269,269,291,291,291,291,269,269,291,291,291,291,3291,269,6532,269,291,42271,8564,
82,269,269,291,269,291,269,269,269,269,269,269,291,291,4337,269,291,291,269,18019,21377,
83,269,269,269,269,269,291,291,269,269,269,269,269,269,291,269,269,269,269,36396,51460,
84,269,269,269,269,269,269,269,269,269,269,269,800,269,269,291,269,269,269,269,22488,
85,269,269,269,269,269,269,269,269,269,269,269,269,269,269,269,269,269,269,48576,26591,
86,269,269,269,23226,269,269,269,269,269,269,269,269,269,269,269,269,269,269,32292,25195,
87,269,269,269,269,269,269,269,269,269,269,269,269,269,269,269,269,269,269,26553,58590,
88,269,269,269,269,269,269,269,269,269,269,269,269,269,269,269,269,269,269,13615,1279,
89,269,269,269,269,269,269,269,269,269,269,269,269,269,337,269,269,269,269,25430,269,
90,269,269,269,269,269,269,269,269,269,269,269,269,269,269,269,269,269,269,11355,22786,
91,269,269,269,269,269,269,269,269,269,269,269,269,269,269,269,269,269,19234,31408,981,
92,269,269,269,269,269,269,269,269,269,269,269,269,269,269,269,269,269,269,5956,269,
93,269,269,269,269,269,269,2210,269,269,269,269,269,269,269,269,269,269,269,269,13350,
94,269,269,269,269,269,269,269,269,269,269,269,269,269,269,269,269,269,269,25634,11659,
95,269,269,269,269,269,269,269,269,269,269,269,269,269,269,269,269,269,269,16666,269,
96,269,269,269,269,269,269,269,269,269,269,269,269,269,269,269,269,269,269,26546,19119,
97,269,269,269,269,269,269,269,269,269,269,269,269,269,269,269,269,269,269,269,5157,
98,269,269,269,269,269,269,269,269,269,269,269,269,269,269,269,269,269,269,269,7358,
99,269,269,269,269,269,269,269,269,269,269,269,269,269,269,269,269,269,269,4056,39980,
100,269,269,269,269,269,269,269,269,269,269,269,269,269,269,7630,269,269,269,269,37117,
101,269,269,269,269,269,269,269,269,269,269,269,269,269,269,269,269,269,269,269,5546,
102,269,269,269,269,269,269,269,269,269,269,269,269,269,269,269,269,269,269,36996,19149,
103,269,269,269,269,269,269,269,269,269,269,269,269,269,269,269,269,269,269,47395,15778,
104,269,269,269,269,269,269,269,269,269,269,269,269,269,269,269,269,269,269,38684,8916,
105,269,269,269,269,269,269,269,269,269,269,269,269,269,269,269,269,269,269,269,53299,
106,269,269,269,269,269,269,269,269,269,269,269,269,269,269,269,269,269,269,5824,4186,
107,269,269,269,269,269,269,23622,269,269,269,269,269,269,269,269,269,269,269,23852,16740,
108,269,269,269,269,269,269,269,269,269,269,269,269,269,269,269,269,269,269,56903,6121,
109,269,269,269,269,269,269,269,269,269,269,269,269,269,269,269,18222,269,269,46040,25504,
110,269,269,269,269,269,269,269,269,269,269,269,269,269,269,269,269,269,269,1154,33374,
111,269,269,269,269,269,269,269,269,269,269,269,269,269,269,269,269,269,269,2857,36245,
112,269,269,269,269,269,269,269,269,269,269,269,269,269,269,269,269,269,269,18083,269,
113,269,269,269,269,269,269,269,269,269,269,269,269,269,269,269,269,269,269,269,59013,
114,269,269,269,269,785,269,269,269,269,269,269,269,4096,269,269,269,269,269,269,25506,
115,269,269,269,269,5593,269,269,269,269,269,269,269,269,269,269,269,269,269,21417,19696,
116,269,269,269,269,269,269,4043,269,269,269,269,269,269,269,269,269,269,269,11229,6186,
117,269,269,269,269,1718,269,269,269,269,269,269,269,269,269,14201,269,269,269,33414,39885,
118,269,269,269,269,269,269,269,269,269,269,269,269,269,269,269,269,269,269,6584,35537,
119,269,269,269,269,269,269,269,269,269,269,269,269,269,269,269,269,269,269,22066,269,
120,269,269,269,269,269,269,269,269,269,269,269,269,269,269,269,269,269,269,29752,25313,
121,269,269,269,33178,269,269,269,269,269,269,269,269,269,269,269,269,269,269,42172,1199,
122,269,269,4329,269,269,269,269,269,6691,269,269,269,269,269,269,269,269,269,20709,18542,
123,269,269,269,269,269,269,269,269,269,269,269,269,269,269,269,269,269,269,17708,25490,
124,269,269,269,269,269,269,269,269,269,269,269,269,269,269,269,269,269,269,31263,31516,
125,269,269,269,269,24020,269,269,269,269,269,269,269,269,269,269,269,269,269,3144,43075,
126,269,269,269,269,269,269,269,269,269,269,269,269,269,269,269,269,269,269,6208,17708,
127,269,269,269,269,269,269,269,269,269,269,269,269,269,175,269,269,269,269,15179,39215,
128,175,269,269,269,269,269,269,269,269,2087,269,269,269,269,269,269,269,269,40289,12924,
129,175,269,269,269,269,269,269,269,175,269,269,269,269,269,269,269,269,269,269,46065,
130,175,175,269,269,269,175,175,269,269,269,269,175,269,175,175,17032,175,269,6347,269,
131,175,175,5426,3223,175,175,269,269,269,269,175,269,175,11781,269,269,175,175,175,26794,
132,175,175,175,175,269,175,175,175,175,175,175,175,175,175,175,175,175,175,175,5699,
133,175,175,175,175,28427,175,175,175,175,175,175,175,175,175,175,175,175,175,175,24974,
134,175,175,175,175,175,175,175,175,175,175,175,175,175,175,175,175,175,175,31188,38671,
135,175,175,175,175,175,175,175,175,175,175,175,175,175,175,175,175,175,175,31551,9038,
136,175,175,175,175,175,175,175,175,175,175,175,175,175,175,175,175,175,175,175,30315,
137,175,175,175,175,175,175,175,175,175,175,175,175,175,175,175,175,175,175,175,24476,
138,175,175,175,175,175,175,175,175,175,175,175,175,175,175,175,175,175,175,175,6679,
139,175,175,175,175,175,175,175,175,175,175,175,3576,175,175,175,175,175,175,175,175,
140,175,175,175,175,175,175,175,175,175,175,175,175,175,9566,175,175,175,175,175,39395,
141,175,175,175,175,175,175,175,175,175,175,175,175,4876,175,175,175,175,175,175,23988,
142,175,175,175,175,175,175,175,175,175,23988,175,175,175,175,175,175,175,175,175,175,
143,175,175,175,175,175,175,175,175,175,175,175,175,175,175,175,175,175,175,21867,35771,
144,175,175,175,175,175,175,175,175,175,175,175,175,175,175,175,175,175,175,40129,11046,
145,175,175,175,175,175,175,175,175,175,175,175,175,175,175,175,175,175,175,39382,175,
146,175,175,175,175,175,175,175,175,175,175,175,175,175,175,175,175,175,175,2856,25810,
147,175,175,175,175,175,175,175,175,175,175,175,175,175,175,175,175,175,175,175,42536,
148,175,175,175,175,175,175,175,175,175,175,175,175,175,175,175,175,175,175,34963,36409,
149,175,175,175,175,175,175,175,175,175,175,175,175,175,175,175,175,175,175,4094,46645,
150,175,175,175,175,175,175,175,175,175,175,175,175,175,175,175,175,175,175,24948,9786,
151,175,175,175,175,175,175,175,19315,175,175,175,175,175,175,175,175,175,175,175,175,
152,175,175,175,175,175,175,175,175,175,175,175,175,175,175,175,175,175,175,10821,11055,
153,175,175,175,175,175,175,175,175,175,175,175,175,175,175,175,175,175,175,7314,12692,
154,175,175,175,175,175,175,175,175,175,175,175,175,175,175,175,175,175,175,11125,15326,
155,175,175,175,175,175,175,175,175,175,175,175,175,175,175,175,175,175,175,175,175,
156,175,175,175,175,175,175,175,175,175,175,175,175,175,175,175,175,175,175,175,23169,
157,175,175,175,175,175,175,175,175,175,175,175,175,175,175,175,175,175,175,175,27249,
158,175,175,175,175,175,175,175,175,175,175,175,175,175,175,175,175,175,175,27092,175,
159,175,175,175,175,175,175,175,175,175,175,175,175,175,175,175,175,175,175,10732,40509,
160,175,175,175,175,175,175,175,175,175,175,175,175,175,175,175,175,175,175,45158,175,
161,175,175,175,175,175,175,175,175,175,175,175,175,175,175,175,175,175,175,40058,10950,
162,175,175,175,175,175,175,175,175,175,175,175,175,175,175,175,175,175,175,13708,175,
163,175,175,175,175,175,175,175,175,175,175,175,175,175,175,175,175,175,175,28693,175,
164,175,175,175,175,175,175,175,175,175,175,175,175,175,175,175,175,175,175,175,175,
165,175,175,175,175,175,175,175,175,175,175,175,175,175,175,175,175,175,175,33970,7837,
166,175,175,175,175,175,175,175,175,175,175,175,175,175,175,175,175,175,175,175,25419,
167,175,175,175,175,175,175,25388,175,175,175,175,1527,175,175,175,175,175,175,56500,175,
168,175,175,175,175,175,175,175,175,175,175,175,175,175,175,175,175,175,175,37829,46687,
169,175,175,175,175,175,175,175,175,25976,175,175,175,175,175,175,175,175,4359,24743,175,
170,175,175,175,175,175,175,175,175,175,175,175,175,403,175,175,175,175,175,175,44693,
171,175,175,175,175,175,175,175,175,175,175,175,175,175,175,175,175,175,175,33049,12804,
172,175,175,175,16326,175,175,175,175,175,175,175,175,175,175,175,175,175,175,37403,49263,
173,175,175,175,175,175,175,175,175,175,175,175,175,175,175,175,175,175,175,1292,19733,
174,175,175,175,175,175,175,175,175,175,175,175,175,175,175,175,175,175,175,50070,45923,
175,175,175,175,175,175,175,175,175,175,175,175,175,175,175,175,175,175,175,24082,29948,
176,175,175,175,175,175,175,175,175,175,175,175,175,175,175,175,175,175,175,175,175,
177,175,175,175,175,175,175,175,175,175,175,175,175,175,175,9712,175,175,175,13222,44789,
178,175,175,175,175,175,175,175,175,175,175,175,175,175,175,175,175,175,25812,3163,40884,
179,175,175,175,175,175,175,175,175,175,175,175,175,175,175,175,175,175,175,175,18482,
180,175,175,175,175,175,175,175,175,175,175,175,175,175,175,175,175,175,175,2460,44260,
181,175,175,175,175,175,175,175,175,175,175,175,175,175,175,175,175,31980,175,897,15113,
182,175,175,175,175,175,175,175,175,175,175,175,175,175,175,175,175,175,175,2267,20501,
183,175,175,175,175,10374,175,175,175,175,175,175,11200,175,175,175,175,15777,175,23594,175,
184,175,175,175,175,175,175,175,175,175,175,175,175,175,175,175,175,175,175,24234,175,
185,175,175,175,175,175,175,175,175,175,175,175,175,175,175,175,175,175,175,175,175,
186,175,175,175,175,175,175,175,175,175,175,175,175,175,175,175,175,175,175,49653,35708,
187,175,175,175,175,175,175,175,175,175,12992,175,175,175,175,175,175,175,175,175,30971,
188,175,175,175,175,175,175,175,175,175,175,175,34118,175,175,175,175,175,175,19081,32959,
189,175,175,175,175,175,175,175,175,175,175,175,175,175,175,175,175,175,175,11363,46933,
190,175,175,175,175,175,175,175,175,175,175,175,175,175,175,175,175,175,175,21107,175,
191,175,175,175,175,175,175,175,175,175,175,175,175,175,175,175,175,175,175,51923,175,
192,175,175,175,175,175,175,175,175,175,175,175,175,175,175,175,175,175,175,29013,22004,
193,175,175,175,175,175,175,175,175,175,175,175,175,175,175,175,175,175,175,175,43242,
194,175,175,175,175,175,175,175,175,175,175,175,175,175,175,175,175,175,175,18238,1299,
195,175,175,175,175,175,15418,175,175,175,175,175,175,175,175,175,175,175,175,43051,13780,
196,175,175,175,175,175,175,175,175,175,175,175,175,175,175,175,175,175,175,13627,5708,
197,175,175,175,175,175,175,175,175,175,175,175,175,175,175,175,175,175,175,39994,52123,
198,175,175,175,175,175,175,175,175,175,175,175,6411,175,175,175,175,175,175,175,48955,
199,175,175,175,175,175,175,175,175,175,175,175,175,175,175,175,175,175,175,175,31380,
200,175,175,175,175,175,175,175,175,175,175,175,175,175,175,175,175,175,175,175,175,
201,175,175,175,175,175,175,175,175,175,175,175,175,20008,175,175,175,175,175,4818,18315,
202,175,175,175,175,175,175,175,175,175,175,22899,175,175,175,175,175,175,175,18008,175,
203,175,175,175,175,175,175,175,175,175,175,175,175,175,175,175,175,175,175,6544,58022,
204,175,175,8056,175,175,175,175,175,175,175,175,175,175,175,175,175,175,175,175,41273,
205,175,175,175,175,175,175,175,175,175,175,175,175,175,175,175,175,175,175,10049,46157,
206,175,175,175,175,175,175,12296,175,175,175,175,175,175,175,175,175,175,175,353,41727,
207,175,175,175,175,175,175,175,175,175,175,175,175,175,175,175,175,2740,175,47106,2282,
208,175,175,175,21749,175,175,175,175,175,175,175,175,175,7558,175,175,175,175,14503,175,
209,175,175,175,175,175,175,175,175,175,175,175,175,175,175,175,175,175,175,32430,3968,
210,175,175,175,175,175,175,175,175,175,175,175,175,175,175,175,175,175,175,56415,36207,
211,175,175,175,10192,175,175,175,175,175,175,175,175,175,175,175,175,175,175,43138,34273,
212,175,175,175,175,175,175,175,175,175,175,175,175,175,175,175,175,175,175,41561,6704,
213,175,175,175,175,175,175,175,175,175,175,175,175,175,175,175,175,175,175,30015,269,
214,175,175,175,175,175,175,175,175,175,175,175,175,175,175,175,175,175,175,175,23819,
215,175,175,175,175,175,175,175,175,175,175,175,175,175,175,175,175,175,175,28949,175,
216,175,175,175,175,175,175,175,175,175,175,175,175,175,175,175,175,175,175,31010,34957,
217,175,175,381,175,175,175,175,175,175,175,175,175,175,175,175,175,175,175,42661,3479,
218,175,175,175,175,175,175,175,175,175,175,175,10653,175,175,175,175,175,175,175,175,
219,175,175,175,175,175,175,175,175,175,175,175,175,175,175,175,175,175,175,41846,175,
220,175,175,175,175,175,175,175,175,175,175,175,175,175,175,175,175,175,175,18976,32782,
221,175,175,175,175,175,175,175,175,175,175,175,175,175,175,175,175,175,175,175,21301,
222,175,175,175,175,175,175,175,175,175,175,175,175,175,175,175,175,175,175,175,175,
223,175,175,175,175,175,175,175,175,175,175,175,175,175,175,175,175,175,175,37806,16643,
224,175,175,175,175,175,175,175,175,175,175,175,175,175,175,175,175,175,175,24784,175,
225,175,175,175,175,175,175,175,175,175,175,175,175,175,175,175,175,175,175,16352,10851,
226,175,175,175,175,175,175,175,175,175,175,175,23201,175,175,175,175,175,175,175,35347,
227,175,175,175,175,175,175,175,175,175,175,175,175,175,175,175,175,175,175,22561,28883,
228,175,175,175,175,175,175,175,175,175,175,1762,175,175,175,175,175,175,175,175,175,
229,175,175,175,175,175,175,175,175,175,175,175,175,3128,175,175,175,175,175,10691,175,
230,175,175,175,175,175,175,175,175,175,175,175,175,175,175,175,19860,175,175,175,10489,
231,175,175,175,175,175,175,175,175,175,175,175,175,175,175,175,175,175,175,175,175,
232,175,175,175,175,175,175,175,175,175,175,175,175,175,175,175,175,175,175,33761,175,
233,175,175,175,175,175,175,175,25313,175,175,175,175,175,175,175,175,175,175,37409,36269,
234,175,175,175,175,175,175,175,175,175,175,175,175,3147,175,175,175,175,175,31077,5799,
235,175,175,175,175,175,175,175,175,175,175,175,175,175,175,175,175,175,175,737,17515,
236,175,175,175,175,175,175,175,175,175,175,175,175,175,175,175,175,175,175,49958,19270,
237,175,175,175,175,175,175,175,175,175,175,175,175,175,175,175,175,175,175,4479,37031,
238,175,175,175,175,175,175,175,175,175,175,175,175,175,175,175,175,175,175,31336,2108,
239,175,175,175,175,175,175,175,175,175,175,175,15501,175,175,175,175,175,175,11204,24651,
240,175,175,175,175,175,175,175,175,175,175,175,175,175,175,175,175,11204,175,175,40743,
241,175,175,175,175,175,175,175,175,175,175,175,175,175,175,175,175,175,175,8325,18324,
242,175,175,175,175,175,175,175,175,175,175,175,175,175,175,175,175,175,175,1279,175,
243,175,175,175,175,175,175,175,175,175,175,175,175,175,175,175,175,175,175,36582,175,
244,175,175,175,175,175,175,175,175,175,175,175,175,175,175,175,175,175,175,11399,10314,
245,175,175,175,175,175,175,175,175,175,175,175,175,175,175,175,175,175,175,22892,18063,
246,175,175,175,175,7516,175,175,175,175,175,175,175,175,175,175,12970,175,175,175,6161,
247,175,175,175,175,175,175,175,175,175,175,175,175,175,175,175,175,175,175,41871,175,
248,175,175,175,175,175,175,175,175,175,175,175,175,175,175,175,175,175,175,17734,46726,
249,175,175,175,175,175,175,175,175,175,175,175,175,175,175,175,175,175,175,175,18175,
250,175,175,175,175,175,175,175,175,175,175,175,175,175,175,175,175,175,175,6780,6324,
251,175,175,175,175,175,175,175,175,175,175,175,175,175,175,175,175,175,175,4008,32726,
252,175,175,175,175,175,175,175,175,175,175,175,175,175,175,175,175,175,175,53527,39242,
253,175,175,175,175,175,175,175,175,175,175,175,175,175,175,175,175,175,175,43972,38348,
254,175,175,175,175,175,175,175,175,175,175,175,175,175,21881,175,175,175,175,27401,3310,
255,175,175,175,175,175,175,3262,175,175,175,175,175,175,175,175,175,175,175,1293,10192,
256,175,175,175,175,175,175,175,175,175,175,175,175,175,175,175,175,175,175,33268,10269,
257,175,175,175,175,175,175,175,175,175,175,175,175,175,175,175,175,7352,175,35904,20659,
258,175,175,175,175,175,175,175,175,175,175,175,175,175,175,175,175,175,175,24129,42708,
259,175,175,175,175,26756,175,175,175,175,175,175,175,175,175,175,175,175,175,19076,175,
260,175,175,175,175,175,175,175,175,175,175,175,175,175,175,175,175,175,175,175,175,
261,175,175,175,175,175,175,175,175,175,175,175,175,175,175,175,175,175,175,40263,175,
262,175,175,175,175,175,175,175,175,175,175,175,175,175,175,175,175,175,175,30206,11510,
263,175,175,175,175,175,175,175,175,175,175,175,175,175,175,175,175,175,175,44880,18334,
264,175,175,175,175,4753,175,175,175,175,175,175,175,175,175,175,175,175,175,15431,31519,
265,175,175,175,175,175,175,175,175,175,175,175,175,175,11491,175,175,175,175,5557,23827,
266,175,175,175,2024,175,175,175,175,175,175,175,2024,175,175,175,175,175,175,173,26098,
267,173,175,175,175,175,175,175,175,175,175,175,175,175,175,175,175,175,175,44883,50790,
268,173,175,173,175,175,175,175,175,175,175,175,175,175,175,173,175,175,173,24799,38941,
269,173,173,175,12737,173,173,175,175,175,175,173,173,173,175,173,175,175,175,14862,175,
270,173,173,175,173,173,175,175,173,173,173,173,173,175,173,173,173,173,173,22933,48858,
271,173,173,173,173,173,173,173,173,173,173,173,173,173,173,173,173,173,173,173,56048,
272,173,173,173,173,173,173,173,173,173,173,173,173,173,173,173,173,173,173,173,48576,
273,173,173,173,173,173,173,173,173,173,173,173,173,173,173,173,173,173,173,48500,13830,
274,173,173,173,173,173,173,7058,173,173,17560,173,173,173,173,173,173,173,173,55209,43739,
275,173,173,173,173,173,173,173,173,173,173,173,173,173,173,173,173,173,173,14318,16576,
276,173,173,173,173,173,173,173,173,173,173,173,173,173,173,173,173,173,173,54585,28647,
277,173,173,173,173,173,173,173,173,173,173,12876,173,173,173,173,173,173,173,173,13476,
278,173,173,173,173,173,173,173,173,173,173,173,173,173,173,173,48511,173,173,193,12694,
279,173,173,173,173,173,173,173,173,173,173,173,173,173,173,173,173,173,173,173,173,
280,173,173,173,173,173,173,173,173,173,173,173,173,173,173,173,173,173,173,36864,24070,
281,173,173,173,173,173,173,173,173,173,173,173,173,173,173,173,38411,173,173,10419,31818,
282,173,173,173,173,173,173,173,173,173,173,173,173,173,173,173,173,173,173,24379,2141,
283,173,173,173,173,173,173,173,173,173,173,173,173,173,173,173,173,173,173,39764,49795,
284,173,173,173,173,6504,173,173,173,173,173,173,19605,173,173,173,173,173,173,28193,23006,
285,173,173,173,173,173,173,173,173,173,173,173,173,173,173,173,173,173,173,16293,173,
286,173,173,173,173,173,173,173,173,173,173,173,173,173,173,173,173,173,173,17081,20242,
287,173,173,173,173,173,173,43019,173,173,173,173,173,173,173,173,173,173,173,173,173,
288,173,173,173,173,173,173,173,173,173,173,173,173,18250,173,173,173,173,173,173,20080,
289,173,173,173,173,173,173,173,173,173,173,173,173,173,173,173,173,173,173,1551,50797,
290,173,173,173,173,173,173,18012,173,173,173,173,173,173,173,173,173,173,173,32663,26017,
291,173,173,173,173,173,173,173,173,173,173,173,173,173,173,173,173,173,173,173,23566,
292,173,173,173,173,173,173,173,173,173,173,173,173,173,173,173,173,173,173,33675,10478,
293,173,173,173,173,173,173,173,173,173,173,173,173,173,173,173,31036,173,173,24650,60964,
294,173,173,173,173,173,173,173,173,173,173,173,173,173,173,173,173,173,173,35200,24623,
295,173,173,173,173,173,173,173,173,173,173,173,173,173,173,173,173,173,173,15243,173,
296,173,173,173,173,173,173,173,173,173,173,173,173,173,173,173,173,173,173,49419,3447,
297,173,173,173,173,173,173,173,173,173,173,173,173,173,173,173,173,173,173,37605,32248,
298,173,173,173,173,173,173,173,173,173,173,173,173,173,173,173,173,173,173,50015,24901,
299,173,173,173,173,173,173,173,173,173,173,173,173,173,173,173,173,173,173,38945,32749,
300,173,173,134,173,173,173,173,173,173,173,173,173,173,173,134,173,173,173,37198,38862,
301,134,134,173,173,173,173,173,173,134,173,173,134,134,173,173,134,173,173,4682,47940,
302,134,134,134,134,173,134,134,134,173,134,173,173,173,134,173,173,173,173,10436,22425,
303,134,134,173,134,134,134,134,173,134,134,134,134,134,134,134,134,134,173,17913,37886,
304,134,134,134,134,134,134,134,134,134,173,134,27629,134,134,134,134,134,134,134,41129,
305,134,134,134,134,134,134,134,134,134,134,134,134,134,134,134,134,134,134,10509,9390,
306,134,134,134,134,134,134,134,134,134,134,134,134,134,134,134,134,134,134,40368,22448,
307,134,134,134,134,134,22869,6139,134,134,134,134,134,134,134,134,134,134,134,134,41965,
308,134,134,134,134,134,134,134,134,134,134,134,134,134,7808,134,134,134,134,19370,32753,
309,134,134,134,134,134,134,134,134,134,134,134,134,134,134,134,134,134,134,20371,134,
310,134,134,134,134,134,134,134,134,134,134,134,134,134,134,134,134,134,134,134,15509,
311,134,134,134,134,134,134,134,134,134,134,134,134,134,134,134,134,134,134,869,15842,
312,134,134,134,134,134,134,134,134,134,134,134,134,134,134,134,134,134,134,21528,20677,
313,134,134,134,134,134,134,134,134,134,134,134,134,134,134,134,134,134,134,18617,134,
314,134,134,16523,134,134,134,134,134,134,134,134,134,134,134,134,134,134,134,134,47578,
315,134,134,134,134,134,134,134,134,134,134,134,134,134,134,134,134,134,134,134,35144,
316,134,134,134,134,134,134,134,134,134,134,134,134,134,134,134,134,134,134,10748,134,
317,134,134,134,134,134,134,134,134,134,134,134,134,134,134,134,134,134,134,13070,40221,
318,134,134,134,134,134,134,134,134,134,134,134,134,134,134,134,134,134,134,30119,9164,
319,134,134,134,134,134,134,134,134,134,134,134,134,134,134,134,134,134,134,21820,4946,
320,134,134,134,134,134,134,134,134,134,134,134,134,134,134,134,134,134,134,32709,37696,
321,134,134,134,134,134,134,134,134,134,134,134,134,17170,134,134,134,134,134,134,44892,
322,134,134,134,134,134,134,134,134,134,134,134,134,134,134,134,134,134,134,134,56688,
323,134,134,134,134,134,134,134,134,134,134,134,134,134,134,134,134,134,134,30217,134,
324,134,134,134,134,134,134,134,134,134,134,134,134,134,134,134,134,134,134,21812,134,
325,134,134,134,134,134,134,134,134,134,134,134,134,134,134,134,134,134,134,16949,134,
326,134,134,134,134,134,134,134,134,134,134,134,134,134,134,134,134,134,134,15207,134,
327,134,134,134,134,134,134,134,134,134,134,134,134,134,134,134,134,134,134,134,29850,
328,134,134,134,134,134,134,134,134,134,134,134,134,134,134,134,134,134,134,40561,41444,
329,134,134,134,134,134,134,134,134,134,134,134,134,134,134,134,134,134,134,44070,23870,
330,134,134,134,134,134,134,134,134,134,134,134,134,134,134,134,134,134,134,45543,30550,
331,134,134,134,10678,134,134,134,134,134,134,134,134,134,134,134,134,134,134,22054,17641,
332,134,134,134,134,134,134,134,134,134,134,134,134,134,134,134,134,134,134,134,977,
333,134,134,134,134,134,134,134,134,134,134,134,134,134,134,134,134,134,134,134,9195,
334,134,134,134,134,134,134,134,134,134,134,134,134,134,134,134,134,134,134,33203,134,
335,134,134,134,134,134,134,134,134,134,134,134,134,134,134,134,134,134,134,33428,54201,
336,134,134,134,134,134,134,134,134,134,134,10839,134,134,134,134,134,134,134,41753,134,
337,134,134,134,134,134,134,134,134,134,134,134,134,134,134,134,134,134,134,134,50939,
338,134,134,134,134,134,134,134,134,134,134,134,134,134,134,134,134,134,134,17234,7906,
339,134,134,134,134,134,134,134,134,134,134,134,134,134,134,134,134,134,134,41924,22593,
340,134,134,134,134,134,134,134,134,134,134,134,134,134,134,134,134,134,134,16858,29625,
341,134,134,134,134,134,134,134,134,134,134,134,134,134,134,134,134,134,134,20193,21628,
342,134,134,134,134,134,134,134,134,134,134,134,134,134,134,134,134,134,134,29465,134,
343,134,134,134,134,134,134,134,134,134,134,134,134,134,134,134,134,134,134,43918,134,
344,134,134,134,134,134,134,134,134,134,134,134,134,134,134,134,134,134,134,134,42298,
345,134,134,134,134,134,134,134,134,134,134,134,134,134,134,134,134,134,134,49328,35339,
346,134,134,134,134,134,134,134,134,134,134,134,134,134,134,134,134,134,134,50357,6260,
347,134,134,134,134,134,21571,134,134,134,134,134,134,134,134,134,134,30492,134,134,134,
348,134,134,134,134,134,134,134,134,134,134,134,134,134,134,134,134,134,134,134,28762,
349,134,134,134,134,134,134,134,134,134,134,134,134,134,134,134,134,134,134,134,2471,
350,134,134,134,134,134,134,134,134,134,134,134,134,134,134,134,134,134,134,565,51115,
351,134,134,134,134,134,134,565,134,134,134,134,134,134,134,134,134,134,134,134,21215,
352,134,134,134,134,134,134,134,134,134,134,134,27025,134,134,134,134,134,134,134,28828,
353,134,134,134,134,134,134,134,134,134,134,134,134,134,134,134,134,134,134,3305,134,
354,134,134,134,134,134,134,134,134,134,134,134,134,134,134,134,134,134,134,46307,55503,
355,134,134,134,134,134,134,134,134,134,134,134,134,134,134,36384,134,134,134,14532,43849,
356,134,134,134,134,134,134,134,134,8152,134,134,134,134,134,134,134,134,134,58704,20164,
357,134,134,134,134,134,134,134,134,134,134,134,20164,134,134,134,134,10867,134,1483,134,
358,134,134,134,134,134,134,134,134,134,134,134,134,134,134,134,134,134,134,37657,20889,
359,134,134,134,134,134,134,134,134,134,134,134,134,134,134,134,134,134,134,32076,8049,
360,134,134,134,134,134,134,134,134,134,134,134,134,134,134,134,134,134,134,31775,10128,
361,134,134,134,134,134,134,134,134,134,134,134,134,134,134,134,134,134,134,4091,15506,
362,134,134,134,134,134,134,134,134,134,134,134,134,134,134,134,134,134,134,134,45221,
363,134,134,134,134,134,134,134,134,134,134,134,134,134,134,134,134,134,134,134,18691,
364,134,134,134,134,134,134,134,134,134,134,134,134,134,134,134,134,134,134,41835,10510,
365,134,134,134,134,134,134,134,134,134,134,134,134,134,134,134,134,134,134,42104,38024,
366,134,134,134,134,134,134,134,134,134,134,134,22547,134,134,134,134,134,134,46813,134,
367,134,134,134,134,134,134,134,134,134,134,5394,134,134,134,134,134,134,134,16280,38290,
368,134,134,134,134,134,134,134,134,134,134,134,134,7785,134,7785,134,134,134,31834,22279,
369,134,134,134,134,134,134,134,134,134,134,134,11055,134,134,134,134,134,134,4876,23632,
370,134,134,134,134,134,134,134,134,134,134,134,134,134,134,134,134,134,134,8232,43129,
371,134,134,134,134,134,134,134,134,134,134,134,134,134,134,134,134,134,134,36532,234,
372,134,134,134,134,134,134,134,134,134,134,134,134,134,134,134,134,134,134,47030,134,
373,134,134,134,134,134,134,134,134,134,134,134,134,134,134,134,134,134,134,134,38182,
374,134,134,134,134,134,134,134,134,134,134,134,134,134,134,134,134,134,134,37145,34347,
375,134,134,134,134,134,134,134,134,134,134,134,134,134,134,134,134,134,134,38591,10781,
376,134,134,134,134,134,134,134,134,134,134,134,134,134,134,134,189,134,5917,134,18069,
377,134,134,134,134,134,134,134,134,134,134,134,134,134,134,189,134,134,134,28431,134,
378,134,134,134,134,134,134,134,134,134,134,134,134,134,13915,134,134,134,134,134,12056,
379,134,134,134,134,134,134,134,134,134,134,134,134,134,134,134,134,134,134,34258,19999,
380,134,134,134,134,134,134,134,134,134,134,134,134,134,134,134,134,134,134,134,9517,
381,134,134,134,134,134,134,134,134,134,134,134,134,134,134,134,134,134,134,3420,40573,
382,134,134,134,134,134,134,134,134,134,134,134,134,134,134,134,134,134,134,134,6275,
383,134,134,134,134,134,134,134,134,134,134,134,134,134,134,134,134,134,134,21724,33610,
384,134,134,134,134,134,134,134,134,134,134,134,134,134,134,134,134,134,134,44929,13843,
385,134,134,134,134,134,134,134,134,134,134,134,134,134,134,134,134,134,134,134,41910,
386,134,134,134,134,134,134,134,134,134,134,134,134,134,134,134,134,134,134,31644,8178,
387,134,134,134,134,134,134,134,134,134,134,134,134,134,134,134,134,134,134,39443,39879,
388,134,134,134,134,134,134,134,12262,134,134,134,134,134,134,134,134,134,134,6920,47089,
389,134,134,134,134,134,134,134,134,134,134,134,134,134,134,134,134,134,134,134,18819,
390,134,134,134,134,134,134,134,134,134,134,134,134,134,134,134,134,134,21785,134,42877,
391,134,134,134,134,134,134,134,134,134,134,134,134,134,134,134,134,134,134,2684,19648,
392,134,134,134,134,134,134,134,134,134,45594,134,134,134,134,134,134,134,134,134,45514,
393,134,134,134,16293,134,134,134,134,134,134,134,134,134,134,134,134,134,134,44910,134,
394,134,134,134,134,134,11525,134,134,134,134,134,134,134,134,134,134,134,134,5767,30861,
395,134,134,134,134,134,134,134,134,134,134,134,134,134,134,134,134,134,134,32469,23668,
396,134,134,134,134,134,134,134,134,134,134,134,134,134,134,134,134,134,134,134,134,
397,134,134,134,134,134,134,134,134,134,134,134,134,134,134,134,134,134,134,134,11876,
398,134,134,134,197,134,134,134,134,134,134,134,134,134,134,134,134,134,134,34293,134,
399,134,134,134,134,134,134,134,134,134,134,134,134,134,134,134,134,134,134,46821,134,
400,134,134,134,134,134,134,134,134,134,134,134,134,134,134,32894,134,134,134,134,134,
401,134,134,134,134,134,134,134,1201,134,134,134,134,134,134,134,134,134,134,18580,46409,
402,134,134,134,134,134,134,134,134,134,134,134,134,134,134,134,134,134,134,39569,15319,
403,134,134,134,134,134,134,134,134,23500,134,134,134,134,134,134,134,134,134,39879,134,
404,134,134,134,134,134,134,134,134,134,134,134,134,134,134,134,134,134,134,15626,1641,
405,134,134,134,134,134,134,134,134,134,134,134,134,134,134,134,134,134,134,13875,43749,
406,134,134,134,134,134,134,134,134,134,134,134,134,134,134,134,134,134,134,45157,14739,
407,134,134,134,134,134,134,134,134,134,134,134,134,134,134,134,134,134,134,134,4431,
408,134,134,134,134,134,134,134,134,134,134,6403,134,134,134,134,134,134,134,134,27268,
409,134,134,134,134,134,134,134,134,134,134,134,134,134,134,134,134,134,134,28367,39496,
410,134,134,134,134,134,134,134,134,134,134,134,134,134,134,134,134,134,134,51905,134,
411,134,134,134,134,134,134,134,134,134,134,134,134,134,134,134,134,134,134,24803,10315,
412,134,134,134,134,134,134,134,134,134,134,134,134,134,134,134,134,134,134,20205,18038,
413,134,134,134,134,134,134,134,134,134,134,134,134,134,134,134,134,134,134,18202,27957,
414,134,134,134,134,134,134,134,134,134,134,134,134,134,134,134,134,134,134,134,32224,
415,134,134,134,134,134,134,134,134,134,134,134,134,134,134,134,134,134,134,134,29610,
416,134,134,134,134,134,134,134,134,134,134,134,134,134,134,134,134,134,134,41806,54675,
417,134,134,134,134,134,134,134,134,134,134,134,134,134,134,134,134,134,134,3335,134,
418,134,134,134,134,134,134,134,134,27840,134,134,134,134,134,134,134,134,134,15282,13077,
419,134,134,134,134,134,134,134,134,134,134,134,134,134,134,134,134,134,134,55689,21650,
420,134,134,134,134,134,134,134,134,134,134,134,134,134,134,134,134,134,134,56612,41756,
421,134,134,134,134,134,134,134,134,134,17672,134,134,134,134,134,134,134,134,134,11142,
422,134,134,134,134,16125,134,134,134,134,134,134,134,134,134,134,134,134,134,31803,9909,
423,134,134,134,134,134,134,134,134,134,134,134,134,134,134,134,134,134,134,27984,25829,
424,134,134,134,134,134,134,134,134,134,134,134,134,134,134,134,134,134,134,35711,30065,
425,134,134,134,134,134,134,134,134,134,134,134,134,134,134,134,134,134,134,17169,37433,
426,134,134,134,134,134,134,134,134,134,134,134,134,134,134,134,134,134,134,31583,134,
427,134,134,134,134,134,134,134,134,134,134,134,134,134,134,134,134,134,134,134,4764,
428,134,134,134,134,134,134,134,134,134,134,134,134,134,134,134,134,134,134,35376,36623,
429,134,134,134,134,134,6491,134,134,134,134,134,134,134,134,134,134,134,134,134,32268,
430,134,134,16109,134,134,134,134,134,134,134,134,134,134,134,134,134,134,134,134,134,
431,134,134,134,134,134,134,134,134,134,134,134,134,134,134,134,134,134,134,34733,6713,
432,134,134,134,134,134,134,134,134,134,134,134,134,134,134,134,134,134,134,46047,45008,
433,134,134,134,134,134,134,134,134,134,134,134,134,134,134,134,134,134,134,5955,134,
434,134,134,134,134,134,134,134,134,134,134,134,134,134,134,134,9290,134,134,26614,50681,
435,134,134,134,134,134,134,134,134,134,134,134,134,134,134,134,134,134,134,16799,134,
436,134,134,134,134,134,134,134,134,134,134,134,134,134,134,134,134,134,134,134,134,
437,134,134,134,134,134,134,134,41916,134,134,134,134,134,134,134,134,134,134,37260,134,
438,134,134,134,134,134,134,134,134,134,134,11419,134,134,134,134,134,134,134,134,257,
439,134,134,134,134,134,134,134,134,134,134,134,134,134,134,134,44591,134,134,17976,35980,
440,134,134,134,134,134,134,134,134,134,134,134,134,134,134,134,134,134,134,134,26853,
441,134,134,134,134,134,134,134,134,134,134,134,134,134,134,134,12031,134,134,19218,33459,
442,134,134,134,134,134,134,134,134,134,134,134,134,134,134,134,134,134,134,134,13354,
443,134,134,134,134,134,134,134,134,134,134,134,134,134,14037,134,134,134,134,8519,6499,
444,134,134,134,134,134,134,134,134,134,134,134,134,134,134,134,134,134,134,22656,1343,
445,134,134,134,134,134,134,134,134,134,134,134,134,134,134,134,134,23673,134,42716,32701,
446,134,134,134,134,134,134,134,134,134,134,134,4508,134,134,134,134,134,134,35678,37705,
447,134,134,134,134,134,134,134,134,134,134,134,134,134,134,134,134,134,134,134,49980,
448,134,134,134,134,134,134,134,134,134,134,134,134,134,134,134,134,134,134,134,32063,
449,134,134,134,134,134,134,134,134,134,134,134,134,134,134,134,134,134,134,32626,4756,
450,134,134,134,134,134,134,134,134,134,134,134,134,134,134,134,3957,134,134,58734,134,
451,134,134,134,134,134,134,134,134,134,134,134,134,134,134,134,134,134,134,14591,134,
452,134,134,134,134,134,134,134,134,134,134,134,134,134,134,134,134,134,134,134,134,
453,134,134,134,134,134,134,134,134,134,134,134,134,134,134,134,134,134,134,10534,10429,
454,134,134,134,134,134,134,134,134,134,134,134,134,134,134,134,134,134,134,11800,134,
455,134,134,134,134,134,134,134,134,134,134,134,134,134,134,134,134,134,134,8145,29886,
456,134,134,14502,134,134,134,134,134,134,134,134,134,134,134,134,134,134,134,19457,51577,
457,134,134,134,134,134,134,134,134,134,134,134,134,134,134,134,134,134,134,134,14709,
458,134,134,134,134,134,134,134,134,134,134,134,134,134,134,134,134,134,134,32729,134,
459,134,134,134,134,134,134,134,134,134,134,134,134,134,134,134,134,134,134,57971,134,
460,134,134,134,134,134,134,134,134,134,134,134,134,134,134,134,134,134,134,59531,40489,
461,134,134,134,134,134,134,134,134,134,134,134,134,134,134,134,134,134,134,51668,702,
462,134,134,134,134,134,134,134,134,134,134,134,134,134,134,134,134,134,134,14048,32580,
463,134,134,134,134,134,134,134,134,134,134,134,134,134,134,134,134,134,134,134,18204,
464,134,134,134,134,134,134,134,134,134,134,134,134,134,134,134,134,134,134,134,33112,
465,134,134,134,134,134,134,134,134,134,134,134,134,134,134,134,134,134,134,22936,32333,
466,134,134,134,134,134,134,134,134,134,134,134,134,134,134,134,134,134,134,36027,1111,
467,134,134,134,134,134,134,134,134,134,134,134,134,134,134,134,134,134,134,17736,24405,
468,134,134,134,134,134,134,134,134,6187,134,134,134,134,14606,134,134,134,134,42273,52480,
469,134,134,134,3250,134,134,134,134,134,134,134,134,134,134,134,134,134,134,14202,134,
470,134,134,134,134,134,4233,134,134,134,134,134,134,134,134,134,134,134,134,50226,53198,
471,134,134,134,134,134,134,134,134,134,134,134,134,134,134,134,134,134,134,3786,5024,
472,134,134,134,134,134,134,134,134,134,134,134,134,134,134,134,134,134,134,134,10754,
473,134,134,134,134,134,134,134,134,134,134,3010,134,134,134,134,134,35507,134,48850,36620,
474,134,134,134,7321,134,134,134,134,134,134,134,134,134,134,134,134,134,134,34061,20738,
475,134,134,134,134,134,134,134,134,134,134,134,134,134,134,134,134,134,134,27888,134,
476,134,134,134,134,134,134,134,134,134,134,134,134,134,134,134,134,134,134,15510,24453,
477,134,134,134,134,134,134,134,134,5732,134,134,134,134,134,134,134,134,134,6475,134,
478,134,134,134,134,134,134,134,134,134,134,134,134,134,134,134,134,134,134,38304,27693,
479,134,134,134,7365,134,134,134,134,134,134,134,134,134,134,134,134,134,134,40947,14901,
480,134,134,134,134,134,134,134,134,134,134,134,134,134,134,134,134,134,134,33048,134,
481,134,134,134,134,134,134,134,134,134,134,134,134,134,134,134,134,134,134,25137,134,
482,134,134,134,134,134,134,134,134,134,134,134,134,134,134,134,134,134,134,45521,134,
483,134,134,134,134,134,134,134,134,134,134,134,134,134,134,134,134,134,134,134,134,
484,134,134,134,134,134,134,134,134,134,134,134,134,134,134,134,134,134,134,134,14684,
485,134,134,134,134,134,134,134,134,134,134,134,134,134,134,134,134,134,134,9057,36436,
486,134,134,134,134,134,134,8854,134,134,134,134,134,134,134,134,134,134,18308,134,22924,
487,134,134,134,134,134,134,134,134,134,134,134,134,134,134,134,134,134,134,134,17634,
488,134,134,134,134,134,134,134,134,134,134,134,134,134,134,134,28938,134,134,45145,42169,
489,134,134,134,134,134,134,134,5574,134,134,134,134,134,134,134,134,134,134,745,134,
490,134,134,134,745,134,134,134,134,134,134,134,134,134,134,134,134,134,134,2978,15584,
491,134,134,134,134,134,134,134,134,134,134,134,134,134,745,2978,134,745,134,8945,134,
492,134,134,134,134,134,134,134,134,134,134,134,134,134,134,134,134,134,134,20226,134,
493,134,134,134,134,134,134,134,17825,134,134,134,134,134,134,134,134,134,134,30854,134,
494,134,134,134,134,134,134,134,134,134,134,134,134,134,134,134,134,134,134,30148,14288,
495,134,134,13184,134,134,134,134,134,134,134,134,134,134,38480,134,134,134,134,36817,45412,
496,134,134,134,134,134,134,134,134,134,134,134,134,134,134,134,134,134,134,18007,34554,
497,134,134,134,134,134,134,134,134,134,134,134,6263,134,134,134,134,134,134,41974,134,
498,134,134,134,134,134,134,134,134,134,134,134,134,134,134,134,134,134,134,134,134,
499,134,134,134,134,134,134,134,134,134,134,134,134,134,134,134,134,134,134,14491,134,
500,134,134,134,134,134,134,134,134,134,134,134,134,134,134,134,134,134,134,25105,22657,
501,134,134,134,134,134,134,134,134,134,134,9677,134,134,134,134,134,134,134,19899,134,
502,134,134,134,134,134,134,134,134,134,134,134,134,134,134,134,134,134,134,54446,49701,
503,134,134,134,134,134,9467,134,134,134,9467,134,134,134,134,134,134,134,134,47960,26936,
504,134,134,134,134,134,134,134,134,134,134,134,134,134,134,134,134,134,134,14369,134,
505,134,134,134,134,134,134,134,134,134,134,134,134,134,134,134,28836,134,134,32685,33872,
506,134,134,134,134,134,134,2859,134,134,134,134,134,134,134,134,15065,134,134,41185,4693,
507,134,134,134,134,134,134,134,134,134,134,134,134,134,134,134,134,134,134,134,134,
508,134,134,134,134,134,134,134,134,134,134,134,134,134,134,134,134,134,134,25334,19570,
509,134,134,134,134,134,134,134,134,134,134,134,134,134,134,134,134,134,134,26546,36454,
510,134,134,134,134,134,134,134,134,134,134,134,134,134,134,134,134,134,134,16059,21959,
511,134,134,134,134,134,134,134,134,134,134,134,134,134,134,134,134,134,134,57041,134,
512,134,134,134,134,134,134,134,134,134,134,134,11243,134,134,134,134,134,134,36929,134,
513,134,134,134,134,14902,134,134,134,134,134,134,134,134,134,134,134,134,134,134,42958,
514,134,134,134,134,134,134,134,134,134,134,134,134,36053,134,134,134,134,134,15645,34460,
515,134,134,134,134,4065,134,134,134,134,134,134,16290,134,134,134,134,134,134,46021,134,
516,134,134,134,134,134,6336,134,134,134,134,134,134,134,134,134,134,134,134,12617,8065,
517,134,134,134,134,134,134,134,134,134,134,134,134,134,134,134,134,134,134,26928,134,
518,134,134,134,134,134,134,134,134,134,134,134,134,134,134,134,134,134,134,44271,12065,
519,134,134,134,134,134,134,134,134,134,134,134,134,134,134,18404,134,134,134,7470,34370,
520,134,134,134,134,134,134,134,134,134,134,134,134,134,134,134,134,134,134,134,44460,
521,134,134,134,134,134,13196,134,134,134,134,134,134,134,134,134,134,134,134,28973,42505,
522,134,134,134,134,134,134,134,134,134,134,10466,134,16755,134,134,134,134,134,134,34666,
523,134,134,134,134,134,134,134,134,134,134,134,134,134,134,134,134,134,134,34653,28971,
524,134,134,134,134,134,134,134,134,134,134,134,134,134,134,134,8334,134,134,134,34908,
525,134,134,134,134,134,134,134,134,134,134,134,134,134,134,134,134,134,134,47207,23574,
526,134,134,134,134,134,134,134,134,134,134,134,134,134,134,134,134,134,134,39572,134,
527,134,134,134,134,134,134,134,134,134,134,134,134,134,134,134,134,134,134,25897,24321,
528,134,134,134,134,134,134,134,134,134,134,134,134,134,134,134,134,134,134,47896,134,
529,134,134,134,134,134,134,134,134,134,134,134,134,134,134,134,134,134,134,12688,8863,
530,134,134,134,134,134,134,134,134,134,134,134,134,134,134,134,134,134,134,21115,134,
531,134,134,134,134,134,134,134,134,134,134,134,134,134,134,134,134,134,134,134,134,
532,134,134,134,134,134,134,134,134,134,134,134,134,134,134,134,134,134,134,24652,39039,
533,134,134,134,134,134,134,134,134,134,26243,134,134,134,134,15302,134,134,134,7115,31572,
534,134,134,134,134,134,134,134,134,134,134,134,134,134,134,134,134,134,134,134,15550,
535,134,134,134,134,134,5360,134,134,134,134,856,134,134,134,134,134,134,134,9637,35631,
536,134,134,13707,134,134,134,134,134,134,134,134,134,134,134,134,134,134,134,134,50417,
537,134,134,134,134,134,134,134,134,134,134,134,134,134,134,134,134,134,134,5355,40901,
538,134,134,134,134,134,134,134,134,134,134,134,134,134,134,134,134,134,134,25555,40901,
539,134,134,134,134,134,134,134,134,134,134,134,134,134,134,134,134,134,134,11401,134,
540,134,134,134,134,134,134,134,134,134,134,134,134,134,134,134,134,134,134,41749,31736,
541,134,134,134,134,134,134,31736,28463,134,134,134,134,134,134,134,134,134,134,10614,5009,
542,134,134,134,134,134,134,134,230,134,134,134,134,134,134,134,134,22740,134,4453,134,
543,134,134,134,134,134,134,134,134,134,134,134,134,134,134,134,134,134,134,15182,24104,
544,134,134,134,134,134,134,134,134,134,134,14061,134,134,134,134,134,134,134,2216,26007,
545,134,134,134,134,134,134,134,134,134,134,134,134,134,134,134,134,134,134,37172,39617,
546,134,134,134,134,8111,134,134,134,134,134,134,134,134,134,134,134,134,134,134,35674,
547,134,134,134,134,134,134,134,134,134,134,134,134,134,134,134,134,134,134,24624,134,
548,134,134,134,134,134,134,134,134,134,134,134,134,134,134,134,134,134,134,134,49681,
549,134,134,134,134,134,134,134,134,134,134,134,134,134,134,134,134,134,134,134,16157,
550,134,134,134,134,134,134,134,134,134,134,134,134,134,134,134,134,134,134,48042,18797,
551,134,134,134,134,134,134,134,134,134,134,134,134,134,134,134,134,134,134,24022,134,
552,134,134,134,134,134,134,134,134,134,134,134,134,134,134,134,134,134,134,19105,35976,
553,134,134,134,134,134,134,134,134,134,134,134,134,134,134,134,134,134,134,134,24258,
554,134,134,134,134,134,134,134,134,134,134,134,134,134,134,134,134,134,134,46115,24246,
555,134,134,134,134,134,134,134,134,134,134,134,134,134,134,134,134,134,134,9826,41030,
556,134,134,134,134,134,134,134,134,134,134,134,134,134,134,134,134,134,134,26585,20966,
557,134,134,134,134,16365,134,134,134,134,134,134,134,134,134,134,134,134,134,17675,43644,
558,134,134,134,134,134,134,134,134,134,134,134,134,134,134,134,134,134,134,15328,35843,
559,134,134,134,7795,134,134,134,134,134,134,134,134,134,5462,134,13201,134,134,44559,134,
560,134,134,134,134,134,134,134,134,134,134,134,134,134,134,134,134,134,134,9548,40010,
561,134,134,134,134,134,134,134,134,134,134,134,134,134,134,134,134,134,134,38008,40631,
562,134,134,134,134,134,134,134,134,134,134,134,134,134,134,134,134,134,1152,8430,5125,
563,134,134,134,134,134,134,134,134,134,134,134,134,134,134,134,134,134,134,134,33195,
564,134,134,134,134,134,134,134,134,134,134,134,134,134,134,134,134,134,134,7766,15144,
565,134,134,134,134,134,134,134,134,134,134,134,134,134,134,134,134,134,134,24614,134,
566,134,134,134,134,134,134,134,134,134,134,134,134,134,134,134,134,134,134,35723,31182,
567,134,134,134,134,134,134,134,134,134,134,134,134,134,134,134,134,134,134,30099,15549,
568,134,134,134,134,134,134,134,134,134,134,134,134,134,134,134,134,134,134,134,20055,
569,134,134,134,134,134,134,134,134,134,134,134,134,134,134,134,134,134,134,134,11713,
570,134,134,134,134,134,134,134,134,134,134,134,134,134,134,134,134,134,134,36262,16638,
571,134,134,134,134,134,134,134,134,134,134,134,134,134,134,134,134,134,134,9739,10994,
572,134,134,134,134,134,134,2539,134,134,134,134,134,134,134,134,134,134,134,32302,32237,
573,134,134,134,134,134,134,134,134,134,134,134,134,134,134,134,134,134,134,208,134,
574,134,134,134,134,134,134,134,134,134,134,134,134,134,134,134,134,134,134,134,4063,
575,134,134,134,27587,134,134,134,134,134,134,134,134,134,134,134,134,134,134,49028,51333,
576,134,134,134,134,134,134,2001,134,134,134,134,134,134,134,134,134,134,134,134,41186,
577,134,134,134,134,134,134,134,134,134,134,134,134,134,134,134,134,134,134,4103,3642,
578,134,134,134,3649,134,134,134,134,134,134,134,134,134,134,134,134,134,134,433,134,
579,134,134,134,22870,134,134,134,433,134,134,134,134,134,19219,134,134,134,134,31298,45140,
580,134,134,134,134,134,134,134,134,134,134,134,134,134,134,134,134,134,134,34115,32782,
581,134,134,134,134,134,134,134,134,134,134,134,134,134,134,134,134,134,134,25181,134,
582,134,134,134,134,134,134,134,134,134,134,134,17233,134,134,134,134,134,134,134,31366,
583,134,134,134,134,134,134,134,134,134,134,134,134,134,134,134,134,134,134,31234,3190,
584,134,134,134,134,134,134,134,134,134,134,134,134,134,134,134,134,134,134,1340,134,
585,134,134,134,134,134,134,134,134,3970,134,14300,134,134,134,134,134,134,134,52717,44527,
586,134,134,134,134,134,134,134,134,134,134,134,134,134,134,134,134,134,134,59044,40189,
587,134,134,134,134,134,134,134,134,134,134,134,134,134,134,2609,134,134,18616,134,14011,
588,134,134,134,134,134,134,134,134,134,134,134,134,134,134,134,134,134,134,38856,134,
589,134,134,134,134,134,134,134,134,134,21526,134,134,134,134,134,134,134,134,11437,134,
590,134,134,134,134,134,134,134,134,134,134,134,134,134,134,134,134,134,134,28308,17220,
591,134,134,134,134,134,134,134,134,134,134,134,22091,134,134,20980,134,134,134,38383,48326,
592,134,134,134,134,134,134,134,134,134,134,134,134,134,134,134,134,134,134,28099,45754,
593,134,134,134,134,134,134,134,134,134,134,134,134,134,134,134,134,134,134,18080,27164,
594,134,134,134,134,134,134,134,134,134,134,134,134,134,134,134,134,134,134,16320,45273,
595,134,134,134,134,134,134,134,134,134,134,134,134,134,134,134,134,134,134,17208,16097,
596,134,134,134,134,134,134,134,134,134,134,134,134,134,134,134,134,134,134,43299,134,
597,134,134,134,134,134,134,134,134,134,134,134,134,134,134,134,134,134,134,11597,134,
598,134,134,134,134,134,134,134,134,134,134,134,134,134,134,134,134,134,134,15832,134,
599,134,134,134,134,134,134,134,134,134,134,134,134,134,134,134,134,134,134,134,17532,
600,134,134,134,134,134,134,134,134,134,134,134,134,134,134,134,134,134,134,33471,38197,
601,134,134,134,134,134,134,134,134,134,134,134,134,134,134,134,134,134,3480,134,134,
602,134,134,134,134,34860,134,134,134,134,134,134,134,134,134,134,134,134,134,21253,14744,
603,134,134,134,134,134,134,134,8762,134,134,134,134,134,134,134,134,134,134,22343,134,
604,134,134,134,134,134,134,134,134,134,134,134,134,134,134,134,134,134,134,38066,134,
605,134,134,134,134,134,134,134,134,15350,134,134,134,134,134,134,134,134,134,35794,57448,
606,134,134,134,134,134,134,134,134,134,134,134,134,134,134,134,134,1311,134,37870,15924,
607,134,134,134,134,134,134,134,134,134,134,134,134,134,134,134,134,134,134,40497,28894,
608,134,134,134,134,134,134,134,134,134,134,134,134,134,134,134,134,19871,134,51920,134,
609,134,134,134,134,134,134,134,134,134,134,134,134,134,134,25968,134,134,134,32487,31453,
610,134,134,134,134,914,134,134,134,134,134,134,134,134,134,134,134,134,134,30125,134,
611,134,134,134,134,12402,134,134,134,134,134,12206,134,914,134,134,134,134,134,4943,134,
612,134,134,134,36089,134,134,2760,134,134,21567,134,134,134,134,134,134,134,134,23072,35566,
613,134,134,134,134,134,134,134,134,134,134,6926,134,134,134,134,134,6971,134,13891,134,
614,134,134,134,134,134,134,134,134,134,134,134,134,134,134,134,134,134,134,28399,134,
615,134,134,134,134,134,134,134,134,134,134,134,134,134,134,134,134,134,134,33423,37503,
616,134,134,134,134,134,134,20561,24538,134,134,9918,134,134,134,134,134,134,134,38271,23084,
617,134,134,134,134,134,134,134,134,134,134,134,134,134,134,134,134,134,134,40383,44099,
618,134,134,134,134,134,134,134,134,134,134,134,134,134,134,134,134,134,134,134,6848,
619,134,134,134,134,134,134,134,134,134,134,134,134,134,134,134,134,134,134,40497,9972,
620,134,134,134,134,134,134,134,134,134,134,134,134,134,134,134,134,134,134,134,134,
621,134,134,134,134,134,134,134,134,134,134,134,34435,134,134,134,134,15381,134,4468,34910,
622,134,134,134,134,134,134,134,134,134,134,134,134,134,134,134,134,134,134,134,134,
623,134,134,134,14511,134,134,134,134,134,134,134,134,134,134,134,134,134,134,134,134,
624,134,134,134,134,134,134,134,134,134,134,134,134,134,134,134,134,134,134,25072,134,
625,134,134,134,134,134,134,134,134,134,134,134,134,134,134,134,134,134,18817,28864,17940,
626,134,134,134,134,134,134,134,134,134,134,134,134,134,134,134,134,134,134,47330,134,
627,134,134,134,134,134,134,134,134,134,134,134,134,134,134,134,134,134,134,134,32321,
628,134,134,134,134,134,134,134,134,134,134,134,134,134,134,134,134,134,134,54943,32802,
629,134,134,134,134,134,134,134,134,134,134,134,134,134,134,134,134,134,134,19193,134,
630,134,134,134,134,134,134,134,134,134,134,134,134,134,134,134,134,134,134,18051,37282,
631,134,134,134,134,134,134,134,134,134,134,134,134,134,134,134,134,134,134,39606,3330,
632,134,134,134,134,134,134,134,134,134,134,134,134,134,134,134,134,134,134,2754,5512,
633,134,134,134,134,134,134,134,134,134,134,134,134,134,134,134,134,134,134,1343,14296,
634,134,134,134,134,134,134,134,134,134,134,134,134,134,134,134,134,134,134,4021,28546,
635,134,134,134,134,134,10664,134,134,134,134,9662,134,29736,134,134,134,134,10664,17397,3361,
636,134,134,134,134,134,134,134,134,134,134,134,134,134,134,134,134,134,134,44925,17054,
637,134,134,134,134,134,134,134,134,134,134,134,134,134,134,134,134,134,134,18925,25443,
638,134,134,134,134,134,134,134,134,134,244,134,134,18407,134,134,134,134,134,44099,3306,
639,134,134,134,134,134,134,134,134,134,134,134,134,134,134,134,134,134,134,29602,24650,
640,134,134,134,134,134,134,134,134,134,134,134,134,134,134,134,134,134,134,31481,35735,
641,134,134,134,134,134,134,134,134,134,134,134,134,134,134,134,134,134,134,8395,134,
642,134,134,134,134,134,134,134,134,134,134,134,134,134,134,134,134,134,134,44869,819,
643,134,134,134,134,134,134,134,134,134,134,134,134,134,134,134,134,134,134,15609,18836,
644,134,134,134,134,134,134,134,134,134,134,134,134,134,134,134,134,134,134,31845,20563,
645,134,134,134,134,134,134,134,134,134,134,134,134,134,134,134,134,134,134,134,9057,
646,134,134,134,134,134,134,134,32661,134,134,134,134,134,134,134,134,134,134,428,233,
647,134,134,10648,134,134,134,134,134,134,134,134,134,134,134,134,134,134,30885,134,134,
648,134,134,134,134,134,134,134,134,134,134,134,134,134,134,134,134,134,134,24879,8675,
649,134,134,134,134,134,134,134,134,134,134,134,134,134,134,42084,134,134,134,30162,11466,
650,134,134,134,134,134,134,134,5036,134,134,134,134,134,134,134,134,134,134,134,50396,
651,134,134,134,134,134,134,134,134,134,134,134,134,134,134,134,134,134,134,14599,3026,
652,134,134,134,134,134,134,134,134,134,134,134,134,134,134,134,134,134,134,18601,134,
653,134,134,134,134,134,134,134,134,134,134,134,134,134,134,134,134,134,134,27697,50677,
654,134,134,134,134,134,134,134,134,134,134,134,134,134,134,134,134,134,134,134,11900,
655,134,134,134,134,134,134,134,134,134,134,134,134,134,134,134,134,134,134,14076,18711,
656,134,134,134,134,134,134,134,134,134,134,134,134,134,134,134,134,134,134,16317,52260,
657,134,134,134,134,134,134,134,134,134,134,134,134,134,134,134,134,134,134,670,57906,
658,134,134,134,134,134,134,134,3631,134,134,134,134,134,134,134,134,134,134,17753,51053,
659,134,134,134,134,134,134,134,134,134,134,134,134,134,134,134,134,34233,134,18438,134,
660,134,134,134,134,134,134,134,134,134,134,2661,134,134,134,134,134,134,134,26514,40662,
661,134,134,134,134,134,134,134,134,134,134,134,134,134,134,134,134,134,134,4371,32306,
662,134,134,134,134,134,21076,134,134,134,134,134,134,134,134,134,134,134,134,134,17186,
663,134,134,134,134,134,134,134,134,134,134,134,134,134,134,134,134,134,11839,25025,58084,
664,134,134,134,134,134,134,134,134,134,134,134,134,134,134,134,11839,134,134,22825,134,
665,134,134,134,134,134,134,134,134,134,134,134,134,134,134,134,134,134,134,23066,41326,
666,134,134,134,134,134,134,134,134,134,134,134,134,134,134,134,134,134,134,17172,44964,
667,134,134,134,134,134,134,134,134,134,134,134,134,134,134,134,134,134,134,134,15971,
668,134,134,134,134,134,134,134,134,134,134,134,134,134,134,134,134,134,134,5281,134,
669,134,134,134,134,134,134,134,134,134,134,134,134,134,134,134,134,134,134,134,10300,
670,134,134,134,134,134,134,134,134,134,134,134,134,134,134,134,134,134,134,25093,12159,
671,134,134,134,134,134,134,134,134,134,134,48456,134,35217,134,134,134,134,134,3564,11227,
672,134,134,134,134,134,134,134,134,134,134,134,134,134,134,134,134,134,134,38816,134,
673,134,134,134,134,134,134,134,134,134,134,134,134,134,134,134,134,134,134,134,52070,
674,134,134,134,134,134,134,134,134,134,134,134,134,134,134,134,134,134,134,23942,6747,
675,134,134,134,134,134,134,134,134,134,14311,134,19628,134,134,134,134,134,134,41224,37176,
676,134,134,134,134,134,134,134,134,134,134,134,134,134,134,134,134,134,134,19424,2635,
677,134,134,134,134,134,134,134,134,134,134,134,134,134,134,134,134,134,134,134,7955,
678,134,134,134,134,134,134,134,134,134,134,134,134,134,134,134,40922,134,134,19956,8636,
679,134,134,134,134,134,134,134,134,134,134,134,134,134,134,134,134,134,134,38551,12078,
680,134,134,134,134,134,134,134,134,134,134,134,30818,134,134,134,134,134,134,38195,134,
681,134,134,134,134,134,134,134,134,134,134,134,134,134,134,134,134,134,134,16615,50364,
682,134,134,134,134,134,134,134,134,134,134,134,134,134,134,134,134,134,134,10139,134,
683,134,134,134,134,134,134,134,134,134,134,134,134,134,134,134,134,134,134,39120,30262,
684,134,134,134,134,134,134,134,134,134,134,134,17986,134,134,134,134,134,134,35756,43200,
685,134,134,134,134,134,134,134,134,134,134,134,134,134,134,134,134,134,134,134,43746,
686,134,134,134,134,134,134,134,134,134,134,134,134,134,134,134,134,134,134,134,35460,
687,134,134,134,134,134,134,134,134,134,134,134,134,134,134,134,134,134,134,47666,23999,
688,134,134,134,134,134,134,134,134,17346,134,134,134,134,134,134,134,134,134,1627,134,
689,134,134,134,134,134,134,134,134,134,134,134,134,134,134,134,134,15428,134,24642,134,
690,134,134,134,134,134,134,134,134,15428,134,134,134,134,134,134,134,134,134,29565,45766,
691,134,134,134,134,134,24109,134,134,134,134,134,134,134,134,134,134,134,134,134,23588,
692,134,134,134,134,134,134,134,134,134,134,134,134,134,134,134,134,134,134,15816,23906,
693,134,134,134,134,134,134,134,134,134,134,134,134,134,134,134,15816,134,134,29704,45209,
694,134,134,134,23301,134,134,134,16862,134,134,134,134,134,134,134,134,134,134,28504,134,
695,134,134,134,134,134,134,134,134,134,134,134,134,840,134,134,134,134,134,39997,15288,
696,134,134,134,134,134,134,134,134,134,134,134,134,134,134,134,134,134,134,134,3571,
697,134,134,134,20664,134,134,134,134,134,134,134,134,134,134,134,134,134,134,22057,134,
698,134,134,134,134,134,134,6424,134,134,2912,134,134,134,134,134,134,134,11242,23884,39018,
699,134,134,134,134,134,134,134,134,134,134,134,134,134,134,134,134,134,134,134,4163,
700,134,134,134,134,134,134,134,134,134,134,134,134,134,134,134,134,134,134,37604,8360,
701,134,134,134,134,134,134,134,134,134,134,134,134,134,134,134,134,134,134,44622,27898,
702,134,134,134,134,134,134,134,134,134,134,134,134,134,134,134,134,134,134,11081,134,
703,134,134,134,134,134,134,134,134,134,134,134,134,134,134,134,134,134,134,134,11917,
704,134,134,134,134,134,134,134,134,134,134,134,134,134,134,134,134,134,134,18263,29818,
705,134,134,134,134,134,134,134,134,134,134,134,134,134,134,134,134,134,134,134,15243,
706,134,134,134,134,134,134,134,134,134,134,134,134,134,134,134,134,134,134,35022,134,
707,134,134,134,134,134,134,134,134,134,134,134,134,134,134,134,134,134,134,19723,6635,
708,134,134,134,134,134,134,134,134,134,134,134,134,134,134,134,134,134,134,12535,21214,
709,134,134,134,134,134,134,134,134,134,134,134,134,134,134,134,134,134,134,1216,134,
710,134,134,134,134,134,134,134,134,5552,134,134,134,134,134,134,134,134,134,134,35925,
711,134,134,134,134,134,134,134,134,134,134,134,134,134,134,134,134,134,134,22975,134,
712,134,134,134,134,134,134,134,134,134,134,134,134,134,134,134,134,134,10751,14449,134,
713,134,134,134,134,134,134,134,134,134,134,134,134,134,134,134,134,134,134,31758,51004,
714,134,134,134,134,134,134,134,134,134,134,134,134,134,134,134,134,134,134,24923,134,
715,134,134,134,134,134,134,134,134,134,134,134,134,134,134,134,134,134,134,57602,32923,
716,134,134,134,134,134,134,134,134,134,134,134,134,134,134,134,134,134,134,7036,36064,
717,134,134,134,134,134,134,134,134,134,134,134,134,134,134,134,134,134,134,134,19193,
718,134,134,134,134,134,134,134,134,134,134,134,134,134,134,134,134,134,134,134,40096,
719,134,134,134,134,134,134,134,134,134,134,134,134,134,134,134,134,134,134,31071,9560,
720,134,134,134,134,134,134,134,134,134,134,134,134,134,134,134,134,134,134,2904,134,
721,134,134,134,134,134,134,134,134,134,134,134,134,134,134,134,134,134,134,51040,41486,
722,134,134,134,134,134,134,134,134,134,134,134,134,134,134,134,134,134,134,49335,134,
723,134,134,134,134,134,134,134,33510,134,134,134,134,134,134,134,134,134,134,20737,134,
724,134,134,134,134,134,134,134,134,134,134,134,134,134,134,134,134,134,134,134,1899,
725,134,134,134,134,134,134,134,134,134,134,134,134,134,134,134,134,134,134,134,134,
726,134,134,134,134,134,134,134,134,134,134,134,134,134,134,134,134,134,134,6453,42318,
727,134,134,134,134,134,134,134,134,134,134,134,134,134,134,134,134,134,134,11293,41632,
728,134,134,134,134,134,134,134,134,134,134,134,134,134,134,134,134,134,134,53134,14175,
729,134,134,134,12640,134,6298,134,134,12640,134,12640,12640,134,134,134,134,134,134,36782,14216,
730,134,134,134,134,134,134,134,134,134,134,134,134,134,134,134,134,134,134,134,13123,
731,134,134,134,134,134,134,134,134,134,134,134,134,134,134,134,134,134,134,20588,49973,
732,134,134,134,134,134,134,134,134,20074,134,134,134,134,134,134,134,134,134,53878,14277,
733,134,134,9545,134,134,134,134,134,134,134,134,134,134,134,3419,134,134,134,134,7210,
734,134,134,134,134,134,134,134,134,134,134,134,134,134,134,134,134,134,134,16462,51551,
735,134,134,134,134,134,134,134,134,134,134,134,134,134,9606,134,134,17413,134,19599,134,
736,134,134,134,134,134,134,134,134,134,134,134,134,134,134,134,134,134,134,49128,19551,
737,134,134,134,134,134,134,134,134,134,134,134,134,134,134,134,134,134,134,45306,134,
738,134,134,134,134,134,134,134,134,134,134,134,134,134,134,134,134,134,134,134,4418,
739,134,134,134,134,134,134,134,134,134,134,134,134,134,134,134,134,134,134,14048,40801,
740,134,134,134,134,134,134,134,2374,134,134,134,134,134,134,134,134,134,134,10575,134,
741,134,134,134,134,134,134,134,10575,134,134,134,134,134,134,134,134,134,134,15695,25465,
742,134,134,134,134,134,134,134,134,134,134,134,134,134,134,134,134,134,134,134,18535,
743,134,134,134,134,134,134,134,134,134,134,134,134,134,134,134,134,134,134,33200,134,
744,134,134,134,134,134,134,134,134,134,134,134,134,134,134,134,134,134,134,40745,21981,
745,134,134,134,134,5069,134,134,134,134,134,134,134,134,134,134,134,134,134,18894,8965,
746,134,134,134,134,134,134,134,134,134,134,134,134,134,134,134,134,2002,134,39589,60608,
747,134,134,134,134,134,134,134,134,134,134,134,134,134,134,134,134,134,134,46849,21243,
748,134,134,134,134,134,134,134,134,134,9535,134,134,134,134,134,134,134,134,54885,38566,
749,134,134,444,134,444,134,13424,134,134,134,134,12998,134,134,134,134,134,134,134,40351,
750,134,134,134,134,134,134,134,134,134,134,134,134,134,134,134,134,134,134,33912,134,
751,134,134,134,134,134,134,134,134,134,134,134,134,134,134,134,134,134,134,29202,20701,
752,134,134,134,134,134,134,134,134,134,134,134,134,134,134,134,134,134,40691,47669,134,
753,134,134,134,134,134,134,134,134,134,134,134,134,134,134,134,134,134,134,19196,38795,
754,134,134,134,134,134,134,134,134,134,134,134,134,134,134,134,134,134,134,134,12044,
755,134,134,134,134,134,134,134,134,134,134,134,134,134,134,134,134,134,134,134,36102,
756,134,134,134,134,134,134,134,134,134,134,134,134,134,134,12553,134,134,134,170,5820,
757,134,134,134,134,134,134,134,134,134,134,134,134,134,134,134,134,134,134,4142,43946,
758,134,134,134,134,134,134,134,134,6553,134,134,134,134,134,134,134,134,134,38941,9381,
759,134,134,134,6677,134,134,134,134,134,134,134,134,134,134,134,134,134,134,134,1547,
760,134,134,134,134,134,134,134,134,29852,134,134,134,134,134,134,9030,134,134,11283,23122,
761,134,134,134,134,134,134,134,134,134,134,5840,1642,134,134,134,134,134,134,134,55457,
762,134,134,134,134,134,134,134,134,134,134,134,134,11652,134,134,134,134,134,24067,48434,
763,134,134,134,134,134,134,134,134,134,134,134,134,134,134,134,134,134,134,41661,14196,
764,134,134,134,134,134,134,134,134,134,134,134,134,134,134,134,134,134,134,134,26837,
765,134,134,134,134,134,134,134,134,134,134,134,134,134,134,134,134,134,134,134,41392,
766,134,134,134,134,134,134,134,134,134,134,134,134,134,134,134,134,134,134,28375,17877,
767,134,134,134,134,134,134,134,134,134,134,134,134,134,134,134,134,134,134,634,26656,
768,134,134,134,134,134,134,134,134,134,134,134,134,134,134,134,134,134,134,134,134,
769,134,134,134,134,134,134,134,134,134,134,134,134,134,134,134,134,134,134,38626,37399,
770,134,134,134,134,134,134,134,134,134,134,134,134,134,134,134,3033,134,134,28883,529,
771,134,134,134,134,134,134,134,134,134,134,134,134,134,134,134,134,134,134,14591,51851,
772,134,134,134,134,134,134,134,134,134,134,134,134,134,134,134,134,134,134,42837,29226,
773,134,134,134,134,134,134,134,134,134,134,134,134,134,134,134,134,134,134,41281,34693,
774,134,134,134,134,134,134,134,134,134,134,134,134,134,134,134,134,134,134,32988,36886,
775,134,134,134,134,22867,134,134,134,134,134,134,134,134,134,134,134,134,134,38540,8716,
776,134,134,134,134,134,134,134,134,134,134,134,134,134,134,134,134,134,134,617,34396,
777,134,134,134,134,134,134,134,134,134,134,134,134,134,134,134,134,134,134,56536,47616,
778,134,134,134,134,134,134,134,134,134,134,134,134,134,134,134,134,134,134,351,134,
779,134,134,134,134,134,134,134,134,134,134,134,134,134,134,134,134,134,134,134,38301,
780,134,134,134,134,134,134,134,134,134,134,134,134,134,134,134,134,134,134,35009,40682,
781,134,134,134,134,134,134,134,134,134,134,134,134,134,134,134,134,134,134,55893,35289,
782,134,134,134,134,134,134,134,134,134,134,134,134,134,134,134,134,134,134,55293,134,
783,134,134,17735,134,134,134,134,134,134,134,134,134,134,134,134,134,134,134,22435,31930,
784,134,134,134,134,134,134,134,39685,134,134,134,134,134,134,134,134,134,134,58804,15232,
785,134,134,134,134,134,134,134,134,134,134,134,134,134,134,134,134,134,134,134,48143,
786,134,134,134,6740,134,134,134,134,134,134,134,134,134,134,134,134,134,134,35779,21578,
787,134,134,134,134,134,134,134,134,134,134,134,134,134,134,134,134,134,134,24320,134,
788,134,134,134,134,134,134,134,134,134,134,134,134,134,134,134,134,134,134,43535,18075,
789,134,134,134,134,134,134,134,134,134,134,134,134,134,134,116,134,134,134,13576,13519,
790,116,134,134,134,134,116,134,134,116,134,116,134,134,134,134,134,134,134,884,29980,
791,116,116,134,134,116,134,116,116,134,134,116,116,134,134,134,116,134,134,23581,16634,
792,116,116,116,116,134,134,116,134,116,134,116,116,116,3725,116,116,116,116,15528,51967,
793,116,116,116,116,116,116,116,116,134,116,116,116,116,116,116,116,116,116,47433,116,
794,116,116,116,116,116,116,116,116,116,116,116,116,116,116,116,116,116,116,8744,36673,
795,116,116,116,116,116,116,116,116,116,116,116,116,116,116,116,116,116,116,116,116,
796,116,116,116,116,116,116,116,116,116,116,116,116,116,116,116,116,116,116,3856,116,
797,116,116,116,116,116,116,116,116,116,116,116,116,116,116,116,116,116,116,116,41584,
798,116,116,116,116,116,116,116,116,116,116,116,116,116,116,116,116,116,116,23537,116,
799,116,116,116,116,116,116,116,116,116,116,116,116,116,14883,116,116,116,116,46988,28119,
800,116,116,116,116,116,116,116,116,116,116,116,116,116,116,116,116,116,116,49837,116,
801,116,116,116,116,116,116,116,116,116,116,116,116,116,116,116,116,116,116,16862,26489,
802,116,116,116,116,116,116,116,116,116,116,116,116,116,116,116,116,116,116,116,26680,
803,116,116,116,116,116,116,116,116,116,116,116,116,116,116,116,21256,116,116,116,13203,
804,116,116,116,116,116,116,116,116,116,116,116,116,116,116,116,116,116,116,31570,116,
805,116,116,116,116,116,116,116,116,116,116,116,116,116,116,116,116,116,116,22884,49221,
806,116,116,116,116,116,116,116,116,116,116,116,116,116,116,116,116,116,116,24825,42316,
807,116,116,116,116,116,116,116,116,116,116,116,116,116,116,116,116,116,116,19480,8864,
808,116,116,116,116,116,116,116,116,116,116,116,116,116,116,116,116,116,116,44405,116,
809,116,116,116,116,116,116,116,116,116,116,116,116,116,116,116,116,116,116,27058,116,
810,116,116,116,116,116,116,116,116,116,116,116,116,116,116,116,116,116,116,28532,24243,
811,116,116,116,116,116,116,116,116,116,116,116,116,116,116,116,116,116,116,26675,116,
812,116,116,116,116,116,116,116,116,116,116,116,116,116,116,116,116,116,116,116,45599,
813,116,116,116,116,116,116,116,116,116,116,116,116,116,116,116,116,116,116,38032,12153,
814,116,116,116,116,116,116,116,116,116,116,116,116,116,116,116,116,116,116,116,116,
815,116,116,116,116,116,116,116,116,116,116,116,116,116,116,116,116,116,116,116,32917,
816,116,116,116,116,116,116,116,116,116,116,116,116,116,116,116,116,116,116,52998,2161,
817,116,116,116,116,116,116,116,116,116,116,116,116,116,116,116,116,116,116,39642,15001,
818,116,116,116,116,116,116,116,116,116,116,116,116,116,116,116,116,116,116,35293,15418,
819,116,116,116,116,116,116,116,116,116,116,116,116,116,116,116,116,116,116,27608,41277,
820,116,116,116,116,116,1781,116,116,116,116,116,116,116,116,116,116,116,116,116,34175,
821,116,116,116,116,116,116,116,116,116,116,116,116,116,116,116,116,116,116,35690,49612,
822,116,116,116,116,116,116,116,116,116,116,116,116,116,116,116,116,116,116,12319,116,
823,116,116,116,116,116,116,116,116,116,116,116,116,116,116,116,116,116,116,44094,116,
824,116,116,116,116,116,116,116,116,116,116,116,9194,116,116,116,116,116,116,116,116,
825,116,116,116,116,116,116,116,116,28009,116,116,116,116,116,116,116,116,116,10575,20788,
826,116,116,116,116,116,116,116,116,116,116,116,116,116,116,116,116,116,116,116,13977,
827,116,116,116,116,116,116,116,116,116,116,116,116,116,116,116,116,116,116,116,19389,
828,116,116,116,116,116,116,116,116,116,116,116,116,116,116,116,116,116,116,116,11339,
829,116,116,116,116,116,116,116,116,116,116,116,116,116,116,116,116,116,116,116,18341,
830,116,116,116,116,116,116,116,116,116,116,116,116,116,116,116,116,116,116,40067,34260,
831,116,116,116,116,116,116,116,116,116,116,116,116,116,116,116,116,19083,116,26400,27377,
832,116,116,116,116,116,116,116,116,116,116,116,116,116,116,116,116,116,116,116,116,
833,116,116,116,116,116,116,116,116,116,116,116,116,116,116,116,116,116,116,116,33714,
834,116,116,116,116,116,116,116,116,116,116,116,116,116,116,116,116,116,116,46235,116,
835,116,116,116,116,116,116,116,116,116,116,116,116,116,116,116,116,116,116,116,116,
836,116,116,116,116,116,116,116,116,116,116,116,116,116,116,116,116,116,116,41105,8802,
837,116,116,116,116,116,116,116,116,116,116,116,116,116,116,116,116,116,116,51711,116,
838,116,116,116,116,116,116,116,116,116,116,116,116,116,116,116,116,116,116,28639,17421,
839,116,116,116,116,116,116,116,116,116,116,116,116,116,116,116,116,116,116,25477,4579,
840,116,116,116,116,116,116,116,116,116,116,116,116,116,116,116,116,116,116,116,116,
841,116,116,116,116,116,116,116,116,116,116,116,116,116,116,116,116,116,116,29318,116,
842,116,116,116,116,116,116,116,116,116,116,116,116,116,116,116,116,116,116,53197,116,
843,116,116,116,116,116,116,116,116,116,116,116,116,116,116,116,116,116,116,116,116,
844,116,116,116,116,116,116,116,116,116,116,116,116,116,116,116,116,116,116,116,33413,
845,116,116,116,116,116,116,116,116,116,116,116,116,116,116,116,13424,116,116,116,20575,
846,116,116,116,116,116,116,116,116,116,116,116,116,116,116,116,116,116,116,116,29495,
847,116,116,116,116,116,116,116,116,116,116,116,116,116,116,116,116,116,116,11257,15575,
848,116,116,116,116,116,116,116,116,116,116,116,116,116,116,116,116,116,116,32957,40548,
849,116,116,116,116,116,116,116,116,116,116,116,116,116,116,116,116,116,116,10762,13268,
850,116,116,116,116,116,116,116,116,116,116,116,116,116,116,116,116,116,116,116,116,
851,116,116,116,116,116,116,116,116,116,116,116,116,116,116,116,116,116,116,22164,116,
852,116,116,116,116,116,116,116,116,116,116,116,116,116,116,116,116,116,116,116,30723,
853,116,116,116,116,116,116,116,116,116,116,116,116,116,116,116,116,116,116,45271,34925,
854,116,116,116,116,116,116,116,116,116,116,116,116,116,116,116,116,116,116,116,21491,
855,116,116,116,116,116,116,116,116,116,116,116,116,116,116,116,116,116,116,116,11459,
856,116,116,116,116,116,116,116,116,116,116,116,116,116,116,116,116,116,116,31719,35865,
857,116,116,116,116,116,116,116,116,116,116,116,11666,116,116,116,116,116,116,116,49914,
858,116,116,116,116,116,116,116,116,116,116,116,116,116,116,116,116,116,116,48692,24790,
859,116,116,116,116,116,116,116,116,116,116,116,116,116,116,116,116,116,116,12281,26582,
860,116,116,116,116,116,116,116,116,116,116,116,116,116,116,116,116,116,116,2261,42739,
861,116,116,116,116,116,116,116,116,116,116,116,116,116,116,116,116,116,116,116,29329,
862,116,116,116,116,116,116,116,116,116,116,116,116,116,116,116,116,116,116,52656,3095,
863,116,116,116,116,116,34823,116,116,116,116,116,116,116,116,116,116,14612,116,116,37928,
864,116,116,116,116,116,116,116,7866,116,116,116,116,116,116,116,116,116,116,8979,36898,
865,116,116,116,116,116,116,116,116,116,116,116,116,116,116,116,116,116,116,116,116,
866,116,116,116,116,116,116,116,116,116,116,116,116,116,116,116,116,116,116,1269,9032,
867,116,116,116,116,116,116,116,116,116,116,116,116,116,116,116,116,116,116,27702,23498,
868,116,116,116,116,116,116,116,116,116,116,116,116,116,116,116,116,116,116,42619,23062,
869,116,116,116,116,116,116,116,116,27076,116,116,116,116,116,116,116,116,116,23607,14151,
870,116,116,16153,116,116,116,116,116,116,116,116,116,116,44099,116,116,116,116,44034,48931,
871,116,116,116,116,116,116,116,116,116,11821,116,116,116,116,116,116,116,116,116,116,
872,116,116,116,116,116,116,116,116,116,116,116,116,116,17042,116,116,116,116,116,28338,
873,116,116,116,116,116,116,116,116,116,116,116,116,116,116,116,116,116,116,58127,47335,
874,116,116,116,116,116,116,116,116,116,116,116,116,116,116,116,116,116,116,116,41831,
875,116,116,116,116,116,116,116,116,116,116,116,116,116,116,116,116,116,116,13107,48682,
876,116,116,116,116,116,116,116,116,116,116,116,116,116,116,116,116,116,116,26970,37475,
877,116,116,116,116,116,116,116,116,116,116,116,116,116,116,116,116,116,116,26912,116,
878,116,116,116,116,116,116,116,116,116,116,116,116,116,116,116,116,116,116,19481,116,
879,116,116,116,116,116,116,116,116,116,116,116,116,116,116,116,116,116,116,48542,23687,
880,116,116,116,116,116,116,116,116,116,116,116,116,116,116,116,116,116,116,116,116,
881,116,116,116,116,116,116,116,34073,116,116,116,116,116,116,116,116,116,116,46903,31259,
882,116,116,116,116,116,116,116,116,116,116,116,116,116,116,116,116,116,116,4140,55250,
883,116,116,116,116,116,116,116,116,116,116,116,116,116,116,116,116,116,116,14529,116,
884,116,116,116,116,116,116,116,116,116,116,116,116,116,116,116,116,116,116,34031,58148,
885,116,116,116,116,116,116,116,9142,116,116,116,116,116,116,116,116,116,116,13944,116,
886,116,116,116,116,116,116,116,116,116,116,116,116,116,116,116,116,116,116,116,3766,
887,116,116,116,116,116,116,116,116,116,116,116,116,116,116,116,116,116,116,116,46715,
888,116,116,116,116,116,116,116,116,116,116,116,116,116,116,116,116,116,116,38679,46825,
889,116,116,116,116,116,116,116,116,116,116,116,116,116,116,116,116,116,116,116,46047,
890,116,116,116,116,116,116,116,116,116,116,116,116,116,116,116,116,116,116,7253,13573,
891,116,116,116,116,116,116,116,116,116,116,116,116,116,116,116,116,116,116,116,116,
892,116,116,116,116,116,116,116,116,116,116,116,116,116,116,116,116,116,116,48829,6067,
893,116,116,116,116,116,116,116,116,116,116,116,116,116,116,116,116,116,116,40142,22677,
894,116,116,116,116,116,116,116,116,116,116,116,116,116,116,116,116,116,116,18916,8203,
895,116,116,116,116,116,116,116,116,116,24313,116,116,116,116,116,116,116,116,41224,22786,
896,116,116,116,116,116,116,116,116,116,116,116,116,116,116,116,116,116,116,29451,116,
897,116,116,116,116,116,116,116,116,116,116,116,116,116,116,116,116,116,116,33542,116,
898,116,116,116,116,116,116,116,116,116,116,116,116,116,116,116,116,116,116,3284,116,
899,116,116,116,116,116,116,116,116,116,116,116,116,116,116,116,116,116,116,32205,23848,
900,116,116,116,116,116,116,116,116,116,116,116,116,116,116,116,116,116,116,31809,116,
901,116,116,116,116,116,116,116,116,116,116,116,116,116,116,116,116,16813,116,17293,233,
902,116,116,116,116,116,116,116,116,116,116,116,116,116,116,116,116,116,116,5929,23920,
903,116,116,116,116,116,116,116,116,116,116,116,116,116,116,116,116,116,116,54446,25574,
904,116,116,116,116,116,116,116,116,116,116,116,116,116,116,116,116,116,116,47820,52092,
905,116,116,116,116,116,116,116,116,116,116,116,116,116,116,116,116,116,116,8020,13054,
906,116,116,116,116,116,13054,116,116,116,116,116,116,116,116,116,116,116,116,43202,43903,
907,116,116,116,116,116,116,116,116,116,116,116,116,116,116,116,116,116,116,116,22208,
908,116,116,116,116,116,116,116,116,116,116,116,116,116,116,116,116,116,116,17967,31743,
909,116,116,116,116,116,116,116,116,116,116,116,116,116,116,116,116,116,116,53744,116,
910,116,116,116,116,116,116,116,116,116,116,116,116,116,116,116,116,116,116,10968,43731,
911,116,116,116,116,116,116,116,116,116,116,116,116,116,116,116,116,116,116,17489,45593,
912,116,116,116,116,116,116,116,116,116,116,116,116,116,116,116,116,116,116,33625,32461,
913,116,116,116,116,116,116,116,116,116,116,116,116,116,116,116,116,116,116,116,51350,
914,116,116,116,116,116,116,116,116,116,116,116,116,116,116,116,116,116,116,116,38247,
915,116,116,116,116,116,116,116,116,116,116,116,116,116,116,116,116,116,116,6682,49702,
916,116,116,116,116,116,116,116,116,116,116,116,116,116,116,116,116,116,116,116,33911,
917,116,116,116,116,116,116,116,116,116,116,116,116,116,116,116,116,116,116,116,37464,
918,116,116,116,116,116,116,10432,116,116,116,116,116,116,116,116,116,116,116,116,116,
919,116,116,116,116,116,116,116,116,116,116,116,116,116,116,116,116,116,116,7299,116,
920,116,116,116,116,116,116,116,116,116,116,116,116,116,116,116,116,116,116,39806,56392,
921,116,116,116,116,116,116,116,116,116,12942,116,116,116,116,116,116,116,116,22990,116,
922,116,116,116,116,116,116,116,116,116,116,116,116,116,116,116,116,116,116,40172,116,
923,116,116,116,116,116,116,116,116,116,116,116,116,116,116,116,116,116,116,42577,45511,
924,116,116,116,116,116,116,116,116,116,116,116,116,116,116,116,116,116,116,25428,116,
925,116,116,116,116,116,116,116,116,116,116,116,116,116,116,116,116,116,116,32721,26017,
926,116,116,116,116,116,116,116,116,116,116,116,116,116,116,116,116,116,116,6890,24222,
927,116,116,116,116,116,116,116,116,116,116,116,116,116,116,116,116,116,116,5515,116,
928,116,116,116,116,116,7790,116,116,116,116,116,116,116,116,116,116,116,116,23738,116,
929,116,116,116,116,116,116,116,116,116,116,116,116,116,116,116,116,116,116,116,116,
930,116,116,116,116,116,116,116,116,116,116,116,116,116,116,116,116,116,116,54688,27429,
931,116,116,116,116,116,116,116,116,116,116,116,116,116,116,116,116,116,116,8971,59009,
932,116,116,116,116,116,116,116,116,116,116,116,116,116,116,116,116,116,116,40763,41822,
933,116,116,116,116,116,116,116,116,116,116,116,116,116,116,116,116,116,116,116,10497,
934,116,116,116,116,116,116,116,116,116,116,116,116,116,116,116,116,116,116,116,116,
935,116,116,116,116,116,116,116,116,116,116,116,116,116,116,116,116,116,116,116,44428,
936,116,116,116,116,116,116,116,116,116,116,116,116,116,116,116,116,116,116,34255,116,
937,116,116,116,116,116,116,116,116,116,116,116,116,116,116,116,116,116,116,116,116,
938,116,116,116,116,116,116,116,116,116,116,116,116,116,116,116,116,116,116,33678,27886,
939,116,116,116,116,116,116,116,116,116,116,116,116,116,116,116,116,116,116,116,38438,
940,116,116,116,116,116,116,116,116,116,116,116,116,116,116,116,116,116,116,116,22873,
941,116,116,116,116,20883,116,116,116,116,116,116,116,116,116,116,116,116,116,36713,116,
942,116,116,116,116,116,116,116,116,116,116,116,116,116,116,116,116,116,116,116,16385,
943,116,116,116,116,116,116,116,116,116,116,116,116,116,116,116,116,116,116,116,37405,
944,116,116,116,116,116,116,116,116,116,116,116,116,116,6800,116,116,116,116,116,37577,
945,116,116,116,116,116,116,116,116,116,116,116,116,116,116,116,116,116,5301,116,14187,
946,116,116,116,116,116,116,116,116,116,116,116,116,116,116,116,116,116,116,35993,116,
947,116,116,116,116,116,116,116,116,116,116,116,116,116,116,116,116,116,116,116,57501,
948,116,116,116,116,116,116,116,116,116,116,116,116,116,116,116,116,116,116,28336,38017,
949,116,116,116,116,116,116,116,116,116,116,116,116,116,116,116,116,116,116,55085,21970,
950,116,116,116,116,116,116,116,116,116,116,116,116,116,116,116,116,116,12309,36099,8244,
951,116,116,116,116,116,116,116,116,116,116,116,116,116,116,116,116,116,116,116,34327,
952,116,116,116,116,116,116,116,116,116,116,116,116,116,116,116,116,116,116,34130,38540,
953,116,116,116,116,116,116,116,116,116,116,116,116,116,116,116,116,116,116,18543,116,
954,116,116,116,116,116,116,116,116,116,116,116,116,116,116,116,116,116,116,11644,116,
955,116,116,116,116,116,116,116,116,116,116,116,116,116,116,116,116,116,116,116,27345,
956,116,116,116,116,116,116,116,116,116,116,116,116,116,116,116,116,116,116,28095,20440,
957,116,116,116,116,116,116,116,116,116,116,116,116,116,116,116,116,116,116,14302,13064,
958,116,116,116,116,116,116,116,116,116,116,116,116,116,116,116,116,116,116,116,35646,
959,116,116,116,116,116,116,16550,116,116,116,31630,116,116,116,116,116,116,116,116,49178,
960,116,116,116,116,116,3092,116,116,116,116,116,116,116,116,48225,116,116,18465,19390,15397,
961,116,116,116,116,116,116,116,116,116,116,116,116,116,116,116,116,116,116,21970,7736,
962,116,116,116,116,116,116,116,116,116,116,116,116,116,116,116,116,116,116,11278,116,
963,116,116,116,116,116,116,116,116,116,116,116,116,116,116,116,116,116,116,3022,44764,
964,116,116,116,116,116,116,116,116,116,116,116,116,116,116,116,116,116,116,116,2427,
965,116,116,116,116,116,116,116,116,116,116,116,116,116,116,116,116,116,116,32627,18752,
966,116,116,116,116,116,116,116,116,116,116,116,116,116,116,116,116,116,116,116,51435,
967,116,116,116,116,116,116,116,116,116,116,116,116,116,116,116,116,116,116,116,116,
968,116,116,116,116,116,116,116,116,116,116,116,116,116,116,116,116,116,116,116,47492,
969,116,116,116,116,116,116,116,116,116,116,116,116,116,116,116,116,116,116,116,116,
970,116,116,116,116,116,116,116,116,116,116,116,116,116,116,116,116,116,116,14250,22740,
971,116,116,116,116,116,116,116,116,116,116,116,116,116,116,116,116,116,116,43932,116,
972,116,116,116,116,116,116,116,116,116,116,116,116,116,116,116,116,116,116,12925,26727,
973,116,116,116,116,116,116,116,116,116,116,116,116,116,116,116,116,116,116,116,116,
974,116,116,116,116,116,116,116,116,116,116,116,116,116,116,116,116,116,116,18770,43886,
975,116,116,116,116,116,116,116,116,116,116,116,116,116,116,116,116,116,116,2198,116,
976,116,116,116,116,116,116,116,116,116,116,116,116,116,116,116,116,116,116,28694,116,
977,116,116,116,116,116,116,116,116,116,116,116,116,116,116,116,116,116,116,6954,116,
978,116,116,116,116,116,116,116,116,116,116,116,116,116,116,116,116,116,116,116,46019,
979,116,116,116,116,116,116,116,116,116,116,116,116,116,116,19242,116,116,116,116,116,
980,116,116,116,116,116,116,116,116,116,116,116,116,116,116,116,116,116,116,116,116,
981,116,116,116,116,116,116,116,116,116,116,116,116,116,116,116,116,116,116,4825,15193,
982,116,116,116,116,116,116,116,116,116,116,116,116,116,116,116,116,116,116,116,49141,
983,116,116,116,116,116,116,116,116,116,116,116,116,116,116,116,116,116,116,116,40751,
984,116,116,116,116,116,116,116,116,116,116,116,116,116,116,116,116,116,116,30927,50070,
985,116,116,116,116,116,116,116,116,116,116,116,116,116,116,116,116,116,116,116,116,
986,116,116,116,116,116,116,116,116,116,116,116,116,116,116,116,116,116,116,116,116,
987,116,116,116,116,116,116,116,116,116,116,116,116,116,116,116,27907,116,116,18537,15502,
988,116,116,116,116,116,116,116,116,116,116,116,116,116,116,116,116,116,116,43997,43608,
989,116,116,116,116,116,116,116,116,116,116,116,116,116,116,116,116,116,116,40330,39704,
990,116,116,116,116,11263,116,116,116,116,16995,116,116,116,116,116,116,116,116,26087,116,
991,116,116,116,116,116,116,116,116,116,116,116,116,116,116,116,116,116,116,116,116,
992,116,116,116,116,116,116,116,116,116,116,116,116,116,116,116,116,116,116,116,116,
993,116,116,116,116,116,116,116,116,116,116,116,116,22378,116,116,116,116,116,42581,13398,
994,116,116,116,116,116,116,116,116,116,116,116,116,116,116,116,116,116,116,39608,116,
995,116,116,116,116,116,116,116,116,116,116,116,116,116,116,116,116,116,116,32591,31622,
996,116,116,116,116,116,116,116,116,116,116,116,116,116,116,116,116,116,116,48173,31634,
997,116,116,116,116,116,116,116,116,116,116,116,116,116,116,116,116,116,116,40599,9724,
998,116,116,116,116,116,116,116,116,116,116,116,116,116,116,116,116,116,116,116,13348,
999,116,116,12733,15741,116,116,116,116,116,116,116,116,116,116,116,116,116,116,12370,116,
1000,116,116,116,116,116,116,116,116,116,116,43919,116,116,116,116,116,116,116,116,7070,
