1,12756,15686,48650,22423,37664,26776,25432,44645,7167,48060,38926,45772,17174,12636,12491,13852,40060,24656,9455,14820,
2,7167,7167,1239,3891,1732,414,4399,1885,992,2004,14135,17071,8706,15782,6054,17063,27286,4687,16709,1346,
3,414,414,1239,1612,992,5603,992,1150,326,992,9301,280,17395,1254,15067,4467,2711,9823,33418,18390,
4,280,280,992,992,414,414,5755,2975,1150,414,21462,41641,15769,414,27465,47879,20606,3812,6744,46594,
5,280,280,515,1191,414,5827,414,414,280,2006,41391,5173,36270,24005,33891,5823,4621,18297,2872,43251,
6,280,280,280,1134,10296,414,1171,414,414,15155,12697,39790,31900,14343,18221,10720,13426,4846,14715,6236,
7,280,280,280,17470,414,414,414,414,280,280,3793,43195,15116,1958,1913,6957,4653,25508,280,280,
8,280,280,280,280,280,280,280,280,280,280,21249,17929,280,280,16213,280,280,31411,17423,17881,
9,280,280,280,280,280,280,280,280,280,280,26370,280,20122,280,49989,26642,17791,55689,12973,10957,
10,280,280,280,280,280,280,280,280,280,280,280,8070,5384,19564,280,6343,53227,21668,51173,23574,
11,280,280,280,280,280,280,280,280,11642,280,1278,280,3970,34613,280,25327,280,280,28047,11545,
12,280,280,280,280,280,280,280,280,280,280,280,31450,310,38344,5695,280,280,280,36841,39944,
13,280,280,280,280,280,280,583,280,280,280,10486,280,28886,36727,9206,4017,280,35815,5487,17956,
14,280,280,280,280,280,280,280,280,280,280,3473,35154,29559,42496,7542,222,2019,24812,17004,21743,
15,222,280,280,280,280,222,280,280,280,222,40265,222,222,280,6625,38959,21020,9929,31754,222,
16,222,222,222,222,222,222,222,222,222,7479,222,28027,31834,222,15813,48024,1147,25863,33193,22637,
17,222,222,222,222,222,222,222,222,222,222,15580,222,38200,53029,26404,43274,222,222,15083,222,
18,222,222,222,222,222,222,222,222,222,222,222,12675,53072,23740,29784,222,53274,42198,222,51705,
19,222,222,222,222,222,222,222,222,222,222,51105,10825,5196,37862,222,13044,222,28337,37145,5452,
20,222,222,222,222,222,222,222,222,222,222,24624,4555,222,222,29914,42331,19877,35106,30292,2280,
21,222,222,222,222,222,222,222,222,222,222,222,13023,222,41423,14867,23809,222,8432,34451,16137,
22,222,222,222,222,222,222,222,222,222,222,50595,222,34410,33347,44727,26372,29770,33632,222,42965,
23,222,222,222,222,222,222,222,31163,222,222,222,222,8261,29130,222,222,31203,37624,5769,19973,
24,222,222,222,222,222,222,16209,222,222,222,222,222,41779,22454,40946,222,222,222,33345,39322,
25,222,222,222,222,222,222,222,222,222,222,222,222,23235,222,39272,222,222,222,222,222,
26,222,222,222,222,222,222,222,222,222,222,24730,23071,31068,44985,56668,222,222,12453,222,13425,
27,222,222,222,222,222,222,222,222,222,222,53443,43821,222,15410,59593,2151,222,3828,57446,13032,
28,222,222,222,222,222,51280,222,222,222,222,222,55811,222,22414,222,54804,24131,222,22788,222,
29,222,222,222,222,222,222,222,222,222,222,222,27303,42139,46550,33401,222,222,54268,222,58224,
30,222,222,222,222,222,222,222,222,222,222,33971,49524,22177,222,31929,4509,36630,35021,222,52998,
31,222,222,222,222,222,222,222,222,222,222,222,222,222,5794,11874,222,23218,12755,222,28901,
32,222,222,222,222,222,222,222,222,222,222,29829,1541,32561,222,16490,28969,222,222,222,47643,
33,222,222,222,222,222,222,222,222,222,222,222,222,38659,28960,222,222,34340,30423,53967,15134,
34,222,222,222,222,222,222,222,222,222,222,47307,37078,222,23011,1032,27137,29390,222,222,55333,
35,222,222,222,222,222,222,222,222,222,222,35625,222,222,27042,222,222,53956,7315,8598,222,
36,222,222,222,222,222,222,222,222,222,222,34394,26254,14598,28872,222,44486,46273,11468,222,46649,
37,222,222,222,222,222,222,222,222,222,222,27520,222,222,222,395,13292,222,5920,6726,222,
38,222,222,222,222,222,222,222,222,222,222,222,26541,39009,222,42811,10387,222,13900,222,7041,
39,222,222,222,222,222,222,222,222,222,222,222,222,222,3939,28002,222,25337,58255,14890,222,
40,222,222,222,222,222,222,222,222,222,222,27383,222,35678,45995,24090,47645,58787,21841,222,24421,
41,222,222,222,222,222,222,222,222,222,222,3267,46768,41916,222,37175,222,32300,18228,52144,14913,
42,222,222,222,222,222,222,222,222,2138,222,11907,22285,32405,222,222,222,222,22498,27493,50262,
43,222,222,222,222,222,222,222,222,222,222,31106,54462,16218,42463,27871,222,20177,51110,36925,40851,
44,222,222,222,222,222,222,222,222,222,222,222,222,222,10701,54811,20823,222,27103,49462,32220,
45,222,222,222,222,222,222,222,222,222,222,220,39852,2051,16688,36004,47787,54403,18160,21503,222,
46,220,222,222,222,222,222,220,222,222,222,222,42415,46087,222,16889,49739,13086,222,222,15230,
47,220,220,222,222,222,222,220,222,222,222,18698,27335,10748,13169,17222,222,33841,20743,222,222,
48,220,220,220,220,222,222,222,220,220,222,47963,23235,25534,20553,24301,50825,45914,222,44394,220,
49,220,220,220,220,220,220,220,220,220,222,20471,23016,42305,54671,220,4414,51134,43877,220,46644,
50,220,220,220,220,220,220,220,220,220,220,220,44127,6737,220,222,36538,220,220,44242,28458,
51,220,220,220,220,220,220,220,220,220,220,50567,220,16032,220,220,19489,42416,36645,6706,11720,
52,220,220,25829,220,220,220,220,220,220,220,4730,13432,220,11975,25919,6204,10753,33780,40612,13481,
53,220,220,220,220,220,220,220,220,220,220,13628,1530,24722,19326,3623,8996,7589,220,220,6982,
54,220,220,220,220,220,220,220,220,220,220,12971,51205,15511,14667,220,220,34082,12390,1726,8987,
55,220,220,850,220,220,220,220,220,220,220,13150,53848,220,13802,1955,7978,31166,3560,220,22263,
56,220,220,220,220,220,220,220,220,220,220,27408,3182,784,16280,220,27354,18276,21649,32198,25344,
57,220,220,220,220,220,220,220,220,220,220,9673,25897,16446,220,32252,220,15162,2874,14904,1669,
58,220,220,220,220,220,220,8282,220,220,220,43474,20601,8147,21290,11011,220,10597,52520,8859,36543,
59,220,220,220,220,220,220,220,220,220,220,18402,218,13644,18773,27931,220,8077,4725,220,44995,
60,218,220,218,220,220,220,220,220,220,220,4080,32215,1434,23043,2879,2311,4408,9825,38810,27676,
61,218,218,218,4417,218,220,220,220,218,220,47387,220,6767,35606,11697,13243,220,982,11393,5959,
62,218,218,220,220,218,1212,220,218,218,33542,218,26704,220,6882,46969,58466,24821,218,220,1469,
63,218,218,218,218,218,220,218,218,220,218,4103,43493,20125,2543,10372,11795,39603,218,1553,7794,
64,218,218,218,220,218,218,218,218,218,218,18279,14479,16054,218,10915,218,35747,49568,34978,222,
65,218,218,218,218,218,218,218,218,218,218,34352,58065,27505,222,44999,56847,19835,222,218,29083,
66,218,218,218,218,218,222,222,218,218,218,21770,18715,32592,22922,222,31634,31507,20857,30306,36157,
67,218,218,218,218,218,218,218,218,218,218,48064,36148,37099,9108,222,11863,17705,814,218,21554,
68,218,218,21019,218,218,218,218,218,218,218,20116,3437,30852,49542,22715,20915,10848,218,274,218,
69,218,218,218,218,218,218,218,218,218,218,10329,43868,50805,33961,17365,35356,218,218,7724,14442,
70,218,218,218,218,218,218,218,218,218,218,9963,1452,14486,25994,218,18948,44027,7047,17176,218,
71,218,218,218,218,218,218,218,218,218,218,24600,18487,32285,4421,17329,32745,20082,28482,28341,33376,
72,218,218,218,3680,218,218,218,218,218,9044,218,38961,45991,218,218,29284,13250,1641,9143,19029,
73,218,218,218,218,218,218,218,218,218,218,218,32416,28311,23713,36165,37730,218,33040,6401,16781,
74,218,218,218,218,218,218,218,218,218,218,36728,20636,218,53486,35466,17863,263,1838,3726,47769,
75,218,218,218,218,218,218,218,218,218,218,2592,218,20824,218,9932,287,25644,11538,218,18447,
76,218,218,218,218,218,218,218,218,218,218,48499,218,218,2659,19988,6562,218,218,218,31720,
77,218,218,218,218,218,218,218,218,218,5340,42827,218,2417,7570,5213,39422,16327,2581,14975,47649,
78,218,218,218,218,218,218,218,1178,218,218,16963,47227,31095,46656,1580,22163,1527,35981,218,33130,
79,218,218,218,218,218,218,218,218,218,218,26856,12221,20683,222,40404,42530,218,10881,222,12921,
80,218,218,218,20630,1182,218,218,218,218,218,10385,17782,32502,218,28094,218,218,5313,38401,3204,
81,218,218,218,218,218,218,218,218,11198,218,2643,218,218,7323,218,222,3162,24086,1198,18700,
82,218,218,218,218,218,218,218,218,218,218,28108,14663,6774,3508,27363,6798,48265,2877,53281,25048,
83,218,218,10185,218,218,218,218,218,218,218,11096,15964,3128,10569,11457,27757,45316,6793,19407,3399,
84,218,218,218,218,218,218,218,218,218,218,218,52276,6880,15541,1083,5517,10349,218,15206,27872,
85,218,218,218,218,218,218,218,218,218,218,31961,3943,9956,1464,7846,1361,51360,18217,1090,8989,
86,218,218,218,218,218,820,1762,218,218,1361,18266,48281,40344,9509,26592,23199,29141,16099,1501,218,
87,218,218,218,218,218,820,218,218,218,218,35430,6483,13164,218,7016,21471,25777,1593,8312,218,
88,218,218,218,218,218,218,218,218,218,218,218,44130,3908,58224,43327,1212,1898,30783,14602,8789,
89,218,218,218,218,450,218,218,218,218,218,6989,222,10897,20200,26895,2788,1471,8051,29458,6546,
90,218,218,218,218,218,218,218,218,218,218,218,45227,53911,17068,9919,34716,222,25869,43500,25230,
91,218,218,218,218,218,218,218,218,218,218,37537,2582,15223,5571,32835,218,218,1938,8447,24599,
92,218,218,218,218,218,218,218,218,218,218,218,28926,2463,1269,33104,4432,218,1502,2608,10499,
93,218,218,218,218,218,218,218,218,218,218,5154,10009,17707,13534,16069,7283,2833,1070,12679,26780,
94,218,218,218,218,218,218,218,218,218,218,23962,7463,218,29834,14010,5783,279,218,25593,7689,
95,218,218,218,218,218,218,218,218,218,218,23455,43852,16050,34955,32833,34389,7093,24171,218,2359,
96,218,218,218,218,218,218,218,218,9798,218,56582,22669,15589,4108,218,7532,6782,26950,6155,30471,
97,218,218,218,218,218,218,218,218,218,218,10881,16032,14410,22091,9821,7176,4007,11855,12231,11751,
98,218,218,218,218,218,218,218,218,218,218,10185,16545,13817,24393,9450,218,12072,34786,218,23116,
99,218,218,218,218,218,218,218,218,218,218,26577,2334,14985,23318,44474,218,2802,22574,21041,4332,
100,218,218,218,218,218,218,218,218,218,218,218,35930,218,10047,15461,26295,5902,13936,11433,11206,
101,218,218,218,218,218,218,218,218,218,218,14412,25372,17052,44783,52390,46766,26727,970,35916,10372,
102,218,218,218,218,218,218,218,218,218,218,218,5892,218,12552,27243,1615,218,6206,16514,25632,
103,218,218,218,218,218,218,218,218,218,218,22157,218,40570,18885,27139,218,43662,7234,23199,5476,
104,218,218,218,218,218,218,218,218,218,218,18528,39230,11851,45006,37037,29210,3928,218,22148,36369,
105,218,218,218,218,218,218,218,218,218,218,4062,218,19282,12104,37701,5425,26619,5272,8623,23085,
106,218,218,218,10931,218,218,218,218,218,218,17349,21163,8425,16344,45583,32390,38845,22063,11452,16412,
107,218,218,218,218,218,218,218,218,218,218,35273,218,218,46376,38695,3113,5259,29843,222,42027,
108,218,218,218,218,3030,218,218,218,218,218,4605,12587,31106,13578,16101,218,16339,33760,21663,48595,
109,218,218,218,9746,218,218,218,218,218,218,27281,21360,405,8533,7733,47423,22529,18202,23359,22852,
110,218,218,218,218,218,218,218,218,218,218,18340,27721,32356,34243,11107,218,28503,2093,8541,218,
111,218,218,218,218,218,218,218,218,218,218,482,32985,218,2875,9469,23474,10868,218,42240,33426,
112,218,218,218,218,218,218,31780,218,218,218,18818,8529,11029,24169,47268,28751,33549,18887,218,218,
113,218,218,218,218,218,218,218,218,218,218,19504,218,27721,28911,27900,11354,28544,44590,21967,34537,
114,218,218,218,218,218,218,218,218,218,218,36048,38237,3432,547,218,218,45722,30552,16145,27216,
115,218,218,218,218,218,218,218,218,218,218,45251,36240,37934,51247,21753,2536,36419,36248,218,18258,
116,218,218,218,218,218,218,218,218,218,218,218,13280,30509,10099,10198,5746,218,24363,218,12088,
117,218,218,218,218,218,218,218,218,218,218,44058,3553,29241,13584,218,51881,7767,44407,800,5446,
118,218,218,218,218,218,218,218,218,218,218,6531,41988,15012,13697,3966,32857,2306,33081,222,218,
119,218,218,218,218,218,218,218,218,218,218,56424,27150,17439,25710,31139,8370,13816,27430,18307,218,
120,218,218,218,218,218,218,218,218,218,218,218,38488,44127,10286,27952,19993,3852,50793,21904,40799,
121,218,218,218,218,218,218,218,218,218,218,24537,19708,28329,218,218,28546,50287,44293,58832,28740,
122,218,218,218,218,218,28740,218,218,218,218,28519,27075,218,218,11366,23200,23625,47768,5517,37033,
123,218,218,218,218,218,218,218,218,218,218,30127,22693,13688,17851,31369,3010,4943,218,4628,57640,
124,218,218,218,218,218,218,218,218,218,218,40690,218,32976,12817,16095,30917,222,3362,3089,222,
125,218,218,9947,218,218,218,218,218,218,218,11217,218,218,30872,53772,2964,39381,19754,28463,3322,
126,218,218,218,218,218,218,218,218,218,218,18858,10077,12626,6400,218,40714,16108,4431,29028,218,
127,218,218,218,218,1331,218,218,218,218,218,29227,5961,4866,32166,3619,16574,29842,27983,7511,40473,
128,218,218,28001,218,218,218,218,218,218,218,21025,36404,9127,218,218,3933,35067,9369,10887,9597,
129,218,218,218,218,218,218,218,218,218,9369,28782,218,7668,24290,8396,28380,3446,6560,18117,32310,
130,218,218,218,218,218,218,218,218,218,218,2094,10332,218,48171,10370,3462,28753,16526,38078,18627,
131,218,218,218,218,8105,218,218,218,218,218,218,218,38520,52047,5389,27596,10647,21352,46510,4136,
132,218,218,218,218,218,218,218,218,218,218,28138,11768,218,41108,15103,15314,8503,218,34092,218,
133,218,218,13554,218,218,218,218,218,218,218,21640,218,218,32266,3029,10070,22122,5661,7535,9606,
134,218,218,218,218,218,218,218,218,218,218,11800,4014,218,218,25303,27103,20175,583,28987,48765,
135,218,218,218,218,218,218,218,218,218,218,26823,6750,22857,36679,20326,9552,30271,10390,8060,19604,
136,218,218,218,218,218,218,218,218,218,218,47252,218,31890,42444,6351,17676,4896,451,11829,5946,
137,218,218,218,218,218,218,2417,218,218,218,23387,41821,20492,21039,1109,29567,571,42646,11881,25658,
138,218,218,218,218,218,218,218,218,218,218,36206,21410,7222,34632,4294,13211,17626,36566,218,17127,
139,218,218,263,218,218,218,218,218,222,218,45896,34517,57009,218,25748,51887,31630,9607,27494,218,
140,218,218,218,218,218,218,218,218,218,218,218,218,55687,47491,218,5830,10432,16725,37816,4109,
141,218,218,218,218,218,218,13643,218,218,218,39611,2732,43549,222,218,218,23542,3702,33785,2618,
142,218,218,218,218,218,218,218,218,218,218,4949,21294,23871,49925,17186,2413,218,3369,1728,39538,
143,218,218,218,218,218,218,218,218,218,218,218,218,29226,46212,35577,26293,12074,218,218,7720,
144,218,218,218,218,218,218,218,218,218,218,40923,2981,15452,9391,5409,29665,218,23066,42057,218,
145,218,218,218,218,218,218,218,218,218,218,38403,27850,8103,218,2969,42199,218,218,22214,2961,
146,218,218,218,218,218,218,218,218,218,218,9389,26253,218,43869,16103,36384,218,38083,35612,218,
147,218,218,218,218,218,218,218,218,218,15352,37649,22503,44962,20521,53647,18320,13303,23761,18988,4479,
148,218,218,218,218,218,218,218,218,218,218,19276,41108,38094,5283,14782,11691,30520,218,47414,218,
149,218,218,218,218,218,218,13558,218,218,218,218,38608,28492,32543,3152,26629,14858,1707,16584,3215,
150,218,218,218,218,218,218,218,218,218,218,1945,26343,3960,22862,19604,40485,27115,222,34299,14831,
151,218,218,218,218,7695,218,218,218,218,588,1904,25618,5324,27819,218,16516,218,5659,35302,19322,
152,218,218,218,218,218,218,218,218,218,218,16071,5991,22298,12887,53228,35270,5573,218,5545,44827,
153,218,218,218,218,218,218,218,218,218,218,55976,9210,11435,16056,218,13512,54815,36264,14624,12561,
154,218,218,218,218,218,218,218,218,218,218,218,218,2706,6977,37435,16861,12482,47643,14189,7675,
155,218,218,218,218,218,218,218,218,218,218,47759,8950,218,218,23628,16196,29374,33744,3733,6715,
156,218,218,218,218,218,218,218,218,218,218,40421,18745,15902,2174,52330,218,23643,25592,20577,6135,
157,218,218,218,27721,218,218,218,218,218,218,41589,5061,6530,47009,22847,9742,35327,5052,11551,19598,
158,218,218,218,218,218,218,218,5169,218,218,39704,17349,35602,218,16865,32585,9385,36600,32433,29634,
159,218,218,218,218,218,218,218,218,218,218,218,42338,38066,17578,2723,3319,22138,24573,13028,40864,
160,218,218,218,218,218,218,218,218,218,218,5721,13173,26968,51935,47248,39829,13413,44698,21353,48718,
161,218,218,13847,218,218,218,218,218,218,218,23006,14898,24040,218,20343,37499,22442,47866,218,218,
162,218,218,218,218,218,218,218,218,218,218,9971,8618,11429,218,26977,31865,12726,2571,218,2405,
163,218,218,218,218,218,218,218,218,218,218,33533,4086,218,218,222,218,218,40877,5568,218,
164,218,218,218,218,218,218,17153,218,218,218,28160,22062,13277,38174,42570,24249,29785,11708,16332,25275,
165,218,218,218,9548,9548,218,218,218,218,218,27974,218,41606,13193,22066,3937,218,12181,36469,2706,
166,218,218,218,218,218,218,218,218,218,218,10097,12450,10830,7037,35770,43182,28075,2683,29874,9355,
167,218,218,218,218,218,218,218,218,218,218,2207,26642,218,15983,2551,218,17695,1852,7612,23598,
168,218,218,218,218,218,218,218,218,218,218,20284,15288,47936,7391,218,1030,218,47959,36591,218,
169,218,218,218,218,218,3345,218,218,218,37362,218,24780,31572,51549,6489,4812,39429,16924,3643,218,
170,218,218,218,218,218,218,218,218,218,218,39606,13617,34947,18562,22297,24197,13007,41224,33479,5649,
171,218,218,218,218,218,218,218,218,218,218,32238,29081,5206,218,48830,3628,33026,218,18332,218,
172,218,218,218,218,218,218,218,218,218,218,6352,218,29288,17279,31511,31734,8945,9083,13274,48350,
173,218,218,218,218,2484,218,218,15881,218,218,7190,11485,50511,25233,23101,32015,20709,23873,23861,4100,
174,218,218,218,218,218,218,218,218,218,218,46567,218,59335,26029,25552,9388,43323,218,17677,4540,
175,218,218,218,218,218,218,218,218,218,218,46946,8957,10928,839,24324,1006,17288,11185,38599,1008,
176,218,218,218,218,218,218,218,218,218,218,1433,12521,28075,222,2008,39592,6005,7778,222,218,
177,218,218,218,222,218,222,218,218,218,218,222,28095,40000,4412,10625,218,222,13397,222,38855,
178,218,218,218,218,222,218,218,218,218,218,27683,25983,218,34786,21622,218,11501,222,3386,2272,
179,218,218,218,54693,218,218,15717,218,218,218,25307,222,35685,107,3572,16744,6523,891,218,33304,
180,107,218,218,218,107,218,107,218,218,218,30780,218,35164,107,32811,21187,31169,5516,218,218,
181,107,107,107,107,218,107,218,107,107,218,27417,9293,19471,4604,18142,44286,35618,14506,25358,218,
182,107,107,107,107,107,107,107,107,107,107,18155,28473,25854,28024,23449,36302,27480,107,107,19661,
183,107,107,107,107,107,107,107,107,107,107,107,19154,107,18920,40903,30190,43034,36814,107,107,
184,107,107,107,107,107,107,107,107,107,107,31404,18529,37164,31781,107,27065,107,36561,41957,107,
185,107,107,107,107,107,107,107,107,107,107,40573,39365,39711,40930,107,107,9478,107,35171,23453,
186,107,107,107,107,107,107,107,107,107,107,41633,107,38165,28519,42820,17510,35454,18347,38982,20272,
187,107,107,24726,107,107,107,107,107,107,107,13061,35160,107,23948,107,107,107,40305,50174,9259,
188,107,107,107,107,107,107,107,107,107,107,107,51223,107,12266,107,39723,1612,107,27871,5433,
189,107,107,107,107,107,107,107,107,107,107,107,27913,107,107,107,39912,44350,44843,107,107,
190,107,107,107,107,107,107,107,107,107,107,9502,37907,107,29855,15804,48582,107,43374,37237,9633,
191,107,107,107,10489,107,107,107,107,107,107,2630,57366,23731,36277,37869,107,16746,28574,39439,107,
192,107,107,107,107,107,107,107,107,107,107,107,500,107,107,19429,107,107,31363,24488,32032,
193,107,107,107,500,107,107,107,107,107,107,107,107,56608,16868,7798,37568,107,107,24044,26176,
194,107,107,107,107,107,107,107,107,107,107,107,55449,41046,46597,32084,107,10735,11195,19633,107,
195,107,107,107,107,107,107,107,107,107,107,18471,48389,107,107,35172,18784,107,46868,448,48691,
196,107,107,107,107,107,107,107,107,107,23309,46132,30857,49201,23267,22744,41259,34957,34798,107,107,
197,107,107,107,107,107,107,107,107,107,107,29714,107,29420,107,36573,36262,51443,34978,27673,21611,
198,107,107,107,107,45176,107,107,107,107,107,107,35182,47385,32564,107,29412,24004,107,46231,107,
199,107,107,107,107,107,107,22925,107,107,107,33836,107,107,21079,107,34952,107,22656,47663,35525,
200,107,107,107,107,107,107,107,107,107,107,23847,41239,26682,44864,56658,107,107,107,20038,13817,
201,107,107,107,107,107,107,107,107,107,107,107,41662,3831,16589,39984,51418,58849,107,107,107,
202,107,107,107,107,107,107,107,107,107,107,19195,17784,24844,45617,32757,10502,53687,48618,45757,8728,
203,107,107,1183,107,107,107,107,107,107,107,44321,34456,107,10715,1520,4274,40588,31544,33914,3065,
204,107,107,107,107,107,107,107,107,107,107,107,11948,11586,107,19442,107,107,107,24843,57240,
205,107,107,107,107,107,107,107,107,107,107,107,107,33844,107,5997,43646,15958,46817,107,234,
206,107,107,107,107,107,107,107,107,107,107,3011,31731,32370,107,55176,107,15157,15359,45810,107,
207,107,107,107,107,107,107,107,107,15781,107,27291,107,107,107,45294,23978,33544,107,107,41316,
208,107,107,107,107,107,107,15524,107,107,107,12979,16898,107,6146,107,107,107,107,28695,33481,
209,107,107,107,107,107,107,107,107,107,107,54981,32185,11952,107,31374,43536,107,5923,107,47329,
210,107,107,107,107,107,107,107,107,107,107,45445,32253,27671,50704,30931,107,2892,107,40108,36199,
211,107,107,107,107,107,107,107,107,107,107,20159,107,13960,28709,43970,28259,4304,107,107,107,
212,107,107,107,107,107,107,107,107,107,107,28961,42043,34802,107,51004,43419,13203,44657,107,107,
213,107,107,107,107,107,6461,107,107,107,107,107,42289,107,14005,58470,27964,27263,26437,44641,107,
214,107,107,107,107,107,107,107,107,107,107,12561,22931,21073,107,7626,107,53253,107,23328,35462,
215,107,107,107,107,107,107,107,107,107,107,107,32191,19445,39451,40242,13975,31288,27532,15906,31967,
216,107,107,107,107,107,107,107,107,107,107,41598,25028,107,27645,107,36674,24588,107,25382,107,
217,107,107,107,107,107,107,107,107,107,107,1790,46720,107,107,45066,47798,56235,32365,47669,107,
218,107,107,107,107,107,107,107,107,107,22453,36324,107,37745,937,23146,35650,24610,48069,107,107,
219,107,107,107,107,107,107,107,107,107,107,107,44111,28673,6954,17175,107,32289,107,37254,34384,
220,107,107,107,107,107,107,107,107,107,107,10251,107,18877,107,24544,10606,21197,18586,7097,21686,
221,107,107,107,107,107,107,26203,107,107,107,8259,44985,23316,107,8914,107,107,45691,41776,33555,
222,107,107,107,107,107,107,107,107,107,107,43319,3986,7307,107,34543,32143,15877,107,107,31656,
223,107,107,107,107,107,107,107,107,107,107,33590,46400,5211,19631,56711,107,49654,20927,39522,55959,
224,107,107,107,107,107,107,107,107,107,107,24452,107,107,33148,46330,7691,31000,107,50159,54108,
225,107,107,107,107,107,107,107,107,107,107,47896,31236,41222,20720,20626,25234,46838,33731,107,30691,
226,107,107,107,107,107,107,107,107,107,107,22449,10821,28819,8768,33399,39978,107,40967,107,107,
227,107,107,107,107,7373,107,107,107,107,107,12125,107,40203,107,107,23846,1278,28835,12630,49370,
228,107,107,107,107,107,107,107,107,107,107,25992,10079,38382,30723,27309,1566,39038,107,33910,107,
229,107,107,107,107,107,107,107,107,107,107,37768,33737,53348,30999,107,42256,44759,45950,44609,42655,
230,107,107,107,107,107,107,107,107,107,107,16628,29865,16742,107,107,107,47661,107,33718,6079,
231,107,107,107,107,107,2397,107,107,107,107,40378,20996,45984,28520,107,107,25511,45416,40470,50004,
232,107,107,107,107,107,107,107,107,107,107,37577,4311,48251,22839,107,47988,46866,38247,32968,36411,
233,107,107,107,107,107,107,107,107,107,107,50269,50294,107,41310,47404,107,107,107,107,32418,
234,107,107,107,107,107,107,107,107,107,107,44526,15665,55810,107,107,107,41675,107,17910,107,
235,107,107,107,107,107,107,107,107,107,107,34253,107,24912,107,4236,37562,107,34851,14897,40945,
236,107,107,107,107,107,107,107,107,107,107,107,4058,107,57200,45952,36795,107,35232,33478,35009,
237,107,107,107,107,107,107,107,107,107,107,25065,107,107,31963,42666,107,17641,48894,53641,107,
238,107,107,107,107,107,107,107,107,107,107,44807,48378,39477,107,107,18519,8368,107,11148,33571,
239,107,107,107,107,107,107,107,107,107,107,107,58848,18764,13544,16742,16500,41703,4669,29972,37654,
240,107,107,107,107,107,107,107,107,107,107,21915,107,46475,34994,9235,107,18700,43260,39494,107,
241,107,107,107,107,107,107,107,107,107,107,107,40254,107,32331,34564,16510,49404,7836,30024,43774,
242,107,107,107,107,107,107,107,107,107,107,107,41246,21114,107,24555,15067,8865,40467,107,107,
243,107,107,107,107,107,107,107,107,107,107,54186,107,57189,12098,44407,56311,107,10458,51146,107,
244,107,107,107,107,107,107,107,107,107,107,107,41484,10396,20907,45043,1958,107,107,18311,30315,
245,107,107,107,107,107,107,107,107,107,107,24414,107,18944,26644,23035,11126,107,107,29911,32967,
246,107,107,107,107,107,107,107,107,107,7144,14978,46765,13647,5425,23519,24066,107,38490,34584,21487,
247,107,107,107,107,107,107,107,107,107,107,49247,107,107,107,107,54385,107,107,107,41053,
248,107,107,107,107,107,2298,107,107,107,107,107,18211,36890,34266,8611,107,107,107,107,107,
249,107,107,107,107,107,107,107,107,107,107,57685,107,35317,10540,53171,22269,107,107,37730,40004,
250,107,107,107,107,107,107,107,107,107,107,12310,12281,21277,107,13022,3095,13829,29157,107,12325,
251,107,107,107,107,107,107,107,107,107,107,29355,33248,47172,36730,107,23811,107,7932,27180,38189,
252,107,107,107,107,107,107,107,107,107,107,107,107,107,32108,15234,107,107,35418,57475,107,
253,107,107,107,107,107,107,107,107,107,107,107,107,50464,5295,9438,27869,25968,45747,612,107,
254,107,107,107,107,107,107,107,107,107,107,107,13658,36384,26079,107,29865,107,23317,36975,16603,
255,107,107,107,107,107,107,107,107,107,107,35774,885,22920,6623,24196,25473,28973,6297,11568,107,
256,107,107,107,107,107,107,107,107,107,107,107,2285,15433,40086,15809,43438,107,10084,32648,107,
257,107,107,107,107,107,107,107,107,107,107,107,46650,51773,107,10176,44427,32158,54106,107,48722,
258,107,107,107,107,107,107,107,107,107,107,47183,38715,107,32983,107,7242,34902,39466,11447,57137,
259,107,107,107,107,107,107,107,107,107,107,36864,54602,107,39350,1405,107,45702,48441,26961,51633,
260,107,107,107,107,107,107,107,107,107,107,52816,107,107,40581,107,49232,50223,107,22023,107,
261,107,107,107,107,107,107,107,107,107,107,51367,107,107,13167,10847,41124,35440,107,107,40448,
262,107,107,107,107,107,107,107,107,107,107,20240,107,107,27037,16003,47272,52163,16611,107,35467,
263,107,107,107,107,107,107,107,107,107,107,7423,25319,107,46841,32906,107,46191,33991,107,58726,
264,107,107,107,107,107,107,107,107,107,7153,107,19963,107,44812,107,34064,49612,21062,107,107,
265,107,107,107,107,107,107,107,107,107,107,415,107,678,107,30315,107,45392,37702,47066,17449,
266,107,107,107,107,107,107,107,4383,107,107,107,22078,14796,55175,47960,20942,107,107,107,26860,
267,107,107,107,107,107,107,107,107,107,107,33766,107,107,107,107,11580,107,21787,50921,107,
268,107,107,107,107,107,107,107,107,107,107,33047,17153,16671,16262,35810,33195,40517,34993,51974,51456,
269,107,107,107,107,107,107,16104,107,39809,107,8454,12204,107,37504,30987,16564,13958,22583,39803,31794,
270,107,107,107,50572,107,107,107,107,107,107,107,18032,107,107,107,107,107,16015,10421,14250,
271,107,107,107,107,107,107,107,107,107,107,5298,107,25121,27374,4098,107,25876,107,33760,32895,
272,107,107,107,107,107,107,107,107,107,107,107,45024,57221,107,24965,52185,31477,47032,18607,39531,
273,107,107,107,107,107,107,107,107,107,107,39296,26585,222,43429,39612,35272,107,38686,20394,15304,
274,107,107,107,107,107,107,20119,107,107,107,45196,42018,28040,5325,107,38851,36395,107,611,107,
275,107,107,107,107,107,107,107,107,107,107,35653,107,48635,57257,44062,40062,107,45715,107,40715,
276,107,107,107,107,107,20462,107,107,107,2546,37474,107,107,107,46929,107,17130,8308,19518,37034,
277,107,107,107,107,107,18568,107,107,107,107,10279,107,107,39608,37627,107,25988,20672,27946,107,
278,107,107,107,107,18675,107,107,107,107,107,12060,33194,107,1503,17357,39511,20196,107,107,15823,
279,107,107,107,107,107,107,107,107,107,107,32466,19955,14319,45906,107,107,107,107,107,14139,
280,107,107,107,107,107,107,107,107,107,590,107,107,107,59660,23511,34821,15749,14721,107,53796,
281,107,107,107,107,107,107,107,107,107,107,36759,107,107,107,22992,42019,35291,20977,107,107,
282,107,107,107,107,107,107,20977,107,107,107,107,107,1036,107,107,52452,107,31047,24261,31201,
283,107,107,107,107,107,107,107,107,107,107,45714,3370,47519,47946,107,107,107,32635,51687,107,
284,107,107,107,107,107,107,107,107,107,107,8556,107,2188,30123,37113,24311,24977,38559,52395,22999,
285,107,107,107,107,107,107,107,107,107,107,107,20951,46111,16400,107,22801,19623,107,35235,34429,
286,107,107,107,107,107,107,107,107,107,107,35755,39127,107,20494,25881,40633,107,48450,107,41355,
287,107,107,107,107,107,107,107,107,107,107,107,107,795,39211,26361,107,107,19527,32006,31960,
288,107,107,107,107,107,107,107,107,107,107,107,6098,107,34112,107,48207,107,41781,35577,12202,
289,107,107,107,107,107,107,107,107,107,35623,54339,32854,22217,34541,16871,107,34844,51060,21770,107,
290,107,107,107,107,107,107,107,107,107,107,107,107,22635,107,107,56284,33827,107,48406,41372,
291,107,107,107,107,107,107,107,107,107,107,40258,107,107,39196,34995,44343,44255,26751,107,3233,
292,107,107,6241,107,35017,3222,107,107,107,107,4694,107,28062,107,107,37887,107,1122,7993,26799,
293,107,107,107,107,107,1153,107,107,107,107,107,43084,28167,1911,107,107,43491,107,33831,107,
294,107,107,107,107,107,107,107,107,107,107,107,107,107,30093,33705,16936,107,32081,38519,43933,
295,107,107,107,107,107,107,107,107,107,107,26439,5386,107,4628,107,44006,35445,21775,44380,107,
296,107,107,107,107,107,107,107,107,107,107,23807,27093,17212,107,107,33649,107,18257,107,16515,
297,107,107,107,107,107,107,107,107,107,107,41717,107,16977,40677,40491,12668,33648,44302,33922,47208,
298,107,107,107,107,107,107,107,107,107,107,11312,35963,41786,107,107,36120,12436,47801,107,107,
299,107,107,107,36461,107,41786,107,107,107,107,30657,31583,42972,27332,37084,107,42689,107,30613,46134,
300,107,107,107,107,107,107,107,107,107,107,15363,6527,39824,107,107,7042,107,51079,22130,42916,
301,107,107,107,107,107,107,107,107,107,107,12241,21640,30117,107,107,107,9073,12703,24592,283,
302,107,107,107,107,107,107,107,107,107,107,41707,37275,107,28672,107,22026,36486,50942,45296,37347,
303,107,107,107,107,107,107,107,107,107,107,107,107,36310,10420,49913,107,107,32499,20514,19051,
304,107,107,107,107,107,107,107,107,107,107,3456,47755,107,35733,19997,17084,35412,8200,38507,10900,
305,107,107,107,107,107,107,107,107,107,107,18590,25390,15121,33353,107,23391,24322,24555,107,34404,
306,107,107,107,107,107,107,107,107,107,107,107,107,107,57855,29784,107,107,8539,33134,107,
307,107,107,107,107,107,107,107,107,107,107,107,15931,26155,107,48278,27048,107,107,15723,31943,
308,107,107,107,107,107,107,107,107,107,107,9864,107,42022,107,49552,107,57041,107,40915,26282,
309,107,107,107,107,107,107,107,107,107,107,107,107,107,107,41950,107,20907,23577,107,27108,
310,107,107,107,107,107,107,107,107,107,107,107,34273,38620,107,46492,107,107,38593,107,50859,
311,107,107,107,107,107,107,4837,107,107,107,39943,24329,15085,107,107,107,107,2296,37744,20443,
312,107,107,107,107,107,107,107,107,107,107,21012,107,56906,4993,12555,43473,12152,20894,107,43233,
313,107,107,107,107,107,107,12152,107,107,107,29644,47515,107,107,42503,107,107,1243,6688,47285,
314,107,107,107,107,107,107,107,107,107,107,42706,26337,14180,15964,28635,10469,34294,43627,107,107,
315,107,107,107,107,107,107,107,107,107,107,107,21698,6112,19447,107,43496,25039,30539,26073,32845,
316,107,107,107,107,107,107,107,107,107,107,39469,21289,35231,107,107,107,31834,45367,27696,44895,
317,107,107,107,107,107,107,107,107,107,107,107,107,19833,17213,27734,37448,36778,17316,34167,52134,
318,107,107,107,107,107,107,107,107,107,107,20335,51218,14458,19610,41107,16049,5117,27333,107,107,
319,107,107,107,107,107,107,107,107,107,107,54829,107,107,36300,51670,37572,1905,8300,57672,8259,
320,107,107,107,107,107,107,107,107,107,107,107,6124,107,107,48487,36841,107,5649,36135,47028,
321,107,107,107,107,107,107,107,107,107,107,107,56568,51664,38203,16363,21883,107,49100,29355,107,
322,107,107,107,107,107,107,107,107,6769,107,14151,32758,107,2329,107,53931,107,48876,18304,34506,
323,107,107,107,107,107,107,107,107,107,107,107,45099,33984,107,107,28879,32699,3797,47422,107,
324,107,107,107,107,107,107,107,107,107,107,52046,31041,50816,8712,107,42158,107,107,7663,107,
325,107,107,107,107,107,107,107,107,107,107,25432,39418,31719,46608,31799,16493,18896,33169,21998,107,
326,107,107,107,107,107,107,107,107,107,107,107,107,31203,36553,50691,18250,25442,19266,33828,107,
327,107,107,107,107,107,107,107,107,107,107,43242,41588,29509,30340,107,107,107,17993,107,107,
328,107,107,107,107,107,107,107,107,107,107,107,31728,17172,107,38113,15162,107,107,107,40448,
329,107,107,107,107,107,107,107,107,107,107,107,107,107,44372,107,107,50316,4636,107,2758,
330,107,107,107,107,107,107,107,107,107,107,57924,25822,107,53295,30071,45942,107,42328,107,107,
331,107,107,107,107,107,107,107,107,107,107,49493,20292,44730,46499,36542,54430,107,51356,107,33475,
332,107,107,107,107,411,107,107,107,107,107,35978,28863,29370,107,107,107,55389,107,107,15275,
333,107,107,107,107,107,107,107,107,107,107,15572,107,17698,107,39675,47559,107,35718,53538,24933,
334,107,107,107,107,107,107,107,107,107,107,23577,34005,32730,43307,20016,107,56369,9320,31719,28441,
335,107,107,107,107,107,107,107,107,107,107,43510,38359,6060,36437,107,18644,36107,6433,107,50960,
336,107,107,107,107,107,107,107,107,107,107,11972,107,31779,107,12234,107,17503,16877,41694,46546,
337,107,107,107,107,107,107,107,107,107,107,107,39654,49365,43075,107,8874,6624,107,107,3623,
338,107,107,107,107,107,107,107,107,107,107,55184,28945,107,34461,107,13984,45253,107,32158,107,
339,107,107,107,107,107,107,107,107,107,107,107,41670,107,44370,107,51749,107,41911,107,48623,
340,107,107,107,107,107,107,107,107,107,107,39917,51798,19351,107,45128,107,4060,45069,25865,107,
341,107,107,107,107,5429,107,107,107,13771,107,107,25491,45712,7089,107,23348,107,24255,10629,46100,
342,107,107,107,107,107,107,107,107,107,107,107,37773,29458,53137,29475,45820,42038,20960,45194,28546,
343,107,107,107,107,107,107,107,107,107,107,107,24250,24154,31124,107,47360,107,107,107,35600,
344,107,107,107,107,107,107,107,107,107,107,53441,107,36582,107,107,29062,46299,29954,55673,43017,
345,107,107,107,107,107,107,107,107,107,107,8925,36187,46725,38417,7389,107,4746,107,32463,15502,
346,107,107,107,107,107,107,107,107,107,107,48322,28513,42941,30092,107,6317,39817,107,27608,107,
347,107,107,107,107,107,107,107,107,107,107,15636,25791,1775,37994,24966,48409,15250,11290,107,107,
348,107,107,107,107,107,107,107,107,107,107,6983,31863,107,107,25387,57530,107,107,107,107,
349,107,107,107,107,107,107,107,107,107,107,19641,48701,11761,32120,35179,107,107,48460,107,107,
350,107,107,107,107,107,107,107,107,107,107,107,48723,107,29160,107,55190,107,107,107,107,
351,107,107,107,107,107,107,107,107,107,107,25439,21953,29516,107,42898,107,107,15927,107,16104,
352,107,107,107,107,107,107,107,107,107,107,27446,1397,48896,18879,107,2450,107,24047,107,107,
353,107,107,107,107,107,107,107,107,107,107,2911,35538,38776,107,107,107,22334,56271,107,23675,
354,107,107,107,107,107,107,107,107,107,107,107,48391,107,22715,107,27093,25050,46502,23506,44285,
355,107,107,107,107,107,107,107,107,107,107,10294,26731,38367,10561,2770,53098,107,10412,107,40268,
356,107,107,107,107,107,107,107,107,107,107,33754,5447,39426,32698,30232,107,35142,107,30453,107,
357,107,107,107,107,107,107,107,107,107,107,12937,56286,48488,44582,107,107,14144,40441,107,27954,
358,107,107,107,107,107,107,107,107,107,107,18698,5933,107,7871,43000,107,26415,107,41887,107,
359,107,107,107,107,107,107,107,107,107,107,33678,107,28519,40784,15624,33970,107,25070,107,107,
360,107,107,107,107,107,107,107,107,107,107,51187,50723,107,18808,40086,36289,107,32086,55645,50044,
361,107,107,107,107,107,107,107,107,107,107,50815,25017,49088,25994,107,481,19123,46687,42711,107,
362,107,107,107,107,107,107,107,107,107,107,24702,17400,11177,28382,33887,15732,107,107,107,13725,
363,107,107,107,107,107,107,107,107,107,107,50851,29615,14701,11927,48373,17485,107,107,19126,27812,
364,107,107,107,107,107,107,107,107,18534,107,30865,6742,18800,11036,56124,20081,107,107,107,15411,
365,107,107,107,107,107,107,107,107,107,107,107,5308,107,3147,36148,41699,34267,6910,20884,38191,
366,107,107,107,107,107,107,107,107,107,107,22197,107,48012,13979,11892,56859,10614,54080,19653,48186,
367,107,107,107,107,107,107,107,107,107,107,107,107,28702,11394,107,107,31962,42858,52904,39156,
368,107,107,107,107,107,107,107,107,107,107,15244,34947,107,107,57557,20583,107,49852,47588,107,
369,107,107,107,107,107,107,107,107,107,107,40820,14910,38821,107,34448,28231,51793,56642,107,107,
370,107,107,107,107,107,107,107,107,107,107,14785,10211,13373,41834,12064,32395,107,44827,49436,107,
371,107,107,107,107,107,107,107,107,107,107,31868,40119,20624,37626,10118,4235,107,28855,27419,107,
372,107,107,107,107,107,107,107,107,107,107,29376,20422,30044,107,29262,353,107,29505,45079,107,
373,107,107,107,107,107,10040,107,107,107,107,45162,107,5325,33730,36787,28333,57724,35279,38835,23065,
374,107,107,107,107,107,107,107,10040,107,107,11938,30718,44676,37897,33738,107,7327,107,45182,107,
375,107,107,107,107,107,107,107,107,107,107,25169,14110,107,24983,15715,107,107,55705,5001,51432,
376,107,107,107,107,107,107,107,107,107,107,13735,46488,42404,107,107,107,50085,47367,2962,25670,
377,107,107,107,107,107,107,107,107,107,107,42688,6918,7388,42664,23925,107,107,26106,57759,18378,
378,107,107,107,107,107,107,107,107,107,107,20351,107,107,39820,56741,18087,49978,42484,34771,107,
379,107,107,107,107,15517,107,107,107,107,107,7378,37022,107,45291,107,107,44955,107,14636,107,
380,107,107,107,107,107,107,107,107,107,107,40904,107,26568,44372,28809,107,34310,19368,14637,107,
381,107,107,107,107,107,107,107,107,107,107,54786,25449,46069,107,107,107,107,33834,107,107,
382,107,107,107,107,107,107,107,107,107,107,39340,107,107,30785,31397,43082,51053,10505,47995,56381,
383,107,107,107,107,107,107,107,107,107,107,12112,2191,107,4617,107,43251,12064,16937,363,107,
384,107,107,107,107,107,107,107,107,107,107,383,40198,21172,3895,22340,1229,107,55371,17258,107,
385,107,107,107,107,107,107,107,107,107,107,31962,3652,20189,107,107,22495,4209,49219,26917,17056,
386,107,107,107,107,222,107,107,107,107,107,37905,39034,24120,15875,53504,107,43486,107,107,17806,
387,107,107,107,107,107,107,107,107,107,107,51795,107,57406,38700,38018,55418,107,107,43165,107,
388,107,107,107,107,107,107,107,27285,107,107,23829,9463,29103,30048,107,13862,19988,14424,107,49144,
389,107,107,107,107,107,107,107,107,107,107,6500,107,17594,107,107,30317,107,28552,16307,107,
390,107,107,107,107,107,107,107,107,1139,107,107,41523,107,31917,50711,53477,107,107,50244,107,
391,107,107,107,107,107,107,107,107,107,107,25838,107,4137,6287,107,28756,49356,38533,48722,48030,
392,107,107,107,107,107,107,107,8020,107,107,32970,107,51470,107,107,107,107,38359,107,16055,
393,107,107,107,107,107,107,107,107,107,107,3517,32250,16832,48685,10600,107,35301,290,107,107,
394,107,107,107,107,107,107,107,107,107,107,107,32671,33151,24133,14398,14438,5932,11216,107,21486,
395,107,107,107,107,107,107,107,107,107,3660,107,43428,5297,44741,935,39009,21317,10181,22034,107,
396,107,107,107,107,107,107,107,107,107,107,28638,3301,37316,11855,47254,32009,12892,56492,44330,20493,
397,107,107,107,107,107,107,107,107,107,15920,13509,12881,107,107,42485,24368,107,30537,47962,107,
398,107,107,107,107,107,107,25046,107,107,107,107,107,40217,30758,20308,107,41306,10566,42526,107,
399,107,107,107,107,107,107,15152,107,107,107,107,107,12756,13267,107,25192,52031,8900,13358,107,
400,107,107,107,107,107,107,107,107,107,107,54354,107,107,38064,107,107,23075,38133,107,21839,
401,107,107,107,107,107,107,107,107,107,107,44685,49553,41511,20617,9813,40445,44708,32119,24418,37658,
402,107,107,107,107,107,107,107,107,107,107,19335,39851,36686,23191,13989,107,15368,24290,23320,30538,
403,107,107,107,107,107,107,107,107,107,107,20710,22783,107,38658,27102,17365,55508,107,107,21146,
404,107,107,107,107,107,107,107,107,107,107,10938,34501,56735,15762,18383,47891,43961,17415,17871,35533,
405,107,107,107,107,107,107,107,107,107,6149,28197,594,34406,49418,107,12788,107,38385,31042,15561,
406,107,107,107,107,107,107,107,107,107,107,1351,58257,107,107,8810,13104,41750,107,47192,54390,
407,107,107,107,107,107,107,107,107,107,107,11981,18380,55496,26073,107,41552,10999,107,10732,222,
408,107,107,107,107,107,107,107,107,107,107,107,40543,10606,18411,107,107,15383,8629,38524,24296,
409,107,107,107,107,3372,107,107,107,107,107,107,38073,52774,35612,7072,15588,1161,30523,107,30321,
410,107,107,107,107,107,107,107,107,107,107,107,15096,28887,46818,18300,26528,107,18234,44675,107,
411,107,107,107,107,107,107,107,107,107,107,39619,107,31973,42289,29609,107,26860,8851,25879,13488,
412,107,107,107,107,107,44783,107,107,107,107,52402,26055,107,24395,107,49146,107,56568,43876,17957,
413,107,107,107,107,107,107,107,107,107,107,24953,107,6166,12730,17695,35979,43278,40429,107,47806,
414,107,107,107,107,107,107,107,107,107,107,22229,43255,45478,47729,33157,2578,21454,38011,21686,107,
415,107,107,107,107,107,107,14028,107,107,107,23187,10753,15497,33487,43478,21229,17758,26895,13151,48166,
416,107,107,107,107,107,107,107,107,107,18640,17586,44274,107,3329,41882,31993,4917,52551,21523,29981,
417,107,107,107,107,107,107,107,107,107,107,45495,107,55240,107,4421,15701,107,26976,107,11680,
418,107,107,107,107,107,107,107,107,107,107,107,107,24888,22621,58830,38459,107,14862,35902,41528,
419,107,107,107,107,107,107,107,107,107,107,107,107,107,49914,42772,107,48257,107,107,23992,
420,107,107,107,107,107,107,107,107,107,107,107,107,33211,107,10945,107,107,43618,8267,52120,
421,107,107,107,107,107,107,107,107,107,107,13263,107,46658,26805,36300,107,107,31143,107,29483,
422,107,107,107,23161,107,107,107,107,107,107,10948,107,107,39710,107,27107,31954,30487,35231,107,
423,107,107,107,107,107,107,107,107,107,107,45788,12837,24359,107,107,107,34927,107,54435,42352,
424,107,107,107,107,107,107,107,107,107,107,36285,22554,57156,21470,25302,107,25992,107,107,107,
425,107,107,107,107,107,107,107,107,107,107,19334,46025,23642,58004,52197,107,107,49872,35668,45380,
426,107,107,107,107,107,107,107,107,107,107,2226,39898,19790,37156,107,107,39026,43948,33638,916,
427,107,107,107,107,107,107,107,107,107,107,29775,107,43512,27948,45415,107,9276,39017,107,107,
428,107,107,107,107,107,107,107,107,107,107,57237,27812,752,47284,107,107,33152,107,18396,20159,
429,107,107,107,107,107,107,107,107,107,107,55649,16492,107,107,11612,107,58421,46232,37039,48997,
430,107,107,107,107,107,107,107,107,107,107,26673,107,49351,32861,29287,107,107,48481,23063,107,
431,107,107,107,107,107,107,107,107,107,107,107,34203,29106,11808,7270,45303,107,40752,107,107,
432,107,107,107,107,107,107,107,107,107,107,18332,40835,46577,5267,50093,13936,33472,47619,18651,44726,
433,107,107,107,43021,107,107,107,107,107,107,13565,107,107,42974,9076,107,34206,107,31536,1864,
434,107,107,107,107,107,107,107,107,107,107,107,32700,27997,42081,32616,43144,29376,44139,2071,37911,
435,107,107,107,107,107,107,107,107,107,107,107,36405,107,107,48941,107,50723,107,1752,107,
436,107,107,22647,107,107,107,107,107,107,107,33254,107,15072,19418,52806,41625,107,107,56881,19167,
437,107,107,107,14118,107,107,107,107,107,107,107,902,107,17990,107,15636,107,107,44786,40151,
438,107,107,107,107,107,107,107,107,107,107,54866,107,13106,107,31156,23740,8051,40664,107,107,
439,107,107,107,107,107,107,107,107,107,107,3115,44084,107,107,107,40214,107,13614,107,107,
440,107,107,107,107,107,107,107,107,107,107,43882,57386,11843,37580,107,31765,107,43284,21913,23664,
441,107,107,107,107,107,107,107,107,107,107,24381,3355,23563,107,55843,44994,25147,37360,27457,1205,
442,107,107,107,107,107,107,107,107,107,107,5817,36606,55224,42110,55535,107,45173,40405,107,30174,
443,107,107,107,107,107,107,107,107,107,107,39849,107,2464,107,107,50576,12143,3141,34475,27209,
444,107,107,107,107,107,107,107,107,107,107,30292,107,107,107,27060,107,21595,23866,30131,107,
445,107,107,107,107,107,107,107,8218,107,107,18818,27442,34569,11777,52888,107,47905,15073,31215,107,
446,107,107,107,107,107,107,107,107,107,107,34102,107,107,107,107,107,46423,4911,45166,34850,
447,107,107,107,107,107,107,107,107,107,107,46305,35708,107,11348,107,107,20405,39644,107,107,
448,107,107,107,107,107,107,107,107,109,107,107,35012,22546,107,28656,107,49754,55515,27007,20555,
449,107,107,107,107,107,107,107,19960,107,107,1118,107,5066,107,52038,12072,40822,49006,35531,52684,
450,107,107,107,107,107,107,107,107,107,107,46007,10577,45853,107,22459,107,107,36238,107,107,
451,107,107,107,107,107,11919,107,107,11919,107,33902,22118,14139,107,107,24335,22363,1342,11283,728,
452,107,107,10239,107,107,22363,107,107,107,107,36309,44322,45550,107,16600,13620,16154,107,15583,30697,
453,107,107,107,107,107,107,107,107,107,107,107,20417,48614,34668,107,107,840,37799,30840,107,
454,107,107,107,107,107,107,107,107,107,107,15488,107,47061,107,39961,54225,19197,37837,34187,34051,
455,107,107,107,107,107,107,107,37342,107,107,17351,26172,107,52948,52750,17741,162,33772,46063,23945,
456,107,107,107,107,107,107,107,107,107,107,33756,46821,18436,15561,43734,20628,2502,40843,37541,26738,
457,107,107,107,107,107,107,107,107,107,107,107,1924,58446,42551,107,47584,29922,107,107,48729,
458,107,107,107,107,107,107,107,107,107,107,107,19218,32554,48271,10375,6342,18191,22164,107,107,
459,107,107,107,12165,107,107,107,107,107,107,17308,39229,14638,41940,107,27159,9609,107,107,37077,
460,107,107,107,107,107,107,107,107,107,107,107,107,107,36251,18216,107,36474,31225,46203,53099,
461,107,107,107,107,107,107,107,107,42770,107,24494,35223,8023,107,32663,107,42313,52822,26142,107,
462,107,107,11764,107,107,107,107,107,107,107,31386,25821,30271,32175,17875,57967,107,14344,107,4300,
463,107,107,107,107,107,107,107,107,107,107,107,57242,39919,107,107,107,45604,17208,6439,34995,
464,107,107,107,107,107,107,107,107,107,25712,18195,107,40717,51333,107,11136,107,2214,47259,107,
465,107,107,107,107,107,107,107,107,107,107,44112,107,52024,18748,17156,107,39281,43467,107,32504,
466,107,107,107,107,107,107,107,107,107,107,13147,37717,107,14906,41316,9518,56754,48746,56395,38521,
467,107,107,9332,107,107,107,107,107,107,107,107,34380,28043,107,51984,28869,18882,38810,5010,107,
468,107,107,107,107,107,107,107,107,107,107,107,25526,46931,671,107,16417,107,28048,107,14813,
469,107,107,107,107,107,107,107,107,107,107,107,50651,1756,107,20555,32632,31121,46545,107,13865,
470,107,107,107,107,107,107,107,107,107,107,107,26547,35842,49121,21404,107,107,7575,22236,49670,
471,107,107,107,107,107,107,107,107,107,107,25423,107,41248,13192,107,38915,107,27612,19146,107,
472,107,107,107,107,107,107,107,107,107,107,107,107,107,43757,36587,107,34641,42423,35801,107,
473,107,107,107,107,107,107,107,107,107,107,55097,58448,51160,28542,107,107,50834,107,49273,28158,
474,107,107,107,107,107,107,107,107,107,107,42449,107,53035,3449,5856,44151,47493,107,25493,31636,
475,107,107,107,107,107,107,107,107,107,107,32893,27066,30533,35390,17237,26276,107,107,3410,50791,
476,107,107,107,107,107,107,107,107,107,107,107,107,14427,49506,107,47834,107,41377,107,107,
477,107,107,107,107,107,107,107,107,107,107,107,3994,13894,107,32676,107,42057,107,107,17176,
478,107,107,107,107,107,107,107,107,107,107,51896,52123,35303,40589,13203,30989,26342,27488,107,107,
479,107,107,107,107,107,107,107,107,107,107,107,46122,33397,107,20400,32030,27394,19579,46393,54556,
480,107,107,107,107,107,107,107,107,107,107,20483,21002,107,685,107,107,41461,41213,107,42387,
481,107,107,107,107,107,107,107,107,107,107,10158,55164,49185,26002,24044,107,107,107,36464,11036,
482,107,107,107,107,1871,107,107,107,107,107,41587,820,32833,107,52715,5708,41919,22493,16738,13445,
483,107,107,107,107,107,107,107,107,107,107,15092,5492,107,35525,482,50584,59585,24422,107,26492,
484,107,107,107,107,107,107,107,107,107,107,28231,24164,4628,107,41952,17820,14327,14529,36236,22056,
485,107,107,107,107,107,107,107,107,107,107,107,51220,107,2284,107,107,44733,39184,107,19142,
486,107,107,107,107,107,107,107,107,107,107,6531,107,7509,107,107,107,16657,52826,107,24012,
487,107,107,107,107,107,107,107,107,107,107,50309,107,49303,107,107,107,107,38393,39135,31823,
488,107,107,107,107,107,107,107,107,107,107,107,107,12131,43859,29766,54389,44825,107,18708,1352,
489,107,107,107,107,107,107,107,107,107,107,107,32984,107,107,24552,107,20897,107,25753,107,
490,107,107,107,107,107,107,107,107,107,107,107,25128,45352,107,107,29535,40805,15693,18610,17277,
491,107,107,107,107,107,107,107,107,107,107,20480,107,107,14633,38358,107,16166,35277,107,26553,
492,107,107,107,107,107,107,107,107,107,107,60703,46645,26247,46280,107,49908,19269,11512,107,44636,
493,107,107,107,107,107,107,107,107,107,107,107,107,15555,20198,28456,45112,9923,107,38809,37679,
494,107,107,107,107,107,107,107,107,107,107,2815,20258,4376,26192,26337,14074,44362,107,107,49545,
495,107,107,107,107,107,107,107,107,107,107,42883,107,11236,39404,6717,107,107,18718,44336,40599,
496,107,107,107,107,107,107,107,107,107,107,38659,107,42762,107,41272,21421,21666,107,107,31743,
497,107,107,107,107,107,107,107,107,107,107,107,41141,17540,107,44104,38993,29601,30368,107,51473,
498,107,107,107,107,107,107,107,107,107,107,30084,47445,47439,33763,107,39288,10831,15645,5189,5159,
499,107,107,107,107,107,107,107,107,107,107,10879,27971,12409,107,23215,8608,26758,46589,107,46760,
500,107,107,107,107,107,107,107,107,107,107,45837,42390,47471,28554,107,44708,35541,17663,50830,54654,
501,107,107,107,107,107,107,107,107,107,107,107,27331,18555,34131,44070,56575,43379,45985,24624,107,
502,107,107,107,107,107,107,107,107,107,107,107,107,38522,44597,39249,107,107,107,52362,39409,
503,107,107,107,107,107,107,107,107,107,107,107,46503,55109,46724,46334,47495,35050,29136,16686,25768,
504,107,107,107,107,107,107,107,107,107,107,52645,2158,33335,35086,44183,25660,107,10606,107,48070,
505,107,107,107,107,107,107,107,107,107,107,107,107,107,41697,18424,107,107,14751,107,107,
506,107,107,107,107,107,35909,107,107,107,107,107,26174,107,107,20539,107,29039,15829,107,107,
507,107,107,107,107,107,107,107,107,107,107,107,107,41337,26462,38705,107,11227,19212,27735,13918,
508,107,107,107,107,107,107,107,107,107,107,107,4874,26892,31166,42951,45914,35914,107,46093,107,
509,107,107,107,107,107,107,107,107,107,107,107,107,48960,49162,107,5160,107,107,32852,107,
510,107,107,107,107,107,107,107,107,107,107,8421,14228,43046,107,40923,107,21028,107,107,46176,
511,107,107,107,107,107,107,107,107,107,107,45484,107,107,57314,107,44390,107,50459,33537,24784,
512,107,107,107,107,107,107,107,107,107,107,18114,107,59792,107,5724,107,53837,52138,12366,33433,
513,107,107,107,107,107,107,107,107,107,107,49568,4913,107,107,32504,14030,42687,107,49608,107,
514,107,107,107,107,107,107,107,107,107,107,107,12714,32592,28673,27736,27587,107,38611,107,4024,
515,107,107,107,107,107,107,107,107,107,107,39614,45456,107,51810,107,107,48947,24796,107,107,
516,107,107,107,107,107,107,107,107,107,107,14748,8355,107,52910,46575,46536,2110,30089,35368,107,
517,107,107,107,107,107,10749,107,107,107,107,107,17418,107,107,107,107,107,107,47978,35970,
518,107,107,107,107,107,107,107,107,107,107,27391,40474,2764,107,15935,107,10218,107,107,107,
519,107,107,107,107,107,107,107,107,107,107,12485,107,5665,47089,107,35547,28940,107,11908,107,
520,107,107,107,107,107,107,8035,107,107,107,44469,107,107,19703,14198,107,17797,45069,33675,35563,
521,107,107,107,107,107,107,107,107,107,107,107,38158,107,107,21269,107,22978,20107,49709,36236,
522,107,107,107,107,107,107,107,107,107,107,107,107,107,44402,107,29446,4778,58432,107,107,
523,107,107,107,107,107,107,107,107,107,107,43860,107,107,107,107,32629,16446,37061,107,107,
524,107,107,107,107,107,107,107,107,107,107,107,107,17122,6025,107,107,40185,107,23636,40061,
525,107,107,107,107,107,107,107,107,107,107,15934,107,35420,5149,107,2063,33047,107,39429,44158,
526,107,107,107,107,107,107,107,107,107,107,40311,36001,107,44657,44010,53087,3372,107,107,24487,
527,107,107,107,107,107,107,107,107,107,107,107,29740,53190,33238,48658,13297,28063,31592,27696,107,
528,107,107,107,107,107,107,107,107,107,107,107,41767,11959,40936,107,107,38224,22424,107,524,
529,107,107,107,107,107,107,107,107,107,107,21481,107,42676,24604,107,19350,25825,43323,107,107,
530,107,107,107,107,107,107,107,107,107,107,50821,35800,107,107,107,41425,107,107,15036,107,
531,107,107,107,107,107,107,11044,107,107,107,107,107,19317,45656,33514,52027,44226,9327,47787,107,
532,107,107,107,107,107,107,107,107,107,107,25052,23944,107,55507,26234,107,22480,107,30416,107,
533,107,107,107,107,107,107,107,107,107,107,54496,107,107,27406,30408,5528,30566,41886,15981,16581,
534,107,107,107,107,107,5665,107,107,107,107,36918,107,25323,107,107,43297,40719,107,33242,37824,
535,107,107,107,1799,107,107,107,107,107,107,107,27553,30034,2492,107,107,43008,8868,107,42468,
536,107,107,107,107,107,107,107,107,107,107,11465,107,17728,107,16850,107,107,107,21385,45116,
537,107,107,107,107,18248,107,107,107,107,107,30947,40424,15248,27687,107,38444,7121,45409,107,19532,
538,107,107,107,107,107,107,107,107,107,107,4493,107,107,3902,9014,509,107,36051,36633,107,
539,107,107,107,107,107,107,107,107,107,107,23744,107,107,25348,13500,23943,35334,107,107,12124,
540,107,107,107,107,107,107,107,107,107,107,107,50235,16169,51136,39999,18191,45477,107,25633,11789,
541,107,107,107,107,107,107,107,107,107,107,46481,24824,107,107,22984,43499,23672,107,26180,107,
542,107,107,107,107,107,107,107,107,107,10349,107,107,45295,13407,25710,32050,28468,34643,10695,39263,
543,107,107,107,107,107,107,107,107,107,107,15995,46541,107,107,31851,107,27973,107,107,43015,
544,107,107,107,107,107,107,107,107,107,107,36999,44760,14736,34109,38197,42752,107,23236,107,47310,
545,107,107,6644,107,107,107,107,107,107,107,29809,45417,38886,12993,107,32798,46800,33122,107,25652,
546,107,107,107,107,107,107,107,107,107,107,107,28274,28343,23030,32229,12067,34832,44276,33894,24072,
547,107,107,107,107,107,107,107,107,107,107,107,7237,26876,39341,107,47661,107,16912,107,107,
548,107,107,107,107,107,107,107,107,107,107,107,4435,107,107,107,23338,19998,34152,38220,46925,
549,107,107,107,107,107,107,107,107,107,107,107,35366,31203,107,107,26615,56796,44753,42043,107,
550,107,107,107,107,107,107,107,107,107,107,15261,29707,107,16339,18790,107,107,107,107,107,
551,107,107,107,107,107,107,27481,107,107,107,19297,28544,37708,57274,34057,25773,26419,35663,57037,46571,
552,107,107,107,107,107,107,107,107,107,107,1372,11973,36843,43077,32956,107,107,15543,107,39947,
553,107,107,107,107,107,107,107,107,107,107,36412,107,31309,25160,107,45447,56011,45637,42954,16291,
554,107,107,107,107,107,107,107,107,107,107,42431,12421,107,107,107,16628,45126,107,15894,33193,
555,107,107,107,107,107,107,107,107,107,107,37914,107,31393,107,107,107,22168,107,18697,12686,
556,107,107,107,107,107,107,107,107,107,107,17862,47229,107,107,10105,30350,23702,8215,37743,107,
557,107,107,107,107,107,107,107,107,107,107,107,3709,39841,1720,107,19542,13227,24245,46140,107,
558,107,107,107,107,107,107,107,107,107,107,107,22191,107,3753,107,107,15462,49888,44355,107,
559,107,107,107,107,107,107,107,107,107,107,41335,22848,25914,12905,107,8342,53213,107,12176,107,
560,107,107,107,107,107,107,107,107,107,107,18284,45773,28098,107,22323,107,107,107,14458,107,
561,107,107,107,107,107,107,107,107,107,107,51326,107,107,52456,107,107,31547,107,45734,42484,
562,107,107,107,107,107,107,107,107,107,107,39173,46382,107,107,30224,22293,23080,45112,107,35197,
563,107,107,107,107,107,107,107,107,107,107,107,45755,107,107,44488,44766,746,59469,107,44789,
564,107,107,107,107,107,107,107,107,107,107,107,107,107,107,45071,107,12978,107,41802,14482,
565,107,107,107,107,107,107,107,107,107,107,107,8112,11975,43948,13749,107,107,27214,38859,26727,
566,107,107,107,107,107,107,107,107,107,107,27689,18407,107,107,107,28025,27752,30370,107,2982,
567,107,107,107,107,107,107,107,107,107,107,107,3400,4356,19967,40103,107,40419,107,107,39863,
568,107,107,107,107,107,107,107,107,107,107,3587,107,11416,43819,107,37648,57626,34709,19180,10403,
569,107,107,107,107,107,107,107,107,107,19620,44839,107,53384,26609,44552,20755,53632,10326,107,42092,
570,107,107,107,107,107,107,107,107,107,107,22138,47668,7989,107,12628,107,20235,36749,21186,43826,
571,107,107,107,107,107,107,107,107,107,107,37572,107,21283,34735,107,33864,31466,14541,31137,55684,
572,107,107,107,107,107,107,107,107,107,107,42885,107,12744,107,24717,34916,7562,15764,28208,56354,
573,107,107,107,30610,107,107,107,107,107,107,33339,107,23313,15911,4092,35707,16985,10129,10203,16435,
574,107,107,107,107,107,107,107,107,107,107,54751,7971,107,107,107,38230,107,107,49221,17300,
575,107,107,107,107,107,107,107,107,107,107,50002,39560,50597,18038,42865,20048,39146,48472,107,50286,
576,107,107,107,9564,107,107,107,107,107,107,107,107,46298,31932,37991,107,32556,107,107,107,
577,107,107,107,107,107,107,107,107,107,107,41070,17561,15310,107,107,59048,34901,36456,5234,1018,
578,107,107,107,107,107,107,107,107,107,107,107,107,107,18512,107,19117,43328,40590,107,5250,
579,107,107,107,107,107,107,107,107,107,107,16819,35496,107,30322,27606,8179,18465,107,226,39119,
580,107,107,107,107,107,6500,107,107,107,107,46998,42779,107,107,6764,36898,22631,43996,14242,48528,
581,107,107,107,15534,107,107,107,107,107,107,59510,8717,11006,43641,14779,46890,25522,26676,52863,107,
582,107,107,107,107,107,107,107,107,107,107,107,107,107,37493,107,45202,21707,13728,43073,38420,
583,107,107,107,107,107,107,107,107,107,107,107,13019,33172,107,107,6906,107,107,107,49384,
584,107,107,107,107,107,17118,107,107,107,107,29792,3571,107,22930,10096,107,20133,45584,49216,44250,
585,107,107,107,107,107,107,107,107,107,107,11431,20456,107,45221,40744,107,107,16012,45813,3847,
586,107,107,107,107,107,107,107,107,107,107,34085,8556,56805,107,29109,26189,107,107,107,107,
587,107,107,107,107,107,107,107,107,107,107,6722,808,107,58777,49058,8508,107,46298,107,5582,
588,107,107,107,107,107,107,107,107,107,107,20845,22555,56769,18253,107,10795,15730,19790,51975,33538,
589,107,107,107,107,107,107,107,107,107,107,107,10520,30983,107,4974,21896,48903,107,107,56810,
590,107,107,107,107,107,107,107,107,107,107,107,107,14435,16737,20141,17530,2199,10150,107,107,
591,107,107,107,107,107,107,107,107,107,107,37911,31467,19064,107,55289,17449,107,42422,5278,107,
592,107,107,107,107,107,107,107,107,107,107,45468,43995,48508,43081,107,107,9163,15859,30529,36994,
593,107,107,107,107,107,107,107,107,107,107,107,26779,107,39968,52756,29975,107,107,53683,28430,
594,107,107,107,107,107,107,107,107,107,107,46199,32271,107,25789,39719,20689,107,107,5288,39537,
595,107,107,107,107,107,107,107,107,107,107,33203,57498,24571,107,33757,54455,107,43573,50444,107,
596,107,107,107,107,107,107,107,107,107,107,31466,107,15986,51800,107,107,59124,107,34202,107,
597,107,107,107,107,107,107,107,107,107,21017,107,1570,107,26366,38092,34901,35247,12383,27992,40310,
598,107,107,107,107,107,107,107,107,107,107,34444,31520,50407,8434,41561,41079,107,11611,107,55564,
599,107,107,107,107,107,107,107,107,107,107,107,107,107,34218,107,28180,107,27994,32633,27028,
600,107,107,107,107,107,107,107,107,107,107,58284,2480,18442,10344,33957,107,50646,24155,57104,33830,
601,107,107,107,107,107,107,107,107,107,107,56300,107,56240,32922,107,48612,107,107,107,18909,
602,107,107,107,107,107,107,107,107,107,107,32677,17736,45027,24007,23476,24576,38556,29776,47240,45799,
603,107,107,107,107,107,107,107,17722,107,107,107,16891,14170,107,6951,39818,17971,33740,24194,107,
604,107,107,107,107,107,107,107,107,107,2772,31119,49917,107,13206,107,107,107,107,32705,26411,
605,107,107,107,107,107,107,107,107,107,107,107,58114,30932,107,107,17418,107,107,107,44542,
606,107,107,107,107,107,107,107,107,107,107,41397,12887,40800,22450,13671,107,47423,40630,107,107,
607,107,107,107,107,107,107,107,107,107,107,44690,23491,49259,6989,107,8245,12294,107,107,6165,
608,107,107,107,107,107,107,107,107,6989,107,107,107,107,16596,36120,41803,9240,17447,107,42879,
609,107,107,107,107,107,107,107,107,107,107,19333,19011,51041,107,107,19050,54872,8247,3451,107,
610,107,107,107,35371,107,107,107,107,107,107,36491,11934,107,28506,24496,38724,107,38604,107,13362,
611,107,107,107,107,107,107,107,107,107,107,14546,36097,49710,48611,50763,7969,10395,24885,28567,24968,
612,107,107,107,107,107,107,107,107,107,107,107,107,23513,107,107,107,107,38868,42690,45960,
613,107,107,107,107,107,107,107,107,107,107,28088,44459,23627,20049,107,39852,33162,107,47079,56870,
614,107,107,107,107,107,107,107,107,107,107,22852,107,35687,107,35053,41246,37944,29000,32676,107,
615,107,107,107,107,107,107,10719,107,107,107,49165,35935,30521,17329,107,11873,12453,107,24807,46171,
616,107,107,107,107,107,107,107,107,107,107,16731,107,28614,107,47911,44067,24428,107,45442,107,
617,107,107,107,107,107,107,107,107,107,107,107,107,107,10482,107,107,24311,42389,107,41870,
618,107,107,107,107,107,107,107,107,107,107,107,10758,107,107,28689,23633,37842,36355,19619,48065,
619,107,107,107,107,107,107,107,107,107,107,9372,107,10370,107,41995,28212,37885,46931,14165,107,
620,107,107,107,107,107,107,107,107,107,107,16193,43883,33473,3232,107,20793,107,44289,107,39627,
621,107,107,107,107,107,107,2752,107,107,107,107,50863,107,38841,107,18647,30038,29000,56488,107,
622,107,107,107,107,107,107,107,107,107,107,45467,15958,107,40466,43594,51616,1929,19866,107,13960,
623,107,107,107,107,107,107,107,107,107,107,27524,54978,42810,107,53423,58510,45129,107,107,22623,
624,107,107,107,107,107,107,107,107,107,107,51359,39132,107,107,32561,41683,24523,16825,53510,11756,
625,107,107,107,107,107,107,107,107,107,107,431,107,107,29318,107,21960,37901,44461,107,53480,
626,107,107,107,107,107,107,107,107,107,107,42560,107,6193,107,107,17846,10699,43878,22839,107,
627,107,107,107,107,107,107,107,107,107,107,8072,107,35251,107,56640,107,107,107,107,16189,
628,107,107,107,107,107,107,107,107,107,107,33159,107,107,15112,107,107,46094,107,6600,107,
629,107,107,107,107,107,107,107,107,107,107,48122,107,107,29963,51660,107,37291,107,9420,54805,
630,107,107,107,107,107,107,107,107,107,107,3284,107,36880,20479,107,107,45148,32120,107,36971,
631,107,107,107,107,107,107,107,107,107,107,18363,13219,19335,6680,35527,14032,37213,51981,47821,107,
632,107,107,107,11169,107,107,107,107,107,107,14133,6508,107,17203,107,10627,107,107,28364,49060,
633,107,107,107,107,107,107,107,107,107,107,37606,107,107,107,10713,22846,54021,23066,54796,42955,
634,107,107,107,107,2093,107,107,107,107,107,9482,38713,44817,36806,7545,24917,107,9958,27615,21464,
635,107,107,107,107,107,107,107,107,107,107,3065,25927,107,34691,47794,4600,38533,3124,39943,15034,
636,107,107,107,107,107,107,107,107,107,107,38424,107,28398,25565,39052,56046,47891,54087,107,107,
637,107,107,107,107,107,107,107,107,107,107,58062,48042,107,107,15893,36714,58141,21501,13731,9258,
638,107,107,107,107,107,107,310,107,107,107,107,23258,50264,59645,38603,107,44306,46181,38890,35514,
639,107,107,107,107,107,107,107,107,107,107,7396,58831,20439,107,33572,18141,39033,27621,25004,43339,
640,107,107,107,107,107,107,107,107,107,107,10010,39233,6016,18503,37230,57110,32811,33278,29561,32347,
641,107,107,107,107,107,107,107,107,107,107,23818,107,30616,4490,53519,107,107,107,107,107,
642,107,107,107,107,107,107,107,107,107,107,16476,107,16588,28578,54855,53583,107,13334,54131,40745,
643,107,107,107,107,107,2918,107,107,107,107,38789,107,54245,9302,107,47355,107,4360,107,107,
644,107,107,107,107,107,107,107,107,107,107,17232,107,34548,35260,107,45251,50115,19926,14869,107,
645,107,107,919,107,18828,107,107,107,107,107,25295,43735,29474,30069,38895,16991,27337,107,40495,22522,
646,107,107,107,107,20087,107,107,107,107,107,12960,11460,107,107,18163,107,107,107,32777,49315,
647,107,107,107,107,107,107,107,107,107,107,107,158,39480,38904,37308,107,5232,2599,107,20999,
648,107,107,107,107,107,107,107,107,107,107,41347,107,42844,42562,35774,54158,30956,107,48696,29092,
649,107,107,107,107,107,107,107,107,107,107,22596,107,107,38653,107,11158,53070,107,44449,43904,
650,107,107,107,107,107,107,107,107,107,107,107,2732,47541,55450,107,15187,107,38116,107,2728,
651,107,107,107,107,107,107,107,107,107,107,2842,43165,107,15280,27738,107,41962,107,5351,25542,
652,107,107,107,107,107,107,107,107,107,107,27389,36176,9224,41736,34265,34089,23530,46601,48097,44760,
653,107,107,107,107,107,107,107,107,107,107,47189,23425,40823,50540,107,23206,24963,8461,45162,21099,
654,107,107,107,107,107,107,107,107,107,107,44672,21209,24150,107,39923,57850,52686,107,107,11350,
655,107,107,107,16309,107,107,107,107,107,107,107,107,27675,5078,107,35345,13227,107,18224,17868,
656,107,107,107,107,107,107,107,107,107,107,18769,37819,501,107,33631,9325,107,36626,19950,26590,
657,107,107,107,107,107,107,107,107,107,107,3555,23396,107,36571,45837,107,47710,37521,107,21595,
658,107,107,107,107,107,107,107,107,107,107,107,107,26001,107,107,107,47300,11225,10665,15026,
659,107,107,107,107,107,107,107,16340,107,107,37712,19186,503,3339,107,38015,41002,42639,26873,45891,
660,107,107,107,107,107,107,107,107,107,107,35394,107,48293,37855,29470,107,107,24188,107,107,
661,107,107,107,107,107,107,107,107,107,107,5231,107,107,39392,39806,43190,13374,107,107,27549,
662,107,107,107,107,107,107,107,107,107,107,107,38115,107,18258,107,9822,26219,44243,107,55091,
663,107,107,107,107,107,107,107,107,107,107,107,107,107,11498,41350,46966,107,26836,44555,55843,
664,107,107,107,107,107,107,107,107,107,107,29744,107,107,107,55720,107,107,38563,20268,107,
665,107,107,107,107,107,107,107,107,107,107,107,107,107,33359,38424,25636,107,47009,15967,107,
666,107,107,107,107,107,107,107,107,107,107,107,34417,18776,29761,33326,49648,107,107,107,45454,
667,107,107,107,107,107,107,34915,107,107,107,50353,38716,107,107,37130,44256,107,107,19400,42553,
668,107,107,107,107,107,107,107,107,107,107,107,107,107,107,36124,32868,52564,44474,107,107,
669,107,107,107,107,107,107,107,107,107,107,40308,25277,47735,107,107,16010,107,34300,22884,16717,
670,107,107,107,107,107,107,107,107,107,107,29343,39437,14506,107,27920,7781,107,12354,35004,107,
671,107,107,107,107,107,107,107,107,107,107,32751,20648,7122,24979,107,107,39980,107,107,23811,
672,107,107,107,107,107,107,107,107,107,107,48247,107,51247,21565,28452,107,17810,107,38976,40275,
673,107,107,107,107,107,107,107,107,107,107,38353,18463,107,107,107,39674,55407,10636,44615,12160,
674,107,107,107,107,107,107,107,107,107,107,47239,107,107,107,107,3862,14256,40657,33958,37733,
675,107,107,107,107,107,107,107,107,107,107,28229,41403,14301,44758,30563,31037,107,29449,107,41727,
676,107,107,107,107,107,107,1601,107,107,107,23373,31349,27547,4397,10560,44198,40258,107,107,33662,
677,107,107,107,107,107,107,107,107,5583,107,51420,107,21264,56269,107,15910,26924,107,32217,107,
678,107,107,107,107,2976,32217,107,107,107,107,107,16336,34631,222,1269,107,40565,107,27403,21877,
679,107,107,107,107,107,107,2976,107,107,107,11341,11950,22742,47155,107,107,20777,45092,58663,107,
680,107,107,107,107,107,107,107,107,107,107,107,35168,25955,40646,42143,107,26282,44395,107,42107,
681,107,107,107,107,107,107,107,107,107,107,29820,8074,107,55075,107,28073,107,48612,107,35528,
682,107,107,107,107,107,107,107,107,107,107,25555,107,22210,107,107,10446,8071,107,42398,32716,
683,107,107,107,107,107,107,1832,107,107,107,13640,15451,11908,6870,53326,35546,107,107,46533,107,
684,107,107,107,107,107,107,107,107,107,107,54311,107,33450,14383,41769,20320,6060,19173,22078,107,
685,107,107,107,107,107,107,107,107,107,107,57892,7844,14372,107,24544,41644,107,107,50928,107,
686,107,107,107,107,107,107,107,32874,107,107,39348,107,107,107,107,107,107,42159,34072,4200,
687,107,107,107,107,107,107,107,107,107,107,30294,107,26544,38998,26418,107,49569,36850,31653,18115,
688,107,107,107,107,107,107,107,107,107,107,35880,41253,7812,41135,6078,107,35799,13382,29850,34062,
689,107,107,107,107,107,107,107,107,107,107,9889,107,107,107,13307,107,107,290,107,49775,
690,107,107,107,107,107,107,107,107,107,107,51868,44219,7896,290,49249,107,39385,107,28590,107,
691,107,107,107,107,107,107,33031,107,107,107,107,48552,19922,107,21328,37969,39431,30038,25622,7845,
692,107,107,107,107,107,107,107,107,107,107,107,107,14349,28151,16481,107,13993,18298,107,107,
693,107,107,107,107,107,107,107,107,107,107,107,107,21555,39265,107,53601,17983,107,20876,48996,
694,107,107,107,42026,107,107,107,107,107,11497,14687,2763,26174,107,18833,107,13753,107,17459,9841,
695,107,107,107,107,107,107,107,107,107,107,107,29583,22447,22011,107,29201,46475,23728,107,15271,
696,107,107,107,107,107,107,107,24534,107,107,31635,57600,107,33868,107,107,23648,36345,107,16075,
697,107,107,107,107,107,107,107,107,107,107,15241,2735,42847,40169,40083,107,14925,46032,107,43118,
698,107,107,107,107,107,107,107,107,107,107,107,107,24823,44873,39909,107,107,23823,14569,45308,
699,107,107,107,107,107,107,107,107,107,107,1729,107,107,1260,18602,6103,107,16408,21625,19139,
700,107,107,107,107,107,107,107,107,107,107,26323,23923,9545,107,107,107,24906,11380,107,107,
701,107,107,107,107,107,107,107,107,107,107,50966,26350,5219,55814,107,45491,14755,107,53816,107,
702,107,107,107,107,107,107,107,107,107,107,24715,15558,8552,5069,20052,31813,12781,38015,33878,5664,
703,107,107,9581,107,3566,107,107,107,107,107,107,58053,38567,20689,19082,2934,107,50863,33941,52662,
704,107,107,107,107,107,107,107,107,107,21651,47349,107,107,28284,31138,24606,30873,34905,18017,38546,
705,107,107,107,107,107,107,107,107,107,107,32880,107,52930,50095,30280,15785,107,23811,16863,41763,
706,107,107,107,107,107,107,107,107,107,107,26244,19537,34298,107,38911,47679,52933,44815,107,45249,
707,107,107,107,107,107,44421,107,107,107,107,45540,4249,107,33272,14884,107,107,9729,25032,107,
708,107,107,107,107,107,107,107,107,107,107,107,22290,21632,47610,22825,107,31337,15343,107,41309,
709,107,107,107,107,107,107,107,107,107,107,49766,107,47958,25633,107,15806,107,107,39634,107,
710,107,107,107,107,107,107,107,22370,107,107,107,23322,11311,16444,12686,47368,43242,107,107,107,
711,107,107,107,107,107,107,107,107,107,107,13050,107,30813,107,8600,33894,35685,14162,52212,12325,
712,107,107,107,107,107,107,107,107,107,17562,15738,107,54304,39681,26700,17892,107,42884,29897,107,
713,107,107,107,107,107,107,107,107,107,107,15945,107,21335,37290,8773,35994,107,50461,39506,48989,
714,107,107,107,107,107,107,107,107,107,107,22278,23325,107,34140,24584,16486,5747,31714,54150,48731,
715,107,107,107,107,107,107,107,107,107,107,107,23265,36090,18129,45780,32023,107,53282,47985,39638,
716,107,107,107,107,107,107,107,107,107,107,10610,55135,42457,32290,6059,29566,28940,107,107,47941,
717,107,107,107,107,107,107,107,107,107,107,107,5751,20136,8754,37573,36746,3024,37690,107,107,
718,107,107,107,107,107,107,107,107,6433,107,15487,107,7681,107,49662,107,48362,55179,107,107,
719,107,107,107,107,107,107,107,107,107,107,22487,13899,107,107,42764,39392,13412,107,107,20702,
720,107,107,107,107,107,107,107,107,107,107,20130,107,107,53019,107,14515,26299,107,16976,42614,
721,107,107,107,107,2852,107,107,107,107,107,51899,107,3883,39750,10746,107,107,28282,19656,28557,
722,107,107,107,107,107,107,26200,107,107,107,50723,107,45024,107,37185,107,11146,15559,49511,107,
723,107,107,107,107,107,107,107,107,107,107,107,107,107,107,47471,37367,107,107,40269,43132,
724,107,107,17572,107,107,107,107,107,107,107,37482,37408,107,107,1210,41052,29404,107,8337,107,
725,107,107,107,107,107,107,107,107,107,107,17964,107,107,107,50205,34951,14153,34663,107,15858,
726,107,107,107,107,107,107,107,107,107,107,59325,2062,20392,27462,107,107,107,41629,54448,33858,
727,107,107,107,107,107,107,107,107,17199,16308,20357,27101,18807,107,107,42991,46075,47800,41803,18890,
728,107,107,107,107,107,107,107,107,107,107,23995,107,107,34676,107,7131,43026,28864,107,34278,
729,107,107,107,107,107,107,107,107,107,107,15565,107,46453,18630,4811,107,107,42295,107,107,
730,107,107,107,107,107,107,107,107,107,107,107,20115,14878,21155,17140,20385,26536,107,38352,14094,
731,107,107,107,107,107,107,107,107,107,107,19705,15853,107,107,49336,29886,57608,107,34301,2121,
732,107,107,107,107,16143,107,107,107,107,107,14478,44044,28616,54795,107,107,107,7586,29472,107,
733,107,107,107,107,107,107,107,107,107,107,107,21138,36203,107,34181,107,107,43251,44444,107,
734,107,107,107,107,107,107,107,107,107,107,25571,45987,6452,37606,36034,39025,41662,40883,107,54414,
735,107,107,107,107,107,107,107,107,107,222,42764,107,21048,107,53881,40883,43829,47857,51656,11538,
736,107,107,107,107,107,107,16718,107,107,107,42121,46077,107,107,57978,107,107,38743,107,14435,
737,107,107,107,107,107,107,107,107,107,107,44310,1638,32539,13081,107,41605,107,21831,38105,48582,
738,107,107,107,107,107,107,107,107,107,107,31056,35418,48502,20809,107,107,17151,107,42272,48435,
739,107,107,107,3266,107,107,107,107,107,1104,14280,14811,107,21403,107,107,49009,42770,50592,12007,
740,107,107,107,107,107,107,107,107,107,107,13128,107,107,107,25609,107,107,107,107,107,
741,107,107,107,107,107,107,107,107,107,107,107,6661,5349,42290,107,52406,45718,107,12683,29855,
742,107,107,12669,7590,107,107,7590,107,107,107,22988,12412,20921,35941,20605,107,40886,54427,107,16353,
743,107,107,107,107,107,107,107,107,107,107,107,107,107,6840,21623,107,9187,38346,107,42861,
744,107,107,107,107,107,107,107,107,107,107,10791,107,48729,107,48968,41536,7780,50689,13044,107,
745,107,107,107,107,107,107,107,107,107,107,8807,107,10829,49773,107,40517,107,107,16124,25798,
746,107,107,107,107,107,107,107,107,1902,107,7604,37561,33331,107,107,10871,107,107,37173,12012,
747,107,107,107,107,107,107,107,107,107,107,55929,32249,46218,107,107,41043,57375,34170,56692,36636,
748,107,107,107,107,107,107,19311,107,107,107,40847,35936,48562,26753,107,17590,27285,11477,107,107,
749,107,107,107,107,107,107,107,107,107,107,107,42028,25717,12204,107,36561,53023,32155,26853,40965,
750,107,107,107,107,107,107,107,107,107,107,56211,107,107,30364,16030,31483,37197,107,107,42934,
751,107,107,107,107,107,107,107,107,107,107,40924,30718,107,107,107,37290,60207,17865,37226,31013,
752,107,107,107,107,107,107,107,107,107,107,11779,25730,27265,56550,28619,107,39757,107,11805,32152,
753,107,107,107,107,11935,107,107,107,107,107,107,24183,107,49371,38925,107,107,107,28763,52785,
754,107,107,107,107,107,107,107,107,107,107,50073,20484,26911,107,26319,52345,55044,48891,107,45566,
755,107,107,107,107,107,107,107,107,107,107,52655,544,7862,50981,51452,107,40933,28789,6001,8748,
756,107,107,107,107,107,107,13676,26263,107,6043,43930,16439,26182,107,107,12745,107,107,7650,47373,
757,107,107,107,107,107,107,107,107,107,107,32595,57697,23433,44680,107,8031,34371,19135,107,24436,
758,107,107,107,107,107,107,107,107,107,107,107,107,45794,107,59160,23779,107,28486,22004,107,
759,107,107,107,107,107,107,107,107,107,107,15902,2464,42872,20260,42781,42480,107,41698,13377,36944,
760,107,107,107,107,107,107,107,107,107,107,107,35484,49097,34993,42637,55226,21856,31651,30587,107,
761,107,107,107,107,107,107,107,107,107,107,25802,107,107,12308,16950,17814,40064,25862,107,42998,
762,107,107,107,107,107,107,107,107,107,107,54174,28382,107,3475,39969,107,107,107,23150,33154,
763,107,107,107,107,107,107,107,107,107,107,4398,4130,14829,29825,51615,107,14353,35690,37533,44759,
764,107,107,107,107,107,107,107,107,107,107,37130,107,42111,35766,6378,19255,15710,37604,37369,40563,
765,107,107,107,107,107,107,107,107,107,107,40167,5553,107,107,2589,107,54390,107,33517,17565,
766,107,107,107,107,107,107,107,107,107,107,32181,43651,22978,107,107,29561,25123,34518,107,107,
767,107,107,107,107,107,107,107,107,107,107,107,30756,7717,107,107,14177,29128,107,33185,107,
768,107,107,107,107,107,107,107,107,107,107,52614,13449,45546,42183,25383,30524,107,107,38176,35554,
769,107,107,107,107,107,107,107,107,107,107,23303,34652,32923,38587,6933,107,17979,21609,41008,107,
770,107,107,107,107,107,107,107,107,107,107,107,43929,107,12173,26468,51362,107,44279,26392,107,
771,107,107,107,107,107,107,107,107,107,107,10339,107,22645,2558,34366,107,107,54355,107,34561,
772,107,107,107,107,107,107,107,107,107,107,27475,12048,28289,107,17989,107,107,107,46404,107,
773,107,107,107,107,107,107,107,107,107,107,14594,32541,107,52909,36992,55994,107,107,14045,12530,
774,107,107,107,107,107,107,107,107,11406,107,22019,39528,51440,44256,21263,56811,19482,60756,107,53395,
775,107,107,107,107,107,107,107,107,107,107,107,107,107,40080,107,47648,18472,29162,18276,107,
776,107,107,107,107,107,107,107,107,107,107,37546,39838,25526,107,51457,13099,25487,40493,13954,35295,
777,107,107,107,107,107,107,107,107,107,107,40431,45225,28636,17523,107,1736,107,17679,107,15713,
778,107,107,1216,107,107,107,107,7609,107,107,21904,16835,44239,10202,107,38910,107,18557,47787,37687,
779,107,107,107,107,107,107,107,107,107,107,33529,28124,107,26157,107,107,15259,8247,4182,107,
780,107,107,107,107,107,107,107,107,107,107,107,20484,11663,107,107,30114,107,12899,8924,25970,
781,107,107,107,107,107,107,107,107,107,107,550,19341,32299,25700,107,48960,56054,107,37212,22912,
782,107,107,107,107,107,107,107,107,107,107,107,107,107,18088,14352,46422,8106,59547,58521,107,
783,107,107,107,107,107,107,107,107,107,107,107,40134,107,23807,22147,23447,489,107,51405,107,
784,107,107,107,107,107,107,107,107,107,107,45963,48119,16016,107,107,16992,36375,9272,42578,27088,
785,107,107,107,107,107,107,107,107,107,107,36929,23848,8320,52501,107,43059,107,31092,47036,16159,
786,107,107,107,107,107,107,107,107,107,107,107,41648,12471,6525,10947,107,107,35557,39406,26858,
787,107,107,107,107,107,107,107,107,107,107,34107,107,107,44291,18238,16538,58492,56502,49454,50121,
788,107,107,107,107,107,107,107,107,107,107,12902,641,107,107,107,107,15055,10660,24116,20160,
789,107,107,107,107,107,107,107,107,107,107,45141,21331,107,107,107,44526,5632,3070,13932,28296,
790,107,107,107,107,107,107,107,107,107,107,21170,107,107,14265,31309,33191,12812,33819,12193,43022,
791,107,107,107,107,107,107,107,107,107,107,107,18848,107,107,48491,46585,34190,44591,6647,12057,
792,107,107,107,107,107,107,107,107,107,107,107,107,107,31850,47133,107,10623,52419,13983,35788,
793,107,107,107,107,13858,107,107,107,107,107,107,43010,107,14887,23862,41602,14425,50961,34922,13195,
794,107,107,107,107,107,107,107,107,107,107,46903,4191,16049,107,47994,43758,107,107,9053,9912,
795,107,107,107,107,18260,107,107,107,107,107,107,29223,107,14392,15706,31276,48925,52583,107,107,
796,107,107,107,107,107,107,107,107,13360,107,9003,107,107,15961,21391,107,43063,107,17198,107,
797,107,107,107,107,107,107,107,107,107,107,107,39676,25348,107,17016,107,28186,107,38699,39910,
798,107,107,107,107,107,107,107,107,107,107,45715,24734,107,33609,39056,17775,19456,38810,107,46616,
799,107,107,107,107,107,107,107,107,107,107,7586,16418,47884,48757,107,13339,12651,27719,107,12557,
800,107,107,107,107,107,107,107,107,107,107,107,22332,107,107,107,107,26546,107,45144,22406,
801,107,107,107,107,107,107,107,107,107,107,53283,12486,14848,49058,39747,107,107,3224,18347,107,
802,107,107,107,107,107,107,107,107,107,107,107,34948,107,107,107,107,107,10903,107,54157,
803,107,107,107,107,107,107,107,107,107,107,29900,28988,32146,21564,107,107,52336,107,43451,53054,
804,107,107,107,107,107,107,107,107,107,107,26326,49877,107,43886,107,17291,38790,107,54005,45503,
805,107,107,107,107,107,107,107,107,107,107,41881,36505,35579,13711,107,39794,38211,12348,107,47398,
806,107,107,107,107,107,107,107,107,107,107,10301,40260,37447,107,41647,55787,41824,37650,42405,13082,
807,107,107,107,107,107,107,107,107,107,107,107,107,107,20191,41843,14399,107,30812,21267,28606,
808,107,107,107,107,107,107,107,107,107,107,107,39837,28063,40344,27847,42735,31239,47013,45585,570,
809,107,107,107,107,107,107,107,107,107,107,4434,107,36573,107,23519,107,107,107,107,107,
810,107,107,107,107,107,107,107,107,107,107,107,107,37449,33609,107,107,40657,30821,107,107,
811,107,107,107,107,107,107,107,107,107,107,107,107,107,107,107,28212,107,22230,40771,19420,
812,107,107,107,107,107,107,107,107,107,107,38428,8704,10767,107,107,4858,26234,47472,107,107,
813,107,107,107,107,107,107,107,107,107,107,17881,107,12502,107,49183,38395,30305,107,107,107,
814,107,107,107,107,107,107,107,107,107,107,15875,34265,13894,107,32090,29608,20396,46771,107,40690,
815,107,107,107,107,107,107,107,107,107,107,107,42747,52778,107,107,107,107,107,9494,107,
816,107,107,107,107,107,107,107,107,107,107,37918,107,18655,40789,107,107,107,22931,107,28366,
817,107,107,107,107,107,107,107,107,107,107,107,40323,25334,36112,107,24743,47735,9016,45420,17191,
818,107,107,107,107,107,107,107,107,107,107,107,8178,5001,57012,17665,24699,107,41600,45398,16926,
819,107,107,107,13936,107,107,107,107,107,107,39371,107,107,39851,48019,54859,34670,107,107,13582,
820,107,107,107,107,107,107,107,107,107,107,30937,6505,44432,107,43994,35072,40017,45909,107,107,
821,107,107,107,107,107,3650,107,107,107,107,33150,56347,43268,54946,27930,107,48861,107,42583,107,
822,107,107,107,107,107,107,107,107,107,107,14986,23083,3817,25518,56766,1993,28642,50707,25572,39177,
823,107,107,107,107,107,107,107,107,107,8779,13551,13320,43395,107,511,54935,43001,107,12592,107,
824,107,107,107,107,107,107,107,107,107,107,107,52101,16044,20941,9509,37730,107,107,41254,14501,
825,107,107,107,107,107,107,107,107,107,1787,16721,56854,51634,52250,107,13378,107,107,17770,107,
826,107,107,107,107,107,107,107,107,107,107,29487,17845,25949,48916,52391,107,51348,44301,107,107,
827,107,107,107,107,107,13195,107,107,107,107,15777,107,25234,46634,35664,8133,38491,36678,42579,107,
828,107,107,107,107,107,3599,107,107,107,107,107,8150,12150,42124,16750,32328,28983,107,107,22763,
829,107,107,107,107,107,107,107,107,107,107,15043,23005,107,107,46257,44499,13532,42468,50653,28224,
830,107,107,107,107,107,107,107,107,107,107,34749,42374,47322,17787,32229,107,41136,107,10417,107,
831,107,107,107,11155,107,107,107,107,107,107,44562,26531,34533,2855,44300,46006,107,107,107,107,
832,107,107,107,107,107,107,4649,107,107,107,107,33140,107,42527,107,48193,16466,107,107,107,
833,107,107,107,107,107,107,107,107,107,107,18220,40675,50754,107,107,15562,22684,29152,21588,40878,
834,107,107,107,107,107,107,107,107,107,107,31908,107,13904,44079,19846,30540,19718,46600,107,19928,
835,107,107,107,107,107,107,107,107,107,107,26525,51087,5395,49915,107,33575,44288,48811,13127,30267,
836,107,107,107,107,107,107,107,107,107,107,107,30310,36174,18048,3734,42832,47331,107,107,11203,
837,107,107,107,107,107,107,107,107,107,107,29131,6794,107,33970,38576,107,7740,41564,38756,38107,
838,107,107,107,107,107,107,107,107,107,107,107,47376,4123,57724,47357,15466,107,33722,32430,57835,
839,107,107,107,107,107,107,107,107,107,107,39718,32866,107,20462,107,12892,107,34564,107,107,
840,107,107,107,107,107,107,107,107,107,107,107,27925,16591,13097,3178,107,20339,10667,16610,107,
841,107,107,107,107,107,107,107,107,107,10320,107,107,32322,25428,5836,326,107,9651,19689,31871,
842,107,107,107,107,107,107,107,107,107,107,107,40142,34695,19157,40777,107,10789,107,40837,56805,
843,107,107,4004,107,107,107,107,107,3431,107,29692,50745,107,107,25363,8079,14796,107,107,47861,
844,107,107,107,107,107,11812,107,11812,107,107,19735,46140,33040,107,25852,42622,41722,9035,9123,16327,
845,107,107,107,107,107,107,107,107,107,107,107,57092,56547,41547,3693,107,40628,20915,23334,37346,
846,107,107,107,107,107,107,1305,107,11074,107,107,107,107,38002,31503,107,27680,40643,107,10973,
847,107,107,107,107,107,107,107,107,107,107,107,44135,34430,107,19996,52558,107,16252,107,45642,
848,107,107,107,107,107,107,107,107,107,107,54121,24307,12566,107,35820,13630,27283,28264,107,107,
849,107,107,107,107,107,107,107,107,107,107,34456,46011,49858,42961,5475,34176,42200,25953,42498,12612,
850,107,107,107,107,107,107,107,107,107,107,46869,50960,52978,44984,50553,107,107,107,51124,107,
851,107,107,107,107,107,107,107,107,107,107,29419,29611,107,107,46782,29334,107,26180,107,17918,
852,107,107,107,107,107,107,107,107,107,107,52620,14482,107,51849,6748,38021,107,1769,13649,107,
853,107,107,14625,107,107,107,107,107,107,107,107,21122,107,29356,20497,46327,39941,16811,107,22141,
854,107,107,107,107,107,107,107,107,107,107,31740,49015,57649,107,107,22405,107,107,107,23496,
855,107,107,107,107,107,107,13611,107,107,107,44945,107,42278,47739,24544,26559,17318,43559,3582,35703,
856,107,107,107,107,107,107,107,107,107,107,107,9104,107,26302,107,33886,107,107,107,34714,
857,107,107,107,107,107,107,107,107,107,107,31790,47470,27044,107,32574,54958,107,40120,107,107,
858,107,107,107,107,107,107,107,107,107,107,48343,7611,4959,107,107,35775,24944,23809,19311,29268,
859,107,107,107,107,107,107,107,107,107,107,38895,107,25467,107,25202,107,107,22104,32166,46268,
860,107,107,107,107,107,107,107,107,107,107,27583,46870,37137,45221,45916,107,44919,39119,25541,19595,
861,107,107,107,107,107,107,107,107,107,107,37397,107,22295,54542,11086,107,107,7993,107,21210,
862,107,107,107,107,107,107,107,107,107,107,107,40184,7078,107,107,46886,47518,38118,48024,48728,
863,107,107,107,107,107,107,107,4724,107,107,107,38655,107,107,32852,107,39242,9424,14080,107,
864,107,107,107,107,107,107,107,107,107,107,21932,37316,30646,24913,107,13127,35463,20157,107,10906,
865,107,107,107,107,107,107,107,107,107,107,18069,4039,20360,107,107,15868,18766,107,29773,52576,
866,107,107,107,24121,107,107,107,107,107,107,10637,24706,23189,107,26977,28623,107,11938,29956,10145,
867,107,107,107,107,107,107,107,107,107,107,107,22247,107,107,10618,107,44202,44286,38161,107,
868,107,107,17906,107,107,107,107,107,107,107,12162,15913,27939,36595,17709,19888,107,107,39340,22321,
869,107,107,107,107,107,107,107,107,107,107,29553,23138,107,107,107,26933,16340,107,107,57156,
870,107,107,107,107,107,107,107,107,107,107,49282,49533,14166,38267,43533,107,27271,34926,11090,30313,
871,107,107,107,107,107,107,107,107,107,107,35937,17625,20618,107,44573,107,107,38785,20395,107,
872,107,107,107,107,107,107,107,107,107,107,4967,614,11956,26917,107,15625,107,15868,14503,107,
873,107,107,107,107,107,107,107,107,7032,107,27459,15103,53750,12507,46710,44564,107,50244,107,13694,
874,107,107,107,22240,107,107,107,107,107,107,28100,23214,40088,107,3331,57700,49422,12095,52710,37463,
875,107,107,107,107,107,107,107,107,107,107,30168,51961,43207,57201,31562,22325,41121,20287,34621,107,
876,107,107,107,107,107,107,107,107,107,107,41206,107,57113,51059,107,25413,107,21878,107,107,
877,107,107,107,107,107,107,107,107,107,107,56157,27940,107,40758,48235,107,11416,47647,51232,53094,
878,107,107,107,107,107,107,107,107,107,107,107,15506,11912,107,32286,12933,11359,18003,39712,50632,
879,107,107,107,107,107,107,107,107,107,107,13594,107,42527,107,37517,53221,42913,40136,34825,107,
880,107,107,107,107,107,107,107,107,107,107,46924,13228,35226,54214,790,15226,107,20998,107,107,
881,107,107,107,107,107,107,107,107,107,107,24598,107,45348,9207,56820,41102,43816,11301,33651,41904,
882,107,107,107,107,107,107,107,107,107,107,41931,41352,33205,107,107,32107,55598,50567,18090,17200,
883,107,107,107,107,107,107,107,107,107,107,107,37539,45397,53369,43994,107,222,47709,47077,14657,
884,107,107,1714,107,107,107,107,107,107,107,107,107,107,2886,107,107,27850,107,50960,107,
885,107,107,107,107,107,107,107,107,107,107,35753,34340,19326,42319,107,36208,16313,17769,107,42855,
886,107,107,107,107,107,107,107,107,107,107,4264,107,21353,15753,21627,21771,107,58280,54430,107,
887,107,107,107,107,107,107,107,107,107,107,15352,18339,54006,16926,40116,107,107,52241,19039,39744,
888,107,107,107,107,107,107,107,107,107,107,54288,22697,40383,40778,24243,30152,107,33788,40391,107,
889,107,107,107,107,107,107,107,107,107,107,50250,40597,43079,31205,49615,20460,35491,29647,107,13841,
890,107,107,107,107,107,107,107,107,107,107,107,107,49729,50870,59449,17396,27771,107,42453,38965,
891,107,107,107,107,107,107,107,107,107,439,42545,43847,107,52209,49299,33696,54115,6009,107,25190,
892,107,107,107,107,107,107,107,107,15218,107,107,16350,30517,30824,353,107,29405,39474,107,39324,
893,107,107,107,107,107,107,107,107,107,107,20650,12700,20645,54290,107,107,47237,19914,30316,36221,
894,107,107,107,107,107,107,107,107,107,107,48129,2223,7699,55669,20589,107,107,107,49191,47076,
895,107,107,107,107,107,107,107,107,107,107,49623,44353,30991,50468,26079,9126,107,107,107,107,
896,107,107,20873,107,107,107,107,107,107,107,107,53998,42396,13276,107,27787,107,107,13882,53533,
897,107,107,107,107,107,107,14507,107,107,107,107,36846,15227,107,10790,107,107,107,35517,107,
898,107,107,107,107,107,107,107,107,107,107,44703,24480,16700,45767,1616,107,30087,38416,42328,36804,
899,107,107,107,107,107,107,107,107,107,107,16314,107,107,49148,43446,42754,36743,17079,44723,47455,
900,107,107,107,107,107,107,107,107,107,107,19790,31681,31977,50083,48504,107,14040,36811,47384,7670,
901,107,107,107,107,107,107,107,107,107,107,47248,6717,16980,16563,38002,42911,107,4375,49834,107,
902,107,107,107,107,107,107,107,107,107,107,25133,28215,107,58164,107,107,107,13231,107,107,
903,107,107,107,107,107,107,107,107,107,107,26706,47888,107,39596,43693,28780,56044,107,53177,5795,
904,107,107,107,107,107,107,107,107,107,107,22466,23954,34321,33850,44752,12835,55605,25396,41609,107,
905,107,107,107,107,107,107,107,107,44529,107,107,107,107,17375,45961,107,41899,33479,24120,30907,
906,107,107,107,107,107,107,107,107,107,107,45340,107,107,13500,22053,47989,49412,18568,29771,107,
907,107,107,107,107,107,107,107,107,107,107,30392,4743,28482,107,18695,43747,24997,57238,6777,107,
908,107,107,107,107,107,107,107,107,107,107,49682,7422,26667,53007,107,49528,122,107,41303,55028,
909,107,107,107,107,107,107,107,107,107,122,107,43710,23916,12543,2531,9057,22444,31372,37691,107,
910,107,107,107,107,107,107,107,107,107,107,107,107,107,12847,49150,107,44322,26824,57744,107,
911,107,107,107,107,107,107,107,107,107,107,107,107,49131,17676,107,6264,50610,107,48579,30814,
912,107,107,107,107,107,107,107,107,107,107,107,24233,25706,36142,34513,45693,1139,107,107,107,
913,107,107,107,107,107,107,107,107,107,107,15982,46817,39026,20055,38667,107,44482,27478,20860,12915,
914,107,107,107,107,107,107,107,107,107,107,29427,579,2532,107,107,44324,53020,107,44930,50201,
915,107,107,107,107,107,107,107,107,107,107,1451,107,107,37402,4155,13241,10234,107,44290,107,
916,107,107,107,107,107,107,107,107,107,107,48103,107,45719,40576,27690,34771,58684,107,46819,20931,
917,107,107,107,107,107,107,107,107,107,107,17976,52826,107,19892,26937,107,41030,107,107,107,
918,107,107,107,107,107,107,107,11700,107,107,25878,47009,30983,107,107,16143,40112,17640,107,31385,
919,107,107,107,107,107,107,107,107,107,107,107,43139,107,34658,17404,21552,107,46472,34477,14643,
920,107,107,107,107,107,107,107,107,107,107,24249,17249,23146,26581,43588,107,107,50126,12136,37794,
921,107,107,107,107,107,107,107,107,107,107,36690,16664,43009,1056,15665,47413,41955,107,48904,107,
922,107,107,107,107,107,107,107,107,107,107,107,16319,107,10465,48955,5498,2245,197,48361,107,
923,107,107,107,107,107,107,107,107,9199,107,21616,107,107,35210,107,30657,18716,107,26391,1862,
924,107,107,107,107,107,107,107,107,107,107,107,48621,26147,107,107,17957,107,107,16426,30096,
925,107,107,107,107,107,107,107,107,107,107,44890,34704,43646,107,107,3301,15604,35641,29456,52097,
926,107,107,107,107,107,107,107,107,107,107,18553,44300,26779,107,55040,4771,4948,2865,51592,42352,
927,107,107,107,107,23485,107,107,107,107,107,107,107,43664,53883,107,36239,32531,36818,35168,107,
928,107,107,107,107,107,107,107,107,107,107,107,107,107,107,31462,16815,11100,27085,26514,41066,
929,107,107,107,107,107,107,107,107,107,107,29600,6021,16370,20996,107,20125,12216,11346,38325,12287,
930,107,107,107,107,107,107,107,107,107,107,7194,107,32560,107,107,107,107,51020,107,107,
931,107,107,107,107,107,107,107,107,107,107,107,32312,43325,39390,39019,107,3739,27900,4065,1474,
932,107,107,107,107,107,107,107,107,107,107,107,17149,43073,107,107,12404,107,43249,12831,21012,
933,107,107,107,107,107,107,107,107,107,107,107,43904,107,7157,107,107,46745,39717,32139,19059,
934,107,107,107,107,107,107,107,107,107,107,34548,37904,107,28774,30202,107,45055,107,32581,44413,
935,107,107,107,107,107,107,107,107,107,107,46549,107,107,44796,44085,107,34784,12967,13864,107,
936,107,107,107,107,107,107,107,107,107,107,31356,47084,107,16006,16636,33950,29873,795,107,5109,
937,107,107,107,107,107,107,107,107,107,107,107,107,13261,26283,30678,24158,107,35915,39385,107,
938,107,107,107,107,107,107,107,107,107,107,36828,36566,107,36543,55851,19063,107,53197,44420,27532,
939,107,107,107,107,107,107,107,107,107,107,51119,107,55449,35207,52309,107,24115,19754,107,34820,
940,107,107,107,107,107,107,107,107,107,107,107,107,107,40312,107,37365,43867,19943,27685,25889,
941,107,107,107,107,107,107,107,107,107,2810,29266,4965,107,107,42600,14146,107,48959,27491,20741,
942,107,107,107,107,107,9036,107,107,107,51617,767,8555,107,50085,27969,39311,107,35349,38399,107,
943,107,107,107,107,107,107,107,107,107,107,43042,107,107,13369,20839,38300,107,5069,107,23630,
944,107,107,107,107,107,107,107,107,107,11949,27174,21617,10966,4587,49273,107,25587,107,107,6544,
945,107,107,107,107,107,107,107,107,107,107,107,107,40495,107,30233,107,32779,107,107,107,
946,107,107,107,15822,107,107,107,107,107,107,41665,41300,107,107,107,43724,37674,107,107,46398,
947,107,107,107,107,107,107,107,107,107,107,44881,45716,2601,37567,107,41599,107,33992,24347,34374,
948,107,107,107,107,107,107,107,9868,107,107,22558,48491,107,32794,107,7546,6713,43120,57499,107,
949,107,107,107,107,107,107,107,107,107,107,50257,20086,43058,107,58730,48534,29147,16920,107,2309,
950,107,107,107,107,107,107,107,107,107,107,39765,43868,21000,5296,107,44862,35348,26076,39414,107,
951,107,107,107,107,9219,107,107,107,107,107,10218,107,107,33284,107,16013,107,14332,107,107,
952,107,107,107,107,107,107,107,107,107,107,107,10745,40628,11713,107,107,107,28649,26398,29947,
953,107,107,107,107,107,107,107,107,107,107,25787,107,35388,33690,37313,18031,38951,107,15275,107,
954,107,107,107,107,107,107,107,107,107,107,42536,10511,24772,36318,46134,32712,45310,4766,23677,8638,
955,107,107,107,107,107,107,107,107,16094,107,23759,107,27803,1755,107,19212,107,107,107,12885,
956,107,107,107,107,107,107,107,107,107,107,43345,422,21604,2562,41648,25793,43289,25853,5630,3609,
957,107,107,107,107,107,107,422,107,107,107,107,14288,7791,107,107,37975,2925,34964,107,28297,
958,107,107,107,107,107,107,107,107,107,107,49631,107,107,107,107,21085,48612,18812,5152,35934,
959,107,107,107,107,107,107,107,107,107,107,22140,107,33989,107,23264,107,42013,107,11298,37914,
960,107,107,107,107,107,107,107,107,107,107,107,32161,107,23140,107,107,30218,24032,37764,4627,
961,107,107,107,107,107,107,107,107,107,107,34508,48420,107,107,51454,31776,107,107,22587,42267,
962,107,107,107,107,107,107,107,107,107,107,107,29329,107,11180,107,46846,31684,47712,107,17245,
963,107,107,107,107,107,107,107,107,107,107,107,107,107,6155,107,48189,48651,33938,50497,37737,
964,107,107,107,107,107,107,107,107,107,107,11822,13110,22107,19436,16372,41481,42732,107,107,107,
965,107,107,107,107,107,107,107,485,107,107,107,18804,48653,107,107,35941,107,107,52763,10720,
966,107,107,107,107,107,107,107,107,107,13048,42709,107,17223,107,40834,33369,39492,31076,20269,107,
967,107,107,107,107,107,107,107,107,107,107,31809,107,21146,59855,16417,21712,107,107,107,16683,
968,107,107,13657,107,107,107,107,107,107,107,107,45665,35683,47542,47615,47521,107,107,4983,25153,
969,107,107,107,107,107,107,107,107,107,107,36120,23075,12461,45166,107,47393,34420,16476,5627,107,
970,107,107,107,107,107,107,107,107,107,107,107,18948,32089,41498,107,57584,38140,107,12048,107,
971,107,107,107,107,107,107,107,107,107,107,17165,25817,107,35241,30383,107,40571,50061,21936,48342,
972,107,107,107,107,107,107,107,107,107,107,31063,44543,15452,6219,50428,24563,107,24382,3267,47193,
973,107,107,107,107,107,107,107,107,107,107,18977,15667,20094,107,48839,35279,107,35823,57123,107,
974,107,107,107,107,107,107,107,107,107,107,107,43215,107,107,11274,35762,55288,31194,107,107,
975,107,107,107,107,107,107,107,107,107,107,107,41834,107,107,14857,13837,23635,47711,107,1903,
976,107,107,107,107,107,107,107,107,107,107,45642,107,107,4882,107,28226,28659,8609,107,10176,
977,107,107,107,107,107,107,107,107,107,107,107,107,26485,22955,107,32985,5714,107,12807,107,
978,107,107,107,107,107,107,107,107,107,107,107,107,24538,3719,20752,51437,107,107,26335,45639,
979,107,107,107,107,107,107,107,107,107,107,34354,40109,107,107,47235,107,30010,19430,107,41096,
980,107,107,107,107,107,107,107,107,107,107,617,107,107,107,107,38470,32286,107,107,42808,
981,107,107,107,107,107,107,107,107,107,107,12340,37248,107,107,28788,45274,51254,107,107,107,
982,107,107,107,107,107,107,107,107,107,9288,107,11769,57284,14032,14565,48333,21218,15066,9958,8369,
983,107,107,107,107,107,107,107,107,107,107,107,18913,35924,107,21137,107,107,39437,19283,45018,
984,107,107,107,107,107,21759,107,107,107,107,44044,107,52131,21181,107,107,107,107,7818,47615,
985,107,107,107,107,107,107,107,107,107,107,107,107,16392,45101,39213,44864,4388,3063,107,41979,
986,107,107,107,107,107,107,107,4324,107,107,23613,53965,48017,47780,107,46202,107,107,230,40714,
987,107,107,107,107,107,107,5883,107,107,107,8880,45314,46649,107,107,55034,107,107,29345,107,
988,107,107,16171,107,107,107,107,107,107,107,36187,26977,26652,33730,14587,14709,26685,27227,17004,26295,
989,107,107,107,107,107,107,107,107,107,107,10865,23114,107,23623,107,42419,54773,48405,47449,26328,
990,107,107,107,107,107,107,107,107,107,107,107,107,27185,33091,56629,107,42744,39734,107,107,
991,107,107,107,107,107,2140,107,107,107,107,107,107,56227,107,29406,107,30030,32202,107,55738,
992,107,107,107,107,107,107,107,107,107,107,2394,13181,47586,11915,107,107,8756,25776,33912,4577,
993,107,107,107,107,107,107,107,107,107,107,3676,33199,40565,51911,107,26365,52489,23667,28645,48388,
994,107,107,107,107,107,107,107,107,107,107,53716,51254,107,13020,37955,11827,107,107,107,31865,
995,107,107,107,107,107,107,107,107,107,107,107,36069,57774,51520,107,107,36273,18569,107,107,
996,107,107,107,107,107,107,9866,107,107,107,12474,34027,49457,107,50913,7140,12121,37896,107,39943,
997,107,107,107,107,107,107,107,107,107,107,16816,107,107,43556,107,39187,8719,21225,44439,107,
998,107,107,107,107,107,107,107,107,107,107,48168,46150,15731,28235,46149,21774,36426,32500,14663,107,
999,107,107,107,107,107,107,107,107,107,107,51872,43368,27847,20777,27637,107,54903,26187,107,26059,
1000,107,107,107,107,107,107,107,107,107,107,107,107,28321,44359,8889,45772,107,107,18510,23170,
