1,48052,6132,47562,11135,47276,33527,25156,20594,32259,42896,27357,27302,15345,45576,19183,5279,7157,35807,3117,39657,28794,23430,27352,16743,43691,38657,43126,25759,14480,7905,32904,10661,12293,12929,41999,20010,15875,39650,43579,14305,41449,1749,42560,26639,45269,47247,10363,47173,38420,36669,45839,12842,45264,9313,13376,20622,30836,45043,21336,30777,19895,6838,49094,43329,32001,3182,26359,29036,31566,48540,35516,1000,18639,18272,17291,35157,38361,49802,43770,43737,
2,48052,6132,47562,11135,47276,33527,25156,20594,32259,42896,27357,27302,15345,45576,19183,5279,7157,35807,3117,39657,28794,23430,27352,16743,43691,38657,43126,25759,14480,7905,32904,10661,12293,12929,41999,20010,15875,39650,43579,14305,30925,3888,19160,29627,18105,15034,31361,5078,18709,2646,19092,26452,10215,37984,22962,11924,1482,16831,18352,5707,21314,3920,1417,9572,7292,3724,30169,962,21142,2424,7919,119,18492,10118,21304,36798,16889,7672,9872,13317,
3,48052,6132,47562,11135,47276,33527,25156,20594,32259,42896,27357,27302,15345,45576,19183,5279,7157,35807,3117,39657,28794,23430,27352,16743,43691,38657,43126,25759,14480,7905,32904,10661,12293,12929,41999,20010,15875,39650,43579,14305,2769,26421,21572,25720,15367,14686,14955,13097,10696,13918,18203,18141,3372,4742,3983,5100,40767,5583,32314,3788,12605,3185,22737,18604,3414,23853,7257,3647,12855,1458,7399,19051,12437,45268,22726,4475,35176,22047,12167,15099,
4,48052,6132,47562,11135,47276,33527,25156,20594,32259,42896,27357,27302,15345,45576,19183,5279,7157,35807,3117,39657,28794,23430,27352,16743,43691,38657,43126,25759,14480,7905,32904,10661,12293,12929,41999,20010,15875,39650,43579,14305,40719,23424,13552,9572,8781,21972,12940,31603,16622,10437,1144,1592,1938,1908,4517,16492,8150,8401,642,890,5778,3448,32084,3047,7348,35407,6536,4553,13397,11394,9091,16403,4707,3973,5871,15737,26700,41880,13284,11448,
5,48052,6132,47562,11135,47276,33527,25156,20594,32259,42896,27357,27302,15345,45576,19183,5279,7157,35807,3117,39657,28794,23430,27352,16743,43691,38657,43126,25759,14480,7905,32904,10661,12293,12929,41999,20010,15875,39650,43579,14305,6323,14223,20147,29808,22734,2281,34921,30594,491,3652,14367,38564,1938,1908,20793,620,34872,14136,3616,13983,3059,13010,22802,11751,25228,1722,10766,22953,22212,12405,3831,10735,4411,16232,7468,19260,22761,29146,14194,19226,
6,48052,6132,47562,11135,47276,33527,25156,20594,32259,42896,27357,27302,15345,45576,19183,5279,7157,35807,3117,39657,28794,23430,27352,16743,43691,38657,43126,25759,14480,7905,32904,10661,12293,12929,41999,20010,15875,39650,43579,14305,6323,29144,18559,22366,13927,15674,26829,4083,491,1010,14675,17781,30866,23621,13691,5047,13576,27863,1028,26450,9547,5645,35412,27973,2513,9567,26316,13372,13290,31218,17598,40098,19944,4377,23984,299,25580,10663,7095,14254,
7,48052,6132,47562,11135,47276,33527,25156,20594,32259,42896,27357,27302,15345,45576,19183,5279,7157,35807,3117,39657,28794,23430,27352,16743,43691,38657,43126,25759,14480,7905,32904,10661,12293,12929,41999,20010,15875,39650,43579,14305,20004,9801,27261,6875,4555,2076,42063,36810,24148,7955,14022,38687,5175,3672,969,31718,5192,699,11280,2104,20734,5135,3410,37796,12781,12578,15487,31276,3610,3889,2419,11811,10673,41635,4226,33460,5599,16624,21971,5043,
8,48052,6132,47562,11135,47276,33527,25156,20594,32259,42896,27357,27302,15345,45576,19183,5279,7157,35807,3117,39657,28794,23430,27352,16743,43691,38657,43126,25759,14480,7905,32904,10661,12293,12929,41999,20010,15875,39650,43579,14305,35004,16696,22814,26285,368,3844,13234,29635,447,18041,29192,19365,20405,3487,35309,10345,19093,13193,34973,4816,21352,2571,9548,30315,10645,2243,27126,42815,25285,2822,14942,32763,11509,35576,30770,345,3179,1428,12448,8976,
9,48052,6132,47562,11135,47276,33527,25156,20594,32259,42896,27357,27302,15345,45576,19183,5279,7157,35807,3117,39657,28794,23430,27352,16743,43691,38657,43126,25759,14480,7905,32904,10661,12293,12929,41999,20010,15875,39650,43579,14305,2919,13058,1940,2494,19683,30104,42625,3272,28150,36232,16317,9148,6440,10937,705,2878,3831,16824,36006,13050,19234,10735,10900,16121,2522,31639,21435,13868,6893,24508,7859,15587,27586,6884,11046,12357,16510,12386,5025,14074,
10,48052,6132,47562,11135,47276,33527,25156,20594,32259,42896,27357,27302,15345,45576,19183,5279,7157,35807,3117,39657,28794,23430,27352,16743,43691,38657,43126,25759,14480,7905,32904,10661,12293,12929,41999,20010,15875,39650,43579,14305,1316,1248,35719,1404,4915,14509,10130,1218,17298,18052,15278,20376,16140,17607,7212,14823,220,7756,7562,5399,10522,28644,3026,17506,25613,2093,14112,9957,6893,16656,31223,37125,3752,14523,7927,6239,4171,7538,1115,15731,
11,48052,6132,47562,11135,47276,33527,25156,20594,32259,42896,27357,27302,15345,45576,19183,5279,7157,35807,3117,39657,28794,23430,27352,16743,43691,38657,43126,25759,14480,7905,32904,10661,12293,12929,41999,20010,15875,39650,43579,14305,1321,16539,34277,7133,7287,3719,15607,36139,28126,24639,10730,2996,20446,4052,3563,7452,50221,14021,20601,19126,21964,19867,2032,37947,310,14657,10735,4072,22170,915,31858,31522,8154,20822,22710,14251,7127,26679,2242,1959,
12,48052,6132,47562,11135,47276,33527,25156,20594,32259,42896,27357,27302,15345,45576,19183,5279,7157,35807,3117,39657,28794,23430,27352,16743,43691,38657,43126,25759,14480,7905,32904,10661,12293,12929,41999,20010,15875,39650,43579,14305,7481,3404,1777,33811,15586,7703,31017,5867,14916,15215,7623,3978,20417,6822,29101,975,11853,12506,289,7922,2337,19354,4647,4312,14986,13852,3483,34664,8284,1432,14575,16050,10840,21056,20867,5945,21310,9292,17153,8932,
13,48052,6132,47562,11135,47276,33527,25156,20594,32259,42896,27357,27302,15345,45576,19183,5279,7157,35807,3117,39657,28794,23430,27352,16743,43691,38657,43126,25759,14480,7905,32904,10661,12293,12929,41999,20010,15875,39650,43579,14305,9731,16382,31486,10777,4621,3393,20238,5681,25816,1528,22461,14511,32003,17319,9356,15433,43277,42487,48980,24319,1468,8886,25265,2373,4063,6602,4392,16579,22163,1273,13710,37816,23250,13077,8783,17513,15819,29685,23092,9283,
14,48052,6132,47562,11135,47276,33527,25156,20594,32259,42896,27357,27302,15345,45576,19183,5279,7157,35807,3117,39657,28794,23430,27352,16743,43691,38657,43126,25759,14480,7905,32904,10661,12293,12929,41999,20010,15875,39650,43579,14305,13095,2516,23652,759,9785,37322,14380,3089,31173,10610,17720,2642,10078,14244,10389,4347,12247,15865,20024,5683,14078,2409,11656,2407,1860,1359,35008,15660,11334,2748,7027,19584,23819,18678,2038,3979,8364,2632,16509,19072,
15,48052,6132,47562,11135,47276,33527,25156,20594,32259,42896,27357,27302,15345,45576,19183,5279,7157,35807,3117,39657,28794,23430,27352,16743,43691,38657,43126,25759,14480,7905,32904,10661,12293,12929,41999,20010,15875,39650,43579,14305,15510,25635,30173,4551,19494,18221,46097,731,22236,1962,3169,30468,30893,5634,5811,12500,25051,23860,2390,12031,30764,4343,546,18256,19075,14845,14096,3363,15224,5192,17164,46932,44927,18906,4818,18754,15611,593,12796,1954,
16,48052,6132,47562,11135,47276,33527,25156,20594,32259,42896,27357,27302,15345,45576,19183,5279,7157,35807,3117,39657,28794,23430,27352,16743,43691,38657,43126,25759,14480,7905,32904,10661,12293,12929,41999,20010,15875,39650,43579,14305,9734,3680,7046,4551,16036,8325,18068,39110,38832,40209,29428,28443,6668,17090,20048,27213,32626,11412,2943,12118,8397,5951,19779,6703,12260,17047,10804,21878,19558,7495,20296,20118,27749,2239,14860,20425,7602,14670,4297,48590,
17,48052,6132,47562,11135,47276,33527,25156,20594,32259,42896,27357,27302,15345,45576,19183,5279,7157,35807,3117,39657,28794,23430,27352,16743,43691,38657,43126,25759,14480,7905,32904,10661,12293,12929,41999,20010,15875,39650,43579,14305,6160,12470,30426,604,15663,14182,17605,19282,36640,12800,30835,30000,11384,2555,12141,690,28889,8099,6328,43130,12305,11965,11676,7087,11557,21447,1705,3667,12992,7817,29587,15064,16269,8783,14072,14331,1401,30707,3254,11912,
18,48052,6132,47562,11135,47276,33527,25156,20594,32259,42896,27357,27302,15345,45576,19183,5279,7157,35807,3117,39657,28794,23430,27352,16743,43691,38657,43126,25759,14480,7905,32904,10661,12293,12929,41999,20010,15875,39650,43579,14305,2500,30062,3240,26049,2128,1626,11952,10724,5079,23067,460,205,5610,8544,12141,20337,13261,17983,25857,3152,2215,6652,4427,20680,5381,5118,2728,15824,27912,3046,14168,19468,19045,686,11820,8585,1401,18106,9274,32675,
19,48052,6132,47562,11135,47276,33527,25156,20594,32259,42896,27357,27302,15345,45576,19183,5279,7157,35807,3117,39657,28794,23430,27352,16743,43691,38657,43126,25759,14480,7905,32904,10661,12293,12929,41999,20010,15875,39650,43579,14305,9606,4716,1781,25779,26944,32410,17844,58023,3552,28879,460,13707,23726,10742,1387,1292,21647,1569,40902,13746,26318,13506,19580,16915,27319,452,2367,5058,4577,45709,14489,19913,41700,12031,24148,12479,20289,23129,3520,32493,
20,48052,6132,47562,11135,47276,33527,25156,20594,32259,42896,27357,27302,15345,45576,19183,5279,7157,35807,3117,39657,28794,23430,27352,16743,43691,38657,43126,25759,14480,7905,32904,10661,12293,12929,41999,20010,15875,39650,43579,14305,12704,21906,6778,33699,30989,28323,10603,11950,3910,4656,460,16659,2642,5962,4857,28343,11496,17931,3623,1341,27001,38456,14720,41041,226,11085,2953,2214,8113,5907,31285,31954,29885,12902,3193,13177,41420,21243,36536,33745,
21,48052,6132,47562,11135,47276,33527,25156,20594,32259,42896,27357,27302,15345,45576,19183,5279,7157,35807,3117,39657,28794,23430,27352,16743,43691,38657,43126,25759,14480,7905,32904,10661,12293,12929,41999,20010,15875,39650,43579,14305,19760,1428,28836,18042,21841,1275,44911,24472,13913,38310,7468,14843,26243,2391,6388,12418,20878,4067,21925,681,6902,15043,4079,12847,16560,2532,34923,24309,2162,27630,1504,31034,23459,5369,4963,21286,10793,7293,14339,23754,
22,48052,6132,47562,11135,47276,33527,25156,20594,32259,42896,27357,27302,15345,45576,19183,5279,7157,35807,3117,39657,28794,23430,27352,16743,43691,38657,43126,25759,14480,7905,32904,10661,12293,12929,41999,20010,15875,39650,43579,14305,12747,4818,37545,21798,2441,21354,25243,13978,26318,11338,7295,18426,6497,10868,1870,431,12999,4548,11589,1808,10937,11436,3138,7291,34934,15711,2744,1637,32738,9112,27519,30440,1699,6835,15095,5772,26229,713,6462,47174,
23,48052,6132,47562,11135,47276,33527,25156,20594,32259,42896,27357,27302,15345,45576,19183,5279,7157,35807,3117,39657,28794,23430,27352,16743,43691,38657,43126,25759,14480,7905,32904,10661,12293,12929,41999,20010,15875,39650,43579,14305,28110,13569,10666,10405,14079,2480,26412,21592,903,8491,28458,15641,33317,6540,1870,431,12691,919,9839,7297,2859,32333,13841,11169,29574,1601,4533,10379,24862,4216,1985,24987,7167,30432,32644,3317,1573,735,3564,26233,
24,48052,6132,47562,11135,47276,33527,25156,20594,32259,42896,27357,27302,15345,45576,19183,5279,7157,35807,3117,39657,28794,23430,27352,16743,43691,38657,43126,25759,14480,7905,32904,10661,12293,12929,41999,20010,15875,39650,43579,14305,13166,23723,10449,29878,3006,2734,51920,36572,10656,4725,4410,13713,1335,5509,30480,38157,22016,20882,6626,2526,1113,26543,7561,25260,9232,617,1402,4756,2242,40478,25246,30493,14041,1743,20343,1781,15132,7502,939,12680,
25,48052,6132,47562,11135,47276,33527,25156,20594,32259,42896,27357,27302,15345,45576,19183,5279,7157,35807,3117,39657,28794,23430,27352,16743,43691,38657,43126,25759,14480,7905,32904,10661,12293,12929,41999,20010,15875,39650,43579,14305,9595,10961,20420,14892,15839,2692,14941,11742,4150,2657,1316,10849,8096,8808,37218,38017,33280,30245,37535,7539,33350,1463,5841,8242,3627,8700,7696,1382,33127,17420,8825,23042,26292,10522,17343,39222,11840,1548,50862,20523,
26,48052,6132,47562,11135,47276,33527,25156,20594,32259,42896,27357,27302,15345,45576,19183,5279,7157,35807,3117,39657,28794,23430,27352,16743,43691,38657,43126,25759,14480,7905,32904,10661,12293,12929,41999,20010,15875,39650,43579,14305,17421,17459,4598,17893,16922,11853,35029,33765,8790,26005,13361,17847,31703,19102,8624,13261,19791,33694,20360,41162,17066,2351,13864,15315,965,4166,17577,22377,10239,15698,7446,32368,5781,25983,3486,10067,7623,14661,17600,11131,
27,48052,6132,47562,11135,47276,33527,25156,20594,32259,42896,27357,27302,15345,45576,19183,5279,7157,35807,3117,39657,28794,23430,27352,16743,43691,38657,43126,25759,14480,7905,32904,10661,12293,12929,41999,20010,15875,39650,43579,14305,10622,15779,8849,17921,9476,31609,29701,12482,14864,1380,2840,46970,17005,5277,1264,26927,19315,2312,22116,13213,7604,7636,31421,361,5584,26196,14755,3318,29463,8620,29368,29263,22907,4349,22930,29506,15549,4371,18441,13727,
28,48052,6132,47562,11135,47276,33527,25156,20594,32259,42896,27357,27302,15345,45576,19183,5279,7157,35807,3117,39657,28794,23430,27352,16743,43691,38657,43126,25759,14480,7905,32904,10661,12293,12929,41999,20010,15875,39650,43579,14305,25138,30647,7682,21959,6733,11434,15722,14635,15718,28961,813,30587,44633,24563,1264,36347,51802,17387,23107,25542,15940,12382,36220,43863,1002,3303,28110,763,7541,5041,31729,44838,8935,27225,4610,1450,3507,30143,17126,33201,
29,48052,6132,47562,11135,47276,33527,25156,20594,32259,42896,27357,27302,15345,45576,19183,5279,7157,35807,3117,39657,28794,23430,27352,16743,43691,38657,43126,25759,14480,7905,32904,10661,12293,12929,41999,20010,15875,39650,43579,14305,9974,16863,2884,34417,721,22273,14892,13242,7271,8279,1651,22510,8425,31039,30835,15041,43720,32609,11160,12604,4738,1635,40208,1660,13438,2267,11799,8055,1534,18802,36137,15582,2800,6413,4326,11271,6686,10787,17126,14365,
30,48052,6132,47562,11135,47276,33527,25156,20594,32259,42896,27357,27302,15345,45576,19183,5279,7157,35807,3117,39657,28794,23430,27352,16743,43691,38657,43126,25759,14480,7905,32904,10661,12293,12929,41999,20010,15875,39650,43579,14305,6441,21972,1577,11722,25216,11025,21807,36445,32553,39158,18287,36145,4839,28001,14941,14581,30451,810,13235,4777,28676,11744,13477,5622,4226,6400,3380,16758,7618,32100,22635,11825,30146,1702,3519,5633,5226,26403,13729,18766,
31,48052,6132,47562,11135,47276,33527,25156,20594,32259,42896,27357,27302,15345,45576,19183,5279,7157,35807,3117,39657,28794,23430,27352,16743,43691,38657,43126,25759,14480,7905,32904,10661,12293,12929,41999,20010,15875,39650,43579,14305,40703,8693,19361,21022,26807,204,10933,25718,22129,6725,24593,13714,10027,27304,20140,10504,39749,12414,3775,1539,3951,10148,34359,25885,20533,10178,2160,8141,13215,17075,14491,19329,27869,14154,4812,17707,5380,19598,41342,23481,
32,48052,6132,47562,11135,47276,33527,25156,20594,32259,42896,27357,27302,15345,45576,19183,5279,7157,35807,3117,39657,28794,23430,27352,16743,43691,38657,43126,25759,14480,7905,32904,10661,12293,12929,41999,20010,15875,39650,43579,14305,6846,9743,17622,38630,20807,22539,30923,48451,730,3082,2922,32273,3235,2436,3900,32226,10600,5754,48545,17766,1524,10148,28562,6638,9646,19352,29492,15522,15185,7144,18809,28458,31021,822,2388,5015,15244,2665,19395,21539,
33,48052,6132,47562,11135,47276,33527,25156,20594,32259,42896,27357,27302,15345,45576,19183,5279,7157,35807,3117,39657,28794,23430,27352,16743,43691,38657,43126,25759,14480,7905,32904,10661,12293,12929,41999,20010,15875,39650,43579,14305,43137,6077,20564,29993,29326,7037,20288,14103,13306,4692,2986,27136,13930,7780,36349,12014,53669,28689,9918,4968,1703,34514,18851,32753,5776,1063,13230,10710,12268,14202,13657,25031,34299,21861,21885,3504,837,3972,15675,25135,
34,48052,6132,47562,11135,47276,33527,25156,20594,32259,42896,27357,27302,15345,45576,19183,5279,7157,35807,3117,39657,28794,23430,27352,16743,43691,38657,43126,25759,14480,7905,32904,10661,12293,12929,41999,20010,15875,39650,43579,14305,11426,25959,11933,19009,7266,7857,26695,23038,5117,5489,7989,20786,21850,40479,409,17091,17329,17741,3278,6147,1699,24273,15185,25737,23376,1571,2735,1307,3201,6702,4576,12286,15368,3775,429,2633,35091,8604,16363,19454,
35,48052,6132,47562,11135,47276,33527,25156,20594,32259,42896,27357,27302,15345,45576,19183,5279,7157,35807,3117,39657,28794,23430,27352,16743,43691,38657,43126,25759,14480,7905,32904,10661,12293,12929,41999,20010,15875,39650,43579,14305,4849,3789,4735,46699,11882,12663,11296,11190,9052,23560,28280,17914,4162,45832,44364,22527,17133,21588,10370,8760,35939,24976,2099,11335,6922,3783,12392,38104,39749,4854,3598,23587,24302,11823,10352,7410,6158,16753,27945,12180,
36,48052,6132,47562,11135,47276,33527,25156,20594,32259,42896,27357,27302,15345,45576,19183,5279,7157,35807,3117,39657,28794,23430,27352,16743,43691,38657,43126,25759,14480,7905,32904,10661,12293,12929,41999,20010,15875,39650,43579,14305,5502,1651,28634,25863,11090,17317,10502,11011,24761,43844,9400,15257,7591,9760,11412,11760,30184,5718,3931,600,15355,25219,20598,25887,11991,19584,18939,3610,1771,508,2872,15827,38403,6202,10499,1719,14896,24801,20607,19154,
37,48052,6132,47562,11135,47276,33527,25156,20594,32259,42896,27357,27302,15345,45576,19183,5279,7157,35807,3117,39657,28794,23430,27352,16743,43691,38657,43126,25759,14480,7905,32904,10661,12293,12929,41999,20010,15875,39650,43579,14305,3372,9971,4826,15881,36511,6836,26640,53805,8164,3143,24662,11710,8201,14641,5222,26115,23295,12484,615,43669,426,29868,17612,23102,3619,28513,13198,28338,5740,24130,3107,21509,27479,17961,14373,7574,6801,12388,13202,18222,
38,48052,6132,47562,11135,47276,33527,25156,20594,32259,42896,27357,27302,15345,45576,19183,5279,7157,35807,3117,39657,28794,23430,27352,16743,43691,38657,43126,25759,14480,7905,32904,10661,12293,12929,41999,20010,15875,39650,43579,14305,7449,27081,34863,50077,37305,34458,14513,10218,8578,16693,4054,11545,17078,4259,732,16995,18999,5107,22628,9597,426,35227,17612,812,3619,35875,4146,3087,12221,3014,14957,28574,42393,6983,25331,13749,1601,3202,14912,29897,
39,48052,6132,47562,11135,47276,33527,25156,20594,32259,42896,27357,27302,15345,45576,19183,5279,7157,35807,3117,39657,28794,23430,27352,16743,43691,38657,43126,25759,14480,7905,32904,10661,12293,12929,41999,20010,15875,39650,43579,14305,5874,1241,18202,30669,24527,9691,15692,29090,24288,1305,22532,15503,13657,7542,15734,29221,21535,23190,5278,19443,20773,12632,16931,15734,36147,16009,2468,2403,24353,18064,12598,27350,30618,1633,13476,12465,11917,15387,12792,20313,
40,48052,6132,47562,11135,47276,33527,25156,20594,32259,42896,27357,27302,15345,45576,19183,5279,7157,35807,3117,39657,28794,23430,27352,16743,43691,38657,43126,25759,14480,7905,32904,10661,12293,12929,41999,20010,15875,39650,43579,14305,4814,26056,15744,12270,7549,801,25540,11846,24254,4261,37908,19543,42281,2254,25499,17872,27878,14897,24435,23316,16120,30089,36602,2815,2064,6916,25204,10847,8277,317,14731,17420,12264,18711,19182,8388,19893,314,47145,10975,
41,48052,6132,47562,11135,47276,33527,25156,20594,32259,42896,27357,27302,15345,45576,19183,5279,7157,35807,3117,39657,28794,23430,27352,16743,43691,38657,43126,25759,14480,7905,32904,10661,12293,12929,41999,20010,15875,39650,43579,14305,57943,11327,23031,23887,34263,39804,14679,16011,9849,15110,34182,23917,27190,36219,5157,11800,44515,1695,7180,24718,10295,32954,8488,3583,25839,2678,6311,17342,1941,14602,37077,16069,34211,12619,27553,10740,12577,45856,13474,10975,
42,48052,6132,47562,11135,47276,33527,25156,20594,32259,42896,27357,27302,15345,45576,19183,5279,7157,35807,3117,39657,28794,23430,27352,16743,43691,38657,43126,25759,14480,7905,32904,10661,12293,12929,41999,20010,15875,39650,43579,14305,20675,17035,18712,11576,5715,29473,22605,17386,2799,4871,2186,18671,2324,8891,7713,20770,29957,29908,14021,4017,22059,19023,13146,28582,8124,4104,1522,5501,2296,1136,14563,41691,45048,21920,36214,25922,3088,18107,19354,42250,
43,48052,6132,47562,11135,47276,33527,25156,20594,32259,42896,27357,27302,15345,45576,19183,5279,7157,35807,3117,39657,28794,23430,27352,16743,43691,38657,43126,25759,14480,7905,32904,10661,12293,12929,41999,20010,15875,39650,43579,14305,31227,767,10036,17716,13581,1200,30815,12155,3209,40879,10571,21373,4295,8891,11057,26614,13633,21261,4778,2811,4485,38475,21107,7589,22287,38728,9081,27450,13876,19160,26206,23679,34773,16069,16868,4405,16979,5465,14408,26761,
44,48052,6132,47562,11135,47276,33527,25156,20594,32259,42896,27357,27302,15345,45576,19183,5279,7157,35807,3117,39657,28794,23430,27352,16743,43691,38657,43126,25759,14480,7905,32904,10661,12293,12929,41999,20010,15875,39650,43579,14305,14117,767,3410,14604,21535,22466,14396,10630,1820,16619,16980,22859,29021,14085,12789,19489,11330,4179,15120,3147,6250,11235,5115,32890,29276,1685,725,7998,6055,6132,28442,19787,25474,20464,22212,12733,28951,2271,21755,37522,
45,48052,6132,47562,11135,47276,33527,25156,20594,32259,42896,27357,27302,15345,45576,19183,5279,7157,35807,3117,39657,28794,23430,27352,16743,43691,38657,43126,25759,14480,7905,32904,10661,12293,12929,41999,20010,15875,39650,43579,14305,14117,1552,26116,13070,21074,13859,29793,31866,12956,17219,3793,30426,38961,22290,18856,36400,11892,27520,13775,10438,32599,24191,3351,28728,2309,6560,9738,4047,3731,3114,39907,24306,13794,19574,41264,6481,494,24598,17122,27789,
46,48052,6132,47562,11135,47276,33527,25156,20594,32259,42896,27357,27302,15345,45576,19183,5279,7157,35807,3117,39657,28794,23430,27352,16743,43691,38657,43126,25759,14480,7905,32904,10661,12293,12929,41999,20010,15875,39650,43579,14305,10346,57598,9433,20216,15367,17885,30057,35008,4864,14289,1643,10341,278,1896,10920,36829,35055,16578,1495,1010,3125,48127,3351,253,1467,13106,9311,8560,26668,1347,10123,24208,36814,2737,17571,20787,23684,4779,10675,29923,
47,48052,6132,47562,11135,47276,33527,25156,20594,32259,42896,27357,27302,15345,45576,19183,5279,7157,35807,3117,39657,28794,23430,27352,16743,43691,38657,43126,25759,14480,7905,32904,10661,12293,12929,41999,20010,15875,39650,43579,14305,24819,11310,13913,21942,5875,5809,22493,35386,1520,13049,32422,15182,726,1114,7054,42889,16454,3076,19039,16307,44582,18966,9067,51144,5424,25194,23255,2813,31683,1735,1267,20736,10205,628,15157,11628,17502,1245,15013,18207,
48,48052,6132,47562,11135,47276,33527,25156,20594,32259,42896,27357,27302,15345,45576,19183,5279,7157,35807,3117,39657,28794,23430,27352,16743,43691,38657,43126,25759,14480,7905,32904,10661,12293,12929,41999,20010,15875,39650,43579,14305,18868,11310,3517,31503,540,5306,28326,13942,2755,11866,12861,25358,4066,1114,4679,33099,11002,18365,560,15384,34913,36663,4662,39874,24742,19375,19747,3994,12836,25879,17469,40658,39815,46205,16924,9009,26062,14056,24796,21124,
49,48052,6132,47562,11135,47276,33527,25156,20594,32259,42896,27357,27302,15345,45576,19183,5279,7157,35807,3117,39657,28794,23430,27352,16743,43691,38657,43126,25759,14480,7905,32904,10661,12293,12929,41999,20010,15875,39650,43579,14305,24166,10927,31688,36952,37248,12006,17568,43136,25659,11194,16248,16259,3590,21633,16538,13087,39317,8385,18985,6517,36184,13027,23500,20345,5550,3788,15409,13129,4899,26289,40459,42664,29283,26072,17585,45072,27420,2228,26720,10108,
50,48052,6132,47562,11135,47276,33527,25156,20594,32259,42896,27357,27302,15345,45576,19183,5279,7157,35807,3117,39657,28794,23430,27352,16743,43691,38657,43126,25759,14480,7905,32904,10661,12293,12929,41999,20010,15875,39650,43579,14305,25490,12855,3277,14433,38257,3070,37085,43894,2591,11194,1522,49893,2210,11570,47278,27026,28333,31613,2892,39447,41127,17189,659,25860,54226,8856,23222,11522,23118,8662,27265,21327,17124,10773,13118,12275,29423,29046,13489,35113,
51,48052,6132,47562,11135,47276,33527,25156,20594,32259,42896,27357,27302,15345,45576,19183,5279,7157,35807,3117,39657,28794,23430,27352,16743,43691,38657,43126,25759,14480,7905,32904,10661,12293,12929,41999,20010,15875,39650,43579,14305,24919,18699,26226,14572,17565,4820,23178,24393,20896,12814,7400,14013,1952,20209,17910,16193,19874,30376,7873,3533,4757,17825,3893,11088,11561,2874,18751,5652,1089,21608,7279,24193,17639,16033,22398,4578,24733,1225,41904,16090,
52,48052,6132,47562,11135,47276,33527,25156,20594,32259,42896,27357,27302,15345,45576,19183,5279,7157,35807,3117,39657,28794,23430,27352,16743,43691,38657,43126,25759,14480,7905,32904,10661,12293,12929,41999,20010,15875,39650,43579,14305,11243,19582,17274,14572,12561,11290,14715,27659,1513,49309,2369,12801,17958,14663,18888,33144,21433,1540,6321,39062,35314,19185,2732,43235,32498,6405,2803,3085,19330,23504,5793,17288,11045,28853,11347,5611,14759,25839,30447,39684,
53,48052,6132,47562,11135,47276,33527,25156,20594,32259,42896,27357,27302,15345,45576,19183,5279,7157,35807,3117,39657,28794,23430,27352,16743,43691,38657,43126,25759,14480,7905,32904,10661,12293,12929,41999,20010,15875,39650,43579,14305,31434,35248,4405,29358,29339,21433,19283,13755,30942,35293,10013,24962,9540,10802,180,14772,12527,9577,6127,19455,2896,42253,483,17786,17274,1828,22419,3042,5056,21462,29969,13494,21081,24522,38950,21405,14184,36369,28164,42864,
54,48052,6132,47562,11135,47276,33527,25156,20594,32259,42896,27357,27302,15345,45576,19183,5279,7157,35807,3117,39657,28794,23430,27352,16743,43691,38657,43126,25759,14480,7905,32904,10661,12293,12929,41999,20010,15875,39650,43579,14305,44211,55461,40158,22332,12729,1246,10615,21008,9154,21864,5498,30430,40061,12998,31785,14291,14481,28920,31207,8726,4837,20100,23892,16202,17107,14564,5551,25653,29721,15907,35929,21029,20905,15261,38647,5648,19227,22700,17874,16734,
55,48052,6132,47562,11135,47276,33527,25156,20594,32259,42896,27357,27302,15345,45576,19183,5279,7157,35807,3117,39657,28794,23430,27352,16743,43691,38657,43126,25759,14480,7905,32904,10661,12293,12929,41999,20010,15875,39650,43579,14305,13816,13532,17354,33825,12252,32850,13156,19710,14432,13303,7360,10922,6096,6419,3111,39808,14302,3923,2085,3671,7126,10443,7889,16669,16382,10706,4346,3140,10632,14225,5609,13225,13033,18013,33941,15816,42367,15814,39539,38695,
56,48052,6132,47562,11135,47276,33527,25156,20594,32259,42896,27357,27302,15345,45576,19183,5279,7157,35807,3117,39657,28794,23430,27352,16743,43691,38657,43126,25759,14480,7905,32904,10661,12293,12929,41999,20010,15875,39650,43579,14305,37899,37688,27416,10857,11516,10329,34893,23222,5537,28860,11472,38487,11704,37216,12841,29974,21074,22340,3688,20293,5290,25968,31217,13930,29120,16745,35337,40846,6980,2173,2116,29498,12978,17548,21784,13141,18770,20914,16322,25034,
57,48052,6132,47562,11135,47276,33527,25156,20594,32259,42896,27357,27302,15345,45576,19183,5279,7157,35807,3117,39657,28794,23430,27352,16743,43691,38657,43126,25759,14480,7905,32904,10661,12293,12929,41999,20010,15875,39650,43579,14305,13158,19813,2372,17417,39467,5194,29164,26998,14570,15910,17560,14315,7439,6652,6388,14770,33815,9679,951,1566,3128,33468,5364,33199,10484,4592,11192,11961,13498,1506,2116,16339,11085,10293,17813,24028,13304,29791,14277,18221,
58,48052,6132,47562,11135,47276,33527,25156,20594,32259,42896,27357,27302,15345,45576,19183,5279,7157,35807,3117,39657,28794,23430,27352,16743,43691,38657,43126,25759,14480,7905,32904,10661,12293,12929,41999,20010,15875,39650,43579,14305,24336,11775,30481,14606,22847,13593,20118,10614,1059,35139,30298,39004,7665,34833,10884,21423,32662,8839,46127,31525,22316,20678,7024,20838,20848,11855,2683,6740,4335,9716,6356,14210,20521,41885,26692,990,14703,29370,14277,11703,
59,48052,6132,47562,11135,47276,33527,25156,20594,32259,42896,27357,27302,15345,45576,19183,5279,7157,35807,3117,39657,28794,23430,27352,16743,43691,38657,43126,25759,14480,7905,32904,10661,12293,12929,41999,20010,15875,39650,43579,14305,24427,20130,34514,13401,39252,9280,19599,48680,5879,11822,23478,31214,18653,5577,21793,14974,12241,11642,1244,15556,11305,22259,3965,35001,21787,12593,51750,29808,23190,7654,1041,18965,13972,15867,11255,23698,11067,15558,16524,19969,
60,48052,6132,47562,11135,47276,33527,25156,20594,32259,42896,27357,27302,15345,45576,19183,5279,7157,35807,3117,39657,28794,23430,27352,16743,43691,38657,43126,25759,14480,7905,32904,10661,12293,12929,41999,20010,15875,39650,43579,14305,39114,10501,13003,13838,24272,6096,13979,28715,18103,11822,25344,11496,6848,1444,11522,41019,16397,18972,1244,2328,4002,22041,6480,19371,42392,8712,21275,23196,586,47070,9137,15079,20457,20341,18077,20811,11236,22090,17886,15537,
61,48052,6132,47562,11135,47276,33527,25156,20594,32259,42896,27357,27302,15345,45576,19183,5279,7157,35807,3117,39657,28794,23430,27352,16743,43691,38657,43126,25759,14480,7905,32904,10661,12293,12929,41999,20010,15875,39650,43579,14305,32188,51009,8638,18835,17476,12159,19240,12818,5563,10375,3616,41719,4996,2251,3682,13455,36822,5195,2477,15766,17678,18271,14474,11785,20636,20057,14580,39396,8716,806,8961,27851,18643,11721,19371,22475,11600,24329,20554,42660,
62,48052,6132,47562,11135,47276,33527,25156,20594,32259,42896,27357,27302,15345,45576,19183,5279,7157,35807,3117,39657,28794,23430,27352,16743,43691,38657,43126,25759,14480,7905,32904,10661,12293,12929,41999,20010,15875,39650,43579,14305,35735,18011,6271,13132,12633,41336,15918,21289,16474,11683,11433,13561,354,32644,15308,17551,15818,2877,5658,21609,17678,10468,771,23109,12862,11781,32313,3718,4096,7468,5429,42867,29559,10148,13382,22399,21168,27838,27584,10440,
63,48052,6132,47562,11135,47276,33527,25156,20594,32259,42896,27357,27302,15345,45576,19183,5279,7157,35807,3117,39657,28794,23430,27352,16743,43691,38657,43126,25759,14480,7905,32904,10661,12293,12929,41999,20010,15875,39650,43579,14305,34562,11468,7844,16311,15229,5325,20837,44514,15489,16489,32214,15790,31279,6108,2433,28553,12529,21196,19167,144,4331,40291,17807,29047,15371,12967,38346,8214,30584,8642,41390,21921,19482,35663,18459,12645,26541,17572,18286,33521,
64,48052,6132,47562,11135,47276,33527,25156,20594,32259,42896,27357,27302,15345,45576,19183,5279,7157,35807,3117,39657,28794,23430,27352,16743,43691,38657,43126,25759,14480,7905,32904,10661,12293,12929,41999,20010,15875,39650,43579,14305,19099,12489,1100,14674,44436,3478,16082,14587,33123,12661,20609,39091,1684,10063,4322,16197,48886,26816,3130,144,21728,22094,41120,13506,24374,40800,18556,2182,13948,27611,1549,16750,23637,16634,11444,20611,15157,27662,18755,32498,
65,48052,6132,47562,11135,47276,33527,25156,20594,32259,42896,27357,27302,15345,45576,19183,5279,7157,35807,3117,39657,28794,23430,27352,16743,43691,38657,43126,25759,14480,7905,32904,10661,12293,12929,41999,20010,15875,39650,43579,14305,13383,44552,9890,40048,11040,20339,18428,25817,30957,23919,3715,27371,28377,5281,17288,16909,15082,16171,32159,144,19958,38228,5701,17150,12688,8393,12844,29558,22253,10070,25121,12629,28244,11547,42364,27781,11708,36015,16324,42617,
66,48052,6132,47562,11135,47276,33527,25156,20594,32259,42896,27357,27302,15345,45576,19183,5279,7157,35807,3117,39657,28794,23430,27352,16743,43691,38657,43126,25759,14480,7905,32904,10661,12293,12929,41999,20010,15875,39650,43579,14305,23878,12890,7900,33378,32803,617,16017,16072,2334,11480,5054,15770,14066,18163,1739,34844,50574,52495,7617,144,29359,29547,5266,53187,31031,21539,19369,15442,8094,12560,3639,51872,14428,18540,47658,39427,13709,39778,20744,45729,
67,48052,6132,47562,11135,47276,33527,25156,20594,32259,42896,27357,27302,15345,45576,19183,5279,7157,35807,3117,39657,28794,23430,27352,16743,43691,38657,43126,25759,14480,7905,32904,10661,12293,12929,41999,20010,15875,39650,43579,14305,12010,23071,4207,13989,35695,3308,37981,16072,11439,46544,22238,39148,42517,24420,30770,10597,22718,10696,39415,30523,3059,30470,276,34480,16697,18419,11825,16087,29040,21952,33094,11657,10249,41874,27321,12882,11182,16415,34122,16817,
68,48052,6132,47562,11135,47276,33527,25156,20594,32259,42896,27357,27302,15345,45576,19183,5279,7157,35807,3117,39657,28794,23430,27352,16743,43691,38657,43126,25759,14480,7905,32904,10661,12293,12929,41999,20010,15875,39650,43579,14305,43608,33708,1522,39663,22931,41279,10838,49496,4125,27579,12768,48947,20582,8438,5782,37127,42640,17813,487,47218,645,18855,27277,11307,22163,3884,17470,9298,1511,41183,1804,15143,10249,10972,42091,28678,31352,22471,12025,20584,
69,48052,6132,47562,11135,47276,33527,25156,20594,32259,42896,27357,27302,15345,45576,19183,5279,7157,35807,3117,39657,28794,23430,27352,16743,43691,38657,43126,25759,14480,7905,32904,10661,12293,12929,41999,20010,15875,39650,43579,14305,39195,25355,28429,42844,34681,4476,21392,25998,19630,18711,22338,35053,1412,27485,21792,30712,16191,38367,487,15882,1132,23954,26430,24048,30262,805,16459,7156,1511,4465,32175,13140,15899,12741,10498,43293,13035,22189,39969,16114,
70,48052,6132,47562,11135,47276,33527,25156,20594,32259,42896,27357,27302,15345,45576,19183,5279,7157,35807,3117,39657,28794,23430,27352,16743,43691,38657,43126,25759,14480,7905,32904,10661,12293,12929,41999,20010,15875,39650,43579,14305,27987,45329,7577,17464,10898,39715,18953,10504,286,19164,5279,21462,6713,32857,2025,14761,38511,12536,26111,44003,17871,10485,21726,24962,33289,23608,46227,43302,20666,25957,6563,15169,12036,16431,47241,35477,29809,40572,13365,14306,
71,48052,6132,47562,11135,47276,33527,25156,20594,32259,42896,27357,27302,15345,45576,19183,5279,7157,35807,3117,39657,28794,23430,27352,16743,43691,38657,43126,25759,14480,7905,32904,10661,12293,12929,41999,20010,15875,39650,43579,14305,36007,20024,3882,55086,38108,10968,51416,27946,26462,14778,3424,44341,22291,3415,7409,29823,42704,47518,13995,39331,4499,13055,27774,11895,37468,26578,16658,18011,5257,1193,11398,11036,24366,27053,10088,36715,25950,11542,13306,23740,
72,48052,6132,47562,11135,47276,33527,25156,20594,32259,42896,27357,27302,15345,45576,19183,5279,7157,35807,3117,39657,28794,23430,27352,16743,43691,38657,43126,25759,14480,7905,32904,10661,12293,12929,41999,20010,15875,39650,43579,14305,26517,14131,4798,31337,31907,13531,25724,32669,4549,22275,3653,49732,20229,24955,16286,13905,26216,18573,13463,34638,9129,11139,5184,23327,11862,40787,10539,10076,38308,33995,4334,12642,18547,24534,55992,19793,14366,30310,12805,11077,
73,48052,6132,47562,11135,47276,33527,25156,20594,32259,42896,27357,27302,15345,45576,19183,5279,7157,35807,3117,39657,28794,23430,27352,16743,43691,38657,43126,25759,14480,7905,32904,10661,12293,12929,41999,20010,15875,39650,43579,14305,28856,24441,12553,13403,19500,31894,25212,45388,1204,24801,1605,19372,5700,18727,32031,15201,14714,23483,17563,19334,10871,11058,6090,15729,20588,4337,59308,34731,27974,1850,3113,21474,13042,31155,17531,600,28393,13990,23057,34000,
74,48052,6132,47562,11135,47276,33527,25156,20594,32259,42896,27357,27302,15345,45576,19183,5279,7157,35807,3117,39657,28794,23430,27352,16743,43691,38657,43126,25759,14480,7905,32904,10661,12293,12929,41999,20010,15875,39650,43579,14305,19052,19247,2138,15136,56933,1248,22744,14308,13479,47703,10930,43460,7143,12115,2503,29685,13868,11484,20013,20666,956,26749,19571,16889,14033,21592,20938,2186,12648,21696,21134,17753,12359,15621,23669,18573,11652,13990,18440,20543,
75,48052,6132,47562,11135,47276,33527,25156,20594,32259,42896,27357,27302,15345,45576,19183,5279,7157,35807,3117,39657,28794,23430,27352,16743,43691,38657,43126,25759,14480,7905,32904,10661,12293,12929,41999,20010,15875,39650,43579,14305,13568,12656,6105,35145,35310,25900,22601,12485,29505,17614,34472,16646,1338,26500,8369,16051,23098,17424,42517,22893,35696,24364,1964,13048,11714,16320,28322,2848,17999,41922,10509,48350,55873,14093,43697,34607,23887,34346,22619,26001,
76,48052,6132,47562,11135,47276,33527,25156,20594,32259,42896,27357,27302,15345,45576,19183,5279,7157,35807,3117,39657,28794,23430,27352,16743,43691,38657,43126,25759,14480,7905,32904,10661,12293,12929,41999,20010,15875,39650,43579,14305,40699,10396,912,19436,13004,1968,27339,27714,6034,12520,11370,18336,9680,3705,30081,16925,20965,17826,43627,11321,9675,32930,32598,22429,19178,23424,59429,1806,2123,2944,14204,45007,43964,16299,20067,31469,19695,34589,16622,19744,
77,48052,6132,47562,11135,47276,33527,25156,20594,32259,42896,27357,27302,15345,45576,19183,5279,7157,35807,3117,39657,28794,23430,27352,16743,43691,38657,43126,25759,14480,7905,32904,10661,12293,12929,41999,20010,15875,39650,43579,14305,42880,20746,719,27327,17861,19021,30781,11913,22720,21883,10564,27472,1505,14435,10710,14671,29828,19495,18658,19671,32826,12344,12553,12982,12002,5030,18302,30687,2779,4318,19492,22844,23266,19368,17031,1715,27868,10358,39702,22120,
78,48052,6132,47562,11135,47276,33527,25156,20594,32259,42896,27357,27302,15345,45576,19183,5279,7157,35807,3117,39657,28794,23430,27352,16743,43691,38657,43126,25759,14480,7905,32904,10661,12293,12929,41999,20010,15875,39650,43579,14305,13757,43637,28105,50985,35352,1086,32004,25218,28916,10460,3905,42702,2076,35831,7421,21116,28122,25912,11644,23703,5576,38159,14141,48424,17353,5287,18117,3561,793,3933,21833,44628,14621,15592,29449,1715,24171,10358,11055,15094,
79,48052,6132,47562,11135,47276,33527,25156,20594,32259,42896,27357,27302,15345,45576,19183,5279,7157,35807,3117,39657,28794,23430,27352,16743,43691,38657,43126,25759,14480,7905,32904,10661,12293,12929,41999,20010,15875,39650,43579,14305,37523,20711,15785,13078,16286,1009,30049,51294,1024,43837,11533,11824,340,46003,11533,12054,16241,17621,27933,20748,5278,14449,17601,12604,14579,2699,36067,8723,9740,2508,9212,10408,19920,22347,19135,18857,14209,10358,34767,13803,
80,48052,6132,47562,11135,47276,33527,25156,20594,32259,42896,27357,27302,15345,45576,19183,5279,7157,35807,3117,39657,28794,23430,27352,16743,43691,38657,43126,25759,14480,7905,32904,10661,12293,12929,41999,20010,15875,39650,43579,14305,10368,14223,45649,17393,48582,8418,21032,16725,20066,34221,23071,12375,12920,17579,9406,29973,29823,12959,21567,14639,6853,14615,33354,10395,19388,14376,28451,13408,302,14484,7833,28218,20494,12128,11603,9676,11129,30812,54736,56910,
81,48052,6132,47562,11135,47276,33527,25156,20594,32259,42896,27357,27302,15345,45576,19183,5279,7157,35807,3117,39657,28794,23430,27352,16743,43691,38657,43126,25759,14480,7905,32904,10661,12293,12929,41999,20010,15875,39650,43579,14305,10148,30010,20645,50339,25076,3052,16412,26505,28984,13238,497,21078,19205,2636,16484,45526,14755,19369,10328,34772,2353,13869,39077,50816,26065,28625,21016,25117,8183,25267,23371,11921,10492,12465,13187,28586,16566,20025,20370,13795,
82,48052,6132,47562,11135,47276,33527,25156,20594,32259,42896,27357,27302,15345,45576,19183,5279,7157,35807,3117,39657,28794,23430,27352,16743,43691,38657,43126,25759,14480,7905,32904,10661,12293,12929,41999,20010,15875,39650,43579,14305,15090,23423,27188,45529,14238,6896,29126,18927,13060,20134,34807,25609,43862,33129,20027,10088,14241,18144,42944,55306,39647,11384,8685,47976,10428,39465,11150,11132,4297,4500,33476,18968,13803,12218,11834,4955,55567,40201,12540,38058,
83,48052,6132,47562,11135,47276,33527,25156,20594,32259,42896,27357,27302,15345,45576,19183,5279,7157,35807,3117,39657,28794,23430,27352,16743,43691,38657,43126,25759,14480,7905,32904,10661,12293,12929,41999,20010,15875,39650,43579,14305,47287,17288,2531,19947,19333,40433,46893,16677,24954,10889,8612,19819,13462,35952,297,11947,14917,10249,23929,33798,12167,12939,6529,34473,10428,6420,29387,11899,2218,26284,20713,31298,20381,54136,12566,4955,35980,24648,35910,21356,
84,48052,6132,47562,11135,47276,33527,25156,20594,32259,42896,27357,27302,15345,45576,19183,5279,7157,35807,3117,39657,28794,23430,27352,16743,43691,38657,43126,25759,14480,7905,32904,10661,12293,12929,41999,20010,15875,39650,43579,14305,33710,15755,2955,45733,31981,2426,27991,41409,27171,18532,28291,28338,20505,17334,37880,35621,21724,31030,12065,19697,13152,37551,19234,10822,26599,40951,32955,4826,437,30931,10195,31593,32184,13098,17264,5436,33720,10559,13463,27791,
85,48052,6132,47562,11135,47276,33527,25156,20594,32259,42896,27357,27302,15345,45576,19183,5279,7157,35807,3117,39657,28794,23430,27352,16743,43691,38657,43126,25759,14480,7905,32904,10661,12293,12929,41999,20010,15875,39650,43579,14305,23605,14400,6895,15292,25278,16178,41331,27336,478,14820,19963,14536,22717,6011,2152,12653,23866,11961,38881,14593,26396,15353,2777,25025,25331,3107,14708,22370,23682,8749,11809,12832,21461,16226,11647,9824,13710,15742,44796,17642,
86,48052,6132,47562,11135,47276,33527,25156,20594,32259,42896,27357,27302,15345,45576,19183,5279,7157,35807,3117,39657,28794,23430,27352,16743,43691,38657,43126,25759,14480,7905,32904,10661,12293,12929,41999,20010,15875,39650,43579,14305,10422,15933,7739,10337,28778,304,15433,27392,35447,13466,1772,38368,25119,21871,19266,29413,16871,12036,27631,13997,10053,10636,1001,12615,18160,16375,18272,11335,684,36666,17833,18014,29231,24901,22830,65,13598,16180,24029,10269,
87,48052,6132,47562,11135,47276,33527,25156,20594,32259,42896,27357,27302,15345,45576,19183,5279,7157,35807,3117,39657,28794,23430,27352,16743,43691,38657,43126,25759,14480,7905,32904,10661,12293,12929,41999,20010,15875,39650,43579,14305,60210,14595,6236,27393,34124,45562,24590,32786,14723,46198,23116,25821,16755,1489,5964,32598,10750,42481,17281,32970,44357,16975,1001,17774,50761,1702,14118,10486,12847,17865,47964,26432,14852,40578,25392,65,17155,12459,13056,30392,
88,48052,6132,47562,11135,47276,33527,25156,20594,32259,42896,27357,27302,15345,45576,19183,5279,7157,35807,3117,39657,28794,23430,27352,16743,43691,38657,43126,25759,14480,7905,32904,10661,12293,12929,41999,20010,15875,39650,43579,14305,17286,32727,11767,26657,12399,17028,46135,42350,23905,27827,21352,18714,30489,10468,14088,13709,37469,12450,20745,19322,3942,33397,12840,10728,17183,39684,32971,24161,16927,28207,15786,14557,12577,44788,30192,18718,15620,10821,25226,33691,
89,48052,6132,47562,11135,47276,33527,25156,20594,32259,42896,27357,27302,15345,45576,19183,5279,7157,35807,3117,39657,28794,23430,27352,16743,43691,38657,43126,25759,14480,7905,32904,10661,12293,12929,41999,20010,15875,39650,43579,14305,22380,10824,26306,41344,29439,3058,26102,21392,26242,13824,17646,50504,11306,7961,26206,40468,34719,23711,14051,28196,9866,17273,20002,33074,16635,22635,12953,12168,4232,2930,15755,20072,15278,14821,34733,389,20385,28731,29145,18985,
90,48052,6132,47562,11135,47276,33527,25156,20594,32259,42896,27357,27302,15345,45576,19183,5279,7157,35807,3117,39657,28794,23430,27352,16743,43691,38657,43126,25759,14480,7905,32904,10661,12293,12929,41999,20010,15875,39650,43579,14305,29981,43164,1785,35487,17474,9536,33004,56054,10610,13228,29585,28848,23402,4623,21496,12372,12327,39071,38231,34193,1640,27103,11160,28756,22091,8535,15702,17900,14566,2930,10088,15621,23172,14194,48661,51169,22670,24467,14401,11543,
91,48052,6132,47562,11135,47276,33527,25156,20594,32259,42896,27357,27302,15345,45576,19183,5279,7157,35807,3117,39657,28794,23430,27352,16743,43691,38657,43126,25759,14480,7905,32904,10661,12293,12929,41999,20010,15875,39650,43579,14305,46153,15777,41433,11422,20406,23629,17055,20337,7746,28944,3121,31369,39475,13919,4262,33591,22576,23780,10876,17141,4798,22884,4191,22845,27552,1959,40562,41565,2938,22146,16772,27608,28310,35761,12420,10813,22203,23360,10706,14219,
92,48052,6132,47562,11135,47276,33527,25156,20594,32259,42896,27357,27302,15345,45576,19183,5279,7157,35807,3117,39657,28794,23430,27352,16743,43691,38657,43126,25759,14480,7905,32904,10661,12293,12929,41999,20010,15875,39650,43579,14305,18822,25630,15261,11422,12863,6006,14044,47844,8725,14867,22329,30729,11444,27910,4076,14200,33671,34276,21216,45926,665,16429,1459,15089,22486,21983,15796,6370,31939,21470,20857,39125,13643,16443,29001,43957,10928,29704,47987,13842,
93,48052,6132,47562,11135,47276,33527,25156,20594,32259,42896,27357,27302,15345,45576,19183,5279,7157,35807,3117,39657,28794,23430,27352,16743,43691,38657,43126,25759,14480,7905,32904,10661,12293,12929,41999,20010,15875,39650,43579,14305,16752,38066,27218,28013,25102,34242,15305,35773,14316,27698,19031,23328,11140,7020,8094,11365,13414,11998,36565,17334,48956,31357,4895,13851,20306,8812,25625,7739,3812,29069,26807,29537,21631,36173,15004,11519,34029,35943,14066,28056,
94,48052,6132,47562,11135,47276,33527,25156,20594,32259,42896,27357,27302,15345,45576,19183,5279,7157,35807,3117,39657,28794,23430,27352,16743,43691,38657,43126,25759,14480,7905,32904,10661,12293,12929,41999,20010,15875,39650,43579,14305,27001,21818,12535,29256,12691,16036,27424,24789,13239,13493,26648,15826,10317,18951,9606,22475,11457,23002,10159,26824,23326,14718,953,42882,25459,6905,13362,6241,8803,1462,15042,22590,13861,16096,18666,17839,10795,54703,39999,20818,
95,48052,6132,47562,11135,47276,33527,25156,20594,32259,42896,27357,27302,15345,45576,19183,5279,7157,35807,3117,39657,28794,23430,27352,16743,43691,38657,43126,25759,14480,7905,32904,10661,12293,12929,41999,20010,15875,39650,43579,14305,38175,14006,25287,19714,28259,4434,20101,18607,4235,12793,685,14486,10317,30903,30344,38423,24146,10654,35719,12283,18475,32993,34375,19606,16233,23864,12200,17745,17937,16667,20106,49033,25765,31843,13822,21353,30774,12723,42674,24886,
96,48052,6132,47562,11135,47276,33527,25156,20594,32259,42896,27357,27302,15345,45576,19183,5279,7157,35807,3117,39657,28794,23430,27352,16743,43691,38657,43126,25759,14480,7905,32904,10661,12293,12929,41999,20010,15875,39650,43579,14305,15182,22765,23129,22395,28957,23502,11187,25239,2187,22855,685,40044,44204,1632,14985,16456,13584,41891,12498,33594,20278,44040,3910,22471,25614,2873,13589,3480,36032,7529,18303,41767,10088,29336,42044,16099,11682,21723,28123,17399,
97,48052,6132,47562,11135,47276,33527,25156,20594,32259,42896,27357,27302,15345,45576,19183,5279,7157,35807,3117,39657,28794,23430,27352,16743,43691,38657,43126,25759,14480,7905,32904,10661,12293,12929,41999,20010,15875,39650,43579,14305,15490,25513,28894,12783,20186,7331,20127,39630,10762,49262,12396,15963,17406,25455,31985,14086,11188,27139,26016,18973,28267,29734,3910,29844,11999,14256,18892,26096,4457,1897,14732,19325,32403,13326,19061,17618,14635,35000,14195,11723,
98,48052,6132,47562,11135,47276,33527,25156,20594,32259,42896,27357,27302,15345,45576,19183,5279,7157,35807,3117,39657,28794,23430,27352,16743,43691,38657,43126,25759,14480,7905,32904,10661,12293,12929,41999,20010,15875,39650,43579,14305,15371,35218,25577,23701,29958,2262,47518,20972,4317,25731,5392,10420,32273,29834,2902,12958,25461,29972,23857,13526,49608,25626,27532,17971,26926,15075,18007,7668,8441,3258,26161,44598,10501,13076,27746,22768,33789,33369,22196,12973,
99,48052,6132,47562,11135,47276,33527,25156,20594,32259,42896,27357,27302,15345,45576,19183,5279,7157,35807,3117,39657,28794,23430,27352,16743,43691,38657,43126,25759,14480,7905,32904,10661,12293,12929,41999,20010,15875,39650,43579,14305,31032,13835,13327,24742,13175,11926,19599,17700,3161,24254,2238,10676,23405,9110,525,44238,26802,11237,23312,13526,12970,40030,16085,17728,14907,8453,32643,14091,28601,15779,51346,45468,50910,16834,11789,15933,30361,31565,17417,12445,
100,48052,6132,47562,11135,47276,33527,25156,20594,32259,42896,27357,27302,15345,45576,19183,5279,7157,35807,3117,39657,28794,23430,27352,16743,43691,38657,43126,25759,14480,7905,32904,10661,12293,12929,41999,20010,15875,39650,43579,14305,35584,39819,44227,30433,25744,17088,14248,15545,2555,21779,15883,11805,10381,648,1389,14990,29515,37328,10244,34156,37544,15898,3161,25265,20988,8075,13070,13747,19073,30179,29843,30468,11631,12412,26775,38484,29512,32096,31792,18598,
