1,48633,4986,7386,14098,2263,19791,38504,27134,180,28705,21076,10354,22158,47635,32782,36267,43041,37651,43908,49480,
2,180,180,1006,6272,1798,1006,1452,606,5246,17326,1138,6114,3925,6203,6203,6272,1006,1006,32595,6346,
3,180,180,180,180,658,1016,180,180,180,180,180,180,180,180,180,180,180,180,22689,37283,
4,180,180,180,180,180,180,180,180,180,180,180,180,180,180,180,180,180,180,46768,180,
5,180,180,180,180,180,180,180,180,180,180,180,180,180,180,180,180,180,180,58668,180,
6,180,180,180,180,180,180,180,180,180,180,180,180,180,180,180,180,180,180,37730,31799,
7,180,180,180,180,180,180,180,180,180,180,180,180,180,180,180,180,180,180,180,27613,
8,180,180,180,180,180,180,180,180,180,180,180,180,180,180,180,180,180,180,20232,50185,
9,180,180,180,180,180,180,180,180,180,180,180,180,180,180,180,180,180,180,4331,16740,
10,180,180,180,180,180,180,180,180,180,180,180,180,180,180,180,180,180,180,180,47127,
11,180,180,180,180,180,180,180,180,180,180,180,180,180,180,180,180,180,180,53655,47982,
12,180,180,180,180,180,4132,180,180,180,180,180,180,180,180,180,180,180,180,55171,180,
13,180,180,180,180,180,180,180,180,180,180,180,180,180,180,180,180,180,180,629,180,
14,180,180,180,180,180,180,180,180,180,180,180,180,11606,180,180,180,180,180,15804,180,
15,180,180,180,180,180,180,180,180,180,180,180,180,180,180,180,180,180,180,10485,14529,
16,180,180,180,180,180,180,180,180,180,180,180,180,27797,180,180,180,180,180,50211,41730,
17,180,180,180,18031,180,180,180,180,180,180,180,180,180,9946,11275,27672,180,180,53847,16044,
18,180,180,180,180,180,180,180,180,180,39272,180,180,180,180,180,180,180,180,5659,180,
19,180,180,180,180,180,180,180,180,180,180,180,180,180,180,180,32952,180,180,10416,21031,
20,180,180,180,180,180,180,180,180,180,180,180,180,180,180,180,180,180,180,46143,14133,
21,180,180,180,180,180,180,180,180,180,180,180,180,180,180,180,180,180,180,31591,48020,
22,180,180,180,180,180,180,180,180,180,180,180,180,180,180,180,180,180,180,17780,180,
23,180,180,180,180,180,180,180,180,180,180,180,180,180,180,180,180,180,180,24210,180,
24,180,180,180,180,180,180,180,180,180,180,180,180,180,180,180,180,180,180,42523,180,
25,180,180,180,180,180,180,180,180,180,180,180,180,180,180,180,180,180,180,41076,43477,
26,180,180,180,180,180,180,180,180,180,180,180,180,180,180,180,180,180,180,180,32737,
27,180,180,180,180,180,180,180,180,180,180,180,180,180,180,180,11036,180,180,47505,44302,
28,180,180,180,180,180,180,180,180,180,180,180,180,180,180,180,180,180,180,18335,51388,
29,180,180,2085,180,180,180,180,180,180,180,180,180,180,180,180,180,180,180,180,37382,
30,180,180,180,180,180,180,180,180,180,180,180,180,180,180,180,180,180,180,42539,22509,
31,180,180,180,180,180,180,180,180,180,180,180,180,180,180,180,180,180,180,29364,180,
32,180,180,180,180,180,180,180,180,180,180,180,180,180,180,180,180,180,180,180,180,
33,180,180,180,180,180,180,180,180,180,180,180,180,180,180,180,180,180,180,53646,58362,
34,180,180,180,180,180,180,16990,180,180,180,180,180,180,180,180,180,180,180,4068,8953,
35,180,180,180,180,180,180,180,180,180,180,180,180,180,180,180,180,180,180,18624,6454,
36,180,180,180,180,180,36450,180,180,180,180,180,180,180,180,180,180,180,180,22418,23668,
37,180,180,180,180,180,180,180,180,180,180,180,180,180,180,180,180,8883,180,180,10330,
38,180,180,180,180,180,180,180,180,180,180,180,180,180,180,180,180,17628,180,35700,22232,
39,180,180,180,180,180,180,180,180,180,180,180,180,180,180,180,180,180,180,32087,32447,
40,180,180,180,180,180,180,180,180,180,180,180,180,180,180,180,15856,180,180,20285,45857,
41,180,180,180,180,180,180,180,180,180,180,180,180,180,180,180,180,180,180,42505,58167,
42,180,180,180,180,180,180,180,180,180,180,180,180,180,180,180,180,180,180,180,5307,
43,180,180,180,180,180,180,180,180,180,180,180,180,180,180,180,180,180,180,33250,38211,
44,180,180,180,180,180,180,180,180,180,180,180,180,180,180,180,180,180,180,19493,180,
45,180,180,180,180,180,180,180,180,180,180,180,180,180,180,180,180,180,180,23178,55792,
46,180,180,180,180,180,180,180,180,180,180,180,180,180,180,180,180,180,180,45394,180,
47,180,180,180,180,180,180,180,180,180,180,180,180,180,180,180,180,180,180,57191,38729,
48,180,180,180,180,180,180,180,180,180,180,180,180,180,180,180,180,180,180,180,180,
49,180,180,180,180,180,180,180,180,180,180,180,180,180,180,180,180,180,180,4204,21648,
50,180,180,180,180,180,180,180,180,180,180,180,180,180,180,180,180,180,180,7783,49860,
51,180,180,180,180,180,180,180,180,180,180,180,180,180,180,180,180,180,180,180,13028,
52,180,180,180,180,180,180,180,180,180,180,180,180,180,180,180,180,180,180,22730,6253,
53,180,180,180,180,180,180,180,180,180,180,180,180,180,180,180,180,180,180,14525,180,
54,180,180,180,180,180,180,180,180,180,180,180,180,180,180,180,180,180,180,180,59817,
55,180,180,180,180,180,180,180,180,180,180,180,180,180,180,180,180,180,180,57554,44182,
56,180,180,180,180,180,180,180,180,180,180,180,180,180,180,180,180,180,180,42528,180,
57,180,180,180,180,180,180,180,180,180,180,180,180,180,180,180,180,180,180,1971,180,
58,180,180,180,180,180,180,180,180,180,180,180,180,180,180,180,180,180,180,19010,34560,
59,180,180,180,180,180,180,180,180,180,180,180,180,180,180,180,180,180,180,32713,9800,
60,180,180,180,180,180,180,180,180,180,180,180,180,180,180,180,180,180,180,180,180,
61,180,180,180,180,180,180,180,180,180,180,180,180,180,180,180,180,180,180,59625,43625,
62,180,180,180,180,180,180,180,180,180,180,180,180,180,180,180,180,180,180,180,180,
63,180,180,180,180,180,180,180,180,180,180,180,180,180,180,180,180,180,180,12460,180,
64,180,180,180,180,180,180,180,180,180,180,180,180,180,180,180,180,180,180,180,3985,
65,180,180,180,12955,180,180,180,180,180,180,180,180,180,180,180,180,180,180,180,180,
66,180,180,180,180,180,180,180,180,180,180,180,180,180,180,180,180,180,180,180,26189,
67,180,180,180,180,180,180,180,12707,180,180,180,180,180,180,180,180,180,180,180,42046,
68,180,180,180,180,180,180,180,180,180,180,180,180,180,180,180,180,180,180,180,22351,
69,180,180,180,180,180,180,180,180,180,180,26182,180,180,180,180,180,180,180,180,180,
70,180,180,180,180,180,180,180,180,180,180,180,180,180,180,180,180,180,180,27252,37767,
71,180,180,180,180,180,180,180,180,180,180,180,180,180,180,180,180,180,180,180,180,
72,180,180,180,180,180,180,180,180,180,180,180,180,180,180,180,180,180,180,180,180,
73,180,180,180,180,180,180,180,180,180,180,180,180,180,180,180,180,180,180,180,180,
74,180,180,180,180,180,180,180,180,180,180,180,180,180,180,180,180,180,180,44160,28728,
75,180,180,180,180,180,180,180,180,180,180,180,180,180,180,180,180,180,180,57597,50532,
76,180,180,180,180,180,180,180,180,180,180,180,180,180,180,180,180,180,180,180,34039,
77,180,180,180,180,180,180,180,180,180,180,180,180,180,180,180,180,180,180,10768,26135,
78,180,180,180,180,180,180,180,180,180,180,180,180,180,180,180,180,180,180,35251,36920,
79,180,180,180,180,180,180,180,180,180,180,180,180,180,180,180,180,180,180,50511,180,
80,180,180,180,180,180,180,180,180,180,180,180,180,180,180,180,180,180,180,180,6955,
81,180,180,180,180,180,180,180,180,180,180,180,180,180,180,180,180,180,180,35684,180,
82,180,180,180,180,180,180,50200,180,180,180,180,180,180,180,180,180,180,180,21722,180,
83,180,180,180,180,180,180,180,180,16962,180,180,180,180,180,180,180,180,3574,22402,184,
84,180,180,180,180,180,180,180,180,180,180,180,180,180,180,180,180,180,180,22961,27018,
85,180,180,180,180,180,180,180,180,180,180,180,180,180,180,180,180,180,180,52859,180,
86,180,180,180,180,180,180,180,180,180,180,180,180,180,180,180,180,180,180,41394,180,
87,180,180,180,180,180,180,180,180,180,180,180,180,180,180,180,180,180,180,53936,45678,
88,180,180,180,180,180,180,180,180,180,180,180,180,180,180,180,180,180,180,50946,30217,
89,180,180,180,180,180,180,180,180,180,180,180,180,180,180,180,180,180,180,50215,180,
90,180,180,180,180,180,180,180,180,180,180,180,180,180,180,180,180,180,180,180,31103,
91,180,180,180,180,180,180,180,180,180,180,180,180,180,180,180,180,180,180,49531,180,
92,180,180,180,180,180,180,180,180,180,180,180,180,180,180,180,180,180,180,180,17517,
93,180,180,180,180,180,180,180,2070,180,6214,180,180,180,180,180,180,180,180,180,180,
94,180,180,180,180,180,180,180,180,180,180,180,180,180,180,180,180,180,180,45984,48940,
95,180,180,180,180,180,180,180,180,180,180,180,180,180,180,180,15097,180,180,27428,180,
96,180,180,180,180,180,180,180,180,180,180,180,180,180,180,180,180,180,180,59022,47046,
97,180,180,180,180,180,180,180,180,180,19147,180,180,180,180,180,180,180,180,40219,180,
98,180,180,180,180,180,180,180,180,180,180,180,180,180,180,180,180,180,180,11341,180,
99,180,180,180,180,180,180,180,180,180,180,180,180,180,180,180,180,180,180,180,35843,
100,180,180,180,180,180,180,180,180,180,180,180,180,45364,180,180,180,180,180,124,21761,
101,124,180,124,180,17643,180,180,180,180,180,180,180,180,180,180,124,180,124,46660,54474,
102,124,124,124,180,124,124,124,124,180,180,180,180,180,124,124,124,180,12266,31589,47983,
103,124,124,124,124,124,124,124,180,124,180,124,124,124,180,124,124,124,124,124,32684,
104,124,124,124,124,124,124,124,124,124,124,124,124,124,124,124,124,1820,124,124,54179,
105,124,124,124,124,124,124,124,124,124,124,124,124,124,124,124,124,124,124,17146,44955,
106,124,124,124,124,124,124,124,124,124,124,124,124,124,124,124,124,124,124,124,124,
107,124,124,124,124,124,124,124,124,124,124,124,124,124,124,124,124,124,124,42906,124,
108,124,124,124,124,124,124,124,124,124,124,124,124,124,124,124,124,124,124,23368,18350,
109,124,124,124,124,799,124,124,124,124,124,124,124,124,124,124,124,124,124,124,19495,
110,124,124,124,124,124,124,124,124,124,124,124,124,124,124,124,124,124,124,124,32556,
111,124,124,124,124,124,124,124,124,124,124,124,124,124,124,124,124,124,124,36768,26856,
112,124,124,124,124,124,124,124,124,124,124,124,124,124,124,124,124,124,124,49565,124,
113,124,124,124,124,124,124,124,124,124,124,124,124,124,124,124,124,124,124,36695,57915,
114,124,124,124,124,5885,124,124,124,124,124,124,124,124,124,124,124,124,124,1253,26845,
115,124,124,124,124,124,124,124,124,15449,124,124,124,124,124,124,124,124,124,43914,4263,
116,124,124,124,124,124,124,124,124,124,124,124,124,124,124,124,124,124,124,25106,124,
117,124,124,124,33985,124,124,124,124,124,124,124,124,124,124,124,124,124,124,124,46874,
118,124,124,124,124,124,124,124,124,124,124,124,124,124,124,124,124,124,124,124,24854,
119,124,124,124,124,124,124,124,124,124,124,124,124,124,124,124,124,124,124,33502,47487,
120,124,124,124,124,3317,124,124,124,124,124,124,124,124,124,124,124,124,124,34258,895,
121,124,124,124,124,124,124,124,124,124,124,124,124,124,124,124,124,124,124,21601,47123,
122,124,124,124,124,124,124,124,124,124,124,124,124,124,124,124,124,124,124,21708,124,
123,124,124,124,124,124,124,124,124,124,124,124,124,124,124,124,124,124,124,47015,50972,
124,124,124,124,124,124,124,124,2081,124,124,124,124,124,124,124,124,124,124,48049,124,
125,124,124,124,124,124,124,124,124,124,124,124,124,124,124,124,124,124,124,6139,124,
126,124,124,124,124,124,124,124,124,124,124,124,124,124,124,124,124,124,124,29765,53161,
127,124,124,124,124,124,124,124,12616,124,124,124,124,124,124,124,124,124,124,124,124,
128,124,124,124,124,124,124,124,124,124,124,124,124,124,124,124,124,124,39860,18689,124,
129,124,124,124,124,124,124,124,124,124,124,124,124,124,124,124,124,124,124,11876,17030,
130,124,124,124,124,124,124,124,124,124,124,124,124,124,124,124,124,124,124,34951,124,
131,124,124,124,124,124,124,124,124,124,124,124,124,124,124,124,124,124,124,4137,10651,
132,124,124,124,124,124,124,124,124,124,124,124,124,124,124,124,124,124,124,6770,40303,
133,124,124,124,124,124,124,124,124,124,124,124,124,124,124,124,124,124,124,57860,44463,
134,124,124,124,124,124,124,124,124,124,124,124,124,124,124,124,124,124,124,45783,124,
135,124,124,124,124,124,124,124,124,124,124,124,124,124,124,124,124,124,124,17983,124,
136,124,124,124,124,124,124,124,124,124,124,124,124,124,124,124,124,124,124,124,37174,
137,124,124,124,124,124,124,124,124,124,124,124,124,124,124,124,124,124,124,27844,26864,
138,124,124,124,124,124,124,124,124,124,124,124,124,124,124,124,42476,124,124,13104,124,
139,124,124,124,124,124,124,124,124,124,124,124,124,124,124,124,124,124,124,18591,57720,
140,124,124,124,124,124,124,124,124,124,124,124,124,124,124,124,124,124,124,10125,48100,
141,124,124,124,124,124,124,124,124,124,124,124,124,124,124,124,124,124,124,47546,54248,
142,124,124,124,124,124,124,124,124,124,124,124,124,124,124,124,124,124,124,124,124,
143,124,124,124,124,124,124,124,124,124,124,124,124,124,124,124,124,124,124,33224,35337,
144,124,124,124,124,124,124,124,124,124,124,124,124,124,124,124,124,124,124,44126,25018,
145,124,124,124,124,124,124,124,124,124,124,124,124,124,124,124,124,124,124,124,52389,
146,124,124,124,124,124,124,124,124,124,124,124,124,124,124,124,124,124,124,48452,3466,
147,124,124,124,124,124,124,124,124,124,124,124,124,124,124,124,124,124,124,124,47697,
148,124,124,124,124,124,124,124,124,124,124,124,124,124,124,124,124,124,124,57126,21525,
149,124,124,18560,124,124,124,124,124,124,124,124,124,124,124,124,124,124,124,53261,15272,
150,124,124,124,124,124,124,124,124,124,124,124,124,124,124,124,124,124,124,30302,124,
151,124,124,124,124,124,124,124,124,124,124,124,124,124,124,124,124,124,124,14122,59521,
152,124,124,124,124,124,124,124,124,124,124,124,124,124,124,124,124,124,124,26549,26494,
153,124,124,124,124,124,124,124,124,124,124,124,124,124,10902,124,124,124,124,1439,37438,
154,124,124,124,124,124,124,124,124,124,124,124,124,124,124,124,124,124,124,29679,124,
155,124,124,124,124,124,124,124,124,124,124,124,124,124,124,124,124,124,124,124,32356,
156,124,124,124,124,124,124,124,124,124,124,124,124,124,124,124,124,124,124,124,41584,
157,124,124,124,124,124,36329,124,124,124,124,124,124,124,124,124,124,8747,8747,20623,38880,
158,124,124,124,124,124,124,124,124,124,124,124,124,124,124,124,124,124,124,124,57232,
159,124,124,124,124,124,124,124,124,124,124,124,124,124,124,124,124,124,124,124,124,
160,124,124,124,124,124,124,124,124,124,124,124,124,124,124,124,124,124,124,124,124,
161,124,124,124,124,124,124,124,124,124,124,124,124,124,124,124,124,124,124,25059,124,
162,124,124,124,124,124,124,124,124,124,124,124,124,124,124,124,124,124,124,48997,124,
163,124,124,124,124,124,124,124,124,124,124,124,124,124,124,124,124,124,124,36963,124,
164,124,124,124,14780,124,124,124,124,124,124,124,124,124,124,124,124,124,124,29956,23703,
165,124,124,124,124,124,124,124,124,124,124,124,124,124,124,124,124,124,124,13421,124,
166,124,124,124,124,124,124,124,124,124,124,124,124,124,124,124,124,124,124,53240,11287,
167,124,124,124,124,124,124,124,124,124,124,124,124,124,124,124,124,124,124,124,124,
168,124,124,124,124,124,124,124,124,124,124,124,124,124,124,124,124,124,124,43200,124,
169,124,124,124,124,124,124,124,124,124,124,124,124,124,124,124,124,124,124,18381,12795,
170,124,124,124,124,124,4142,124,124,124,124,124,124,124,124,124,124,4142,124,6137,11911,
171,124,124,124,124,124,124,124,124,124,124,124,124,124,124,124,124,124,124,29121,15349,
172,124,124,124,124,124,124,124,124,124,124,124,124,124,124,124,124,124,124,47108,8996,
173,124,124,124,124,124,124,124,124,124,124,124,124,124,124,124,124,124,124,20990,124,
174,124,124,124,124,124,124,124,124,124,124,124,124,124,124,124,124,124,124,24546,45698,
175,124,124,124,1697,124,124,124,124,124,124,124,124,124,124,124,1697,124,124,124,2416,
176,124,124,124,124,124,124,124,124,124,124,124,124,124,124,124,124,124,124,124,124,
177,124,124,124,124,124,124,124,124,124,124,124,124,124,124,124,124,124,124,20871,124,
178,124,124,124,124,124,124,124,124,124,124,124,124,124,124,124,124,124,124,37541,124,
179,124,124,124,124,124,124,124,124,124,124,124,124,124,124,124,124,124,124,124,10420,
180,124,124,124,124,124,124,124,124,124,124,124,124,124,124,124,124,124,124,25133,14450,
181,124,124,124,124,124,124,124,124,124,124,124,124,124,124,124,124,124,124,40488,124,
182,124,124,124,124,124,124,124,124,124,124,124,124,124,124,124,124,124,124,53193,11729,
183,124,124,124,124,124,124,124,124,124,124,124,124,124,124,124,124,124,124,12261,43103,
184,124,124,124,124,124,124,124,124,124,124,124,124,124,124,124,124,124,124,20499,124,
185,124,124,124,124,124,124,124,124,124,124,124,124,124,124,124,124,124,124,39511,124,
186,124,124,124,124,124,124,124,124,24799,124,124,124,124,124,124,124,124,124,124,124,
187,124,124,124,124,124,124,124,124,124,124,124,124,124,124,124,124,124,124,1931,124,
188,124,124,124,124,124,124,124,124,124,124,124,124,124,124,124,124,124,29164,8397,58600,
189,124,124,124,124,124,124,124,124,124,124,10407,124,124,124,124,124,124,124,13429,39714,
190,124,124,124,124,124,124,124,124,124,124,124,124,124,124,124,124,124,124,124,36868,
191,124,124,124,124,124,124,124,1687,124,124,124,124,124,124,124,124,124,124,32305,58772,
192,124,124,124,124,124,124,124,124,124,124,124,124,124,124,124,124,124,124,29295,33434,
193,124,124,124,124,124,124,124,124,124,124,124,124,124,124,124,124,124,124,43856,124,
194,124,124,124,124,124,21831,124,124,124,124,124,124,124,124,124,124,124,55700,3385,124,
195,124,124,124,124,124,124,124,124,124,124,124,124,124,124,124,124,124,124,37940,56964,
196,124,124,124,124,124,124,124,124,124,124,124,124,124,124,124,124,124,124,124,46443,
197,124,124,124,124,124,124,124,124,124,124,124,124,124,124,124,124,124,124,45679,22492,
198,124,124,124,124,124,124,124,124,124,124,124,124,124,124,124,124,124,124,124,124,
199,124,124,124,124,124,124,124,124,124,124,124,124,124,124,124,124,124,124,124,45519,
200,124,124,124,124,124,124,124,124,124,124,124,124,124,124,124,124,124,124,49594,46592,
201,124,124,124,124,124,124,124,124,124,124,124,124,124,124,124,124,124,124,52260,54346,
202,124,124,124,124,124,124,124,124,124,124,124,124,124,124,124,124,124,124,38162,124,
203,124,124,124,124,124,124,124,124,124,124,124,124,124,124,124,124,124,124,124,38864,
204,124,124,124,124,124,124,124,124,124,124,124,124,124,124,124,124,124,124,13373,124,
205,124,124,124,124,124,124,124,124,124,124,124,124,124,124,124,124,124,124,24767,28119,
206,124,124,124,124,124,124,124,124,124,124,8649,124,124,124,124,124,124,124,124,14715,
207,124,124,124,124,124,124,124,124,124,124,124,124,124,124,124,124,124,124,124,47250,
208,124,124,124,124,124,124,124,124,124,124,124,124,124,124,124,124,124,124,43033,44793,
209,124,124,124,124,124,124,124,124,124,124,124,124,124,124,124,124,124,2070,44155,4702,
210,124,124,124,124,124,124,124,124,124,124,124,124,124,124,124,124,124,124,124,124,
211,124,124,124,124,124,124,124,124,124,124,124,124,124,124,124,124,124,124,18156,124,
212,124,124,124,124,124,124,124,124,124,124,124,124,124,124,124,124,38252,124,25892,31352,
213,124,124,124,124,124,124,124,124,124,124,124,124,124,124,124,124,124,124,47469,4070,
214,124,124,124,124,124,124,124,124,124,124,124,124,124,124,124,124,124,124,124,24839,
215,124,124,124,124,124,124,124,124,124,124,124,124,124,124,124,124,124,124,414,34918,
216,124,124,124,124,124,124,124,124,124,124,124,124,124,124,124,124,124,124,49420,7463,
217,124,124,124,124,124,124,124,124,124,124,124,124,124,9462,124,124,124,124,124,124,
218,124,124,124,124,124,124,124,124,124,124,124,124,124,124,124,124,124,124,124,56674,
219,124,124,124,124,124,124,124,124,124,124,124,124,124,124,124,124,124,124,2871,59601,
220,124,124,124,124,124,124,124,124,124,124,124,124,124,124,124,124,124,124,124,16889,
221,124,124,124,21881,124,124,124,2181,124,124,124,124,124,124,124,124,124,124,57645,30134,
222,124,124,124,124,124,124,124,124,124,124,124,124,124,124,124,124,124,124,37732,124,
223,124,124,124,124,124,124,124,124,124,124,124,124,124,124,124,124,124,124,57612,18092,
224,124,124,124,124,124,124,124,124,11003,124,124,124,124,124,124,124,124,124,124,18540,
225,124,124,124,124,124,124,124,124,124,124,124,124,124,124,124,124,124,124,124,48038,
226,124,124,124,124,124,124,124,124,124,124,124,124,124,124,124,124,124,124,40661,32179,
227,124,124,124,124,6019,124,124,124,124,124,124,124,124,124,124,124,124,124,58230,28719,
228,124,124,124,124,124,124,124,124,124,124,124,124,124,124,124,124,124,124,48475,43542,
229,124,124,124,124,124,124,124,124,124,124,124,124,124,124,124,124,124,124,56887,34219,
230,124,124,124,124,124,124,124,124,124,124,124,124,124,124,124,124,124,124,18013,124,
231,124,124,124,124,124,124,124,124,124,124,124,124,124,124,124,124,124,124,46913,34382,
232,124,124,124,124,124,124,124,124,124,124,124,124,124,124,124,124,124,124,124,13991,
233,124,124,124,124,124,124,124,124,124,124,124,124,124,124,124,124,124,124,124,124,
234,124,124,25602,124,124,124,124,124,124,124,124,124,124,124,124,124,124,124,124,23497,
235,124,124,124,124,124,124,124,124,124,124,124,124,124,124,124,124,124,124,1935,30466,
236,124,124,124,124,124,124,124,124,124,124,124,124,124,124,124,124,124,124,40385,32953,
237,124,124,124,124,124,124,124,124,124,124,124,124,124,124,124,124,124,124,49097,29025,
238,124,124,124,124,124,124,124,124,124,124,124,124,124,124,124,124,124,124,25563,37102,
239,124,124,124,124,124,124,124,124,124,124,124,124,124,124,124,124,124,124,45162,2900,
240,124,124,124,124,124,124,124,46632,124,124,124,124,124,124,124,124,124,124,56277,33398,
241,124,124,124,124,124,124,124,124,124,124,124,124,124,124,124,124,124,124,124,16403,
242,124,124,124,124,124,124,124,124,124,124,124,124,124,124,124,124,124,124,124,58096,
243,124,124,124,124,124,124,124,124,124,124,124,124,124,124,124,124,124,124,5157,13870,
244,124,124,124,124,124,124,124,124,124,124,124,124,26673,124,124,124,124,124,526,55574,
245,124,124,124,124,124,124,124,124,124,124,124,124,124,124,124,124,124,124,52511,21583,
246,124,124,124,124,124,124,124,124,124,124,124,124,124,124,124,124,124,124,124,54934,
247,124,124,124,124,124,124,124,124,124,124,124,124,124,124,124,124,124,124,34778,124,
248,124,124,124,124,124,124,124,124,124,124,124,124,124,124,124,124,124,124,43940,124,
249,124,124,124,124,124,124,124,124,124,124,124,124,124,124,124,124,124,124,124,48623,
250,124,124,124,124,124,124,124,124,124,124,124,124,124,124,124,124,124,124,33853,44083,
251,124,124,124,124,124,124,124,124,15112,124,124,124,124,124,124,124,124,124,30652,45699,
252,124,124,124,124,124,124,124,124,124,124,124,124,124,124,124,124,124,124,48481,27777,
253,124,124,124,124,124,124,3658,124,124,124,124,124,124,124,124,124,7605,124,124,38006,
254,124,124,124,124,124,124,124,124,124,124,124,124,124,124,124,124,124,124,47775,124,
255,124,124,124,124,124,124,124,124,124,124,124,124,124,124,124,124,124,124,46808,124,
256,124,124,124,124,124,124,124,124,124,124,124,124,124,124,124,124,124,124,37263,124,
257,124,124,124,124,124,124,124,124,124,124,124,124,124,124,124,124,124,124,45558,43720,
258,124,124,124,124,124,124,124,124,124,124,124,124,124,124,124,124,124,124,124,124,
259,124,124,124,124,124,124,124,124,124,124,124,124,124,124,124,124,124,114,41107,11603,
260,114,124,124,124,124,114,124,124,124,124,114,124,124,124,124,114,124,124,124,124,
261,114,114,124,114,124,124,114,114,114,124,114,124,114,124,124,124,114,124,41649,114,
262,114,114,124,124,114,124,114,114,124,114,114,114,114,114,114,124,114,124,26384,44225,
263,114,114,114,114,114,114,114,114,114,114,114,114,114,114,114,114,124,114,42387,114,
264,114,114,114,114,114,114,114,114,114,114,114,114,114,114,114,114,114,114,114,35468,
265,114,114,114,114,114,114,114,114,114,114,114,114,114,114,114,114,114,114,13173,114,
266,114,114,114,114,114,114,114,114,114,114,114,114,114,114,114,114,114,26014,16017,114,
267,114,114,114,114,114,114,114,114,114,114,114,114,114,114,114,114,114,114,114,41900,
268,114,114,114,114,114,114,114,114,114,114,114,114,114,114,114,114,114,114,27937,114,
269,114,114,114,114,114,114,114,114,114,114,114,114,114,114,114,114,114,114,53061,114,
270,114,114,114,114,114,114,114,114,114,114,114,114,114,114,114,114,114,114,8605,114,
271,114,114,114,114,114,114,114,114,114,114,114,114,114,114,114,114,114,114,30467,114,
272,114,114,114,114,114,114,114,114,114,114,114,114,114,114,114,114,114,114,57465,44552,
273,114,114,114,114,114,114,114,114,114,114,114,114,114,114,114,114,114,114,29648,25437,
274,114,114,114,114,114,114,114,114,114,114,114,114,114,17720,114,114,114,114,52202,114,
275,114,114,114,114,114,114,114,114,114,114,114,114,114,114,114,114,114,114,114,12699,
276,114,114,114,114,114,114,114,114,114,114,114,114,114,114,114,114,114,114,12216,38357,
277,114,114,114,114,114,114,114,8627,114,114,114,114,114,114,114,114,114,114,16302,114,
278,114,114,114,114,114,114,114,114,114,114,114,114,114,114,114,114,114,114,31825,12848,
279,114,114,114,114,114,114,114,114,114,114,8372,114,114,114,114,114,114,114,114,48152,
280,114,114,114,114,114,114,114,114,114,114,114,114,114,114,114,114,114,114,114,44851,
281,114,114,114,114,114,114,114,114,114,114,114,114,114,114,114,114,114,114,114,114,
282,114,114,114,13190,114,114,114,114,114,114,114,114,114,114,114,114,114,114,114,50174,
283,114,114,114,114,114,114,114,114,114,114,114,114,114,114,114,1436,114,114,47398,31731,
284,114,114,114,114,114,114,114,114,114,114,114,114,114,114,114,114,114,114,10629,3921,
285,114,114,114,114,114,114,114,114,114,114,29266,114,114,114,114,114,114,114,114,19750,
286,114,114,114,114,114,114,114,114,114,114,114,114,114,114,114,114,114,114,114,114,
287,114,114,114,114,114,114,114,114,114,114,114,114,114,114,114,114,114,114,114,46899,
288,114,114,114,114,114,114,114,114,114,114,114,114,114,114,114,114,114,114,114,114,
289,114,114,114,114,114,114,114,114,114,114,114,114,114,114,114,114,114,114,36612,30222,
290,114,114,114,114,114,114,114,114,114,114,114,114,114,114,114,114,114,114,38354,288,
291,114,114,114,114,114,114,114,114,114,114,114,114,114,114,114,114,114,114,114,114,
292,114,114,114,114,114,114,114,114,114,114,114,114,114,114,114,114,114,114,19452,26515,
293,114,114,114,114,114,114,114,114,114,114,114,114,114,114,114,114,114,114,57649,114,
294,114,114,114,114,114,114,114,114,114,114,114,114,114,114,114,114,114,114,114,38075,
295,114,114,114,114,114,114,114,114,114,114,114,114,114,114,114,114,114,114,28191,47101,
296,114,114,114,114,114,114,114,114,114,114,114,114,114,114,114,114,114,114,114,114,
297,114,114,114,114,114,114,114,114,114,114,114,114,114,114,114,114,114,114,114,23194,
298,114,114,114,114,114,114,114,114,114,114,114,114,114,114,114,114,114,114,11423,10372,
299,114,114,114,114,114,114,114,114,114,114,114,114,114,114,114,114,114,114,114,11696,
300,114,114,114,114,114,114,114,114,114,114,114,114,114,114,114,114,114,114,114,114,
301,114,114,114,114,114,114,114,114,114,114,114,114,114,114,114,114,114,114,55345,49048,
302,114,114,114,114,114,114,114,14123,114,114,114,114,114,114,114,114,114,114,28097,48003,
303,114,114,114,114,114,114,114,114,114,114,114,114,11998,114,114,114,114,114,37356,29456,
304,114,114,114,114,114,114,16027,114,114,114,114,114,114,114,114,114,114,114,28866,52498,
305,114,114,114,114,114,114,114,114,114,114,114,114,114,114,114,114,114,114,114,38802,
306,114,114,114,114,114,7873,114,114,114,114,114,114,114,114,114,114,114,114,114,51190,
307,114,114,114,114,114,114,114,114,114,114,114,114,114,114,114,114,114,114,29151,12317,
308,114,114,114,114,114,114,114,114,114,114,114,114,114,114,114,114,114,114,43557,114,
309,114,114,114,114,114,114,114,114,114,114,114,114,114,114,114,114,114,114,37039,29318,
310,114,114,114,114,114,114,114,114,114,114,114,114,114,114,114,114,114,114,114,114,
311,114,114,114,114,114,114,114,114,114,114,114,114,114,114,114,114,114,114,114,46325,
312,114,114,114,114,114,114,114,114,114,114,114,114,114,114,114,114,114,114,45690,33844,
313,114,114,114,114,114,114,114,114,114,114,114,114,114,114,114,114,114,114,114,6950,
314,114,114,114,114,114,114,114,114,114,114,114,114,114,114,114,114,114,114,40483,114,
315,114,114,114,114,114,114,114,114,114,114,114,114,114,114,114,114,114,114,42524,26206,
316,114,114,114,114,114,114,114,10204,114,114,114,114,114,114,114,114,114,114,47006,9245,
317,114,114,114,114,114,114,114,114,114,114,114,114,114,114,114,114,114,114,48950,4028,
318,114,114,114,114,114,114,114,114,114,114,114,114,114,114,114,114,114,114,51127,114,
319,114,114,114,114,114,114,114,114,114,114,114,114,114,114,114,114,114,114,114,114,
320,114,114,114,114,114,114,114,114,114,114,114,114,114,114,114,114,114,114,19156,48698,
321,114,114,114,114,114,114,114,114,114,114,114,24509,114,114,114,114,114,114,114,24615,
322,114,114,114,114,114,114,114,114,114,114,114,114,114,114,114,114,114,114,114,49460,
323,114,114,114,114,114,114,114,114,114,114,114,114,114,114,114,114,114,114,27038,33139,
324,114,114,114,114,114,114,114,114,114,114,114,114,114,114,114,114,114,114,54912,114,
325,114,114,114,114,114,114,114,114,114,114,114,114,114,114,114,114,114,114,114,45191,
326,114,114,114,114,114,114,114,114,114,114,114,114,114,114,114,114,114,114,46462,49692,
327,114,114,114,114,114,114,114,114,114,114,114,114,114,114,114,114,114,114,44678,24398,
328,114,114,114,114,114,114,114,114,114,114,114,114,114,114,114,114,114,114,114,15180,
329,114,114,114,114,114,114,114,114,114,114,114,114,114,114,39763,114,114,114,114,114,
330,114,114,114,114,114,114,114,114,114,114,114,114,114,114,114,114,114,114,43959,114,
331,114,114,27467,114,24975,114,114,114,114,114,114,114,114,114,114,114,114,114,46495,40387,
332,114,114,114,114,114,114,114,114,114,114,114,114,114,114,114,114,114,114,14150,114,
333,114,114,114,114,114,114,114,114,114,114,114,114,114,114,114,114,114,114,28228,39324,
334,114,114,114,114,114,114,114,114,114,114,114,114,114,114,114,114,114,114,114,55788,
335,114,114,114,114,114,114,114,114,114,114,114,114,114,114,114,114,114,114,18749,114,
336,114,114,114,114,114,114,114,114,114,114,114,114,114,114,114,114,114,114,24479,114,
337,114,114,114,114,114,114,114,114,114,114,114,114,114,114,114,114,114,114,12656,114,
338,114,114,114,114,114,114,114,114,114,114,10950,114,114,114,114,114,114,114,46202,48636,
339,114,114,114,114,114,114,14835,838,114,114,114,114,114,114,114,114,114,114,38694,17812,
340,114,114,114,114,114,114,114,114,114,114,114,114,114,114,114,114,39858,114,59153,55794,
341,114,114,114,114,114,114,114,114,114,114,114,114,114,114,114,114,114,114,37467,114,
342,114,114,114,114,114,114,114,114,114,114,114,114,114,114,114,114,114,114,44093,114,
343,114,114,114,114,114,114,114,114,114,114,114,114,114,114,114,114,114,114,4164,114,
344,114,114,114,114,114,114,114,114,114,114,114,114,114,114,114,114,114,114,44932,114,
345,114,114,114,114,114,114,114,114,114,114,114,114,114,114,114,114,114,114,114,114,
346,114,114,114,114,114,114,15232,114,114,114,114,114,114,114,114,114,114,114,17314,114,
347,114,114,114,114,114,114,114,114,114,114,114,114,114,114,114,114,114,114,114,50585,
348,114,114,114,114,114,114,114,114,114,114,114,114,114,114,114,114,114,114,39505,18870,
349,114,114,114,114,114,114,114,114,114,114,114,114,114,114,114,114,114,114,36955,30375,
350,114,114,114,114,114,114,114,114,114,114,114,114,114,114,114,114,575,114,31274,32421,
351,114,114,114,114,114,114,114,114,114,114,25189,114,114,114,114,114,114,114,114,6489,
352,114,114,114,114,114,114,114,114,114,114,114,114,114,114,114,114,114,114,114,114,
353,114,114,114,114,114,114,114,114,114,114,114,114,114,114,114,114,114,114,5913,114,
354,114,114,114,114,114,114,114,114,114,114,114,114,114,114,114,114,114,114,1205,30821,
355,114,114,114,114,114,114,114,30338,114,114,114,114,114,114,114,114,114,114,41256,114,
356,114,114,114,114,114,114,114,114,114,114,114,114,114,114,114,114,114,114,56660,32626,
357,114,114,114,114,114,114,114,114,114,114,114,114,114,114,114,114,114,114,114,32249,
358,114,114,114,114,114,114,114,114,114,114,114,114,114,114,114,114,114,114,29109,44984,
359,114,114,114,114,114,114,114,114,114,114,114,114,114,114,114,114,114,114,114,15490,
360,114,114,114,114,114,114,114,114,114,114,114,114,114,114,114,114,114,114,114,114,
361,114,114,114,114,114,114,114,114,114,114,114,114,114,114,114,114,114,114,33920,114,
362,114,114,114,114,114,114,114,114,114,114,114,114,114,114,114,114,114,114,39075,38300,
363,114,114,114,114,114,114,114,114,114,114,114,114,114,114,114,114,114,114,5807,114,
364,114,114,114,114,114,114,114,114,114,114,114,114,114,114,114,114,114,114,114,39419,
365,114,114,114,114,114,114,114,114,114,114,114,114,114,114,114,114,114,114,24389,47371,
366,114,114,114,114,114,114,114,114,114,114,114,114,114,114,114,114,114,114,114,15649,
367,114,114,114,114,114,114,114,114,114,114,114,114,114,114,114,114,114,114,55379,33601,
368,114,114,114,114,114,114,114,114,114,114,114,114,114,114,114,114,114,114,44874,18700,
369,114,114,114,114,114,114,114,114,114,114,114,114,114,114,114,114,114,114,114,6843,
370,114,114,114,114,114,114,114,114,114,114,114,114,114,114,114,114,114,114,17166,114,
371,114,114,114,114,114,114,114,114,114,114,114,114,114,114,114,114,114,114,114,12190,
372,114,114,114,114,114,114,114,114,114,114,114,114,114,114,114,114,114,114,36555,16714,
373,114,114,114,114,114,114,114,114,114,114,114,114,114,114,114,114,114,114,10987,19046,
374,114,114,114,114,114,114,114,114,114,114,114,114,114,114,114,114,114,114,114,22968,
375,114,114,114,114,114,114,114,114,114,114,114,114,114,114,114,114,114,114,114,23729,
376,114,114,114,114,114,114,114,114,114,114,114,114,114,114,114,114,114,114,1983,6157,
377,114,114,114,114,114,114,114,114,114,114,114,114,114,114,114,114,114,114,45584,44754,
378,114,114,114,114,114,114,114,114,114,114,114,114,114,114,114,114,114,114,51556,7309,
379,114,114,114,114,114,114,114,114,114,114,114,114,114,114,114,114,114,114,36956,28537,
380,114,114,114,114,114,114,49070,114,114,114,114,114,114,114,114,114,114,114,114,55895,
381,114,114,114,114,114,114,114,114,114,114,114,114,114,114,114,114,114,114,46428,114,
382,114,114,114,114,114,114,114,114,114,114,114,114,114,114,114,114,114,114,24228,114,
383,114,114,114,114,114,114,114,114,114,114,114,114,114,114,114,114,114,114,20071,28996,
384,114,114,114,114,114,114,114,114,114,114,114,114,114,114,114,114,114,114,114,17855,
385,114,114,114,114,114,114,114,114,114,114,114,114,114,114,114,114,114,114,114,114,
386,114,114,114,114,114,114,114,114,114,114,114,114,114,114,114,114,114,114,2196,47452,
387,114,114,114,114,114,114,114,114,114,114,114,114,114,114,114,114,114,114,23688,1996,
388,114,114,114,114,114,114,114,334,114,114,114,114,114,114,114,114,114,114,114,21796,
389,114,114,114,114,114,114,114,114,114,114,114,114,114,114,114,114,114,114,114,114,
390,114,114,114,114,114,114,114,114,114,114,114,114,114,45990,114,114,114,114,51072,114,
391,114,114,114,114,114,114,114,114,114,114,114,114,114,114,114,114,114,114,44643,114,
392,114,114,114,114,114,114,114,114,114,114,114,114,114,114,114,9520,114,114,41393,114,
393,114,114,114,114,114,114,114,114,114,114,114,114,114,114,114,114,114,114,114,46810,
394,114,114,114,114,114,114,34489,114,114,114,114,114,114,114,114,114,114,114,59371,50875,
395,114,114,114,114,114,114,114,114,114,114,114,114,114,114,114,114,114,114,114,114,
396,114,114,114,114,114,114,114,114,114,114,114,114,114,114,114,114,114,114,25929,56310,
397,114,114,114,114,114,114,114,114,114,114,114,114,114,114,114,114,114,114,37467,114,
398,114,114,114,114,114,114,114,114,114,114,114,114,114,114,114,114,114,114,28087,43483,
399,114,114,114,114,114,114,114,114,114,114,114,114,114,114,114,114,114,114,47112,21197,
400,114,114,114,114,114,114,114,114,114,114,114,114,114,114,114,114,114,114,47123,35847,
401,114,114,114,114,114,114,114,114,114,114,114,5947,114,114,114,114,114,114,1591,17288,
402,114,114,114,114,114,114,114,114,114,114,114,114,114,114,114,114,114,114,114,114,
403,114,114,114,114,114,114,114,114,114,114,114,114,114,114,114,114,114,114,48074,114,
404,114,114,114,114,114,114,114,114,114,114,114,114,15701,114,114,114,114,114,53517,11860,
405,114,114,580,114,114,580,114,114,114,114,114,114,114,114,114,114,114,114,18516,12649,
406,114,114,114,114,114,114,114,114,114,114,114,114,114,114,114,114,114,114,114,114,
407,114,114,114,114,114,114,114,114,114,114,114,114,114,114,114,114,114,114,114,22161,
408,114,114,114,114,114,114,114,114,114,114,114,114,114,114,40827,114,114,114,48159,25407,
409,114,114,114,114,22449,114,114,114,114,114,114,114,114,114,114,114,114,22449,3345,16104,
410,114,114,114,114,114,114,114,114,114,114,114,114,114,114,114,114,114,114,30799,3427,
411,114,114,114,114,114,114,114,114,114,114,114,114,114,114,114,114,114,114,31255,36877,
412,114,114,114,114,114,114,114,114,114,114,114,114,114,114,114,114,114,114,114,114,
413,114,114,114,114,114,114,114,114,114,114,114,114,114,114,114,114,114,114,114,20761,
414,114,114,114,114,114,114,114,114,114,114,114,114,114,114,114,114,114,114,21286,114,
415,114,114,114,114,114,114,114,114,114,114,114,114,114,114,114,114,114,114,38262,114,
416,114,114,114,114,114,114,114,114,114,114,114,114,114,114,114,114,114,114,8224,34855,
417,114,114,114,114,114,114,114,114,114,114,114,114,114,114,114,114,114,114,19525,58921,
418,114,114,114,114,114,114,114,114,114,114,114,114,114,114,114,114,114,114,44825,37019,
419,114,114,114,114,114,114,114,114,114,114,114,114,114,114,114,114,114,114,114,114,
420,114,114,114,114,114,114,114,114,114,114,114,114,114,114,114,114,114,114,16804,26229,
421,114,114,114,114,114,114,114,114,114,114,114,114,114,114,114,114,114,114,27065,38438,
422,114,114,114,114,9256,114,114,114,114,114,114,114,114,114,114,114,37027,5029,114,43623,
423,114,114,114,114,114,114,114,114,114,114,114,114,114,114,114,114,114,114,59157,33281,
424,114,114,114,114,114,114,114,114,114,114,114,114,114,114,114,114,114,114,114,114,
425,114,114,114,114,114,114,114,114,114,114,114,114,114,10387,114,114,114,114,114,57596,
426,114,114,114,114,114,114,114,114,114,114,114,114,114,114,114,114,114,114,19544,114,
427,114,114,114,114,114,114,114,114,114,114,114,114,114,114,114,114,114,114,52823,29086,
428,114,114,114,114,114,114,114,114,114,114,114,114,114,114,114,114,114,114,12208,14828,
429,114,114,114,114,114,114,114,114,114,114,114,114,114,114,114,114,114,114,114,114,
430,114,114,114,114,114,114,114,114,114,114,114,114,114,114,114,114,114,114,57067,114,
431,114,114,114,114,114,114,114,114,114,114,114,114,114,114,114,114,114,114,14912,47829,
432,114,114,114,114,114,114,114,114,114,114,114,114,114,114,114,114,114,114,13661,36574,
433,114,114,114,114,114,114,114,114,114,114,114,114,114,114,114,114,114,114,46921,44136,
434,114,114,114,114,114,114,114,114,114,114,114,114,114,114,114,114,114,114,114,31529,
435,114,114,114,114,114,114,114,114,114,114,114,114,114,114,114,114,7844,114,14591,114,
436,114,114,114,114,114,114,114,114,114,114,114,114,114,114,114,114,114,114,53637,114,
437,114,114,114,114,114,114,114,114,114,114,114,114,114,114,114,114,114,114,37168,25815,
438,114,114,114,114,114,114,114,114,114,114,114,114,114,114,114,114,114,114,31965,38018,
439,114,114,114,114,114,114,114,114,114,114,114,114,114,114,114,114,114,114,47951,114,
440,114,114,114,114,114,114,114,114,114,114,114,114,114,114,114,114,114,114,38102,35102,
441,114,114,114,114,114,114,114,114,114,114,114,114,114,114,114,114,114,114,43420,114,
442,114,114,13975,114,114,114,114,114,114,114,114,114,114,114,114,114,114,114,634,44803,
443,114,114,114,114,114,114,43817,114,114,22157,114,114,114,114,114,114,114,114,114,926,
444,114,114,114,114,114,114,114,114,114,114,114,114,114,114,114,114,114,114,114,38430,
445,114,114,114,114,114,114,114,114,114,114,114,114,114,114,114,114,114,114,114,10558,
446,114,114,114,114,114,114,114,114,114,114,114,114,114,114,114,114,114,114,42265,114,
447,114,114,114,114,114,114,114,114,114,114,114,114,114,114,114,114,114,114,45690,30932,
448,114,114,114,114,114,114,114,114,114,114,114,114,114,114,114,114,114,114,114,114,
449,114,114,114,114,114,114,114,114,114,114,114,114,114,114,114,114,114,114,48602,114,
450,114,114,114,114,114,114,114,114,114,114,114,114,114,114,114,114,114,114,24282,25390,
451,114,114,114,114,114,114,114,114,114,114,114,114,114,114,114,114,114,114,57076,43164,
452,114,114,114,114,114,114,114,114,114,114,114,114,114,114,114,114,114,114,5857,48448,
453,114,114,114,114,114,114,114,114,114,10684,114,114,114,114,114,114,114,114,30351,22403,
454,114,114,114,114,114,114,114,114,114,114,114,12880,114,114,114,114,114,114,50600,16287,
455,114,114,114,114,114,114,114,114,114,114,114,114,114,114,114,114,114,114,54057,34694,
456,114,114,114,114,114,114,114,114,114,114,114,114,114,114,114,114,114,114,114,29465,
457,114,114,114,114,114,114,114,114,114,114,114,114,114,114,114,114,114,114,47130,40174,
458,114,114,114,114,114,114,114,114,114,114,114,114,114,114,114,114,114,114,30975,40396,
459,114,114,114,114,114,114,114,114,114,114,114,114,114,114,114,114,114,114,2975,11078,
460,114,114,114,114,114,114,114,114,114,114,114,114,114,114,114,114,114,114,9637,44827,
461,114,114,114,114,114,114,114,114,114,114,114,114,114,114,114,114,114,110,3569,55448,
462,110,114,114,114,114,114,114,114,114,114,114,110,114,110,114,114,114,114,114,42350,
463,110,110,114,114,114,114,114,114,114,114,114,110,114,114,114,114,110,114,42771,10615,
464,110,110,110,114,114,114,114,114,114,114,114,110,110,114,114,114,110,114,17062,45696,
465,110,110,110,114,114,114,110,114,114,114,110,110,114,110,110,114,114,110,5435,40463,
466,110,110,110,110,110,114,110,110,110,110,110,110,110,110,110,114,114,114,51950,23935,
467,110,110,110,110,110,110,110,110,110,110,110,110,110,110,110,110,114,110,28296,12473,
468,110,110,110,110,110,110,110,110,110,110,110,110,110,110,110,110,110,110,110,43295,
469,110,110,110,110,110,110,110,110,110,110,110,110,110,110,110,110,110,110,24007,110,
470,110,110,110,110,110,110,110,110,110,110,110,110,110,110,110,110,110,110,4018,25651,
471,110,110,110,110,110,110,110,110,110,110,110,110,110,110,110,110,110,110,31501,110,
472,110,110,110,110,110,110,110,110,110,110,110,110,110,110,110,110,110,110,48179,15852,
473,110,110,110,110,110,110,110,110,110,110,110,110,110,110,110,110,110,2162,30400,33198,
474,110,110,110,110,110,110,110,110,110,110,110,110,110,110,110,110,110,110,29143,110,
475,110,110,110,110,110,110,110,110,110,110,110,110,110,110,110,110,110,110,16206,14296,
476,110,110,25565,110,1414,110,110,110,110,110,110,110,110,110,110,110,110,110,110,110,
477,110,110,110,110,110,110,110,110,110,110,110,110,110,110,110,110,110,110,110,110,
478,110,110,110,110,110,110,110,110,110,110,110,110,110,110,110,110,110,110,11980,31861,
479,110,110,110,110,110,110,110,110,110,110,110,110,110,110,110,2743,110,110,110,28770,
480,110,110,110,110,110,110,110,110,110,110,110,110,110,110,110,110,110,110,19904,50485,
481,110,110,110,110,110,110,110,110,110,110,110,110,110,110,110,110,110,110,30505,28813,
482,110,110,110,110,110,110,110,110,110,110,110,110,110,110,110,110,110,110,110,110,
483,110,110,110,110,110,110,110,110,110,110,110,110,110,110,110,110,110,110,57436,110,
484,110,110,110,110,110,110,110,110,110,110,110,110,110,110,110,110,110,110,9308,13460,
485,110,110,110,110,110,110,110,110,110,110,110,110,110,110,110,110,110,110,56758,4737,
486,110,110,110,110,110,110,110,110,110,110,110,110,110,110,110,110,110,110,110,13495,
487,110,110,110,110,110,110,110,110,110,110,110,110,110,110,110,110,110,110,49271,110,
488,110,110,110,110,110,110,110,110,110,110,110,110,110,110,110,110,110,110,47351,57645,
489,110,110,110,110,110,110,110,110,110,110,110,110,110,110,110,110,110,110,25840,110,
490,110,110,110,110,110,110,110,110,110,110,110,110,110,110,110,110,110,110,110,22190,
491,110,110,110,110,110,110,110,110,110,110,110,110,110,110,110,110,110,110,39495,41838,
492,110,110,110,110,110,110,110,110,110,110,110,110,110,110,110,110,110,110,33439,1904,
493,110,110,110,110,110,110,110,110,110,110,110,110,110,110,110,110,110,110,110,41801,
494,110,110,110,110,110,110,110,110,110,110,110,110,110,110,110,110,110,110,32992,5157,
495,110,110,110,110,110,110,110,110,110,110,110,110,110,110,110,110,110,110,22378,40485,
496,110,110,110,110,110,110,110,110,110,110,110,110,110,110,110,110,110,110,110,55848,
497,110,110,110,110,110,110,110,110,110,110,110,110,110,110,31297,110,110,29479,110,3392,
498,110,110,110,110,110,110,110,110,110,110,110,110,110,110,110,110,110,110,38938,12179,
499,110,110,110,110,110,110,110,110,110,110,110,110,110,110,110,110,110,110,110,16358,
500,110,110,110,110,110,110,110,110,110,110,110,110,110,110,110,110,110,110,19511,10454,
501,110,110,110,110,17209,110,110,110,110,110,110,110,110,110,110,110,110,110,5883,44586,
502,110,110,110,110,110,110,110,110,110,110,110,110,110,110,110,110,110,110,55479,110,
503,110,110,110,110,110,110,110,110,110,110,110,110,110,110,110,110,110,110,110,46125,
504,110,110,110,110,110,110,13097,110,110,110,110,6392,110,110,110,110,110,110,110,110,
505,110,110,110,110,110,110,110,110,110,110,110,110,110,110,110,110,110,110,18376,2061,
506,110,110,110,110,110,18620,110,110,110,110,110,110,110,110,110,110,110,110,7517,50590,
507,110,110,110,110,110,110,12485,18516,110,110,110,110,110,110,110,110,110,110,11957,28135,
508,110,110,110,110,110,110,110,110,110,110,110,110,110,110,110,110,110,110,110,52709,
509,110,110,110,110,110,110,110,110,110,110,110,110,110,110,110,110,110,110,110,48685,
510,110,110,110,110,110,110,110,110,110,110,110,110,110,110,110,110,110,110,110,38836,
511,110,110,110,110,110,110,110,110,110,110,110,110,51466,110,110,110,110,23333,40765,12002,
512,110,110,110,110,110,110,110,110,110,110,110,110,110,110,110,110,110,110,3204,59494,
513,110,110,110,110,110,110,110,110,110,110,110,110,110,110,110,110,110,110,18891,35953,
514,110,110,110,110,110,110,110,110,110,110,110,110,110,110,110,110,110,19733,6545,110,
515,110,110,110,110,110,110,110,110,110,110,110,110,110,110,110,110,110,110,110,35739,
516,110,110,110,110,110,110,110,110,110,110,110,110,110,110,110,110,110,110,110,22156,
517,110,110,110,110,110,5371,110,110,110,110,110,110,110,110,110,110,110,110,30166,14562,
518,110,110,110,110,110,110,110,110,110,110,110,110,110,110,110,110,110,110,24736,13608,
519,110,110,110,110,110,110,110,110,110,110,110,110,110,110,110,110,110,110,13730,110,
520,110,110,110,110,110,110,110,110,110,110,110,110,110,110,24381,110,110,110,19797,58456,
521,110,110,110,110,110,110,110,110,110,110,110,110,110,110,110,110,110,110,9626,23177,
522,110,110,110,110,110,110,110,110,110,110,110,110,110,110,110,110,110,110,110,30624,
523,110,110,110,110,110,110,110,110,110,110,110,110,110,110,110,110,110,110,42709,39183,
524,110,110,110,110,110,110,110,110,110,110,110,110,110,110,110,110,110,110,110,41154,
525,110,110,110,110,110,110,110,110,110,110,110,110,110,110,110,110,110,110,5506,110,
526,110,110,110,110,110,110,110,110,110,110,110,110,110,110,110,110,110,110,110,23678,
527,110,110,110,110,110,110,110,110,110,110,110,110,110,110,110,110,110,110,110,35957,
528,110,110,110,110,110,110,110,110,110,110,110,110,110,110,110,110,110,16171,9412,44975,
529,110,110,6559,110,110,110,110,110,2963,110,110,110,110,110,110,110,110,110,28257,2811,
530,110,110,110,110,110,110,110,110,110,110,110,110,110,110,110,3103,110,19805,15697,56661,
531,110,110,110,110,110,110,110,3053,110,110,110,110,110,110,110,110,4341,110,110,110,
532,110,110,110,110,110,110,110,110,110,110,110,110,110,110,110,110,110,110,8922,33514,
533,110,110,110,110,110,110,9557,110,110,110,110,110,3745,110,110,110,110,110,110,16183,
534,110,110,110,110,110,110,110,110,110,110,110,110,110,110,110,110,110,110,18812,46082,
535,110,110,110,110,110,110,110,110,110,110,110,110,110,110,110,110,110,110,20828,110,
536,110,110,110,110,110,110,110,110,110,110,110,110,110,110,110,110,110,110,1486,110,
537,110,110,110,110,110,110,110,110,13591,110,110,110,110,110,110,110,110,110,110,12274,
538,110,110,110,110,110,110,110,110,110,110,110,110,110,110,110,110,110,110,34877,11199,
539,110,110,110,110,110,110,110,110,110,110,110,110,110,110,110,110,110,110,110,4771,
540,110,110,110,110,110,110,110,110,110,110,110,110,110,110,110,110,110,110,43674,110,
541,110,110,110,110,110,110,110,110,110,110,110,110,110,110,110,110,110,110,33615,7993,
542,110,110,110,110,7993,110,110,110,110,110,110,110,110,110,110,110,110,110,13734,47897,
543,110,110,110,110,110,110,110,110,110,110,110,110,110,110,110,110,110,110,48150,4981,
544,110,110,110,110,110,110,110,110,110,110,110,110,14059,110,110,110,110,110,21715,110,
545,110,110,110,110,110,110,110,110,110,110,110,110,110,110,110,110,110,110,53380,10298,
546,110,110,110,110,110,110,110,110,110,110,110,110,110,110,110,110,110,110,6806,110,
547,110,110,110,110,6351,110,110,110,110,110,110,110,110,110,110,110,110,110,110,49087,
548,110,110,110,110,110,110,110,110,110,110,110,110,110,110,110,110,110,110,59197,110,
549,110,110,110,110,110,110,110,110,110,110,110,110,110,110,110,110,110,110,110,110,
550,110,110,110,110,110,110,110,110,110,110,110,110,110,110,110,110,110,110,11548,16288,
551,110,110,110,110,110,110,110,110,110,110,110,110,110,110,110,110,110,110,4566,11756,
552,110,110,110,110,110,110,110,110,110,110,18043,110,110,110,110,110,110,110,20886,110,
553,110,110,110,110,110,110,110,110,110,110,110,110,110,110,110,110,110,110,40159,36989,
554,110,110,110,110,110,110,110,110,110,110,110,110,110,110,110,110,110,110,7512,11755,
555,110,110,110,110,110,110,110,110,110,110,110,110,110,110,110,110,110,110,19126,37596,
556,110,110,110,110,110,110,110,110,110,110,110,110,110,110,110,110,110,110,58979,7059,
557,110,110,110,14384,5955,110,110,110,110,110,110,110,110,110,110,110,110,110,43315,110,
558,110,110,110,110,110,10615,110,110,110,12159,110,110,110,110,110,110,110,110,46614,35154,
559,110,110,110,110,110,110,110,110,110,110,110,110,110,110,110,110,110,110,110,11139,
560,110,110,110,110,110,110,110,110,110,110,110,110,110,110,110,110,110,110,110,21582,
561,110,110,110,110,110,110,110,110,110,110,110,110,110,110,110,110,110,110,110,24288,
562,110,110,110,110,110,110,110,110,2292,110,110,110,110,110,110,110,110,110,53803,20286,
563,110,110,110,110,110,110,110,110,110,110,11865,110,110,110,110,110,110,110,110,110,
564,110,110,110,110,110,110,110,110,110,110,110,110,110,110,110,110,110,110,8522,30865,
565,110,110,110,110,110,110,110,110,110,110,110,110,110,110,110,110,110,110,110,38201,
566,110,110,110,110,110,110,32051,110,110,110,110,110,110,110,110,110,110,110,23471,2809,
567,110,110,110,110,110,110,110,110,110,110,110,110,110,110,110,110,110,110,32865,56556,
568,110,110,110,110,110,110,110,110,110,110,110,110,110,110,110,5849,110,110,44420,7926,
569,110,110,110,110,110,110,110,110,110,110,110,110,110,110,110,110,110,110,14918,38564,
570,110,110,110,110,110,110,110,110,110,110,110,110,110,110,110,110,110,110,42725,21825,
571,110,110,110,110,110,110,110,110,110,110,110,110,110,110,110,110,110,110,110,110,
572,110,110,110,110,110,110,110,110,110,110,110,110,110,110,110,110,110,110,14018,40001,
573,110,110,110,110,110,110,110,110,110,110,110,110,110,110,110,110,110,110,16681,14403,
574,110,110,110,110,110,110,110,110,110,110,110,110,110,110,110,110,110,110,35393,36911,
575,110,110,110,110,110,110,20071,110,110,110,110,110,110,110,110,110,110,110,19775,58086,
576,110,110,110,110,110,110,110,110,110,110,110,110,110,110,110,110,110,110,110,52822,
577,110,110,110,110,110,110,110,110,110,110,110,110,110,110,110,110,110,110,18746,14287,
578,110,110,110,110,110,110,110,110,5827,110,110,110,110,110,110,110,110,110,110,49651,
579,110,110,110,110,110,110,110,110,110,110,110,110,110,110,110,110,110,110,14711,42852,
580,110,110,110,110,110,110,110,110,110,110,110,110,110,15571,110,110,110,110,46321,44781,
581,110,110,110,110,110,110,110,3985,110,110,110,110,14913,110,17213,110,110,110,25129,47760,
582,110,110,110,110,110,110,110,110,110,110,110,110,110,110,110,110,110,110,13626,18363,
583,110,110,110,110,110,110,110,110,110,110,110,110,110,110,110,110,110,110,45355,12700,
584,110,110,110,110,110,110,110,110,110,110,110,110,110,3211,110,110,110,110,110,110,
585,110,110,110,110,110,110,110,110,110,110,110,110,110,110,110,110,110,110,110,55077,
586,110,110,110,110,110,110,110,110,110,110,110,110,110,110,110,110,110,110,110,26529,
587,110,110,110,110,110,110,110,110,110,110,110,110,110,110,110,110,110,110,110,110,
588,110,110,110,110,110,110,110,110,110,110,110,110,110,110,110,110,110,110,2497,18293,
589,110,110,110,110,110,110,110,110,110,110,110,110,110,110,110,110,110,110,39218,110,
590,110,110,110,110,110,18532,110,110,110,110,110,110,110,110,110,110,110,110,110,43994,
591,110,110,110,110,110,110,110,110,110,110,110,110,110,110,110,110,41087,110,110,9153,
592,110,110,110,110,110,110,110,110,110,110,110,110,110,110,110,110,110,110,56033,110,
593,110,110,110,110,110,110,110,110,110,110,110,110,110,110,110,110,110,110,32314,110,
594,110,110,110,110,110,110,110,110,110,110,110,110,110,110,110,110,110,4151,3346,1796,
595,110,110,110,110,12119,110,110,110,110,110,110,110,110,110,110,110,110,12073,39627,18667,
596,110,110,110,110,110,110,110,110,110,110,110,110,110,110,110,110,110,110,20039,110,
597,110,110,110,110,110,110,110,110,110,110,110,110,110,110,110,110,110,110,110,747,
598,110,110,110,110,110,110,110,110,110,110,110,110,110,110,110,110,110,110,45048,45203,
599,110,110,110,110,110,110,110,110,110,110,110,110,110,110,110,110,110,110,19260,110,
600,110,110,110,110,110,15380,110,110,110,110,110,110,12104,110,110,110,110,110,110,13189,
601,110,110,110,110,110,110,110,110,110,110,110,110,110,110,110,110,110,110,34087,57037,
602,110,110,110,110,110,110,110,110,110,110,110,110,110,110,110,110,110,110,110,20803,
603,110,110,110,110,110,110,110,110,110,110,110,110,110,110,110,110,110,110,110,110,
604,110,110,110,110,110,110,110,110,110,110,110,110,110,110,110,110,110,110,110,37496,
605,110,110,110,110,110,110,110,110,110,110,110,110,110,110,110,110,110,110,46276,110,
606,110,110,110,110,110,110,110,110,110,110,110,110,110,110,110,110,110,110,110,110,
607,110,110,110,110,110,110,110,110,110,110,110,110,110,110,110,110,110,110,110,110,
608,110,110,110,110,110,110,110,110,110,110,110,110,110,110,110,110,110,110,45920,47192,
609,110,110,110,110,110,110,110,110,110,110,110,110,110,110,110,110,110,110,25609,110,
610,110,110,110,110,110,110,110,110,110,110,110,110,110,110,110,110,110,110,13435,10037,
611,110,110,110,110,110,110,110,110,110,110,110,110,110,110,110,110,110,110,13509,15374,
612,110,110,110,110,110,110,110,110,110,110,110,110,110,110,110,110,110,3417,48596,34310,
613,110,110,110,110,110,110,110,110,110,7284,110,110,110,110,110,110,110,110,110,32691,
614,110,110,110,110,110,110,110,110,110,110,110,110,110,110,110,110,110,110,46965,110,
615,110,110,110,110,110,110,110,110,110,110,110,110,110,110,110,110,110,110,110,27507,
616,110,110,110,110,110,110,110,110,7129,110,110,110,110,110,110,110,110,110,44933,21684,
617,110,110,110,110,110,110,110,110,110,3416,110,110,110,110,110,110,110,110,7563,110,
618,110,110,110,110,110,110,110,110,110,110,110,110,110,110,110,110,110,110,13118,110,
619,110,110,110,110,110,110,110,110,110,110,110,110,110,110,110,110,110,110,22223,38352,
620,110,110,110,110,110,110,110,110,110,110,110,110,110,110,110,110,110,110,43822,41353,
621,110,110,110,110,110,110,110,110,110,110,110,110,110,110,110,110,110,110,25573,110,
622,110,110,110,110,110,110,110,110,110,110,110,110,110,110,110,110,110,110,13661,4853,
623,110,110,110,110,110,110,110,110,7867,110,110,110,110,110,110,110,110,110,110,13497,
624,110,110,110,110,110,110,110,110,110,110,110,110,110,110,110,110,10264,110,17694,48679,
625,110,110,110,110,110,110,20614,10264,110,110,110,110,110,110,110,110,110,110,24242,110,
626,110,110,110,110,110,110,110,110,110,110,110,110,110,110,110,110,110,110,10836,24335,
627,110,110,110,110,110,110,110,110,110,110,110,110,110,110,110,110,110,110,22651,837,
628,110,110,110,110,110,110,110,110,110,110,110,110,110,110,110,110,110,110,7088,13603,
629,110,110,110,110,110,110,110,110,110,110,110,110,110,110,110,110,110,110,8299,110,
630,110,110,110,110,110,110,110,110,110,110,110,110,110,110,110,110,110,110,49233,23180,
631,110,110,110,110,110,110,110,110,110,110,110,110,110,110,110,110,110,110,110,3474,
632,110,110,110,110,110,110,110,110,110,110,110,110,110,110,110,110,110,110,19622,110,
633,110,110,110,110,110,110,110,110,110,110,110,110,110,110,110,110,110,110,9167,9252,
634,110,110,110,110,110,110,110,110,110,110,110,110,110,110,110,110,110,110,110,110,
635,110,110,110,110,110,110,110,110,110,110,110,110,110,110,110,110,110,110,434,110,
636,110,110,110,110,110,110,110,110,2315,110,110,110,110,110,110,110,110,110,11729,58365,
637,110,110,110,110,110,110,110,110,110,110,110,110,110,110,110,110,110,110,14066,110,
638,110,110,110,110,110,110,110,110,110,110,110,110,110,110,110,110,110,110,45065,35293,
639,110,110,110,110,110,110,110,110,110,110,110,110,110,110,110,110,110,110,47788,34214,
640,110,110,110,110,110,110,110,110,110,110,110,110,110,110,110,110,110,110,58386,110,
641,110,110,110,110,110,110,110,110,110,110,110,110,110,110,110,110,110,110,9675,51509,
642,110,110,110,110,110,110,110,110,110,110,110,110,110,110,110,110,110,110,48012,37161,
643,110,110,110,110,110,110,110,110,110,110,110,110,110,110,110,110,110,110,110,17035,
644,110,110,110,110,110,110,110,110,110,110,110,110,110,110,110,110,110,110,42296,50433,
645,110,110,110,110,110,110,110,110,110,110,110,110,110,110,110,110,110,110,110,39977,
646,110,110,110,110,110,110,110,110,110,110,110,110,110,110,110,110,110,110,110,35198,
647,110,110,110,110,110,110,110,110,110,110,110,110,110,110,110,110,110,110,4707,2677,
648,110,110,110,110,110,110,110,110,110,110,110,110,110,110,110,110,110,110,53179,110,
649,110,110,110,110,110,110,110,110,110,110,110,110,110,110,110,110,110,110,110,47283,
650,110,110,110,110,110,110,110,110,27506,110,110,110,110,110,110,110,110,110,110,28309,
651,110,110,110,110,110,110,110,110,110,110,110,110,110,110,110,110,110,110,44390,3583,
652,110,110,110,110,110,110,110,110,110,110,110,110,110,110,110,110,110,110,20199,48857,
653,110,110,110,110,110,110,110,110,110,110,110,110,110,110,110,110,110,110,110,29807,
654,110,110,110,110,110,110,110,110,110,110,110,110,110,110,110,110,110,110,110,57226,
655,110,110,110,110,13511,110,110,110,15846,110,110,110,110,110,110,110,110,110,48362,42540,
656,110,110,110,110,110,110,110,110,110,110,110,110,110,110,110,110,110,110,110,110,
657,110,110,110,110,110,110,110,110,110,110,110,110,110,110,110,110,110,110,21721,46691,
658,110,110,110,110,110,110,110,110,110,110,110,110,110,110,110,110,110,110,16696,110,
659,110,110,110,110,110,110,110,110,110,110,2912,110,110,110,110,110,110,110,33086,45525,
660,110,110,110,110,110,110,110,110,110,110,110,110,110,110,110,110,110,110,110,28141,
661,110,110,110,110,110,110,110,110,110,110,110,110,110,110,110,110,110,110,30785,110,
662,110,110,110,110,12782,110,110,110,110,110,110,110,110,110,110,110,110,110,110,110,
663,110,110,110,110,110,110,110,110,110,110,110,110,110,110,110,110,110,110,3056,5637,
664,110,110,110,110,110,110,110,110,110,110,110,110,110,110,110,110,110,110,4339,24379,
665,110,110,110,110,110,110,110,110,110,110,110,110,110,110,110,110,110,110,56030,9728,
666,110,110,110,110,110,10969,110,110,110,110,110,110,110,110,2860,110,110,110,21904,110,
667,110,110,110,110,110,110,110,110,110,110,110,110,110,110,110,110,110,110,50592,27835,
668,110,110,110,110,110,110,110,110,110,110,110,110,110,110,110,110,110,110,18150,7390,
669,110,110,110,110,110,110,110,110,110,110,110,110,110,110,110,110,110,110,24735,13187,
670,110,110,110,110,110,110,110,8408,110,110,110,110,110,110,110,110,110,110,5446,110,
671,110,110,110,110,21675,110,110,110,110,110,110,110,110,110,110,110,110,110,3632,110,
672,110,110,110,110,110,110,110,110,110,110,110,110,110,110,110,110,110,110,29747,27819,
673,110,110,110,110,110,110,110,110,110,110,110,110,110,110,110,110,110,110,25107,110,
674,110,110,110,110,110,110,110,110,110,110,110,110,110,110,110,110,110,110,13521,59731,
675,110,110,110,110,110,110,110,110,110,110,110,110,110,110,110,110,110,110,110,553,
676,110,110,110,110,110,110,110,110,110,110,110,110,110,110,110,110,110,110,110,110,
677,110,110,110,110,110,110,110,110,110,110,110,110,110,110,110,110,110,110,110,22494,
678,110,110,110,110,110,110,110,110,110,110,110,110,110,110,110,110,110,110,19537,40785,
679,110,110,110,110,110,110,110,110,110,110,110,110,110,110,110,110,110,110,110,110,
680,110,110,110,110,110,110,110,110,110,110,110,110,110,110,110,110,110,110,110,55577,
681,110,110,160,110,110,110,110,24448,24935,110,110,110,110,110,110,110,110,110,44015,60391,
682,110,110,110,110,110,110,110,110,110,110,110,110,110,110,110,110,110,110,45024,34226,
683,110,110,110,110,110,110,110,110,110,110,110,110,110,110,110,110,110,7874,22404,41624,
684,110,110,110,110,110,110,110,110,110,110,110,110,110,110,110,110,110,110,110,20316,
685,110,110,110,110,110,110,110,110,110,110,110,110,110,110,110,110,110,110,110,43042,
686,110,110,110,110,110,110,110,110,110,110,110,110,110,110,110,110,1335,110,110,110,
687,110,110,110,110,110,110,110,110,110,110,110,110,110,110,110,110,110,110,24720,110,
688,110,110,110,110,110,110,110,110,110,110,110,110,110,110,110,110,110,110,45006,23611,
689,110,110,110,110,110,110,110,110,110,110,110,110,110,110,110,110,110,110,17637,49694,
690,110,110,110,110,110,110,110,110,110,110,110,110,110,110,110,110,110,110,110,17897,
691,110,110,110,110,110,110,110,110,110,110,110,110,110,110,110,110,110,110,44866,56607,
692,110,110,110,110,110,110,110,110,110,110,110,110,110,110,110,110,110,110,8940,110,
693,110,110,110,110,110,110,110,110,110,110,110,110,110,110,110,110,110,110,60528,110,
694,110,110,110,110,110,110,16891,110,110,110,110,110,110,110,110,110,110,110,43696,23716,
695,110,110,110,110,110,110,110,110,110,110,110,110,110,110,110,110,110,110,6490,35516,
696,110,110,110,110,110,110,110,110,110,110,110,110,110,110,110,23939,110,110,15591,40177,
697,110,110,110,110,110,110,110,110,110,110,110,110,110,110,110,110,110,110,8789,45797,
698,110,110,110,110,110,110,110,110,110,110,110,110,110,110,110,110,110,110,19527,26847,
699,110,110,110,110,110,110,110,110,110,110,110,110,110,110,110,110,110,110,13076,54579,
700,110,110,110,149,110,110,110,110,110,110,110,110,110,110,110,110,110,110,110,36942,
701,110,110,110,110,110,110,110,110,110,110,110,110,110,110,110,110,110,110,27579,27899,
702,110,110,110,110,110,110,110,110,110,110,110,110,110,110,110,110,110,110,48574,110,
703,110,110,110,110,110,110,110,110,110,110,110,110,110,110,110,110,110,110,9823,10150,
704,110,110,110,110,110,110,110,110,110,110,110,110,110,110,110,110,110,110,49927,11241,
705,110,110,110,110,110,110,110,110,110,110,110,110,110,110,110,110,110,110,46254,12316,
706,110,110,110,110,110,110,110,110,110,110,110,110,110,110,110,110,110,110,16488,46568,
707,110,110,110,110,110,110,110,110,110,110,110,110,110,110,110,110,110,110,110,8764,
708,110,110,110,110,110,110,110,110,110,110,110,110,110,110,110,110,110,110,110,48745,
709,110,110,110,110,110,110,110,110,110,110,110,110,110,110,110,110,110,110,38392,18555,
710,110,110,110,110,110,110,110,110,110,110,110,110,110,110,110,110,110,110,21650,32438,
711,110,110,110,20422,110,110,110,110,110,110,110,110,110,110,110,110,110,110,45070,22712,
712,110,110,110,110,110,110,110,110,110,110,110,110,110,110,110,110,110,110,48366,20507,
713,110,110,110,110,110,110,110,110,110,110,110,110,110,110,110,110,110,110,17586,12631,
714,110,110,110,110,110,110,110,110,110,110,110,110,110,110,110,110,110,110,29037,34207,
715,110,110,110,110,110,110,110,110,110,110,110,110,110,364,110,110,110,110,10336,110,
716,110,110,110,110,110,110,110,110,110,110,110,110,110,110,110,110,110,110,110,10266,
717,110,110,2632,110,110,110,110,110,110,110,110,110,110,110,110,110,110,110,24268,11872,
718,110,110,110,110,110,110,110,110,110,110,110,110,110,110,110,110,110,110,110,110,
719,110,110,110,110,110,110,110,110,110,110,110,110,110,110,110,110,110,110,17813,28394,
720,110,110,110,110,3806,110,110,110,110,110,110,110,110,110,110,110,110,110,19074,50601,
721,110,110,4629,110,110,110,110,10184,110,110,110,110,110,110,110,110,110,110,8731,13529,
722,110,110,110,110,110,110,110,110,110,110,110,35326,110,110,110,110,110,110,41140,110,
723,110,110,110,110,110,110,110,110,110,110,110,110,110,110,110,110,110,110,59455,26980,
724,110,110,110,110,110,110,110,110,110,110,110,110,110,110,110,110,110,110,110,110,
725,110,110,110,110,110,110,110,110,110,110,110,110,110,110,110,110,110,110,42676,54423,
726,110,110,110,110,110,16133,110,110,110,15261,110,110,110,110,110,110,110,110,29537,49499,
727,110,110,110,110,110,110,110,110,110,110,110,110,110,110,110,110,110,110,110,45524,
728,110,110,110,110,110,110,110,110,110,110,110,110,110,110,110,1799,110,110,47654,9317,
729,110,110,110,110,110,110,110,110,110,110,110,110,110,110,110,110,110,110,20345,1951,
730,110,110,110,110,110,110,110,110,110,110,110,110,110,110,110,110,110,110,110,1455,
731,110,110,110,110,110,110,110,110,110,110,110,110,110,110,110,110,110,110,13838,36357,
732,110,110,110,110,110,110,110,110,110,110,110,110,110,110,110,110,110,110,110,25488,
733,110,110,110,110,110,110,110,110,110,110,110,110,110,110,110,110,110,110,41274,22877,
734,110,110,110,110,110,110,110,110,110,110,110,110,110,110,110,110,110,110,44918,13017,
735,110,110,110,110,110,110,110,110,110,110,110,110,110,110,110,110,110,110,34214,110,
736,110,110,110,110,110,110,110,110,110,110,110,110,110,110,110,110,110,110,110,37883,
737,110,110,110,110,110,110,110,110,110,110,110,110,110,110,110,110,110,110,110,38717,
738,110,110,110,110,110,110,110,110,110,110,110,110,110,110,14984,110,110,110,37172,43205,
739,110,110,110,110,110,110,110,110,110,110,110,110,110,110,110,17130,110,110,24502,27221,
740,110,110,110,110,110,110,110,110,110,110,110,110,110,110,110,110,110,110,6473,110,
741,110,110,110,110,110,110,110,110,110,110,110,110,110,110,110,110,110,110,110,29352,
742,110,110,110,110,110,110,110,110,110,110,110,110,110,110,110,110,110,110,110,31256,
743,110,110,110,110,110,110,110,110,110,110,110,110,110,110,110,110,110,110,5911,18899,
744,110,110,110,110,110,7203,110,110,110,110,110,110,110,110,110,110,110,110,110,56390,
745,110,110,110,110,110,110,110,110,110,110,110,110,110,110,110,110,110,110,24295,39758,
746,110,110,110,110,110,110,110,110,110,110,110,110,110,110,110,110,110,110,45149,23427,
747,110,110,110,110,110,110,110,110,110,110,110,110,110,110,110,110,110,110,11440,110,
748,110,110,110,110,110,110,110,110,110,110,110,110,110,110,110,110,110,110,60005,41341,
749,110,110,110,110,110,110,110,110,110,110,110,110,110,110,110,110,110,110,57249,45509,
750,110,110,110,110,110,110,110,110,110,110,110,110,110,110,110,110,110,110,36335,19471,
751,110,110,110,110,110,2302,110,110,110,110,110,110,110,110,110,110,110,110,110,28673,
752,110,110,110,110,110,110,110,110,110,110,110,110,110,110,110,110,110,110,3680,3906,
753,110,110,110,110,110,110,110,110,110,110,110,110,110,110,11112,110,110,110,29546,7509,
754,110,110,110,110,110,110,110,110,110,110,110,110,110,110,110,110,110,110,110,28631,
755,110,110,110,110,110,110,110,110,110,110,110,110,110,110,110,110,110,110,15633,26210,
756,110,110,110,110,110,110,110,110,110,110,110,110,110,110,110,110,110,110,23182,110,
757,110,110,110,110,110,110,110,110,110,110,110,110,110,110,110,110,110,110,25509,26442,
758,110,110,110,110,110,110,110,110,110,110,110,110,110,110,110,110,110,110,11055,9252,
759,110,110,110,110,110,110,110,110,110,110,110,110,110,110,110,110,110,110,36595,17080,
760,110,110,110,110,110,110,110,110,110,110,110,110,110,110,110,110,110,110,14461,110,
761,110,110,110,110,110,110,110,110,110,110,110,110,110,110,110,110,110,110,110,7500,
762,110,110,110,110,110,110,110,110,110,110,110,110,110,110,110,110,110,110,50158,18105,
763,110,110,110,110,110,110,110,110,110,110,110,110,110,110,110,110,110,110,43741,43869,
764,110,110,110,110,110,110,110,110,110,110,110,110,110,110,110,110,110,110,46855,10166,
765,110,110,110,110,110,110,110,110,110,110,110,110,110,110,110,110,110,110,17701,13681,
766,110,110,110,110,110,110,110,110,110,110,110,110,110,110,110,7491,110,110,8406,57498,
767,110,110,110,110,110,110,110,110,110,110,110,110,110,110,110,110,110,110,34957,110,
768,110,110,110,110,110,110,110,110,110,110,110,110,110,110,110,110,110,110,30947,36064,
769,110,110,110,110,110,110,110,110,110,110,110,110,110,110,110,110,110,110,3744,3828,
770,110,110,110,110,110,110,110,110,110,110,110,110,110,110,110,110,110,110,1099,110,
771,110,110,110,110,110,110,110,110,110,110,110,110,110,110,110,110,110,110,42875,2915,
772,110,110,110,110,110,110,110,110,110,110,110,110,110,110,110,110,110,110,110,44307,
773,110,110,110,110,110,110,110,110,110,110,110,110,110,110,110,110,110,110,26496,30444,
774,110,110,110,110,110,110,110,110,110,110,110,110,110,110,110,110,14545,110,33222,110,
775,110,110,110,110,110,110,110,110,110,110,110,110,110,110,110,110,110,110,110,8439,
776,110,110,110,110,110,110,110,110,110,110,110,110,110,110,110,110,110,110,110,10816,
777,110,110,110,110,110,110,110,110,110,110,110,110,110,110,110,110,110,110,110,26088,
778,110,110,110,110,110,110,110,110,110,110,110,110,110,110,110,110,110,110,110,33482,
779,110,110,110,110,110,110,110,110,110,110,110,110,110,110,110,110,16692,110,36264,23852,
780,110,110,110,110,110,110,110,110,110,110,110,110,110,110,5341,110,6408,110,25964,44815,
781,110,110,110,110,110,2398,110,110,110,110,16259,110,110,110,110,110,110,110,14457,110,
782,110,110,110,110,110,110,110,110,110,110,110,110,110,110,110,110,110,110,110,4436,
783,110,110,110,110,110,110,110,110,110,110,110,110,110,110,110,110,110,110,29327,15226,
784,110,110,110,110,110,110,110,110,110,110,110,110,110,110,110,110,110,110,11109,57583,
785,110,110,110,110,110,110,110,110,16856,110,110,110,110,110,110,6402,110,110,11291,5978,
786,110,110,110,110,110,110,110,110,110,110,110,110,110,110,110,110,110,110,11458,110,
787,110,110,110,110,110,110,110,110,110,110,110,110,110,110,110,110,110,110,19539,110,
788,110,110,110,110,110,110,110,110,110,110,110,110,110,110,110,110,110,110,22950,37466,
789,110,110,110,110,110,110,110,37466,110,110,110,110,110,110,110,110,110,110,110,25476,
790,110,110,110,110,110,110,110,110,110,110,110,110,110,110,110,110,110,110,36451,35406,
791,110,110,110,110,110,110,110,110,110,110,110,110,110,110,110,110,110,110,27313,13510,
792,110,110,110,110,110,110,110,110,110,110,110,110,110,110,110,110,110,110,46420,33444,
793,110,110,110,110,110,110,110,110,110,110,110,110,110,110,110,110,110,110,11855,110,
794,110,110,110,110,110,110,110,110,110,110,110,110,110,110,110,110,110,110,110,12748,
795,110,110,110,110,110,110,110,110,110,110,110,110,110,110,110,110,110,110,35607,9136,
796,110,110,110,110,110,110,110,110,110,110,110,110,110,110,110,110,110,110,28414,11570,
797,110,110,110,110,110,110,110,110,110,110,110,110,110,110,110,110,110,110,37685,24551,
798,110,110,110,110,110,110,110,110,110,110,110,110,110,110,110,110,110,110,110,60272,
799,110,110,110,110,110,110,110,110,110,110,110,110,110,110,110,110,110,110,59265,25339,
800,110,110,110,110,110,110,110,110,110,110,110,110,110,110,110,110,110,110,110,45604,
801,110,110,110,110,110,110,110,110,110,110,110,110,110,110,110,110,110,110,110,29337,
802,110,110,110,110,110,110,110,110,110,110,110,110,110,110,110,110,110,110,110,4914,
803,110,110,110,110,110,110,110,110,110,110,110,110,110,110,110,110,110,110,51343,8279,
804,110,110,110,110,8279,110,110,110,110,110,110,110,110,110,110,110,110,110,110,22880,
805,110,110,110,110,110,110,110,110,110,55455,110,5746,110,110,110,110,110,110,32210,13440,
806,110,110,110,110,110,110,110,110,110,110,110,110,110,110,110,110,110,110,25285,24898,
807,110,110,110,110,110,110,110,110,110,110,110,110,110,110,110,110,110,110,30115,2920,
808,110,110,110,110,110,110,110,110,110,110,110,110,110,110,110,110,110,110,32854,110,
809,110,110,110,110,110,110,110,110,110,110,110,110,110,110,110,110,110,110,110,553,
810,110,110,110,110,110,110,110,110,110,110,110,110,110,110,110,110,110,110,110,14670,
811,110,110,110,110,110,110,110,110,21084,110,110,110,110,110,110,110,110,110,57280,9852,
812,110,110,110,110,110,110,10526,110,110,110,110,110,110,110,110,110,16987,110,1951,51817,
813,110,110,110,110,110,110,110,110,110,110,47283,110,110,110,110,110,110,110,54179,52270,
814,110,110,8306,110,110,110,110,110,110,110,110,110,110,110,110,110,110,110,20732,52354,
815,110,110,110,110,110,110,110,110,110,110,110,110,110,110,110,110,110,110,57991,17215,
816,110,110,110,110,110,110,110,110,110,110,110,110,110,110,110,110,110,110,5442,110,
817,110,110,110,110,110,110,110,110,110,110,110,110,110,110,110,110,110,110,5459,4131,
818,110,110,110,110,110,110,110,110,110,110,110,110,110,110,110,110,110,110,40643,47199,
819,110,110,110,110,110,110,110,110,110,110,110,110,110,110,110,110,110,110,46737,110,
820,110,110,110,110,110,110,110,110,110,110,110,110,110,110,110,110,110,110,110,22867,
821,110,110,110,110,110,110,110,110,110,110,110,110,110,110,110,110,110,110,110,110,
822,110,110,110,110,110,110,110,110,110,110,110,33531,110,110,110,110,110,110,15274,110,
823,110,110,110,110,110,110,110,110,110,110,110,110,110,110,110,110,110,110,110,56898,
824,110,110,110,110,110,110,110,110,110,110,110,110,110,110,110,110,110,110,32472,30850,
825,110,110,110,110,110,110,110,110,110,110,110,110,110,110,110,110,110,110,37751,110,
826,110,110,110,110,110,110,110,110,110,110,110,110,110,110,110,110,110,110,5995,7006,
827,110,110,110,110,110,110,110,110,110,110,110,110,110,110,110,110,110,110,21319,6002,
828,110,110,110,110,110,110,110,110,110,110,110,110,110,110,110,110,110,110,110,110,
829,110,110,110,10024,110,110,110,110,110,110,110,110,110,110,110,110,110,110,37741,110,
830,110,110,6154,110,110,110,110,110,110,110,110,40038,110,110,110,110,110,110,110,38245,
831,110,110,110,110,110,110,110,110,110,110,110,110,110,110,110,110,110,110,46226,47014,
832,110,110,110,110,110,110,110,110,110,110,110,110,110,110,110,110,110,110,110,3520,
833,110,110,110,110,110,110,110,110,110,110,110,110,110,110,110,110,110,110,13399,14871,
834,110,110,110,110,110,110,110,110,110,110,110,110,110,110,110,110,110,110,40456,110,
835,110,110,110,110,110,110,110,110,110,110,110,110,110,110,110,110,110,110,47850,26802,
836,110,110,110,110,110,110,110,110,110,110,110,110,110,110,110,110,110,12384,20209,2484,
837,110,110,110,110,110,28390,110,110,110,110,110,110,110,110,110,110,110,110,23558,20029,
838,110,110,110,110,110,110,110,110,110,110,110,110,110,110,110,3301,110,110,15962,47137,
839,110,110,110,110,110,110,110,110,110,110,110,110,35014,110,110,110,110,110,42299,11254,
840,110,110,110,110,110,110,110,110,110,6647,110,110,110,6933,110,110,110,110,5972,15966,
841,110,110,2958,110,110,110,110,110,110,110,110,110,110,110,110,110,110,110,3692,110,
842,110,110,110,110,110,110,110,110,110,110,110,110,110,110,110,110,110,110,13758,58542,
843,110,110,110,110,110,110,110,110,110,110,110,110,110,110,110,110,110,110,17738,110,
844,110,110,110,110,110,110,110,110,110,110,110,110,110,110,110,110,110,110,22753,21223,
845,110,110,110,110,110,110,110,110,110,110,110,110,110,110,110,110,110,110,22124,110,
846,110,110,110,110,110,110,110,110,110,110,110,110,110,110,110,110,110,110,7795,110,
847,110,110,110,110,110,110,110,110,110,110,110,110,110,110,110,12304,110,110,15603,32919,
848,110,110,10723,110,110,110,110,110,110,10723,110,110,110,110,110,110,110,110,110,40913,
849,110,110,110,110,110,110,110,110,110,110,110,110,110,110,110,110,110,110,3092,110,
850,110,110,110,110,110,110,110,110,110,110,110,110,110,110,110,110,110,110,110,110,
851,110,110,110,110,110,110,110,110,110,110,110,110,110,110,110,110,110,110,110,45897,
852,110,110,110,110,110,110,110,110,110,110,110,110,110,110,110,110,9045,110,110,110,
853,110,110,110,110,8859,110,110,110,110,110,110,110,110,110,110,110,110,110,37938,41765,
854,110,110,110,110,110,110,110,110,110,110,110,110,10628,110,110,110,110,110,8136,13827,
855,110,110,110,110,110,110,110,110,110,110,110,110,110,110,110,110,110,4898,10373,25645,
856,110,110,110,110,110,110,110,110,110,110,110,110,110,110,110,110,110,110,48011,8075,
857,110,110,110,110,110,110,110,110,110,110,110,110,110,110,110,110,110,110,39643,6981,
858,110,110,110,110,110,110,110,110,110,110,110,110,110,110,110,110,110,110,110,26404,
859,110,110,110,110,110,110,110,110,110,110,110,110,110,110,110,110,110,110,23044,19127,
860,110,110,110,110,110,110,110,110,110,110,110,110,110,110,110,110,110,110,27091,48460,
861,110,110,110,110,110,110,110,110,110,110,110,110,110,110,110,110,110,110,10357,110,
862,110,110,110,110,110,110,110,110,110,110,110,110,110,110,110,110,110,110,23233,7705,
863,110,110,110,110,110,110,110,110,110,110,110,110,110,110,110,110,110,110,36904,19576,
864,110,110,110,110,110,110,110,110,110,110,110,110,110,110,110,110,110,110,54754,110,
865,110,110,110,110,110,110,110,110,110,110,110,110,110,110,110,110,110,110,110,34871,
866,110,110,110,110,110,110,110,110,110,110,110,110,110,110,110,110,110,110,1320,16907,
867,110,110,110,110,110,110,110,110,110,110,110,110,110,110,110,110,110,110,36792,110,
868,110,110,110,110,110,110,110,110,110,110,110,110,110,110,110,110,110,110,37168,110,
869,110,110,110,110,110,110,110,110,110,110,110,110,110,110,110,110,110,110,43260,110,
870,110,110,110,110,110,110,110,110,110,110,110,110,110,110,110,110,110,110,19120,110,
871,110,110,110,110,110,110,110,110,110,110,110,110,110,110,110,110,110,110,28574,110,
872,110,110,110,110,110,110,110,110,110,110,110,110,110,110,110,110,110,110,57261,46354,
873,110,110,110,110,110,110,110,110,110,110,110,110,110,110,110,110,110,110,23625,17514,
874,110,110,110,110,110,110,110,110,110,110,110,110,110,110,110,110,110,110,38202,19296,
875,110,110,110,110,110,110,110,110,110,110,110,110,110,110,110,110,110,110,46944,46394,
876,110,110,110,110,110,110,110,110,110,110,110,110,110,110,110,110,110,110,43926,2981,
877,110,110,110,110,110,110,110,110,110,110,110,110,110,110,110,110,110,110,42686,36380,
878,110,110,110,110,110,110,110,110,110,110,110,110,110,110,16023,110,110,16023,23592,36394,
879,110,110,110,110,110,110,110,110,110,110,110,110,110,110,110,110,110,110,4683,35447,
880,110,110,110,110,110,110,110,110,110,110,110,110,110,110,110,110,110,110,110,24317,
881,110,110,110,110,110,110,110,110,110,110,110,110,110,110,110,110,110,110,38584,56996,
882,110,110,110,110,110,110,110,110,110,110,110,110,110,110,110,110,110,110,110,10992,
883,110,110,110,110,110,110,110,110,110,110,110,110,110,11900,110,110,110,110,17466,14257,
884,110,110,110,110,110,110,110,110,110,110,110,110,110,110,110,110,110,110,45538,10454,
885,110,110,110,110,110,110,110,110,110,110,110,110,110,110,110,110,110,110,58417,32498,
886,110,110,110,110,110,110,110,110,110,110,110,110,110,110,110,5793,110,110,27683,110,
887,110,110,110,110,110,110,110,110,110,110,110,110,110,5793,110,110,110,110,110,28708,
888,110,110,110,110,110,110,110,110,110,110,110,110,110,110,110,110,110,110,42914,20278,
889,110,110,110,110,110,110,110,110,110,110,110,110,110,110,110,110,110,110,110,10885,
890,110,110,110,110,110,110,110,110,110,110,110,110,110,110,110,110,110,110,9357,3449,
891,110,110,110,110,110,110,110,9279,110,110,110,110,110,110,110,110,110,110,39291,2111,
892,110,110,110,110,110,110,110,110,110,110,37159,110,110,110,110,110,110,110,27159,18265,
893,110,110,110,110,110,110,110,110,110,110,110,110,110,110,110,110,110,110,26512,41984,
894,110,110,110,110,110,110,110,110,110,110,110,110,110,110,110,110,110,110,12362,31592,
895,110,110,110,110,110,110,110,110,110,110,110,110,110,110,110,110,110,110,110,110,
896,110,110,110,110,110,110,110,110,110,110,110,110,110,110,110,110,110,110,110,110,
897,110,110,110,110,110,110,110,110,110,110,110,110,110,110,110,110,110,110,110,36635,
898,110,110,110,110,22466,110,110,110,110,110,110,110,110,110,110,110,110,110,110,42899,
899,110,110,110,110,110,4594,110,110,110,110,110,110,110,110,110,110,110,110,110,5422,
900,110,110,110,110,110,110,110,110,110,110,110,110,110,110,110,110,110,110,49010,20908,
901,110,110,110,110,110,110,110,110,110,110,110,110,110,110,110,110,110,110,110,39911,
902,110,110,110,110,110,110,110,110,110,110,110,110,110,110,110,110,110,110,31096,25669,
903,110,110,110,110,110,110,110,110,110,110,110,110,110,110,110,110,110,110,25165,31933,
904,110,110,110,110,110,110,110,110,110,31933,110,110,110,110,110,110,110,110,15971,110,
905,110,110,110,110,110,110,110,110,110,110,110,110,110,110,110,110,110,110,23860,12202,
906,110,110,110,110,110,110,110,110,110,110,110,110,110,110,110,110,110,110,32221,29554,
907,110,110,110,110,110,110,110,110,110,110,110,110,110,110,110,110,110,110,18851,110,
908,110,110,110,110,110,27683,110,110,110,110,110,110,110,110,110,110,110,110,110,15249,
909,110,110,110,110,110,110,110,110,110,110,110,110,110,110,110,110,110,110,36935,42065,
910,110,110,110,110,110,110,110,110,110,110,110,110,110,110,110,110,110,110,36999,18558,
911,110,110,110,110,110,110,46073,110,110,110,110,110,110,110,110,110,11567,110,110,48455,
912,110,110,110,2425,110,110,110,110,110,110,110,110,110,110,110,110,110,110,14366,32842,
913,110,110,110,110,42596,110,11990,110,110,110,4657,110,110,110,110,110,110,110,830,37861,
914,110,110,110,110,110,16552,110,110,110,110,110,110,110,4359,110,110,110,110,3234,10563,
915,110,110,110,110,110,110,110,110,110,110,110,110,110,110,110,110,110,110,110,7804,
916,110,110,110,110,110,110,110,110,110,110,110,110,110,110,110,110,110,110,5076,55025,
917,110,110,110,110,110,110,110,110,110,110,110,110,110,110,110,110,110,110,56403,1013,
918,110,110,110,110,110,110,110,110,110,110,110,110,110,110,110,110,110,110,110,48762,
919,110,110,110,110,110,110,783,110,110,110,110,110,110,110,110,110,110,110,18258,38275,
920,110,110,110,110,110,110,110,14241,110,110,110,110,110,110,110,110,110,110,110,36148,
921,110,110,110,110,110,110,110,110,110,110,110,110,110,110,110,110,110,110,110,42620,
922,110,110,110,110,110,110,110,110,110,110,110,110,110,110,110,110,110,110,47600,110,
923,110,110,110,110,110,110,12860,110,110,110,110,110,15553,110,110,110,110,110,3727,19814,
924,110,110,110,110,110,10511,110,110,110,110,110,110,110,110,110,110,110,110,110,14232,
925,110,110,110,110,110,110,23107,110,110,110,110,110,110,110,110,110,110,110,9572,1782,
926,110,110,110,110,110,1782,110,110,110,110,110,110,110,110,110,110,110,110,43903,46464,
927,110,110,110,110,110,110,110,110,110,110,110,110,110,110,110,11715,110,110,29963,45703,
928,110,110,110,110,110,110,110,110,110,110,110,110,110,110,110,110,110,110,58212,110,
929,110,110,110,110,41100,110,110,110,110,110,110,110,110,110,110,110,110,110,10833,41751,
930,110,110,110,110,110,110,110,110,110,110,110,110,110,110,110,110,10833,110,14743,110,
931,110,110,110,110,110,110,110,110,110,110,110,110,110,110,110,110,110,110,21786,5041,
932,110,110,110,110,110,110,110,110,110,110,110,110,110,110,110,110,110,110,110,2247,
933,110,110,110,110,110,110,110,110,110,110,110,110,110,110,110,110,110,110,42951,38946,
934,110,110,110,110,110,110,110,110,110,110,110,110,110,110,110,110,110,110,15086,22422,
935,110,110,110,7663,110,110,110,110,110,110,110,110,110,110,110,110,45596,110,110,22722,
936,110,110,110,110,110,110,110,110,110,110,110,110,110,110,110,110,110,110,11235,56569,
937,110,110,110,110,110,110,110,110,110,110,110,110,110,110,110,110,1364,110,110,28770,
938,110,110,110,110,110,110,110,110,110,110,110,110,10270,110,110,110,110,110,17243,10738,
939,110,110,110,110,110,110,110,110,110,110,110,110,110,110,110,110,110,110,2271,32694,
940,110,110,110,110,110,110,110,39640,110,110,110,110,110,110,110,110,110,110,6343,10340,
941,110,110,110,110,110,110,110,110,110,110,110,110,110,110,110,110,110,110,110,725,
942,110,110,110,110,110,110,110,110,110,110,110,110,110,110,110,110,110,110,110,110,
943,110,110,110,110,110,110,110,110,110,110,110,110,110,110,110,110,110,110,1007,18253,
944,110,110,110,110,110,110,110,110,110,110,110,110,110,110,110,110,110,110,110,110,
945,110,110,110,110,110,110,110,110,110,110,110,110,110,110,110,110,110,110,7025,110,
946,110,110,110,110,110,110,110,110,110,110,110,110,110,110,110,110,110,110,48310,110,
947,110,110,110,110,17866,110,110,110,110,110,110,110,110,110,8285,110,110,110,31186,110,
948,110,110,110,110,110,110,110,110,110,110,110,110,110,110,8285,110,110,110,21713,15209,
949,110,110,110,110,110,110,110,110,110,110,110,110,110,110,110,110,110,110,4390,14963,
950,110,110,110,110,110,110,110,110,110,110,110,110,110,110,110,110,110,110,110,42889,
951,110,110,110,110,110,110,110,110,110,110,110,110,110,110,110,110,110,110,110,37183,
952,110,110,110,110,110,110,110,110,110,110,110,110,110,110,110,110,110,110,57178,50600,
953,110,110,110,110,110,110,110,110,110,110,110,110,110,110,110,110,110,110,31950,20891,
954,110,110,110,110,110,110,110,110,110,110,110,110,110,110,110,110,110,110,9010,12801,
955,110,110,110,110,110,110,110,110,110,110,110,110,110,110,110,110,110,110,4399,19195,
956,110,110,110,110,110,110,110,110,110,110,110,110,110,110,110,110,110,110,47655,40753,
957,110,110,110,110,110,7580,110,110,110,110,110,110,110,7580,7580,110,110,110,1230,11876,
958,110,110,110,110,110,110,110,110,110,110,110,110,110,110,110,110,110,110,110,110,
959,110,110,110,110,110,110,110,110,110,110,110,110,110,110,110,110,110,110,15825,30059,
960,110,110,110,110,110,110,110,110,110,110,110,110,110,110,110,110,110,110,110,110,
961,110,110,110,110,110,110,110,110,110,110,110,110,110,110,110,110,110,110,22121,41140,
962,110,110,110,110,110,110,110,110,110,110,110,110,110,110,110,110,110,110,110,52730,
963,110,110,110,110,110,26410,110,110,110,110,110,110,110,110,110,110,110,110,23414,39723,
964,110,110,110,110,110,110,110,110,110,110,110,110,110,110,110,110,110,110,110,7606,
965,110,110,110,110,110,110,110,110,110,110,110,110,110,110,110,110,110,110,45130,35528,
966,110,110,110,110,110,110,110,110,110,110,110,110,110,110,110,110,110,110,110,20076,
967,110,110,110,110,110,110,110,110,110,110,110,110,110,110,110,110,110,110,110,12050,
968,110,110,110,110,110,110,110,110,110,110,110,110,110,110,110,110,110,110,12351,41363,
969,110,110,110,110,110,110,110,110,110,110,110,110,110,110,110,110,8974,110,33644,11043,
970,110,110,110,110,110,110,110,110,110,110,110,110,110,110,110,110,110,110,9437,110,
971,110,110,110,110,110,110,110,110,110,110,110,110,110,110,110,110,8767,4978,29458,43359,
972,110,110,110,23756,110,110,110,110,110,110,110,110,110,110,110,110,110,110,110,25709,
973,110,110,110,110,110,110,110,110,110,110,110,110,110,110,110,110,110,110,110,32172,
974,110,110,110,110,653,110,110,110,110,46645,110,110,110,110,110,110,110,110,12951,11002,
975,110,110,110,110,110,110,110,110,110,110,7088,110,110,110,110,110,110,110,23799,31400,
976,110,110,110,110,110,110,110,110,110,110,110,110,110,110,110,110,110,110,48822,110,
977,110,110,110,110,110,110,110,110,110,110,110,110,110,110,110,110,110,110,42084,12351,
978,110,110,110,110,110,110,110,110,110,110,110,110,110,110,110,110,5750,110,1793,2334,
979,110,110,110,110,110,110,110,110,110,110,110,110,110,110,110,110,110,110,26469,110,
980,110,110,110,110,110,110,110,110,110,110,110,110,110,110,110,110,110,1587,35913,110,
981,110,110,110,4581,110,110,110,110,110,110,110,110,110,110,110,110,110,110,11516,49418,
982,110,110,110,110,27413,110,110,110,110,110,110,110,110,110,110,110,1422,110,19454,19092,
983,110,110,110,1422,110,110,110,110,110,110,110,110,110,110,110,110,110,110,110,425,
984,110,110,110,110,110,110,110,110,110,110,110,110,110,110,110,110,110,110,110,534,
985,110,110,110,110,110,110,110,110,110,110,110,110,110,110,110,110,110,110,26574,18077,
986,110,110,110,110,110,110,110,110,110,110,110,110,110,110,110,110,110,110,892,13857,
987,110,110,110,110,110,110,110,110,110,110,110,110,110,110,110,110,110,110,110,21429,
988,110,110,110,110,110,110,110,110,110,110,110,110,110,110,110,110,110,110,110,14994,
989,110,110,110,110,110,110,110,110,110,110,110,110,110,110,110,110,110,110,57661,40354,
990,110,110,110,110,110,110,110,110,110,110,110,110,110,110,110,110,110,110,41487,10513,
991,110,110,110,110,110,110,110,110,110,110,110,110,110,110,110,110,110,110,110,32239,
992,110,110,110,110,110,110,110,110,110,110,110,592,110,110,110,110,18363,110,19064,30386,
993,110,110,110,110,110,110,110,110,110,110,110,110,110,110,110,110,110,110,110,7131,
994,110,110,110,110,19908,110,110,110,110,110,110,110,110,110,110,110,110,110,31390,47352,
995,110,110,110,110,110,110,110,110,110,110,110,110,110,110,110,110,110,110,45177,110,
996,110,110,110,110,110,110,110,110,110,110,110,110,110,110,110,110,110,110,48490,110,
997,110,110,110,110,110,110,110,110,110,110,110,110,110,110,110,110,110,110,1065,44031,
998,110,110,110,110,110,110,46392,110,110,110,110,110,110,110,110,110,110,110,8298,38394,
999,110,110,1848,110,110,110,110,110,110,110,110,110,110,110,110,110,110,110,46304,110,
1000,110,110,110,110,110,110,110,110,110,110,110,110,110,110,110,110,110,110,110,42252,
