1,46332,10044,21026,41446,3718,46844,43440,6656,23248,43774,36132,45591,28205,35657,9268,47418,44697,13543,11196,26955,30534,8865,20384,39227,49159,36629,35938,12302,44340,46588,48672,38057,14354,15371,16288,12954,33620,4060,37051,45506,17570,47929,49791,47861,37503,16870,30357,40906,19332,28885,41325,36251,372,12753,26340,8423,46176,31403,45811,36160,35386,16511,24615,9564,33208,16443,21288,45992,44745,43152,45890,17846,30097,5547,38212,40155,31911,2362,28100,44790,
2,46332,10044,21026,41446,3718,46844,43440,6656,23248,43774,36132,45591,28205,35657,9268,47418,44697,13543,11196,26955,30534,8865,20384,39227,49159,36629,35938,12302,44340,46588,48672,38057,14354,15371,16288,12954,33620,4060,37051,45506,17570,47929,49791,47861,37503,16870,30357,40906,19332,28885,41325,36251,372,12753,26340,8423,46176,31403,45811,36160,35386,16511,24615,9564,33208,16443,21288,45992,44745,43152,45890,17846,3890,41467,7976,1178,18574,25979,12036,6461,
3,46332,10044,21026,41446,3718,46844,43440,6656,23248,43774,36132,45591,28205,35657,9268,47418,44697,13543,11196,26955,30534,8865,20384,39227,49159,36629,35938,12302,44340,46588,48672,38057,14354,15371,16288,12954,33620,4060,37051,45506,17570,47929,49791,47861,37503,16870,30357,40906,19332,28885,41325,36251,372,12753,26340,8423,46176,31403,45811,36160,35386,16511,24615,9564,33208,16443,21288,45992,44745,43152,45890,17846,28010,27903,44524,15097,2340,13836,8477,16678,
4,46332,10044,21026,41446,3718,46844,43440,6656,23248,43774,36132,45591,28205,35657,9268,47418,44697,13543,11196,26955,30534,8865,20384,39227,49159,36629,35938,12302,44340,46588,48672,38057,14354,15371,16288,12954,33620,4060,37051,45506,17570,47929,49791,47861,37503,16870,30357,40906,19332,28885,41325,36251,372,12753,26340,8423,46176,31403,45811,36160,35386,16511,24615,9564,33208,16443,21288,45992,44745,43152,45890,17846,31890,2842,3757,21728,2580,1446,11162,575,
5,46332,10044,21026,41446,3718,46844,43440,6656,23248,43774,36132,45591,28205,35657,9268,47418,44697,13543,11196,26955,30534,8865,20384,39227,49159,36629,35938,12302,44340,46588,48672,38057,14354,15371,16288,12954,33620,4060,37051,45506,17570,47929,49791,47861,37503,16870,30357,40906,19332,28885,41325,36251,372,12753,26340,8423,46176,31403,45811,36160,35386,16511,24615,9564,33208,16443,21288,45992,44745,43152,45890,17846,526,6340,16434,25884,15676,14034,26413,10678,
6,46332,10044,21026,41446,3718,46844,43440,6656,23248,43774,36132,45591,28205,35657,9268,47418,44697,13543,11196,26955,30534,8865,20384,39227,49159,36629,35938,12302,44340,46588,48672,38057,14354,15371,16288,12954,33620,4060,37051,45506,17570,47929,49791,47861,37503,16870,30357,40906,19332,28885,41325,36251,372,12753,26340,8423,46176,31403,45811,36160,35386,16511,24615,9564,33208,16443,21288,45992,44745,43152,45890,17846,8752,25097,12354,13643,39420,10898,4586,31739,
7,46332,10044,21026,41446,3718,46844,43440,6656,23248,43774,36132,45591,28205,35657,9268,47418,44697,13543,11196,26955,30534,8865,20384,39227,49159,36629,35938,12302,44340,46588,48672,38057,14354,15371,16288,12954,33620,4060,37051,45506,17570,47929,49791,47861,37503,16870,30357,40906,19332,28885,41325,36251,372,12753,26340,8423,46176,31403,45811,36160,35386,16511,24615,9564,33208,16443,21288,45992,44745,43152,45890,17846,4387,17299,20876,13827,19335,31200,18582,12188,
8,46332,10044,21026,41446,3718,46844,43440,6656,23248,43774,36132,45591,28205,35657,9268,47418,44697,13543,11196,26955,30534,8865,20384,39227,49159,36629,35938,12302,44340,46588,48672,38057,14354,15371,16288,12954,33620,4060,37051,45506,17570,47929,49791,47861,37503,16870,30357,40906,19332,28885,41325,36251,372,12753,26340,8423,46176,31403,45811,36160,35386,16511,24615,9564,33208,16443,21288,45992,44745,43152,45890,17846,6661,15998,4524,15391,24856,26803,8957,34967,
9,46332,10044,21026,41446,3718,46844,43440,6656,23248,43774,36132,45591,28205,35657,9268,47418,44697,13543,11196,26955,30534,8865,20384,39227,49159,36629,35938,12302,44340,46588,48672,38057,14354,15371,16288,12954,33620,4060,37051,45506,17570,47929,49791,47861,37503,16870,30357,40906,19332,28885,41325,36251,372,12753,26340,8423,46176,31403,45811,36160,35386,16511,24615,9564,33208,16443,21288,45992,44745,43152,45890,17846,13458,2492,4490,14789,9788,17900,606,41784,
10,46332,10044,21026,41446,3718,46844,43440,6656,23248,43774,36132,45591,28205,35657,9268,47418,44697,13543,11196,26955,30534,8865,20384,39227,49159,36629,35938,12302,44340,46588,48672,38057,14354,15371,16288,12954,33620,4060,37051,45506,17570,47929,49791,47861,37503,16870,30357,40906,19332,28885,41325,36251,372,12753,26340,8423,46176,31403,45811,36160,35386,16511,24615,9564,33208,16443,21288,45992,44745,43152,45890,17846,31061,24997,19930,21921,9650,4642,55797,32635,
11,46332,10044,21026,41446,3718,46844,43440,6656,23248,43774,36132,45591,28205,35657,9268,47418,44697,13543,11196,26955,30534,8865,20384,39227,49159,36629,35938,12302,44340,46588,48672,38057,14354,15371,16288,12954,33620,4060,37051,45506,17570,47929,49791,47861,37503,16870,30357,40906,19332,28885,41325,36251,372,12753,26340,8423,46176,31403,45811,36160,35386,16511,24615,9564,33208,16443,21288,45992,44745,43152,45890,17846,1629,21686,14960,13697,26760,2914,38643,18649,
12,46332,10044,21026,41446,3718,46844,43440,6656,23248,43774,36132,45591,28205,35657,9268,47418,44697,13543,11196,26955,30534,8865,20384,39227,49159,36629,35938,12302,44340,46588,48672,38057,14354,15371,16288,12954,33620,4060,37051,45506,17570,47929,49791,47861,37503,16870,30357,40906,19332,28885,41325,36251,372,12753,26340,8423,46176,31403,45811,36160,35386,16511,24615,9564,33208,16443,21288,45992,44745,43152,45890,17846,19395,21926,4016,19895,15572,7315,19571,18749,
13,46332,10044,21026,41446,3718,46844,43440,6656,23248,43774,36132,45591,28205,35657,9268,47418,44697,13543,11196,26955,30534,8865,20384,39227,49159,36629,35938,12302,44340,46588,48672,38057,14354,15371,16288,12954,33620,4060,37051,45506,17570,47929,49791,47861,37503,16870,30357,40906,19332,28885,41325,36251,372,12753,26340,8423,46176,31403,45811,36160,35386,16511,24615,9564,33208,16443,21288,45992,44745,43152,45890,17846,661,35702,7246,37046,13628,8492,44230,33167,
14,46332,10044,21026,41446,3718,46844,43440,6656,23248,43774,36132,45591,28205,35657,9268,47418,44697,13543,11196,26955,30534,8865,20384,39227,49159,36629,35938,12302,44340,46588,48672,38057,14354,15371,16288,12954,33620,4060,37051,45506,17570,47929,49791,47861,37503,16870,30357,40906,19332,28885,41325,36251,372,12753,26340,8423,46176,31403,45811,36160,35386,16511,24615,9564,33208,16443,21288,45992,44745,43152,45890,17846,45164,15079,25076,43524,26898,12030,13352,21569,
15,46332,10044,21026,41446,3718,46844,43440,6656,23248,43774,36132,45591,28205,35657,9268,47418,44697,13543,11196,26955,30534,8865,20384,39227,49159,36629,35938,12302,44340,46588,48672,38057,14354,15371,16288,12954,33620,4060,37051,45506,17570,47929,49791,47861,37503,16870,30357,40906,19332,28885,41325,36251,372,12753,26340,8423,46176,31403,45811,36160,35386,16511,24615,9564,33208,16443,21288,45992,44745,43152,45890,17846,11679,6405,2034,12958,13074,14622,13900,20632,
16,46332,10044,21026,41446,3718,46844,43440,6656,23248,43774,36132,45591,28205,35657,9268,47418,44697,13543,11196,26955,30534,8865,20384,39227,49159,36629,35938,12302,44340,46588,48672,38057,14354,15371,16288,12954,33620,4060,37051,45506,17570,47929,49791,47861,37503,16870,30357,40906,19332,28885,41325,36251,372,12753,26340,8423,46176,31403,45811,36160,35386,16511,24615,9564,33208,16443,21288,45992,44745,43152,45890,17846,14957,8749,22046,24243,1840,23993,33727,14767,
17,46332,10044,21026,41446,3718,46844,43440,6656,23248,43774,36132,45591,28205,35657,9268,47418,44697,13543,11196,26955,30534,8865,20384,39227,49159,36629,35938,12302,44340,46588,48672,38057,14354,15371,16288,12954,33620,4060,37051,45506,17570,47929,49791,47861,37503,16870,30357,40906,19332,28885,41325,36251,372,12753,26340,8423,46176,31403,45811,36160,35386,16511,24615,9564,33208,16443,21288,45992,44745,43152,45890,17846,34359,24943,4212,40776,3646,17727,14985,15115,
18,46332,10044,21026,41446,3718,46844,43440,6656,23248,43774,36132,45591,28205,35657,9268,47418,44697,13543,11196,26955,30534,8865,20384,39227,49159,36629,35938,12302,44340,46588,48672,38057,14354,15371,16288,12954,33620,4060,37051,45506,17570,47929,49791,47861,37503,16870,30357,40906,19332,28885,41325,36251,372,12753,26340,8423,46176,31403,45811,36160,35386,16511,24615,9564,33208,16443,21288,45992,44745,43152,45890,17846,13691,6430,20730,12961,30546,3809,11907,33762,
19,46332,10044,21026,41446,3718,46844,43440,6656,23248,43774,36132,45591,28205,35657,9268,47418,44697,13543,11196,26955,30534,8865,20384,39227,49159,36629,35938,12302,44340,46588,48672,38057,14354,15371,16288,12954,33620,4060,37051,45506,17570,47929,49791,47861,37503,16870,30357,40906,19332,28885,41325,36251,372,12753,26340,8423,46176,31403,45811,36160,35386,16511,24615,9564,33208,16443,21288,45992,44745,43152,45890,17846,13612,3795,29854,27324,3226,29362,34906,28398,
20,46332,10044,21026,41446,3718,46844,43440,6656,23248,43774,36132,45591,28205,35657,9268,47418,44697,13543,11196,26955,30534,8865,20384,39227,49159,36629,35938,12302,44340,46588,48672,38057,14354,15371,16288,12954,33620,4060,37051,45506,17570,47929,49791,47861,37503,16870,30357,40906,19332,28885,41325,36251,372,12753,26340,8423,46176,31403,45811,36160,35386,16511,24615,9564,33208,16443,21288,45992,44745,43152,45890,17846,13860,26422,43069,19924,38412,9687,14049,22099,
21,46332,10044,21026,41446,3718,46844,43440,6656,23248,43774,36132,45591,28205,35657,9268,47418,44697,13543,11196,26955,30534,8865,20384,39227,49159,36629,35938,12302,44340,46588,48672,38057,14354,15371,16288,12954,33620,4060,37051,45506,17570,47929,49791,47861,37503,16870,30357,40906,19332,28885,41325,36251,372,12753,26340,8423,46176,31403,45811,36160,35386,16511,24615,9564,33208,16443,21288,45992,44745,43152,45890,17846,13961,12745,2312,11388,15755,28644,10457,36684,
22,46332,10044,21026,41446,3718,46844,43440,6656,23248,43774,36132,45591,28205,35657,9268,47418,44697,13543,11196,26955,30534,8865,20384,39227,49159,36629,35938,12302,44340,46588,48672,38057,14354,15371,16288,12954,33620,4060,37051,45506,17570,47929,49791,47861,37503,16870,30357,40906,19332,28885,41325,36251,372,12753,26340,8423,46176,31403,45811,36160,35386,16511,24615,9564,33208,16443,21288,45992,44745,43152,45890,17846,17573,7048,1863,32321,24476,6387,11031,28088,
23,46332,10044,21026,41446,3718,46844,43440,6656,23248,43774,36132,45591,28205,35657,9268,47418,44697,13543,11196,26955,30534,8865,20384,39227,49159,36629,35938,12302,44340,46588,48672,38057,14354,15371,16288,12954,33620,4060,37051,45506,17570,47929,49791,47861,37503,16870,30357,40906,19332,28885,41325,36251,372,12753,26340,8423,46176,31403,45811,36160,35386,16511,24615,9564,33208,16443,21288,45992,44745,43152,45890,17846,54152,39386,3700,15258,17910,5880,11814,14417,
24,46332,10044,21026,41446,3718,46844,43440,6656,23248,43774,36132,45591,28205,35657,9268,47418,44697,13543,11196,26955,30534,8865,20384,39227,49159,36629,35938,12302,44340,46588,48672,38057,14354,15371,16288,12954,33620,4060,37051,45506,17570,47929,49791,47861,37503,16870,30357,40906,19332,28885,41325,36251,372,12753,26340,8423,46176,31403,45811,36160,35386,16511,24615,9564,33208,16443,21288,45992,44745,43152,45890,17846,18514,4056,24975,16264,20714,14597,11761,33061,
25,46332,10044,21026,41446,3718,46844,43440,6656,23248,43774,36132,45591,28205,35657,9268,47418,44697,13543,11196,26955,30534,8865,20384,39227,49159,36629,35938,12302,44340,46588,48672,38057,14354,15371,16288,12954,33620,4060,37051,45506,17570,47929,49791,47861,37503,16870,30357,40906,19332,28885,41325,36251,372,12753,26340,8423,46176,31403,45811,36160,35386,16511,24615,9564,33208,16443,21288,45992,44745,43152,45890,17846,10850,27633,23547,16817,27922,2062,30185,15328,
26,46332,10044,21026,41446,3718,46844,43440,6656,23248,43774,36132,45591,28205,35657,9268,47418,44697,13543,11196,26955,30534,8865,20384,39227,49159,36629,35938,12302,44340,46588,48672,38057,14354,15371,16288,12954,33620,4060,37051,45506,17570,47929,49791,47861,37503,16870,30357,40906,19332,28885,41325,36251,372,12753,26340,8423,46176,31403,45811,36160,35386,16511,24615,9564,33208,16443,21288,45992,44745,43152,45890,17846,40892,17987,6637,16817,16044,17257,50778,27814,
27,46332,10044,21026,41446,3718,46844,43440,6656,23248,43774,36132,45591,28205,35657,9268,47418,44697,13543,11196,26955,30534,8865,20384,39227,49159,36629,35938,12302,44340,46588,48672,38057,14354,15371,16288,12954,33620,4060,37051,45506,17570,47929,49791,47861,37503,16870,30357,40906,19332,28885,41325,36251,372,12753,26340,8423,46176,31403,45811,36160,35386,16511,24615,9564,33208,16443,21288,45992,44745,43152,45890,17846,14633,20079,22054,18086,11241,3140,10851,17167,
28,46332,10044,21026,41446,3718,46844,43440,6656,23248,43774,36132,45591,28205,35657,9268,47418,44697,13543,11196,26955,30534,8865,20384,39227,49159,36629,35938,12302,44340,46588,48672,38057,14354,15371,16288,12954,33620,4060,37051,45506,17570,47929,49791,47861,37503,16870,30357,40906,19332,28885,41325,36251,372,12753,26340,8423,46176,31403,45811,36160,35386,16511,24615,9564,33208,16443,21288,45992,44745,43152,45890,17846,14963,16166,9169,21079,3483,3585,31866,20294,
29,46332,10044,21026,41446,3718,46844,43440,6656,23248,43774,36132,45591,28205,35657,9268,47418,44697,13543,11196,26955,30534,8865,20384,39227,49159,36629,35938,12302,44340,46588,48672,38057,14354,15371,16288,12954,33620,4060,37051,45506,17570,47929,49791,47861,37503,16870,30357,40906,19332,28885,41325,36251,372,12753,26340,8423,46176,31403,45811,36160,35386,16511,24615,9564,33208,16443,21288,45992,44745,43152,45890,17846,24846,9109,747,12009,601,13992,13191,15404,
30,46332,10044,21026,41446,3718,46844,43440,6656,23248,43774,36132,45591,28205,35657,9268,47418,44697,13543,11196,26955,30534,8865,20384,39227,49159,36629,35938,12302,44340,46588,48672,38057,14354,15371,16288,12954,33620,4060,37051,45506,17570,47929,49791,47861,37503,16870,30357,40906,19332,28885,41325,36251,372,12753,26340,8423,46176,31403,45811,36160,35386,16511,24615,9564,33208,16443,21288,45992,44745,43152,45890,17846,16458,3954,37702,21091,601,20411,42565,21163,
31,46332,10044,21026,41446,3718,46844,43440,6656,23248,43774,36132,45591,28205,35657,9268,47418,44697,13543,11196,26955,30534,8865,20384,39227,49159,36629,35938,12302,44340,46588,48672,38057,14354,15371,16288,12954,33620,4060,37051,45506,17570,47929,49791,47861,37503,16870,30357,40906,19332,28885,41325,36251,372,12753,26340,8423,46176,31403,45811,36160,35386,16511,24615,9564,33208,16443,21288,45992,44745,43152,45890,17846,19879,3954,14873,22633,38144,2236,12514,16194,
32,46332,10044,21026,41446,3718,46844,43440,6656,23248,43774,36132,45591,28205,35657,9268,47418,44697,13543,11196,26955,30534,8865,20384,39227,49159,36629,35938,12302,44340,46588,48672,38057,14354,15371,16288,12954,33620,4060,37051,45506,17570,47929,49791,47861,37503,16870,30357,40906,19332,28885,41325,36251,372,12753,26340,8423,46176,31403,45811,36160,35386,16511,24615,9564,33208,16443,21288,45992,44745,43152,45890,17846,29212,2971,21775,48335,8051,27740,11212,11044,
33,46332,10044,21026,41446,3718,46844,43440,6656,23248,43774,36132,45591,28205,35657,9268,47418,44697,13543,11196,26955,30534,8865,20384,39227,49159,36629,35938,12302,44340,46588,48672,38057,14354,15371,16288,12954,33620,4060,37051,45506,17570,47929,49791,47861,37503,16870,30357,40906,19332,28885,41325,36251,372,12753,26340,8423,46176,31403,45811,36160,35386,16511,24615,9564,33208,16443,21288,45992,44745,43152,45890,17846,13464,6142,32958,25852,5120,26440,14939,44609,
34,46332,10044,21026,41446,3718,46844,43440,6656,23248,43774,36132,45591,28205,35657,9268,47418,44697,13543,11196,26955,30534,8865,20384,39227,49159,36629,35938,12302,44340,46588,48672,38057,14354,15371,16288,12954,33620,4060,37051,45506,17570,47929,49791,47861,37503,16870,30357,40906,19332,28885,41325,36251,372,12753,26340,8423,46176,31403,45811,36160,35386,16511,24615,9564,33208,16443,21288,45992,44745,43152,45890,17846,43967,2033,5917,29788,4911,1124,18079,18611,
35,46332,10044,21026,41446,3718,46844,43440,6656,23248,43774,36132,45591,28205,35657,9268,47418,44697,13543,11196,26955,30534,8865,20384,39227,49159,36629,35938,12302,44340,46588,48672,38057,14354,15371,16288,12954,33620,4060,37051,45506,17570,47929,49791,47861,37503,16870,30357,40906,19332,28885,41325,36251,372,12753,26340,8423,46176,31403,45811,36160,35386,16511,24615,9564,33208,16443,21288,45992,44745,43152,45890,17846,39832,1238,34419,13133,17346,9246,30858,10528,
36,46332,10044,21026,41446,3718,46844,43440,6656,23248,43774,36132,45591,28205,35657,9268,47418,44697,13543,11196,26955,30534,8865,20384,39227,49159,36629,35938,12302,44340,46588,48672,38057,14354,15371,16288,12954,33620,4060,37051,45506,17570,47929,49791,47861,37503,16870,30357,40906,19332,28885,41325,36251,372,12753,26340,8423,46176,31403,45811,36160,35386,16511,24615,9564,33208,16443,21288,45992,44745,43152,45890,17846,19981,12605,9681,53684,14431,8279,25356,37405,
37,46332,10044,21026,41446,3718,46844,43440,6656,23248,43774,36132,45591,28205,35657,9268,47418,44697,13543,11196,26955,30534,8865,20384,39227,49159,36629,35938,12302,44340,46588,48672,38057,14354,15371,16288,12954,33620,4060,37051,45506,17570,47929,49791,47861,37503,16870,30357,40906,19332,28885,41325,36251,372,12753,26340,8423,46176,31403,45811,36160,35386,16511,24615,9564,33208,16443,21288,45992,44745,43152,45890,17846,17452,1544,6634,13053,21145,4776,40692,23269,
38,46332,10044,21026,41446,3718,46844,43440,6656,23248,43774,36132,45591,28205,35657,9268,47418,44697,13543,11196,26955,30534,8865,20384,39227,49159,36629,35938,12302,44340,46588,48672,38057,14354,15371,16288,12954,33620,4060,37051,45506,17570,47929,49791,47861,37503,16870,30357,40906,19332,28885,41325,36251,372,12753,26340,8423,46176,31403,45811,36160,35386,16511,24615,9564,33208,16443,21288,45992,44745,43152,45890,17846,17540,3641,11446,12586,6537,4160,10946,14777,
39,46332,10044,21026,41446,3718,46844,43440,6656,23248,43774,36132,45591,28205,35657,9268,47418,44697,13543,11196,26955,30534,8865,20384,39227,49159,36629,35938,12302,44340,46588,48672,38057,14354,15371,16288,12954,33620,4060,37051,45506,17570,47929,49791,47861,37503,16870,30357,40906,19332,28885,41325,36251,372,12753,26340,8423,46176,31403,45811,36160,35386,16511,24615,9564,33208,16443,21288,45992,44745,43152,45890,17846,21073,939,23785,47792,19396,21062,31105,10144,
40,46332,10044,21026,41446,3718,46844,43440,6656,23248,43774,36132,45591,28205,35657,9268,47418,44697,13543,11196,26955,30534,8865,20384,39227,49159,36629,35938,12302,44340,46588,48672,38057,14354,15371,16288,12954,33620,4060,37051,45506,17570,47929,49791,47861,37503,16870,30357,40906,19332,28885,41325,36251,372,12753,26340,8423,46176,31403,45811,36160,35386,16511,24615,9564,33208,16443,21288,45992,44745,43152,45890,17846,41208,13162,1024,20803,5394,9749,47852,50425,
41,46332,10044,21026,41446,3718,46844,43440,6656,23248,43774,36132,45591,28205,35657,9268,47418,44697,13543,11196,26955,30534,8865,20384,39227,49159,36629,35938,12302,44340,46588,48672,38057,14354,15371,16288,12954,33620,4060,37051,45506,17570,47929,49791,47861,37503,16870,30357,40906,19332,28885,41325,36251,372,12753,26340,8423,46176,31403,45811,36160,35386,16511,24615,9564,33208,16443,21288,45992,44745,43152,45890,17846,22397,15115,19219,10747,2833,3574,26631,12498,
42,46332,10044,21026,41446,3718,46844,43440,6656,23248,43774,36132,45591,28205,35657,9268,47418,44697,13543,11196,26955,30534,8865,20384,39227,49159,36629,35938,12302,44340,46588,48672,38057,14354,15371,16288,12954,33620,4060,37051,45506,17570,47929,49791,47861,37503,16870,30357,40906,19332,28885,41325,36251,372,12753,26340,8423,46176,31403,45811,36160,35386,16511,24615,9564,33208,16443,21288,45992,44745,43152,45890,17846,35079,4537,9394,14372,2843,12194,15968,12498,
43,46332,10044,21026,41446,3718,46844,43440,6656,23248,43774,36132,45591,28205,35657,9268,47418,44697,13543,11196,26955,30534,8865,20384,39227,49159,36629,35938,12302,44340,46588,48672,38057,14354,15371,16288,12954,33620,4060,37051,45506,17570,47929,49791,47861,37503,16870,30357,40906,19332,28885,41325,36251,372,12753,26340,8423,46176,31403,45811,36160,35386,16511,24615,9564,33208,16443,21288,45992,44745,43152,45890,17846,19440,23660,16815,46393,26165,1024,25466,22368,
44,46332,10044,21026,41446,3718,46844,43440,6656,23248,43774,36132,45591,28205,35657,9268,47418,44697,13543,11196,26955,30534,8865,20384,39227,49159,36629,35938,12302,44340,46588,48672,38057,14354,15371,16288,12954,33620,4060,37051,45506,17570,47929,49791,47861,37503,16870,30357,40906,19332,28885,41325,36251,372,12753,26340,8423,46176,31403,45811,36160,35386,16511,24615,9564,33208,16443,21288,45992,44745,43152,45890,17846,38894,14080,1681,19549,21361,1258,41100,44795,
45,46332,10044,21026,41446,3718,46844,43440,6656,23248,43774,36132,45591,28205,35657,9268,47418,44697,13543,11196,26955,30534,8865,20384,39227,49159,36629,35938,12302,44340,46588,48672,38057,14354,15371,16288,12954,33620,4060,37051,45506,17570,47929,49791,47861,37503,16870,30357,40906,19332,28885,41325,36251,372,12753,26340,8423,46176,31403,45811,36160,35386,16511,24615,9564,33208,16443,21288,45992,44745,43152,45890,17846,47730,24893,1922,39800,3372,29941,10281,16481,
46,46332,10044,21026,41446,3718,46844,43440,6656,23248,43774,36132,45591,28205,35657,9268,47418,44697,13543,11196,26955,30534,8865,20384,39227,49159,36629,35938,12302,44340,46588,48672,38057,14354,15371,16288,12954,33620,4060,37051,45506,17570,47929,49791,47861,37503,16870,30357,40906,19332,28885,41325,36251,372,12753,26340,8423,46176,31403,45811,36160,35386,16511,24615,9564,33208,16443,21288,45992,44745,43152,45890,17846,12919,32785,14171,40128,3452,7413,30320,12367,
47,46332,10044,21026,41446,3718,46844,43440,6656,23248,43774,36132,45591,28205,35657,9268,47418,44697,13543,11196,26955,30534,8865,20384,39227,49159,36629,35938,12302,44340,46588,48672,38057,14354,15371,16288,12954,33620,4060,37051,45506,17570,47929,49791,47861,37503,16870,30357,40906,19332,28885,41325,36251,372,12753,26340,8423,46176,31403,45811,36160,35386,16511,24615,9564,33208,16443,21288,45992,44745,43152,45890,17846,17482,7504,8782,31365,14277,40268,12069,14893,
48,46332,10044,21026,41446,3718,46844,43440,6656,23248,43774,36132,45591,28205,35657,9268,47418,44697,13543,11196,26955,30534,8865,20384,39227,49159,36629,35938,12302,44340,46588,48672,38057,14354,15371,16288,12954,33620,4060,37051,45506,17570,47929,49791,47861,37503,16870,30357,40906,19332,28885,41325,36251,372,12753,26340,8423,46176,31403,45811,36160,35386,16511,24615,9564,33208,16443,21288,45992,44745,43152,45890,17846,26336,3134,8193,34544,8484,6831,39355,11294,
49,46332,10044,21026,41446,3718,46844,43440,6656,23248,43774,36132,45591,28205,35657,9268,47418,44697,13543,11196,26955,30534,8865,20384,39227,49159,36629,35938,12302,44340,46588,48672,38057,14354,15371,16288,12954,33620,4060,37051,45506,17570,47929,49791,47861,37503,16870,30357,40906,19332,28885,41325,36251,372,12753,26340,8423,46176,31403,45811,36160,35386,16511,24615,9564,33208,16443,21288,45992,44745,43152,45890,17846,22500,17120,41381,19030,12265,3998,29063,21649,
50,46332,10044,21026,41446,3718,46844,43440,6656,23248,43774,36132,45591,28205,35657,9268,47418,44697,13543,11196,26955,30534,8865,20384,39227,49159,36629,35938,12302,44340,46588,48672,38057,14354,15371,16288,12954,33620,4060,37051,45506,17570,47929,49791,47861,37503,16870,30357,40906,19332,28885,41325,36251,372,12753,26340,8423,46176,31403,45811,36160,35386,16511,24615,9564,33208,16443,21288,45992,44745,43152,45890,17846,18503,45871,11509,46203,7996,17423,10105,16573,
51,46332,10044,21026,41446,3718,46844,43440,6656,23248,43774,36132,45591,28205,35657,9268,47418,44697,13543,11196,26955,30534,8865,20384,39227,49159,36629,35938,12302,44340,46588,48672,38057,14354,15371,16288,12954,33620,4060,37051,45506,17570,47929,49791,47861,37503,16870,30357,40906,19332,28885,41325,36251,372,12753,26340,8423,46176,31403,45811,36160,35386,16511,24615,9564,33208,16443,21288,45992,44745,43152,45890,17846,12293,32727,12764,45706,1049,5263,12618,37401,
52,46332,10044,21026,41446,3718,46844,43440,6656,23248,43774,36132,45591,28205,35657,9268,47418,44697,13543,11196,26955,30534,8865,20384,39227,49159,36629,35938,12302,44340,46588,48672,38057,14354,15371,16288,12954,33620,4060,37051,45506,17570,47929,49791,47861,37503,16870,30357,40906,19332,28885,41325,36251,372,12753,26340,8423,46176,31403,45811,36160,35386,16511,24615,9564,33208,16443,21288,45992,44745,43152,45890,17846,22213,13676,8476,11206,23948,9762,14341,11087,
53,46332,10044,21026,41446,3718,46844,43440,6656,23248,43774,36132,45591,28205,35657,9268,47418,44697,13543,11196,26955,30534,8865,20384,39227,49159,36629,35938,12302,44340,46588,48672,38057,14354,15371,16288,12954,33620,4060,37051,45506,17570,47929,49791,47861,37503,16870,30357,40906,19332,28885,41325,36251,372,12753,26340,8423,46176,31403,45811,36160,35386,16511,24615,9564,33208,16443,21288,45992,44745,43152,45890,17846,35184,6072,4957,25797,27463,12581,41809,11425,
54,46332,10044,21026,41446,3718,46844,43440,6656,23248,43774,36132,45591,28205,35657,9268,47418,44697,13543,11196,26955,30534,8865,20384,39227,49159,36629,35938,12302,44340,46588,48672,38057,14354,15371,16288,12954,33620,4060,37051,45506,17570,47929,49791,47861,37503,16870,30357,40906,19332,28885,41325,36251,372,12753,26340,8423,46176,31403,45811,36160,35386,16511,24615,9564,33208,16443,21288,45992,44745,43152,45890,17846,13415,18066,30123,31460,1191,6864,26054,39587,
55,46332,10044,21026,41446,3718,46844,43440,6656,23248,43774,36132,45591,28205,35657,9268,47418,44697,13543,11196,26955,30534,8865,20384,39227,49159,36629,35938,12302,44340,46588,48672,38057,14354,15371,16288,12954,33620,4060,37051,45506,17570,47929,49791,47861,37503,16870,30357,40906,19332,28885,41325,36251,372,12753,26340,8423,46176,31403,45811,36160,35386,16511,24615,9564,33208,16443,21288,45992,44745,43152,45890,17846,29156,10049,11843,11020,30841,228,40011,11854,
56,46332,10044,21026,41446,3718,46844,43440,6656,23248,43774,36132,45591,28205,35657,9268,47418,44697,13543,11196,26955,30534,8865,20384,39227,49159,36629,35938,12302,44340,46588,48672,38057,14354,15371,16288,12954,33620,4060,37051,45506,17570,47929,49791,47861,37503,16870,30357,40906,19332,28885,41325,36251,372,12753,26340,8423,46176,31403,45811,36160,35386,16511,24615,9564,33208,16443,21288,45992,44745,43152,45890,17846,52291,11569,30266,11020,14792,47089,13341,32032,
57,46332,10044,21026,41446,3718,46844,43440,6656,23248,43774,36132,45591,28205,35657,9268,47418,44697,13543,11196,26955,30534,8865,20384,39227,49159,36629,35938,12302,44340,46588,48672,38057,14354,15371,16288,12954,33620,4060,37051,45506,17570,47929,49791,47861,37503,16870,30357,40906,19332,28885,41325,36251,372,12753,26340,8423,46176,31403,45811,36160,35386,16511,24615,9564,33208,16443,21288,45992,44745,43152,45890,17846,26243,9007,3956,11593,18965,45883,33074,15285,
58,46332,10044,21026,41446,3718,46844,43440,6656,23248,43774,36132,45591,28205,35657,9268,47418,44697,13543,11196,26955,30534,8865,20384,39227,49159,36629,35938,12302,44340,46588,48672,38057,14354,15371,16288,12954,33620,4060,37051,45506,17570,47929,49791,47861,37503,16870,30357,40906,19332,28885,41325,36251,372,12753,26340,8423,46176,31403,45811,36160,35386,16511,24615,9564,33208,16443,21288,45992,44745,43152,45890,17846,16020,34504,23548,46945,28569,33939,10511,12415,
59,46332,10044,21026,41446,3718,46844,43440,6656,23248,43774,36132,45591,28205,35657,9268,47418,44697,13543,11196,26955,30534,8865,20384,39227,49159,36629,35938,12302,44340,46588,48672,38057,14354,15371,16288,12954,33620,4060,37051,45506,17570,47929,49791,47861,37503,16870,30357,40906,19332,28885,41325,36251,372,12753,26340,8423,46176,31403,45811,36160,35386,16511,24615,9564,33208,16443,21288,45992,44745,43152,45890,17846,21459,5619,762,36307,34027,6800,30435,26917,
60,46332,10044,21026,41446,3718,46844,43440,6656,23248,43774,36132,45591,28205,35657,9268,47418,44697,13543,11196,26955,30534,8865,20384,39227,49159,36629,35938,12302,44340,46588,48672,38057,14354,15371,16288,12954,33620,4060,37051,45506,17570,47929,49791,47861,37503,16870,30357,40906,19332,28885,41325,36251,372,12753,26340,8423,46176,31403,45811,36160,35386,16511,24615,9564,33208,16443,21288,45992,44745,43152,45890,17846,32258,2847,13608,13312,52527,9435,17462,14332,
61,46332,10044,21026,41446,3718,46844,43440,6656,23248,43774,36132,45591,28205,35657,9268,47418,44697,13543,11196,26955,30534,8865,20384,39227,49159,36629,35938,12302,44340,46588,48672,38057,14354,15371,16288,12954,33620,4060,37051,45506,17570,47929,49791,47861,37503,16870,30357,40906,19332,28885,41325,36251,372,12753,26340,8423,46176,31403,45811,36160,35386,16511,24615,9564,33208,16443,21288,45992,44745,43152,45890,17846,40035,31935,17621,53068,25851,14868,15298,23379,
62,46332,10044,21026,41446,3718,46844,43440,6656,23248,43774,36132,45591,28205,35657,9268,47418,44697,13543,11196,26955,30534,8865,20384,39227,49159,36629,35938,12302,44340,46588,48672,38057,14354,15371,16288,12954,33620,4060,37051,45506,17570,47929,49791,47861,37503,16870,30357,40906,19332,28885,41325,36251,372,12753,26340,8423,46176,31403,45811,36160,35386,16511,24615,9564,33208,16443,21288,45992,44745,43152,45890,17846,15541,16338,26773,21620,10466,44440,25835,36983,
63,46332,10044,21026,41446,3718,46844,43440,6656,23248,43774,36132,45591,28205,35657,9268,47418,44697,13543,11196,26955,30534,8865,20384,39227,49159,36629,35938,12302,44340,46588,48672,38057,14354,15371,16288,12954,33620,4060,37051,45506,17570,47929,49791,47861,37503,16870,30357,40906,19332,28885,41325,36251,372,12753,26340,8423,46176,31403,45811,36160,35386,16511,24615,9564,33208,16443,21288,45992,44745,43152,45890,17846,18475,7581,22718,15748,27355,4656,44802,11731,
64,46332,10044,21026,41446,3718,46844,43440,6656,23248,43774,36132,45591,28205,35657,9268,47418,44697,13543,11196,26955,30534,8865,20384,39227,49159,36629,35938,12302,44340,46588,48672,38057,14354,15371,16288,12954,33620,4060,37051,45506,17570,47929,49791,47861,37503,16870,30357,40906,19332,28885,41325,36251,372,12753,26340,8423,46176,31403,45811,36160,35386,16511,24615,9564,33208,16443,21288,45992,44745,43152,45890,17846,19148,21815,2282,57192,44200,4562,24548,28219,
65,46332,10044,21026,41446,3718,46844,43440,6656,23248,43774,36132,45591,28205,35657,9268,47418,44697,13543,11196,26955,30534,8865,20384,39227,49159,36629,35938,12302,44340,46588,48672,38057,14354,15371,16288,12954,33620,4060,37051,45506,17570,47929,49791,47861,37503,16870,30357,40906,19332,28885,41325,36251,372,12753,26340,8423,46176,31403,45811,36160,35386,16511,24615,9564,33208,16443,21288,45992,44745,43152,45890,17846,48514,12161,28143,34035,27833,12792,11530,13492,
66,46332,10044,21026,41446,3718,46844,43440,6656,23248,43774,36132,45591,28205,35657,9268,47418,44697,13543,11196,26955,30534,8865,20384,39227,49159,36629,35938,12302,44340,46588,48672,38057,14354,15371,16288,12954,33620,4060,37051,45506,17570,47929,49791,47861,37503,16870,30357,40906,19332,28885,41325,36251,372,12753,26340,8423,46176,31403,45811,36160,35386,16511,24615,9564,33208,16443,21288,45992,44745,43152,45890,17846,11432,6527,14026,12568,35463,10145,17294,16044,
67,46332,10044,21026,41446,3718,46844,43440,6656,23248,43774,36132,45591,28205,35657,9268,47418,44697,13543,11196,26955,30534,8865,20384,39227,49159,36629,35938,12302,44340,46588,48672,38057,14354,15371,16288,12954,33620,4060,37051,45506,17570,47929,49791,47861,37503,16870,30357,40906,19332,28885,41325,36251,372,12753,26340,8423,46176,31403,45811,36160,35386,16511,24615,9564,33208,16443,21288,45992,44745,43152,45890,17846,13723,9921,10565,11197,30082,26842,44744,14279,
68,46332,10044,21026,41446,3718,46844,43440,6656,23248,43774,36132,45591,28205,35657,9268,47418,44697,13543,11196,26955,30534,8865,20384,39227,49159,36629,35938,12302,44340,46588,48672,38057,14354,15371,16288,12954,33620,4060,37051,45506,17570,47929,49791,47861,37503,16870,30357,40906,19332,28885,41325,36251,372,12753,26340,8423,46176,31403,45811,36160,35386,16511,24615,9564,33208,16443,21288,45992,44745,43152,45890,17846,30137,32495,14467,14379,35901,34070,21534,11837,
69,46332,10044,21026,41446,3718,46844,43440,6656,23248,43774,36132,45591,28205,35657,9268,47418,44697,13543,11196,26955,30534,8865,20384,39227,49159,36629,35938,12302,44340,46588,48672,38057,14354,15371,16288,12954,33620,4060,37051,45506,17570,47929,49791,47861,37503,16870,30357,40906,19332,28885,41325,36251,372,12753,26340,8423,46176,31403,45811,36160,35386,16511,24615,9564,33208,16443,21288,45992,44745,43152,45890,17846,53800,20336,24379,19320,49572,15778,21752,33188,
70,46332,10044,21026,41446,3718,46844,43440,6656,23248,43774,36132,45591,28205,35657,9268,47418,44697,13543,11196,26955,30534,8865,20384,39227,49159,36629,35938,12302,44340,46588,48672,38057,14354,15371,16288,12954,33620,4060,37051,45506,17570,47929,49791,47861,37503,16870,30357,40906,19332,28885,41325,36251,372,12753,26340,8423,46176,31403,45811,36160,35386,16511,24615,9564,33208,16443,21288,45992,44745,43152,45890,17846,14883,17439,474,11641,18211,29937,26365,11656,
71,46332,10044,21026,41446,3718,46844,43440,6656,23248,43774,36132,45591,28205,35657,9268,47418,44697,13543,11196,26955,30534,8865,20384,39227,49159,36629,35938,12302,44340,46588,48672,38057,14354,15371,16288,12954,33620,4060,37051,45506,17570,47929,49791,47861,37503,16870,30357,40906,19332,28885,41325,36251,372,12753,26340,8423,46176,31403,45811,36160,35386,16511,24615,9564,33208,16443,21288,45992,44745,43152,45890,17846,18561,5192,19983,11362,40715,40295,37345,18193,
72,46332,10044,21026,41446,3718,46844,43440,6656,23248,43774,36132,45591,28205,35657,9268,47418,44697,13543,11196,26955,30534,8865,20384,39227,49159,36629,35938,12302,44340,46588,48672,38057,14354,15371,16288,12954,33620,4060,37051,45506,17570,47929,49791,47861,37503,16870,30357,40906,19332,28885,41325,36251,372,12753,26340,8423,46176,31403,45811,36160,35386,16511,24615,9564,33208,16443,21288,45992,44745,43152,45890,17846,31641,17592,36477,50633,32909,16911,17210,12693,
73,46332,10044,21026,41446,3718,46844,43440,6656,23248,43774,36132,45591,28205,35657,9268,47418,44697,13543,11196,26955,30534,8865,20384,39227,49159,36629,35938,12302,44340,46588,48672,38057,14354,15371,16288,12954,33620,4060,37051,45506,17570,47929,49791,47861,37503,16870,30357,40906,19332,28885,41325,36251,372,12753,26340,8423,46176,31403,45811,36160,35386,16511,24615,9564,33208,16443,21288,45992,44745,43152,45890,17846,16903,10608,606,15101,11717,14529,23471,45849,
74,46332,10044,21026,41446,3718,46844,43440,6656,23248,43774,36132,45591,28205,35657,9268,47418,44697,13543,11196,26955,30534,8865,20384,39227,49159,36629,35938,12302,44340,46588,48672,38057,14354,15371,16288,12954,33620,4060,37051,45506,17570,47929,49791,47861,37503,16870,30357,40906,19332,28885,41325,36251,372,12753,26340,8423,46176,31403,45811,36160,35386,16511,24615,9564,33208,16443,21288,45992,44745,43152,45890,17846,31562,15931,3327,35840,15805,32815,11344,30923,
75,46332,10044,21026,41446,3718,46844,43440,6656,23248,43774,36132,45591,28205,35657,9268,47418,44697,13543,11196,26955,30534,8865,20384,39227,49159,36629,35938,12302,44340,46588,48672,38057,14354,15371,16288,12954,33620,4060,37051,45506,17570,47929,49791,47861,37503,16870,30357,40906,19332,28885,41325,36251,372,12753,26340,8423,46176,31403,45811,36160,35386,16511,24615,9564,33208,16443,21288,45992,44745,43152,45890,17846,10925,1582,9309,15885,14369,31648,11857,16934,
76,46332,10044,21026,41446,3718,46844,43440,6656,23248,43774,36132,45591,28205,35657,9268,47418,44697,13543,11196,26955,30534,8865,20384,39227,49159,36629,35938,12302,44340,46588,48672,38057,14354,15371,16288,12954,33620,4060,37051,45506,17570,47929,49791,47861,37503,16870,30357,40906,19332,28885,41325,36251,372,12753,26340,8423,46176,31403,45811,36160,35386,16511,24615,9564,33208,16443,21288,45992,44745,43152,45890,17846,12207,11515,5944,15627,12160,12061,11218,16934,
77,46332,10044,21026,41446,3718,46844,43440,6656,23248,43774,36132,45591,28205,35657,9268,47418,44697,13543,11196,26955,30534,8865,20384,39227,49159,36629,35938,12302,44340,46588,48672,38057,14354,15371,16288,12954,33620,4060,37051,45506,17570,47929,49791,47861,37503,16870,30357,40906,19332,28885,41325,36251,372,12753,26340,8423,46176,31403,45811,36160,35386,16511,24615,9564,33208,16443,21288,45992,44745,43152,45890,17846,30636,18591,641,15444,22872,6822,26335,11342,
78,46332,10044,21026,41446,3718,46844,43440,6656,23248,43774,36132,45591,28205,35657,9268,47418,44697,13543,11196,26955,30534,8865,20384,39227,49159,36629,35938,12302,44340,46588,48672,38057,14354,15371,16288,12954,33620,4060,37051,45506,17570,47929,49791,47861,37503,16870,30357,40906,19332,28885,41325,36251,372,12753,26340,8423,46176,31403,45811,36160,35386,16511,24615,9564,33208,16443,21288,45992,44745,43152,45890,17846,33930,5813,6045,11919,15440,20022,24807,32945,
79,46332,10044,21026,41446,3718,46844,43440,6656,23248,43774,36132,45591,28205,35657,9268,47418,44697,13543,11196,26955,30534,8865,20384,39227,49159,36629,35938,12302,44340,46588,48672,38057,14354,15371,16288,12954,33620,4060,37051,45506,17570,47929,49791,47861,37503,16870,30357,40906,19332,28885,41325,36251,372,12753,26340,8423,46176,31403,45811,36160,35386,16511,24615,9564,33208,16443,21288,45992,44745,43152,45890,17846,54341,7500,11279,43036,39972,6329,34167,21706,
80,46332,10044,21026,41446,3718,46844,43440,6656,23248,43774,36132,45591,28205,35657,9268,47418,44697,13543,11196,26955,30534,8865,20384,39227,49159,36629,35938,12302,44340,46588,48672,38057,14354,15371,16288,12954,33620,4060,37051,45506,17570,47929,49791,47861,37503,16870,30357,40906,19332,28885,41325,36251,372,12753,26340,8423,46176,31403,45811,36160,35386,16511,24615,9564,33208,16443,21288,45992,44745,43152,45890,17846,26036,21738,26146,11066,32062,6907,11075,34310,
81,46332,10044,21026,41446,3718,46844,43440,6656,23248,43774,36132,45591,28205,35657,9268,47418,44697,13543,11196,26955,30534,8865,20384,39227,49159,36629,35938,12302,44340,46588,48672,38057,14354,15371,16288,12954,33620,4060,37051,45506,17570,47929,49791,47861,37503,16870,30357,40906,19332,28885,41325,36251,372,12753,26340,8423,46176,31403,45811,36160,35386,16511,24615,9564,33208,16443,21288,45992,44745,43152,45890,17846,37749,950,17479,39489,10118,15652,23091,23383,
82,46332,10044,21026,41446,3718,46844,43440,6656,23248,43774,36132,45591,28205,35657,9268,47418,44697,13543,11196,26955,30534,8865,20384,39227,49159,36629,35938,12302,44340,46588,48672,38057,14354,15371,16288,12954,33620,4060,37051,45506,17570,47929,49791,47861,37503,16870,30357,40906,19332,28885,41325,36251,372,12753,26340,8423,46176,31403,45811,36160,35386,16511,24615,9564,33208,16443,21288,45992,44745,43152,45890,17846,20696,3433,1554,10981,10118,1552,26863,15973,
83,46332,10044,21026,41446,3718,46844,43440,6656,23248,43774,36132,45591,28205,35657,9268,47418,44697,13543,11196,26955,30534,8865,20384,39227,49159,36629,35938,12302,44340,46588,48672,38057,14354,15371,16288,12954,33620,4060,37051,45506,17570,47929,49791,47861,37503,16870,30357,40906,19332,28885,41325,36251,372,12753,26340,8423,46176,31403,45811,36160,35386,16511,24615,9564,33208,16443,21288,45992,44745,43152,45890,17846,27073,4366,40618,28714,10118,5628,31408,12950,
84,46332,10044,21026,41446,3718,46844,43440,6656,23248,43774,36132,45591,28205,35657,9268,47418,44697,13543,11196,26955,30534,8865,20384,39227,49159,36629,35938,12302,44340,46588,48672,38057,14354,15371,16288,12954,33620,4060,37051,45506,17570,47929,49791,47861,37503,16870,30357,40906,19332,28885,41325,36251,372,12753,26340,8423,46176,31403,45811,36160,35386,16511,24615,9564,33208,16443,21288,45992,44745,43152,45890,17846,37686,15449,8976,15381,24938,32708,22289,14184,
85,46332,10044,21026,41446,3718,46844,43440,6656,23248,43774,36132,45591,28205,35657,9268,47418,44697,13543,11196,26955,30534,8865,20384,39227,49159,36629,35938,12302,44340,46588,48672,38057,14354,15371,16288,12954,33620,4060,37051,45506,17570,47929,49791,47861,37503,16870,30357,40906,19332,28885,41325,36251,372,12753,26340,8423,46176,31403,45811,36160,35386,16511,24615,9564,33208,16443,21288,45992,44745,43152,45890,17846,23535,30803,33151,11596,11797,16724,43425,15350,
86,46332,10044,21026,41446,3718,46844,43440,6656,23248,43774,36132,45591,28205,35657,9268,47418,44697,13543,11196,26955,30534,8865,20384,39227,49159,36629,35938,12302,44340,46588,48672,38057,14354,15371,16288,12954,33620,4060,37051,45506,17570,47929,49791,47861,37503,16870,30357,40906,19332,28885,41325,36251,372,12753,26340,8423,46176,31403,45811,36160,35386,16511,24615,9564,33208,16443,21288,45992,44745,43152,45890,17846,28967,3556,2417,37253,13556,39346,24521,10715,
87,46332,10044,21026,41446,3718,46844,43440,6656,23248,43774,36132,45591,28205,35657,9268,47418,44697,13543,11196,26955,30534,8865,20384,39227,49159,36629,35938,12302,44340,46588,48672,38057,14354,15371,16288,12954,33620,4060,37051,45506,17570,47929,49791,47861,37503,16870,30357,40906,19332,28885,41325,36251,372,12753,26340,8423,46176,31403,45811,36160,35386,16511,24615,9564,33208,16443,21288,45992,44745,43152,45890,17846,17300,5403,1410,32115,28156,13510,11564,17036,
88,46332,10044,21026,41446,3718,46844,43440,6656,23248,43774,36132,45591,28205,35657,9268,47418,44697,13543,11196,26955,30534,8865,20384,39227,49159,36629,35938,12302,44340,46588,48672,38057,14354,15371,16288,12954,33620,4060,37051,45506,17570,47929,49791,47861,37503,16870,30357,40906,19332,28885,41325,36251,372,12753,26340,8423,46176,31403,45811,36160,35386,16511,24615,9564,33208,16443,21288,45992,44745,43152,45890,17846,21725,5312,14524,12194,26969,11676,19781,19600,
89,46332,10044,21026,41446,3718,46844,43440,6656,23248,43774,36132,45591,28205,35657,9268,47418,44697,13543,11196,26955,30534,8865,20384,39227,49159,36629,35938,12302,44340,46588,48672,38057,14354,15371,16288,12954,33620,4060,37051,45506,17570,47929,49791,47861,37503,16870,30357,40906,19332,28885,41325,36251,372,12753,26340,8423,46176,31403,45811,36160,35386,16511,24615,9564,33208,16443,21288,45992,44745,43152,45890,17846,20845,30042,2706,30597,18363,11905,13161,12816,
90,46332,10044,21026,41446,3718,46844,43440,6656,23248,43774,36132,45591,28205,35657,9268,47418,44697,13543,11196,26955,30534,8865,20384,39227,49159,36629,35938,12302,44340,46588,48672,38057,14354,15371,16288,12954,33620,4060,37051,45506,17570,47929,49791,47861,37503,16870,30357,40906,19332,28885,41325,36251,372,12753,26340,8423,46176,31403,45811,36160,35386,16511,24615,9564,33208,16443,21288,45992,44745,43152,45890,17846,18780,17749,23834,19152,10118,2605,13161,13579,
91,46332,10044,21026,41446,3718,46844,43440,6656,23248,43774,36132,45591,28205,35657,9268,47418,44697,13543,11196,26955,30534,8865,20384,39227,49159,36629,35938,12302,44340,46588,48672,38057,14354,15371,16288,12954,33620,4060,37051,45506,17570,47929,49791,47861,37503,16870,30357,40906,19332,28885,41325,36251,372,12753,26340,8423,46176,31403,45811,36160,35386,16511,24615,9564,33208,16443,21288,45992,44745,43152,45890,17846,16457,2617,4401,10479,44470,42407,26554,19023,
92,46332,10044,21026,41446,3718,46844,43440,6656,23248,43774,36132,45591,28205,35657,9268,47418,44697,13543,11196,26955,30534,8865,20384,39227,49159,36629,35938,12302,44340,46588,48672,38057,14354,15371,16288,12954,33620,4060,37051,45506,17570,47929,49791,47861,37503,16870,30357,40906,19332,28885,41325,36251,372,12753,26340,8423,46176,31403,45811,36160,35386,16511,24615,9564,33208,16443,21288,45992,44745,43152,45890,17846,16498,11806,13799,12411,19362,25970,17406,11102,
93,46332,10044,21026,41446,3718,46844,43440,6656,23248,43774,36132,45591,28205,35657,9268,47418,44697,13543,11196,26955,30534,8865,20384,39227,49159,36629,35938,12302,44340,46588,48672,38057,14354,15371,16288,12954,33620,4060,37051,45506,17570,47929,49791,47861,37503,16870,30357,40906,19332,28885,41325,36251,372,12753,26340,8423,46176,31403,45811,36160,35386,16511,24615,9564,33208,16443,21288,45992,44745,43152,45890,17846,12242,14297,6454,10817,53478,3284,21054,14262,
94,46332,10044,21026,41446,3718,46844,43440,6656,23248,43774,36132,45591,28205,35657,9268,47418,44697,13543,11196,26955,30534,8865,20384,39227,49159,36629,35938,12302,44340,46588,48672,38057,14354,15371,16288,12954,33620,4060,37051,45506,17570,47929,49791,47861,37503,16870,30357,40906,19332,28885,41325,36251,372,12753,26340,8423,46176,31403,45811,36160,35386,16511,24615,9564,33208,16443,21288,45992,44745,43152,45890,17846,38874,19236,20199,11760,20198,37577,42263,19203,
95,46332,10044,21026,41446,3718,46844,43440,6656,23248,43774,36132,45591,28205,35657,9268,47418,44697,13543,11196,26955,30534,8865,20384,39227,49159,36629,35938,12302,44340,46588,48672,38057,14354,15371,16288,12954,33620,4060,37051,45506,17570,47929,49791,47861,37503,16870,30357,40906,19332,28885,41325,36251,372,12753,26340,8423,46176,31403,45811,36160,35386,16511,24615,9564,33208,16443,21288,45992,44745,43152,45890,17846,35425,24506,2834,16188,40224,2385,49866,17183,
96,46332,10044,21026,41446,3718,46844,43440,6656,23248,43774,36132,45591,28205,35657,9268,47418,44697,13543,11196,26955,30534,8865,20384,39227,49159,36629,35938,12302,44340,46588,48672,38057,14354,15371,16288,12954,33620,4060,37051,45506,17570,47929,49791,47861,37503,16870,30357,40906,19332,28885,41325,36251,372,12753,26340,8423,46176,31403,45811,36160,35386,16511,24615,9564,33208,16443,21288,45992,44745,43152,45890,17846,14676,4279,12049,26961,30213,30862,11424,20132,
97,46332,10044,21026,41446,3718,46844,43440,6656,23248,43774,36132,45591,28205,35657,9268,47418,44697,13543,11196,26955,30534,8865,20384,39227,49159,36629,35938,12302,44340,46588,48672,38057,14354,15371,16288,12954,33620,4060,37051,45506,17570,47929,49791,47861,37503,16870,30357,40906,19332,28885,41325,36251,372,12753,26340,8423,46176,31403,45811,36160,35386,16511,24615,9564,33208,16443,21288,45992,44745,43152,45890,17846,33383,40682,26016,20691,44689,400,10760,52068,
98,46332,10044,21026,41446,3718,46844,43440,6656,23248,43774,36132,45591,28205,35657,9268,47418,44697,13543,11196,26955,30534,8865,20384,39227,49159,36629,35938,12302,44340,46588,48672,38057,14354,15371,16288,12954,33620,4060,37051,45506,17570,47929,49791,47861,37503,16870,30357,40906,19332,28885,41325,36251,372,12753,26340,8423,46176,31403,45811,36160,35386,16511,24615,9564,33208,16443,21288,45992,44745,43152,45890,17846,20180,25424,24114,22914,55262,400,36732,35035,
99,46332,10044,21026,41446,3718,46844,43440,6656,23248,43774,36132,45591,28205,35657,9268,47418,44697,13543,11196,26955,30534,8865,20384,39227,49159,36629,35938,12302,44340,46588,48672,38057,14354,15371,16288,12954,33620,4060,37051,45506,17570,47929,49791,47861,37503,16870,30357,40906,19332,28885,41325,36251,372,12753,26340,8423,46176,31403,45811,36160,35386,16511,24615,9564,33208,16443,21288,45992,44745,43152,45890,17846,15087,18382,5825,12520,17419,4218,13145,32242,
100,46332,10044,21026,41446,3718,46844,43440,6656,23248,43774,36132,45591,28205,35657,9268,47418,44697,13543,11196,26955,30534,8865,20384,39227,49159,36629,35938,12302,44340,46588,48672,38057,14354,15371,16288,12954,33620,4060,37051,45506,17570,47929,49791,47861,37503,16870,30357,40906,19332,28885,41325,36251,372,12753,26340,8423,46176,31403,45811,36160,35386,16511,24615,9564,33208,16443,21288,45992,44745,43152,45890,17846,40294,22938,22884,11687,28948,15782,22717,12560,
