1,27160,48507,41457,28036,28151,32904,5087,29727,30240,21874,45714,35495,25412,28918,34275,24892,41966,9659,10589,31928,
2,5087,5087,817,552,579,2981,2369,2520,1157,2800,103,2069,5120,35657,42968,6356,23819,13402,17109,12443,
3,103,552,680,103,103,103,1087,1087,622,103,103,536,103,14007,17336,13322,103,53276,46465,48882,
4,103,103,103,103,103,103,103,103,103,103,57617,33695,50382,43977,28913,28135,103,32324,49847,19479,
5,103,103,103,103,103,103,103,103,103,103,60734,17328,35266,11105,38025,43069,60725,103,17021,103,
6,103,103,103,103,103,103,103,103,103,103,27757,55012,103,103,103,10204,27212,103,103,103,
7,103,103,103,103,103,103,103,103,103,103,103,40519,103,26775,52387,103,30437,45136,103,51804,
8,103,103,103,103,103,103,103,103,103,103,103,49131,53087,103,40750,103,103,34206,103,58554,
9,103,103,103,103,103,103,103,103,103,103,103,103,36172,103,43514,40328,19550,41703,46665,103,
10,103,103,103,103,103,103,103,103,103,103,103,43168,103,103,40211,18238,103,103,41589,103,
11,103,103,103,103,103,103,103,103,103,103,54631,21974,103,103,103,25705,103,53611,103,40383,
12,103,103,103,103,103,103,103,103,16399,103,55584,103,59769,15056,31155,52592,103,103,103,21347,
13,103,103,103,103,103,103,103,103,103,103,103,37894,33394,54219,103,55436,29648,14795,103,25165,
14,103,103,103,103,103,103,103,103,103,103,20851,22520,103,103,60145,16378,103,103,103,103,
15,103,103,103,103,103,103,103,103,103,103,34722,103,103,103,103,103,103,103,103,48999,
16,103,103,103,103,103,103,103,103,103,103,16589,103,41252,54116,19859,29072,37332,19720,103,103,
17,103,103,103,103,103,103,103,103,103,103,56716,12580,103,44244,58192,103,103,103,103,15840,
18,103,103,103,103,103,24431,103,103,103,103,31729,103,48128,103,12855,51848,103,43309,19822,22482,
19,103,103,103,103,103,103,103,103,103,103,20594,11209,103,103,33387,46764,42871,47462,103,103,
20,103,103,103,103,103,103,103,103,103,103,103,51717,20522,34198,103,103,57162,51402,24491,15408,
21,103,103,103,103,103,103,103,103,103,103,51891,57994,103,103,46864,56192,55647,103,103,53682,
22,103,103,103,103,103,103,103,103,103,103,42807,103,103,14462,103,103,103,46717,19067,28153,
23,103,103,103,103,103,103,103,103,103,103,13910,35908,58097,103,103,19667,10972,14484,56980,21897,
24,103,103,103,103,103,103,103,103,103,103,103,103,103,44983,46236,40792,54215,103,103,56005,
25,103,103,103,103,103,103,103,18181,103,103,103,35347,54818,103,69768,18471,103,44056,26857,103,
26,103,103,103,103,103,103,103,103,103,103,103,103,103,19005,54416,33962,32779,52295,103,103,
27,103,103,103,103,103,103,103,103,103,103,45727,103,55156,103,103,103,103,20560,26668,56102,
28,103,103,103,103,103,103,103,103,103,103,53442,26651,19850,103,103,103,30437,31138,103,41692,
29,103,103,103,103,103,103,103,103,103,103,58720,103,103,103,12942,103,54400,103,103,103,
30,103,103,103,103,103,103,103,103,103,103,42797,103,55604,51576,103,36483,45425,15899,13678,103,
31,103,103,103,103,103,103,103,103,103,103,20754,103,103,59061,61347,103,34657,54239,103,103,
32,103,103,103,103,103,103,26922,103,103,103,28884,103,43856,45304,53979,103,49047,53651,51441,103,
33,103,103,103,103,103,103,103,103,103,103,14796,103,103,103,103,103,44323,103,103,103,
34,103,103,103,103,103,103,103,103,103,103,50980,103,103,37841,103,46667,103,25687,58812,103,
35,103,103,103,103,103,103,103,103,103,103,52557,48554,56484,103,103,32637,58233,103,51161,58585,
36,103,103,103,103,103,103,103,103,103,103,103,103,103,19908,103,57789,103,103,103,11483,
37,103,103,23976,103,103,103,103,103,103,103,103,45425,103,103,103,38684,103,23757,103,103,
38,103,103,103,103,103,103,103,103,103,103,103,18691,103,35448,50758,103,103,103,103,103,
39,103,103,103,103,103,103,4689,103,103,103,103,29523,103,59137,103,103,103,45864,15979,103,
40,103,103,103,103,103,103,103,103,103,103,53897,103,17499,103,53847,33926,103,23970,12948,31396,
41,103,103,103,103,103,103,103,103,103,103,49008,103,15214,48328,103,47104,33659,103,103,103,
42,103,103,103,103,103,103,103,103,103,103,103,103,42730,36439,103,103,103,3586,103,53754,
43,103,103,103,103,103,103,103,103,103,103,41107,103,39328,103,103,18520,34638,103,35981,56998,
44,103,103,103,103,103,103,103,103,103,103,40957,103,103,22905,28824,103,103,33804,103,103,
45,103,103,103,103,103,103,103,103,103,103,103,103,55104,49400,32460,103,103,27098,59446,103,
46,103,103,103,103,103,103,103,103,103,103,38461,103,23519,51880,103,103,103,103,103,103,
47,103,103,103,103,103,103,19409,103,103,103,103,10369,24245,103,48486,22031,38084,25214,23381,103,
48,103,103,103,103,103,103,103,103,103,103,103,25149,103,60904,45978,12320,10611,37575,50026,103,
49,103,103,103,103,103,103,103,103,103,103,15425,103,103,1448,103,15311,103,39691,103,103,
50,103,103,103,103,103,103,103,103,103,103,52310,103,50819,27293,16380,103,103,12927,103,43214,
51,103,103,103,103,103,103,103,103,10210,103,59474,43671,103,103,38278,103,103,103,44596,103,
52,103,103,103,103,103,103,103,103,103,103,103,103,19899,59649,49146,103,103,103,16115,103,
53,103,103,103,103,103,103,103,103,103,103,24003,103,103,103,103,103,24720,103,30952,29577,
54,103,103,103,103,103,103,103,103,103,103,53131,103,103,28819,39197,39277,40575,2632,103,103,
55,103,103,103,103,103,103,103,103,103,103,103,103,18000,20977,103,48250,38930,103,103,28618,
56,103,103,103,103,103,103,103,103,103,103,103,103,103,48412,103,31578,21232,12227,21905,56415,
57,103,103,103,103,103,103,103,103,103,103,47236,37014,103,103,103,103,103,103,103,103,
58,103,103,103,103,103,103,103,103,103,103,103,32247,103,14114,11693,22646,103,103,42946,28694,
59,103,103,103,103,103,103,103,103,103,103,103,19509,22867,41626,53376,39741,103,103,103,103,
60,103,103,103,103,103,103,103,103,103,103,103,12706,103,103,103,57895,36908,103,103,103,
61,103,103,103,103,103,103,103,103,103,103,103,103,103,103,103,103,26210,103,59112,33966,
62,103,103,103,103,103,103,103,103,103,103,103,55769,57558,29210,103,10836,103,103,103,59971,
63,103,103,103,103,23633,103,103,103,103,103,46664,59868,103,59523,41050,103,103,28345,40290,19606,
64,103,103,103,103,103,103,103,103,103,103,35239,103,36777,103,103,16005,28879,103,103,37649,
65,103,103,103,103,103,103,103,103,103,103,103,15966,103,103,23647,103,103,39633,103,103,
66,103,103,103,103,103,103,103,103,103,103,103,103,53436,103,103,103,17115,54764,103,103,
67,103,103,103,103,103,103,103,103,103,103,103,103,103,54181,103,103,15925,52125,46536,103,
68,103,103,103,103,103,103,103,103,103,103,46194,50069,48080,103,30401,103,103,19068,103,103,
69,103,103,103,103,103,103,103,103,103,103,103,44440,103,103,17172,103,103,46389,46297,103,
70,103,103,103,103,103,103,103,103,103,103,103,103,57783,42333,103,11821,16477,103,32703,36084,
71,103,103,103,103,103,103,103,103,103,103,103,34635,103,38146,58528,41900,50961,103,42126,25621,
72,103,103,103,103,103,103,103,103,103,103,49745,103,59330,51961,103,103,103,51009,36812,103,
73,103,103,103,103,230,103,103,103,103,103,28366,24378,103,103,103,48455,54847,103,29517,103,
74,103,103,103,103,103,103,103,103,103,103,25083,11156,103,103,51277,103,54580,103,103,103,
75,103,103,103,103,103,103,103,103,103,103,47531,103,30825,103,103,42046,103,40996,54558,37073,
76,103,103,103,103,103,103,103,103,103,103,103,103,52494,103,44369,31930,39152,15095,103,48958,
77,103,103,103,103,103,103,103,103,103,103,50497,47569,35243,48580,48895,11246,103,47544,103,36381,
78,103,103,103,103,103,103,103,103,103,103,103,103,12850,17226,36536,57707,12431,103,18453,17257,
79,103,103,103,103,103,103,103,103,103,103,15487,44463,31275,60422,103,103,103,103,46775,55004,
80,103,103,103,103,103,103,103,103,103,103,103,24513,56791,103,103,103,103,41817,103,33901,
81,103,103,103,103,103,103,103,103,103,103,58423,103,103,103,103,24624,103,103,103,103,
82,103,103,103,103,103,103,103,103,103,103,103,103,41372,19520,103,14724,103,103,54964,26730,
83,103,103,103,103,103,103,103,103,103,103,15800,60759,59597,21495,43074,59050,50204,103,37750,35505,
84,103,103,103,103,103,103,103,103,103,103,103,103,55344,31830,103,56796,56469,57732,103,56514,
85,103,103,103,103,103,103,103,103,103,103,103,19102,103,44105,103,103,103,103,56273,48601,
86,103,103,103,103,103,103,103,103,103,103,103,103,50759,46414,103,103,103,33894,45639,43198,
87,103,103,103,103,103,103,103,103,103,103,22458,103,27755,57546,103,21637,47345,25537,28571,103,
88,103,103,103,103,103,103,103,103,103,103,103,24526,103,103,14522,103,28178,48077,103,103,
89,103,103,103,103,103,103,103,103,103,103,46707,103,103,55791,17448,103,28614,103,103,103,
90,103,103,103,103,103,103,103,103,103,103,50913,103,13031,39352,59145,103,10888,41808,103,103,
91,103,103,103,103,103,103,103,103,103,103,103,33156,44964,103,103,18265,103,20169,15397,56000,
92,103,103,103,103,103,103,103,103,103,103,54619,103,103,29940,103,103,103,54412,103,103,
93,103,103,103,103,103,103,103,103,103,103,52441,103,103,50344,24368,103,103,12959,36439,40080,
94,103,103,103,103,103,103,103,103,103,103,45124,46238,18855,103,17852,103,29802,40735,103,35603,
95,103,103,103,103,103,103,103,103,103,12252,11157,103,38944,49279,103,103,103,103,38317,48513,
96,103,103,103,103,103,103,103,103,103,103,32870,103,22453,50741,103,43426,11193,103,103,25323,
97,103,103,103,103,103,103,103,103,103,103,39103,103,103,56601,50761,22319,103,103,17981,38709,
98,103,103,103,103,103,103,103,103,103,103,103,54165,103,103,19749,58556,23438,57476,103,59722,
99,103,103,103,103,103,103,103,103,103,103,103,103,103,103,103,103,41818,57479,103,103,
100,103,103,103,103,103,103,103,103,103,103,49182,103,31524,34469,57912,35837,48200,103,39066,103,
101,103,103,103,103,103,103,103,103,103,103,33523,33766,30711,103,103,38329,103,50793,103,11241,
102,103,103,103,103,103,103,103,103,103,103,56948,29359,103,103,103,38655,103,25737,47342,103,
103,103,103,103,213,103,103,15173,103,103,103,103,48766,39663,46152,103,103,103,49670,54823,21121,
104,103,103,103,103,103,103,103,103,103,103,103,58718,103,59819,103,33509,54744,58681,103,103,
105,103,103,103,103,103,103,103,103,103,103,103,44986,37114,103,103,103,38779,57022,103,103,
106,103,103,103,103,103,103,103,103,103,103,45786,55666,28806,43929,103,53669,103,21711,14630,31412,
107,103,103,103,103,103,103,103,103,103,103,103,103,27750,12974,103,103,42776,103,103,36492,
108,103,103,103,103,103,103,103,103,103,103,103,103,103,37344,103,103,103,57935,40085,18440,
109,103,103,103,103,103,103,103,13157,103,103,35480,103,25596,42037,103,103,103,57173,103,103,
110,103,103,103,103,103,103,103,103,103,103,103,18597,103,103,50731,18246,11663,103,51515,103,
111,103,103,103,103,103,103,103,20932,103,103,29837,44401,103,53483,45528,13634,103,103,42412,103,
112,103,103,103,103,103,103,103,103,103,103,43756,103,17859,42124,103,58162,103,103,103,103,
113,103,103,103,103,103,103,103,103,103,103,56099,103,22852,103,11580,52258,103,13344,103,33633,
114,103,103,103,103,103,103,103,103,103,103,54555,57363,103,103,40857,103,35339,103,38018,103,
115,103,103,103,103,103,103,103,103,103,103,103,39798,103,103,103,28629,28838,40966,42743,40478,
116,103,103,103,103,103,103,103,103,103,103,55154,103,103,58382,45298,103,103,30177,56574,103,
117,103,103,103,103,103,103,103,103,103,103,39288,41515,103,36007,103,103,60181,103,52758,103,
118,103,103,103,103,103,103,103,103,103,103,60665,103,103,18759,103,103,42851,103,103,32132,
119,103,103,103,103,103,103,103,103,103,103,103,46665,48677,103,38176,55710,103,27988,103,103,
120,103,103,103,103,103,103,103,103,103,103,103,56484,103,103,49852,56445,26142,17965,11001,41071,
121,103,103,103,103,103,103,103,103,103,103,33369,56276,103,103,103,44637,41653,103,50751,103,
122,103,103,103,103,103,103,103,103,103,103,103,103,103,103,103,103,103,32164,103,32095,
123,103,103,103,103,103,103,103,103,103,103,103,103,103,49483,103,103,103,103,52642,103,
124,103,103,103,103,103,20592,103,103,103,103,35239,103,16773,103,103,26137,103,61420,103,55798,
125,103,103,103,103,103,103,103,103,103,103,10768,22756,58088,103,103,103,103,103,20285,103,
126,103,103,103,103,103,103,103,103,103,103,58971,46394,32927,26732,31969,103,58765,47780,103,13924,
127,103,103,103,103,103,103,103,103,103,103,103,26955,103,103,103,53349,39262,33143,39397,103,
128,103,103,103,103,103,103,103,103,11731,103,25505,103,45454,103,58868,31046,103,103,48805,21744,
129,103,103,103,103,103,103,103,20750,103,103,50426,103,59693,103,58665,13144,103,103,103,103,
130,103,103,103,19570,103,103,103,103,103,103,32286,103,103,103,103,44200,103,103,56917,28964,
131,103,103,103,103,103,103,103,103,103,103,103,103,50428,31227,20529,103,14497,56347,30162,56288,
132,103,103,103,103,103,103,103,103,103,103,56748,20680,29532,55986,12681,59379,103,52905,103,59952,
133,103,103,103,103,103,103,103,103,103,103,56623,103,103,103,13634,103,103,45024,103,35364,
134,103,103,103,103,103,103,103,103,103,103,103,103,103,32172,103,103,53923,103,103,103,
135,103,103,103,103,103,103,103,103,103,103,103,53713,103,103,103,103,103,47637,103,42328,
136,103,103,103,103,103,103,103,103,103,103,103,103,103,28346,38446,38512,103,103,30399,14550,
137,103,103,103,103,103,103,103,103,103,103,34254,11959,6393,103,2294,53450,26635,59779,103,103,
138,103,103,103,103,103,103,103,103,103,103,45211,103,48082,11503,16291,103,103,13022,103,103,
139,103,103,103,103,103,103,103,103,103,103,55305,103,32700,103,23940,26334,21110,39604,103,103,
140,103,103,103,103,103,103,103,103,103,103,31694,103,53398,103,10787,32122,50169,103,103,103,
141,103,103,103,103,103,103,103,103,103,103,45315,103,103,103,103,57043,23223,103,60095,14053,
142,103,103,103,103,103,103,103,103,103,103,103,16751,46991,24213,103,53103,58355,103,15995,103,
143,103,103,103,103,103,103,103,103,103,103,51677,103,103,41258,34109,17342,103,57396,52638,103,
144,103,103,103,103,103,103,103,103,103,103,49010,18212,60116,103,23728,103,103,19738,17303,28583,
145,103,103,103,103,103,103,103,103,103,103,103,103,47766,103,24231,34897,103,103,44051,59082,
146,103,103,103,103,103,103,103,103,103,103,55189,11338,103,37915,103,22235,13451,55898,45174,103,
147,103,103,103,103,103,103,103,103,103,103,103,53921,103,53736,59368,103,41841,103,103,41907,
148,103,103,103,103,103,103,103,103,103,103,57957,103,103,37646,25173,32978,58710,43364,103,48709,
149,103,103,103,103,103,103,18657,103,14972,103,103,26175,103,30670,103,21366,103,22268,35277,103,
150,103,103,103,103,103,103,103,103,103,103,103,103,44705,12327,103,103,48785,47317,47546,103,
151,103,103,103,103,103,103,103,103,103,103,103,103,103,103,103,103,103,103,103,103,
152,103,103,103,103,103,103,103,103,103,103,38196,40889,103,103,103,103,51914,24874,103,35260,
153,103,103,103,103,103,103,103,103,103,103,103,103,49829,19383,33969,45120,23776,46567,32562,54736,
154,103,103,103,103,103,103,103,103,103,103,103,103,103,21758,54922,103,103,103,25156,10100,
155,103,103,103,103,103,103,103,103,103,103,103,27893,103,103,37513,103,46785,103,103,47780,
156,103,103,103,103,103,103,103,103,103,103,103,60822,56399,54574,103,52748,29079,24016,14130,48199,
157,103,103,103,103,103,103,103,103,103,103,53175,40245,103,103,17353,103,60019,103,23050,12535,
158,103,103,103,103,103,103,103,103,103,103,103,50534,103,28325,103,103,103,49331,51229,53555,
159,103,103,7191,103,21045,103,103,103,103,103,57196,103,103,103,24464,33737,103,36719,56071,103,
160,103,103,103,103,103,103,103,103,103,103,103,103,37930,11165,103,103,103,103,45706,35229,
161,103,103,103,103,103,103,103,103,103,103,13405,103,103,103,103,39416,16100,54795,103,11455,
162,103,103,103,103,103,103,103,103,103,103,103,103,23889,45444,41357,103,44285,103,103,103,
163,103,103,103,103,103,103,103,103,103,103,103,103,58134,17411,21822,36671,17085,55087,103,103,
164,103,103,103,103,103,103,103,103,103,103,103,103,46135,103,57257,34024,50281,55999,57999,103,
165,103,103,103,103,103,103,103,103,103,103,16901,22102,53392,46662,12949,24750,50115,103,103,103,
166,103,103,103,103,103,103,103,103,103,103,44972,54959,103,49013,45049,103,103,60666,103,103,
167,103,103,103,103,18155,103,103,103,103,103,103,103,103,103,25654,103,58066,103,27870,103,
168,103,103,103,103,103,103,103,103,103,103,36185,103,58343,103,56857,10164,56699,103,103,103,
169,103,103,103,103,103,103,103,103,103,103,29745,103,55205,103,103,103,19588,103,103,103,
170,103,103,103,103,103,103,103,103,103,103,48158,103,103,17996,103,103,48100,52687,103,103,
171,103,103,103,103,103,103,103,103,103,103,103,26313,46768,103,103,103,54454,23698,103,16039,
172,103,103,103,103,103,13902,103,103,103,103,103,45440,26703,103,32773,41401,103,103,103,11994,
173,103,103,103,103,103,103,103,103,103,103,16011,60375,60030,59331,46647,103,103,103,13244,38671,
174,103,103,103,103,103,103,103,103,103,103,55060,103,58364,103,23831,16687,47417,103,20455,103,
175,103,103,103,103,103,103,103,103,103,103,17101,103,29619,103,103,103,50273,58902,49789,103,
176,103,103,10291,103,103,103,103,103,103,103,103,103,10163,16288,36508,32348,16741,103,103,44438,
177,103,103,103,103,103,103,103,103,103,103,103,35477,103,46268,20413,38471,50818,55370,13272,103,
178,103,103,103,103,103,103,103,103,103,103,103,103,103,16654,103,44150,30256,103,42250,103,
179,103,103,103,103,103,103,103,103,103,103,39110,103,54462,103,103,12631,103,103,55125,103,
180,103,103,103,103,103,103,103,103,103,103,52317,103,103,53446,103,13022,103,103,44392,103,
181,103,103,103,103,103,103,103,103,103,103,103,103,49124,103,103,12443,49891,56414,103,103,
182,103,103,103,103,103,103,103,103,103,103,103,103,29192,10706,54111,103,10908,103,103,33760,
183,103,103,103,103,103,103,103,103,103,103,31164,42241,50011,34422,103,103,103,103,103,103,
184,103,103,103,103,103,103,103,103,103,103,103,103,46416,18578,11397,21174,103,48039,103,103,
185,103,103,103,103,103,103,103,103,103,103,30491,33678,103,103,103,54747,103,46208,58736,18830,
186,103,103,103,103,103,103,103,103,103,103,103,103,103,103,103,103,103,103,59124,43859,
187,103,103,103,103,103,103,103,103,103,103,103,103,103,26728,40694,41119,103,35451,103,103,
188,103,103,103,103,103,103,103,103,103,103,103,51179,103,103,103,103,103,12539,20902,21573,
189,103,103,103,103,103,103,103,103,103,103,103,103,44556,103,103,11779,56793,42482,46883,48258,
190,103,103,103,103,103,103,103,103,103,103,30794,53316,34308,13312,41544,103,58634,27324,103,16848,
191,103,103,103,103,103,103,103,103,103,103,51180,48169,103,103,52993,36970,34081,15012,37180,103,
192,103,103,103,103,103,103,103,103,103,103,103,11532,103,43903,16342,53543,25742,103,103,103,
193,103,103,103,103,103,103,103,103,103,103,103,103,36322,103,103,13607,103,103,53604,103,
194,103,103,103,103,103,103,103,103,103,103,103,103,103,103,34152,103,103,56852,55195,103,
195,103,103,103,103,103,103,7394,103,103,103,41760,61668,103,926,103,32056,41623,103,40134,41860,
196,103,103,103,103,103,103,103,103,103,103,34473,103,103,103,52606,103,103,53461,103,49115,
197,103,103,103,103,103,103,103,103,103,7234,103,18589,59092,6322,37994,103,103,103,52569,39096,
198,103,103,103,103,103,103,103,103,103,103,30252,37145,29508,14174,22804,103,103,103,33081,14847,
199,103,103,103,103,103,103,103,103,103,103,44177,30371,103,25874,49059,103,43605,52834,103,103,
200,103,103,103,103,103,103,103,103,103,103,46511,103,103,22484,59602,103,103,45562,44751,56408,
201,103,103,103,103,103,103,103,14637,103,103,103,103,103,13186,103,103,23197,21420,10589,31568,
202,103,103,103,103,103,103,103,103,103,103,103,103,14738,59246,40373,103,32361,59250,103,103,
203,103,103,103,103,103,103,103,103,103,103,39532,103,54650,18545,103,103,103,103,53253,10649,
204,103,103,103,103,103,103,103,103,103,103,103,33102,103,23372,30212,21076,19304,46181,103,24102,
205,103,103,103,103,103,103,103,103,103,103,27384,25420,23915,103,103,14398,50326,103,103,103,
206,103,103,103,103,7549,103,103,103,103,103,31262,103,103,103,59586,33009,103,103,103,27591,
207,103,103,103,103,103,103,103,103,103,103,12422,103,47474,103,103,103,103,103,44997,24313,
208,103,103,103,103,103,103,103,103,103,103,14370,103,103,103,46259,103,55011,43498,17625,24538,
209,103,103,103,103,103,103,103,103,103,103,103,50803,58635,103,23809,103,49643,52976,103,103,
210,103,103,103,103,103,103,103,103,103,103,103,45459,103,103,103,103,33404,53638,55704,103,
211,103,103,103,103,103,103,103,103,103,103,57669,103,103,23277,103,35473,103,103,28802,28978,
212,103,103,103,103,103,103,103,103,103,103,103,103,103,51357,103,1631,56431,103,56590,22057,
213,103,103,103,103,103,103,103,103,103,103,27529,103,13458,29351,103,54780,103,103,103,103,
214,103,103,103,103,103,103,103,103,103,103,103,103,103,103,19030,103,103,37245,103,60419,
215,103,103,103,103,103,103,103,103,103,103,42307,103,13050,103,47655,103,47069,59570,17023,50954,
216,103,103,103,103,103,103,103,103,103,103,7198,46308,27529,103,103,14213,103,49566,50708,20957,
217,103,103,103,103,103,103,103,103,103,103,29590,24650,53722,103,103,43954,22244,40393,11299,47924,
218,103,103,103,103,103,103,103,103,103,103,40468,19740,103,103,57765,103,103,103,103,17055,
219,103,103,103,103,103,103,103,103,103,103,42771,39440,103,49593,23609,103,103,27358,24080,57555,
220,103,103,103,103,103,103,103,103,103,103,14012,20877,103,18179,37237,35651,9234,103,103,103,
221,103,103,103,103,103,103,103,103,103,103,103,57767,41147,37319,103,103,103,58779,103,12012,
222,103,103,103,103,103,103,103,103,103,103,31716,103,103,39375,54496,103,103,103,22030,103,
223,103,103,103,103,13786,103,103,103,103,103,103,103,48434,58080,17649,25108,103,30206,103,15496,
224,103,103,103,103,103,103,103,103,103,103,23598,46905,103,103,58563,103,103,58715,19637,16040,
225,103,103,103,103,103,103,103,103,103,103,103,40413,17109,103,103,103,103,43789,17772,103,
226,103,103,103,103,103,103,103,103,103,103,103,103,103,103,60082,48541,17714,13157,22815,103,
227,103,103,103,103,103,103,103,103,103,103,103,103,29798,103,58449,19865,103,51455,103,33220,
228,103,103,103,103,103,103,103,103,103,103,103,103,56013,48227,43159,27407,103,50723,49236,47270,
229,103,103,103,103,103,103,103,103,103,103,103,55711,103,103,32493,52749,103,103,23388,1063,
230,103,103,103,103,103,103,103,103,103,103,103,34054,44380,35144,57603,41071,61519,103,12231,15494,
231,103,103,103,103,103,103,103,103,103,103,22060,52577,103,19242,49789,103,55513,103,103,49632,
232,103,103,103,103,103,103,103,103,103,103,103,11017,103,103,32153,103,103,103,103,103,
233,103,103,103,103,103,103,103,103,103,103,103,32716,26511,103,15876,42469,44685,41414,103,35165,
234,103,103,103,103,103,103,103,17173,103,103,103,103,33363,58579,103,27044,56206,31217,103,56830,
235,103,103,103,103,103,103,103,103,103,103,5615,14364,103,103,46804,103,12176,40437,35275,103,
236,103,103,103,103,103,103,103,103,103,103,25156,103,103,16394,103,46661,103,58655,40272,32705,
237,103,103,103,103,103,103,103,103,103,103,103,103,103,103,103,103,42233,56078,35999,103,
238,103,103,103,103,103,103,103,103,103,103,2452,37939,15888,29637,47249,27003,103,58218,43226,103,
239,103,103,103,103,103,103,103,103,103,103,46151,56411,58930,58072,60599,103,46882,22662,46269,50348,
240,103,103,103,103,103,103,103,103,103,103,11121,103,103,35989,15875,22542,103,60053,103,43313,
241,103,103,103,103,103,103,103,103,103,103,25114,103,103,103,15588,103,22635,14359,42612,51041,
242,103,103,103,103,103,103,103,103,103,103,103,103,14004,103,103,103,103,30873,46244,103,
243,103,103,103,103,103,103,103,103,103,103,103,14973,103,103,28841,103,103,103,10965,19137,
244,103,103,103,103,103,103,103,103,103,103,103,103,103,29568,30730,55141,43595,103,103,43835,
245,103,103,103,103,103,103,103,103,103,103,103,103,103,103,103,103,50095,103,103,37369,
246,103,103,103,103,103,103,103,103,103,103,103,103,103,45685,50130,103,103,103,103,103,
247,103,103,103,103,103,103,103,103,103,103,31038,103,57570,103,57473,37002,103,48140,32938,103,
248,103,103,103,103,103,103,103,103,103,103,35231,103,56794,20237,103,103,103,52974,34972,19004,
249,103,103,103,103,103,103,103,103,103,103,103,59741,57833,53618,103,37274,103,32296,103,103,
250,103,103,103,103,103,103,103,103,103,18043,103,103,103,44393,51807,1601,103,38366,43388,103,
251,103,103,103,103,103,103,103,103,103,103,103,10838,16226,55505,46552,103,53983,51096,47751,103,
252,103,103,103,103,103,103,103,103,103,103,44015,103,20709,45510,103,103,103,27449,103,103,
253,103,103,103,103,103,103,103,103,103,103,32982,32867,103,103,53898,103,103,46930,103,13446,
254,103,103,103,103,103,103,103,103,103,103,53769,56682,103,19665,103,103,49493,36112,103,46793,
255,103,103,103,103,103,103,103,103,103,103,20995,55000,51193,103,27578,52996,103,22308,103,103,
256,103,103,103,103,103,103,103,103,103,103,103,34944,103,16799,103,103,57926,24599,103,45975,
257,103,103,103,103,103,103,103,103,103,103,103,103,103,40244,56182,103,103,27972,103,103,
258,103,103,103,103,103,103,103,103,103,103,48547,103,103,103,103,103,103,45973,103,10446,
259,103,103,6099,103,103,103,103,103,103,103,16513,36847,103,44303,103,55994,103,24589,54796,21982,
260,103,103,103,103,103,103,103,103,103,103,20015,103,56471,58034,54200,103,103,25244,103,53142,
261,103,103,103,103,103,103,103,103,103,103,103,46153,103,59797,48151,103,36551,103,60264,14485,
262,103,103,103,103,103,103,103,103,103,103,41399,103,29067,103,103,53868,103,55086,103,58441,
263,103,103,103,103,103,103,103,103,103,103,51980,50662,11591,103,103,103,37349,103,49547,103,
264,103,103,103,103,103,103,103,103,103,103,103,103,103,103,54312,103,20348,103,103,55696,
265,103,103,103,103,103,103,103,103,103,103,103,16727,103,103,103,103,103,103,42914,103,
266,103,103,103,103,103,103,103,103,103,103,16153,26927,54220,56312,55241,103,43399,103,41686,54657,
267,103,103,103,103,103,103,103,103,103,103,103,103,39932,47110,51600,11750,46691,103,103,103,
268,103,103,103,103,103,103,103,103,103,103,103,103,58434,103,18266,103,103,70810,51943,103,
269,103,103,103,103,103,103,103,103,103,103,103,103,51633,35997,11999,103,13685,103,24453,103,
270,103,103,103,103,103,103,103,103,103,103,37496,51633,103,46720,103,49192,103,43606,11943,103,
271,103,103,103,103,103,103,103,103,103,103,103,24813,103,24931,103,103,103,103,103,103,
272,103,103,103,103,103,103,103,103,103,103,103,17223,103,103,103,25044,17413,32229,40020,58136,
273,103,103,103,103,103,103,103,103,103,103,42983,25684,59564,103,56580,103,103,35069,103,103,
274,103,103,103,103,103,103,103,103,103,103,103,103,52723,31590,103,103,20132,17224,26978,3471,
275,103,103,103,103,103,103,103,103,103,103,103,17104,103,17290,58255,103,35151,27729,51942,38980,
276,103,103,103,103,103,103,103,103,103,103,103,11563,103,16170,55524,16437,103,103,59919,21648,
277,103,103,103,103,103,103,103,103,103,103,103,103,32474,40141,103,16459,50804,103,103,22041,
278,103,103,103,103,103,103,103,103,103,103,103,17165,103,103,103,28182,103,60279,103,103,
279,103,103,103,103,103,103,103,103,103,103,13073,58357,59220,37351,103,103,103,103,49365,41308,
280,103,103,103,103,103,103,103,103,103,103,103,103,103,20870,53455,103,103,103,103,20888,
281,103,103,11852,103,103,103,103,26034,103,103,103,37931,1583,103,103,37056,103,103,103,103,
282,103,103,103,103,103,103,103,103,103,103,103,14317,103,103,49415,52934,33039,13804,39707,103,
283,103,103,103,103,103,103,103,103,103,103,26131,14882,103,103,103,103,30704,103,41924,14924,
284,103,103,103,103,103,103,103,103,103,103,103,38087,12030,103,24415,103,103,103,103,103,
285,103,103,103,103,103,103,103,103,103,103,20237,57277,60113,103,16684,103,103,103,55029,103,
286,103,103,14041,103,103,103,103,103,103,14258,103,103,103,52691,103,10103,103,103,103,32226,
287,103,103,103,103,103,103,103,103,103,103,103,55567,103,10797,103,47629,103,103,20590,103,
288,103,103,103,103,103,103,103,103,103,103,103,103,103,39649,103,103,103,24576,26459,15906,
289,103,103,103,103,103,103,103,103,103,103,103,103,103,57489,103,18367,49287,52899,103,34471,
290,103,103,103,103,103,103,103,103,103,103,103,1299,103,103,53179,103,51627,58474,51141,59755,
291,103,103,103,103,103,103,103,103,103,103,103,39570,54313,103,103,103,50240,58942,29669,15866,
292,103,103,103,16000,103,103,103,103,103,103,12163,103,103,10704,49308,58358,13940,103,103,46197,
293,103,103,103,103,103,103,103,103,103,103,10188,103,103,103,103,103,25821,103,50587,43643,
294,103,103,103,103,103,103,103,103,103,103,103,54679,103,103,103,103,103,39970,20884,103,
295,103,103,103,103,103,103,103,103,103,103,20491,103,103,61475,103,48163,103,15196,103,43268,
296,103,103,103,103,103,103,103,103,103,103,55334,103,44642,24301,50277,48906,103,103,28573,38983,
297,103,103,103,103,103,103,103,103,103,103,103,103,42130,24791,103,31802,32379,28451,20805,23797,
298,103,103,103,103,103,103,103,103,5434,103,103,103,103,103,31251,103,29037,10091,103,21275,
299,103,103,103,103,103,103,103,103,103,103,11673,57433,31868,103,23550,103,48768,15002,57787,54320,
300,103,103,103,103,103,103,103,103,103,103,103,103,103,103,103,23085,55388,33659,103,9902,
301,103,103,103,103,103,103,103,103,103,103,103,103,103,27889,103,103,103,58592,35616,37119,
302,103,103,103,103,103,103,103,103,103,103,103,103,103,103,103,103,103,34790,29532,37913,
303,103,103,103,103,103,103,103,103,103,14436,45577,103,29533,103,45924,103,53985,103,40214,58016,
304,103,103,103,103,103,103,103,103,103,103,56797,20785,31931,103,103,103,103,14787,103,46536,
305,103,103,103,103,103,103,103,103,103,103,43882,26259,56088,103,43584,103,103,103,59367,58769,
306,103,103,103,103,103,103,103,103,103,103,103,103,20611,103,103,103,103,23307,40887,19246,
307,103,103,103,103,103,103,103,103,103,103,103,103,103,103,103,53804,103,29822,53648,32132,
308,103,103,103,103,103,103,103,103,103,103,103,57050,15718,37152,35652,51246,32538,103,25458,30933,
309,103,103,103,103,103,103,14083,103,103,103,103,103,42060,39196,103,103,57442,103,103,103,
310,103,103,103,103,103,103,103,103,103,103,42887,33173,52637,103,103,103,29590,103,103,103,
311,103,103,103,103,103,103,103,103,103,103,103,59019,45969,103,103,36230,103,103,103,43900,
312,103,103,103,103,103,103,103,103,103,103,54710,44076,103,103,22395,19065,31110,103,60696,10550,
313,103,103,103,103,103,103,103,103,103,103,19951,103,53152,17154,45955,103,103,16384,103,103,
314,103,103,103,18325,103,103,103,103,103,103,55694,103,103,103,22786,32727,103,12360,13946,27499,
315,103,103,103,103,103,103,103,103,103,103,103,10217,103,41638,103,19881,103,103,103,42632,
316,103,103,103,103,103,103,103,103,103,103,14338,12251,103,103,103,10967,103,38725,103,103,
317,103,103,103,103,103,103,103,103,103,103,53810,103,58650,103,52758,103,103,103,103,32638,
318,103,103,103,103,103,103,103,103,103,103,103,103,6061,10131,15935,27745,54256,60643,103,103,
319,103,103,103,103,103,103,103,103,103,103,17185,56359,103,103,43601,47694,103,46710,103,42958,
320,103,103,103,103,103,103,103,103,103,103,103,103,50116,103,20013,103,103,47646,103,52559,
321,103,103,103,103,103,103,103,103,103,103,57851,36659,25168,41005,24723,103,103,33219,103,33291,
322,103,103,103,103,103,103,103,103,103,103,103,55097,50643,103,103,103,60998,60317,103,48425,
323,103,103,103,103,103,103,103,103,103,103,103,19605,103,103,103,103,103,103,103,55846,
324,103,103,103,103,103,103,103,103,103,103,59489,103,103,103,17615,103,56549,103,11605,18060,
325,103,103,103,103,103,103,103,103,103,103,103,52529,103,103,55788,49783,103,103,103,25604,
326,103,103,103,103,103,103,103,103,103,103,45306,103,103,28224,49437,57230,103,45504,57055,103,
327,103,103,103,103,103,103,103,103,103,103,42522,103,57632,103,12592,11446,40187,103,103,103,
328,103,103,103,103,103,103,103,103,103,103,103,35704,103,49499,57766,48765,44912,54729,103,48124,
329,103,103,103,103,103,103,103,103,103,103,103,103,39292,58590,57920,32083,103,103,52248,103,
330,103,103,103,103,103,103,103,103,103,103,13134,31796,50095,103,103,15409,103,26572,51026,103,
331,103,103,103,103,103,103,103,103,103,103,103,103,12639,54785,103,103,103,52801,103,103,
332,103,103,103,103,103,103,103,103,103,103,103,103,44180,43496,11363,103,44880,58465,58682,20316,
333,103,103,103,103,103,103,103,103,103,103,103,24357,12554,103,103,103,55905,103,47416,103,
334,103,103,103,103,103,103,103,103,103,103,103,48205,103,47230,103,30385,103,103,11685,61380,
335,103,103,103,103,103,103,103,103,103,103,38100,103,103,103,52032,31436,103,39759,103,103,
336,103,103,103,103,103,103,103,103,103,103,103,30600,103,42548,56875,25915,18134,103,44491,55784,
337,103,103,103,103,103,103,103,13311,103,103,22740,103,42887,44730,103,103,22082,103,103,48991,
338,103,103,103,103,103,103,103,103,103,103,103,103,103,103,12028,21051,103,15145,48934,21849,
339,103,103,103,103,103,103,103,103,103,103,27169,56821,40058,48016,49593,50768,103,38570,103,18359,
340,103,103,1650,103,103,103,103,103,103,103,103,103,42560,43524,103,103,40798,103,19760,103,
341,103,103,103,103,103,103,103,103,15562,103,15744,19867,103,57537,13013,46223,37403,56455,33829,46127,
342,103,103,103,103,103,103,103,103,103,103,15297,103,24830,103,103,25830,103,58468,21967,42625,
343,103,103,103,103,103,103,103,103,103,103,103,37641,103,22390,47388,103,58776,37857,39821,30218,
344,103,103,103,103,103,103,103,103,103,103,103,28802,39171,36434,46196,32287,103,103,103,57717,
345,103,103,103,103,103,103,103,103,103,103,103,49621,44870,57082,34666,103,29560,32690,40737,103,
346,103,103,103,103,103,103,103,103,103,103,103,103,103,103,50454,103,33942,103,21083,103,
347,103,103,103,103,103,103,103,103,6226,103,103,103,103,103,30410,103,53414,103,103,11010,
348,103,103,103,103,103,103,103,103,103,103,103,55406,36456,55840,103,103,45709,54169,55683,103,
349,103,103,103,103,103,103,103,103,103,103,103,103,16827,103,42888,47231,10158,37725,26727,103,
350,103,103,103,103,103,103,103,103,103,103,57391,103,41527,103,26670,103,13601,103,103,103,
351,103,103,103,103,103,103,103,103,103,103,103,22988,103,33499,43020,103,43693,103,46932,103,
352,103,103,103,103,103,103,103,103,103,103,21963,103,28310,38502,103,103,103,103,103,48817,
353,103,103,103,103,103,935,935,11703,103,103,33826,103,103,44520,103,34068,41077,103,103,19962,
354,103,103,103,103,103,103,103,103,103,103,103,103,103,51148,12572,54896,103,103,37946,103,
355,103,103,103,103,103,103,103,103,103,103,34379,44782,43826,103,103,103,103,103,103,54423,
356,103,103,103,103,103,103,103,103,103,103,38922,103,103,50745,103,103,14798,28517,103,39717,
357,103,103,103,103,103,103,103,103,103,103,103,59838,33347,103,32210,46965,103,37669,103,11376,
358,103,103,103,103,103,103,103,103,103,103,103,57919,103,103,47468,16784,46055,53481,103,8536,
359,103,103,103,103,103,103,103,103,103,103,18146,103,103,14236,11787,103,23439,103,58982,40754,
360,103,103,103,103,103,103,103,103,103,103,17573,103,103,103,103,47911,55956,20634,103,54563,
361,103,103,103,103,166,166,103,103,103,103,32794,103,61678,4086,103,25773,103,103,103,103,
362,103,103,103,17537,103,103,103,103,103,103,7948,103,54856,37264,51398,103,60526,57907,103,15086,
363,103,103,103,103,103,103,103,103,103,103,17783,103,27108,103,23121,103,26896,47529,103,103,
364,103,103,103,103,103,103,103,103,103,103,18566,51437,12779,41002,103,103,1205,41589,103,103,
365,103,103,103,103,103,103,103,103,103,103,44046,103,103,55888,43990,21143,19186,12864,103,103,
366,103,103,103,103,103,103,103,103,103,103,12269,45082,103,14385,40862,103,43548,103,103,103,
367,103,103,103,103,103,103,103,103,103,103,58503,103,103,22785,51829,103,18594,103,103,103,
368,103,103,103,103,103,103,103,103,103,103,103,103,54423,46817,103,53968,103,59336,35009,37011,
369,103,103,103,103,103,103,103,20723,103,103,25806,19727,35787,103,103,103,103,103,15524,103,
370,103,103,103,103,103,103,103,103,103,103,103,46274,21980,103,103,25562,103,45630,103,103,
371,103,103,103,103,103,103,103,103,103,103,55816,49789,103,103,103,103,103,41460,51124,58477,
372,103,103,18061,103,103,103,103,103,103,103,103,25467,103,103,38543,41040,103,19242,103,103,
373,103,103,1594,103,103,103,103,103,103,103,103,103,103,103,15719,1036,103,26517,103,51068,
374,103,103,103,103,103,103,103,103,103,103,103,52614,43740,103,103,56790,103,103,35813,31222,
375,103,103,103,103,103,103,103,103,103,103,50501,11882,55914,103,38104,103,51322,103,51638,22735,
376,103,103,23602,103,103,103,103,103,103,103,52732,36272,103,103,103,19031,103,103,103,103,
377,103,103,103,103,103,103,103,103,103,103,47506,103,103,103,103,44749,47662,103,103,103,
378,103,103,103,103,103,103,103,103,103,103,59952,4489,43470,41158,55007,103,45922,103,103,103,
379,103,103,103,103,103,103,103,103,103,103,103,103,58970,103,103,13504,103,103,54132,103,
380,103,103,103,26617,103,103,103,103,103,103,103,44675,41997,18601,32014,103,28202,103,103,103,
381,103,103,103,103,103,103,103,103,103,103,103,103,103,53872,31637,41897,16176,103,103,103,
382,103,103,103,103,103,103,103,103,103,103,103,23070,55337,16623,46532,103,20519,103,58891,103,
383,103,103,103,103,103,103,103,103,103,103,33264,103,19165,26013,36155,103,103,24757,11241,11076,
384,103,103,103,103,103,103,103,103,103,103,29376,39915,103,103,59201,16831,103,12674,103,103,
385,103,103,103,17957,17957,103,103,103,103,17957,11379,103,25652,103,23714,48887,17566,103,103,103,
386,103,103,103,103,103,103,103,103,103,103,28909,13998,103,103,103,15847,32791,39240,103,27424,
387,103,103,103,103,103,103,103,103,103,103,11105,36852,21297,44742,103,24686,45124,103,45008,31372,
388,103,103,103,103,103,103,103,103,103,9474,103,103,103,58503,10676,103,46332,52633,103,36021,
389,103,103,103,103,103,103,103,103,103,103,103,41831,18857,103,103,40982,103,19330,10559,103,
390,103,103,103,103,103,103,103,103,103,103,59850,103,16655,103,103,55654,24683,23619,103,103,
391,103,103,103,103,103,103,103,103,103,103,55963,12101,103,103,103,32911,60077,103,52423,34567,
392,103,103,103,103,103,103,103,103,103,103,29143,103,56937,103,103,103,52384,16505,103,103,
393,103,103,103,103,103,103,103,103,103,103,103,103,20819,44662,103,103,103,103,103,38600,
394,103,103,103,103,103,103,103,103,103,103,57848,36655,103,103,103,31937,103,103,103,21354,
395,103,103,103,103,103,103,103,103,103,103,55039,103,103,103,54643,103,37214,24123,24061,103,
396,103,103,103,103,103,103,103,103,103,103,103,33193,103,103,103,51338,103,36941,38873,103,
397,103,103,103,103,103,103,103,103,103,103,42576,103,23058,103,103,103,40686,103,55513,37001,
398,103,103,103,103,103,103,103,103,103,103,14432,103,103,103,103,39224,20449,103,27649,103,
399,103,103,103,103,103,103,103,103,103,103,54565,103,103,103,23813,57606,27754,103,33138,103,
400,103,103,103,103,103,103,103,103,103,103,25405,11175,22488,103,24718,103,103,30364,103,50003,
401,103,103,103,103,103,103,103,103,103,103,103,103,56057,103,28326,103,14263,103,103,34707,
402,103,103,103,103,103,103,103,103,103,103,13173,54561,50319,35784,103,50370,103,55673,56960,10529,
403,103,103,103,103,103,103,103,103,103,103,14695,26930,42363,56811,103,103,51467,103,54728,103,
404,103,103,103,103,103,103,103,103,13994,103,103,103,103,103,103,27190,103,103,43835,103,
405,103,103,103,103,103,103,103,103,103,103,103,103,41071,103,103,34471,103,44542,103,103,
406,103,103,103,103,103,103,103,103,103,103,43211,41469,103,12253,103,103,21743,20619,103,48595,
407,103,103,103,103,103,103,103,103,103,103,103,31901,103,23247,41860,103,58179,13783,103,50840,
408,103,103,103,103,103,103,103,103,103,103,57471,58535,103,103,103,103,41413,103,103,18798,
409,103,103,103,103,103,103,103,103,103,103,23698,53726,103,31806,103,103,103,103,103,103,
410,103,103,103,103,18955,103,103,103,103,103,29552,103,21353,103,103,103,103,103,23271,28036,
411,103,103,103,103,103,103,103,103,103,103,103,34286,103,33087,103,35247,103,30579,28077,103,
412,103,103,103,103,103,103,103,103,103,103,103,103,103,103,103,103,32324,59332,28726,103,
413,103,103,103,103,103,103,103,103,103,103,103,54594,47663,42222,103,30140,58212,28203,103,36781,
414,103,103,103,103,103,103,103,103,103,103,103,58183,45314,56627,57403,39667,103,16075,27900,20458,
415,103,103,103,103,103,103,103,103,103,103,23966,103,57955,52899,25278,103,15494,103,42940,26955,
416,103,103,103,103,103,103,103,103,103,103,10268,103,103,29262,33719,19595,47188,103,103,103,
417,103,103,103,103,103,103,103,103,103,103,103,28120,57048,41807,10432,46388,53728,50283,10619,103,
418,103,103,103,103,103,3346,103,103,103,103,103,16864,103,31526,103,13194,103,103,103,55494,
419,103,103,103,103,103,103,103,103,103,103,39758,103,103,29006,103,103,24303,42937,38543,15478,
420,103,103,103,103,103,103,103,103,103,103,103,45422,103,103,49744,12313,103,20309,53027,23889,
421,103,103,103,103,103,103,103,103,103,103,103,103,103,103,103,11411,103,103,52325,53171,
422,103,103,103,103,103,103,103,103,103,103,2719,103,57782,103,103,103,52434,26834,39037,103,
423,103,103,103,103,103,103,103,103,103,103,21142,103,103,16417,56137,103,103,103,26696,56938,
424,103,103,103,103,103,103,103,103,103,103,43415,103,103,35698,103,103,14618,103,12820,103,
425,103,103,103,103,103,103,103,103,103,103,103,35907,103,103,17573,23841,103,14438,43488,30976,
426,103,103,103,103,103,103,103,103,103,103,103,103,103,103,103,56386,103,103,103,103,
427,103,103,103,103,103,103,103,103,103,103,18207,26656,41435,103,25188,26066,103,35517,103,103,
428,103,103,103,103,103,103,103,103,103,103,53540,33133,59843,41275,103,33041,103,12101,103,103,
429,103,103,103,103,103,103,103,103,103,103,26392,103,103,103,103,22298,50485,44645,54937,103,
430,103,103,103,103,103,103,103,103,103,629,103,31277,41724,103,103,103,55183,103,103,103,
431,103,103,103,103,103,103,103,103,103,103,11174,103,25908,51278,103,47014,103,27890,103,23169,
432,103,103,103,103,103,103,103,103,103,103,103,19202,103,103,17028,103,32611,10971,103,103,
433,103,103,103,103,103,103,103,103,103,103,103,103,11882,103,103,103,19928,103,30016,45479,
434,103,103,103,103,103,103,103,103,103,103,30749,103,22910,44483,17606,20903,45340,103,103,103,
435,103,103,103,103,1202,103,103,103,103,103,44940,10559,17338,14968,12416,103,41499,103,103,103,
436,103,103,103,103,103,103,103,103,103,103,103,37750,103,103,103,16196,14311,103,103,53704,
437,103,103,103,103,103,103,103,103,103,103,103,27753,53505,103,103,12670,103,39119,28438,47222,
438,103,103,103,103,103,103,103,103,103,21115,49641,103,103,41034,17061,46693,103,44189,49018,103,
439,103,103,103,103,103,19287,19287,103,103,103,103,54126,103,103,43106,55639,46739,33618,103,20509,
440,103,103,103,103,103,103,103,103,103,103,103,14641,16860,103,103,27709,54555,44026,19841,103,
441,103,103,103,103,103,103,103,103,103,103,103,103,30545,103,103,103,103,13609,25998,103,
442,103,103,103,103,103,103,103,103,103,103,103,46273,103,103,103,18677,10473,103,39314,24796,
443,103,103,103,103,103,103,103,7337,103,103,58790,36957,103,27832,32192,32706,18096,26745,11922,103,
444,103,103,103,103,103,103,103,103,103,103,103,103,103,47475,14740,103,30817,103,26579,103,
445,103,103,103,103,103,103,103,103,103,103,42881,103,11202,17342,103,58090,103,103,103,20396,
446,103,103,103,103,103,103,103,103,103,103,103,103,103,49482,44526,33142,103,103,103,103,
447,103,103,103,103,103,103,103,103,103,103,37919,103,21077,103,103,25776,103,53110,22226,103,
448,103,103,103,103,103,103,103,103,103,103,103,31042,103,103,31236,58357,53960,31319,49692,36663,
449,103,103,103,103,103,103,103,103,103,103,103,36936,11424,32963,103,103,13617,103,103,103,
450,103,103,103,103,103,103,103,103,103,103,54697,30083,24008,25628,103,103,103,103,29206,22328,
451,103,103,103,103,103,103,103,103,103,103,39329,103,39668,52819,103,103,27394,29304,56326,103,
452,103,103,103,103,103,103,103,103,103,1742,103,27523,103,103,13750,103,103,103,57609,103,
453,103,103,103,103,103,103,103,103,103,103,103,11570,103,46518,52720,103,103,103,32862,33195,
454,103,103,103,103,103,103,103,103,103,103,103,12633,28623,58848,18944,103,103,43125,103,51215,
455,103,103,103,103,103,103,103,103,103,103,103,53893,33426,28331,47982,103,103,53582,41808,47040,
456,103,103,103,103,103,103,103,103,103,103,103,10313,103,103,27604,19899,103,59495,103,14950,
457,103,103,103,103,103,103,103,103,103,103,40454,103,103,22961,42532,103,103,24691,103,103,
458,103,103,103,103,103,103,103,103,103,103,24599,103,103,103,103,43176,103,48788,42971,103,
459,103,103,103,103,103,103,103,103,103,103,17155,103,103,103,46809,103,103,24474,46912,15801,
460,103,103,103,103,103,103,103,103,103,103,103,103,56863,103,23091,103,103,45583,22716,103,
461,103,103,103,103,103,103,103,103,103,103,103,36958,103,103,103,103,103,103,103,60296,
462,103,103,103,103,103,103,103,103,103,103,41593,47189,44396,44706,103,103,103,59003,15351,103,
463,103,103,103,103,103,103,103,103,103,103,103,57127,103,30016,45292,21269,103,103,103,55862,
464,103,103,103,103,103,103,103,103,103,103,55703,29500,50193,103,59669,103,27980,103,53575,103,
465,103,103,103,103,103,103,103,103,103,103,24171,23676,103,20086,103,18064,103,36855,54293,32878,
466,103,103,103,103,103,103,103,103,103,103,38042,47268,24588,57855,103,37473,103,41610,103,103,
467,103,103,103,103,103,103,103,103,103,103,15746,10719,54139,56324,28569,103,37616,103,26526,103,
468,103,103,103,103,103,103,103,12435,103,103,11010,17938,103,103,103,45561,43387,103,37242,21980,
469,103,103,103,103,103,103,103,103,103,103,103,18104,103,103,43425,37205,103,103,103,103,
470,103,103,103,103,103,103,103,103,103,103,103,17564,60934,11688,103,33696,103,51108,103,23468,
471,103,103,103,103,103,103,103,103,103,103,40422,103,103,36157,30551,103,47170,26434,103,103,
472,103,103,103,103,103,103,103,103,103,103,103,103,16414,103,103,103,42030,37972,30511,103,
473,103,103,103,103,103,103,103,103,103,103,103,103,55880,103,33077,57635,103,103,103,24916,
474,103,103,103,103,103,103,103,103,103,103,56451,103,103,25864,55550,17742,38583,103,103,103,
475,103,103,103,103,103,103,103,103,103,103,23285,103,45545,103,103,35595,39555,103,103,103,
476,103,103,103,103,103,103,103,103,103,103,31223,11522,103,11572,103,103,103,46576,103,103,
477,103,103,103,103,103,103,103,103,103,103,47655,103,103,15786,103,103,18302,20367,103,103,
478,103,103,103,103,103,103,103,103,103,103,27699,103,103,103,103,103,103,16253,103,18473,
479,103,103,103,103,103,103,103,103,103,103,32605,103,103,103,47563,20343,54058,46208,103,103,
480,103,103,103,103,103,103,103,103,26287,103,103,103,28260,103,103,103,103,55873,103,54942,
481,103,103,103,103,103,103,103,103,103,103,29555,27262,103,59823,54253,103,103,103,103,48884,
482,103,103,103,103,103,103,103,103,103,103,103,60174,103,32199,36964,34666,103,52402,103,18592,
483,103,103,103,103,103,103,103,103,103,103,15838,103,51807,103,103,103,57626,103,57267,26223,
484,103,103,103,103,103,103,103,103,103,103,47292,59175,26759,103,12734,103,103,103,103,39910,
485,103,103,103,103,103,103,103,103,103,103,103,22329,103,103,103,103,103,103,39073,103,
486,103,103,103,103,103,103,103,103,103,103,103,57280,24686,43787,14938,103,50447,54133,103,37927,
487,103,103,103,103,103,103,103,103,103,103,33082,103,52186,49913,25864,35367,103,54516,103,57059,
488,103,103,26766,103,103,103,103,103,103,103,103,56329,103,103,103,103,103,11892,103,59327,
489,103,103,103,103,103,103,103,103,103,103,45063,103,58836,103,103,103,103,54601,103,103,
490,103,103,103,103,103,103,103,103,103,103,51604,44788,103,37619,103,103,103,103,55062,33799,
491,103,103,103,103,103,103,103,103,103,103,103,103,103,103,103,57400,57057,31132,48337,21981,
492,103,103,103,103,103,16496,103,103,103,103,37161,58919,25129,103,37164,44498,103,23173,103,103,
493,103,103,103,103,103,103,103,103,103,103,51178,103,58589,17263,103,103,103,6195,40697,59038,
494,103,103,103,103,103,103,103,103,103,103,34706,11361,103,103,28599,103,18667,22748,103,103,
495,103,103,103,103,103,103,103,103,103,103,45320,36696,103,55660,103,103,51836,14118,103,103,
496,103,103,103,103,103,103,103,103,103,103,55289,32565,23222,103,48664,30406,103,55691,103,103,
497,103,103,103,103,103,103,103,103,103,103,12256,57379,103,103,54812,55284,103,103,20322,103,
498,103,103,103,103,103,103,103,103,103,103,22231,15754,103,103,16843,16532,52639,13407,103,56344,
499,103,103,103,103,103,103,103,103,103,103,103,103,16862,49824,103,16527,103,10503,55686,46321,
500,103,103,103,103,103,103,103,103,103,103,25445,103,103,103,20077,50974,103,57251,103,55600,
501,103,103,103,103,103,103,103,103,103,103,40000,103,17330,103,103,103,103,103,103,103,
502,103,103,103,103,103,103,103,103,103,103,103,103,103,103,40071,53471,44227,45961,30742,32775,
503,103,103,103,103,103,103,103,103,103,103,33700,54022,103,18252,48318,26681,11137,103,103,58441,
504,103,103,103,103,103,103,103,103,103,103,103,40322,103,103,39826,11756,43245,103,103,12736,
505,103,103,103,103,103,103,103,103,103,103,19658,34544,103,103,61231,103,34448,103,46622,103,
506,103,103,103,103,103,103,103,103,103,103,55060,103,103,103,103,40711,51121,103,12764,103,
507,103,103,103,103,103,103,103,103,103,103,32151,60949,41049,103,103,103,103,45013,103,103,
508,103,103,103,103,103,103,103,103,103,103,103,103,103,103,59790,103,103,15063,50166,35341,
509,103,103,103,103,103,103,103,103,103,103,54412,103,103,19054,43028,45871,15475,45854,103,103,
510,103,103,103,103,103,103,103,103,103,103,103,103,11200,20595,103,103,30718,103,10420,103,
511,103,103,103,103,103,103,103,103,103,103,20037,103,37790,58180,103,103,103,27373,50815,32863,
512,103,103,103,103,103,103,103,103,103,103,103,103,18049,59098,18767,103,34229,12204,103,103,
513,103,103,103,103,103,103,103,103,103,103,13712,26277,52837,40691,46879,51110,103,103,49506,103,
514,103,103,103,103,103,103,103,103,103,103,103,37382,22299,103,103,32615,103,103,54654,57223,
515,103,103,103,103,103,103,103,103,103,103,103,103,103,19591,22617,56760,103,27775,103,27932,
516,103,103,103,103,103,103,103,103,103,103,103,103,103,103,103,103,57604,51747,47605,11329,
517,103,103,103,103,103,103,103,103,103,103,25379,46465,103,53047,47007,48222,103,103,103,18855,
518,103,103,103,103,103,103,103,103,103,103,11000,103,47778,18057,103,55661,13369,103,103,57441,
519,103,103,103,103,103,103,103,103,103,103,103,103,48854,103,47132,103,103,55330,51634,103,
520,103,103,103,103,103,103,103,103,103,103,103,36110,103,103,51122,103,103,20750,12102,29403,
521,103,103,103,103,103,103,103,103,103,103,34919,61079,30484,21969,103,18812,103,45106,103,48894,
522,103,103,103,103,103,103,103,103,103,103,103,103,103,103,103,103,61422,103,11193,103,
523,103,103,103,103,103,103,103,103,103,103,27909,103,53810,103,48224,10970,103,27834,21006,59881,
524,103,103,103,103,103,103,103,103,103,103,49351,53645,103,103,34252,103,103,103,13930,28244,
525,103,103,103,103,103,103,103,103,103,103,103,103,103,32478,32066,53935,103,33058,103,103,
526,103,103,103,103,103,103,103,103,103,103,16999,103,30327,103,103,103,103,44765,56991,47525,
527,103,103,103,103,103,103,103,103,103,103,58885,48363,103,103,103,103,29371,57810,103,103,
528,103,103,103,103,103,103,103,103,103,103,13351,103,43198,103,19734,103,103,58363,39186,103,
529,103,103,11275,103,103,103,103,103,103,103,103,103,16903,22442,103,103,15879,103,103,28614,
530,103,103,103,103,103,103,103,103,103,103,103,43670,55117,103,103,52227,39948,103,103,103,
531,103,103,103,103,103,103,103,103,103,103,27968,103,12535,50308,103,103,19365,41487,45024,42173,
532,103,103,4491,103,103,103,103,103,103,103,21772,103,103,54693,103,103,35911,103,103,8102,
533,103,103,103,103,103,103,103,103,103,103,103,103,103,30600,29471,103,103,103,25424,103,
534,103,103,103,103,103,103,103,103,103,103,103,103,103,41206,103,51944,53569,103,103,26570,
535,103,103,103,103,103,103,103,103,103,103,24875,50180,17026,103,57240,43456,103,39697,35970,103,
536,103,103,103,103,103,103,103,103,103,103,103,32601,103,103,35320,103,13662,103,52572,47170,
537,103,103,103,103,103,103,103,103,103,103,34965,10588,103,18749,34806,59504,23030,54468,51584,52400,
538,103,103,103,103,103,103,103,103,103,103,46769,103,58124,103,44889,60298,36452,103,54330,103,
539,103,103,103,103,103,103,103,103,103,103,24502,103,55841,103,103,16646,53470,103,54869,103,
540,103,103,103,103,103,103,103,103,103,103,48158,103,103,55831,103,103,103,103,33031,52399,
541,103,103,103,103,103,103,103,103,103,103,103,103,58116,28619,103,27670,11180,53074,52855,103,
542,103,103,103,103,103,103,103,103,103,103,103,54655,21040,103,60502,33696,40190,103,103,103,
543,103,103,103,103,103,103,103,103,103,103,103,27741,103,55245,103,55080,103,103,103,32827,
544,103,103,103,103,103,103,103,103,103,103,103,103,46615,29012,26782,34402,43245,57603,12546,23485,
545,103,103,103,103,103,103,103,103,103,103,39527,103,24753,18750,103,103,103,103,103,103,
546,103,103,103,103,103,103,103,103,103,103,48451,103,10453,103,103,55358,103,31081,103,56268,
547,103,103,103,103,103,103,103,23148,103,103,103,58465,44152,103,103,103,16444,10979,57430,18678,
548,103,103,103,103,103,103,103,103,103,103,103,103,32601,40565,20585,44967,47226,103,103,103,
549,103,103,103,103,103,103,103,103,103,103,56781,103,19646,31505,29086,29370,103,103,103,32166,
550,103,103,103,103,103,103,103,103,103,103,44645,103,103,28456,58991,103,34841,10301,103,56085,
551,103,103,103,103,103,103,103,103,103,103,103,103,12916,58305,103,103,59849,47962,22138,103,
552,103,103,103,103,103,103,103,103,103,103,103,103,103,103,103,57981,103,45255,28210,55138,
553,103,103,103,103,103,103,103,103,103,103,103,55129,103,103,103,52126,39024,46983,103,103,
554,103,103,103,103,103,103,103,103,103,103,103,103,103,26241,42013,37627,40024,103,41851,13248,
555,103,103,103,103,103,103,103,103,103,103,103,103,103,103,103,49702,41081,13044,103,103,
556,103,103,103,103,103,103,103,103,103,103,103,27378,50370,42919,103,103,103,103,103,103,
557,103,103,103,103,103,103,103,103,103,103,49889,26434,34570,103,54184,103,103,103,57716,103,
558,103,103,103,103,103,103,103,103,103,103,14298,103,17011,103,103,103,55985,56439,103,103,
559,103,103,103,103,103,103,103,103,103,103,27318,103,103,103,27790,103,103,52426,40397,103,
560,103,103,103,103,103,103,103,103,103,103,103,103,34692,33037,37410,103,36785,103,103,103,
561,103,103,103,103,103,103,103,103,103,103,103,103,103,35164,103,53410,36058,56083,103,48334,
562,103,103,21585,103,103,103,103,103,103,103,103,103,12247,41724,103,33366,11325,103,103,103,
563,103,103,103,103,103,103,103,103,103,103,54284,103,103,31771,53131,33293,103,103,103,103,
564,103,103,103,103,103,103,103,103,103,103,35733,30001,56155,103,24191,103,103,16516,103,103,
565,103,103,103,103,103,103,103,103,103,103,103,103,103,51331,16351,103,103,103,103,30616,
566,103,103,103,103,103,103,103,103,103,103,38994,13165,59250,22075,103,43442,50064,56913,103,46973,
567,103,103,103,103,103,103,103,103,103,103,19591,103,28480,103,50015,103,56038,49369,28576,103,
568,103,103,103,103,103,103,103,103,103,103,103,54610,57618,103,103,103,103,103,25424,103,
569,103,103,103,103,103,103,103,103,103,103,103,103,103,103,41924,103,41537,49582,103,103,
570,103,103,103,103,103,103,103,103,103,103,49413,103,103,47141,103,12089,47457,29825,103,103,
571,103,103,103,103,103,103,103,103,14024,103,103,103,20590,103,103,103,103,103,39012,103,
572,103,103,103,103,103,103,103,103,103,103,103,51836,13964,52427,103,51750,43235,103,103,57869,
573,103,103,103,103,103,103,103,103,103,103,103,103,103,103,58276,11275,51817,103,103,34054,
574,103,103,103,24304,103,103,103,103,103,103,25165,103,103,50368,48179,103,29760,44059,103,103,
575,103,103,103,103,103,103,103,103,103,103,103,103,103,15940,103,103,46758,103,55684,36532,
576,103,103,103,103,103,103,103,103,103,103,58057,103,103,29629,103,33937,24880,103,103,103,
577,103,103,103,103,103,103,103,103,103,103,103,103,103,40754,103,16356,103,25724,103,25892,
578,103,103,103,103,103,103,103,103,103,103,103,49675,103,103,56625,41081,103,103,103,103,
579,103,103,103,103,103,103,103,103,103,621,103,103,39254,103,103,57377,23490,50085,40214,103,
580,103,103,103,103,103,103,103,103,103,103,103,41314,49529,103,43446,103,103,103,28698,103,
581,103,103,103,103,103,103,103,103,103,103,103,103,103,49081,20428,103,55025,17284,18193,103,
582,103,103,103,103,103,103,103,103,103,103,46127,103,103,103,103,103,11560,103,103,25002,
583,103,103,103,103,103,103,103,103,103,103,57114,57115,103,35701,103,41656,103,34114,23847,103,
584,103,103,103,103,103,103,103,103,103,103,103,44626,103,30497,56601,103,103,103,11645,58462,
585,103,103,103,103,103,103,103,103,103,103,14242,103,38149,57330,26334,15463,29208,103,27178,20150,
586,103,103,103,103,103,103,103,103,103,103,29865,13024,103,103,103,103,35680,55242,103,46786,
587,103,103,103,103,103,103,103,103,103,103,103,103,103,103,38103,50372,39066,25227,103,59011,
588,103,103,103,103,103,103,103,103,103,103,36552,32430,103,103,103,31049,103,36860,103,103,
589,103,103,103,103,103,103,103,103,103,103,35128,55929,47190,103,103,35328,103,103,56993,56635,
590,103,103,103,103,103,103,103,103,103,103,57125,14769,103,103,103,12434,103,103,25571,103,
591,103,103,103,103,103,103,103,103,103,103,103,54150,25880,53018,20152,59030,103,103,54226,103,
592,103,103,103,103,103,103,103,103,103,103,23352,43482,103,55161,103,103,54511,103,10324,103,
593,103,103,103,103,103,103,103,103,4645,103,56495,18241,31496,20305,103,103,103,37108,54507,23894,
594,103,103,103,103,103,103,103,103,103,103,103,52566,57580,39592,48620,56945,30371,103,19525,34687,
595,103,103,103,103,103,103,103,103,103,103,17606,103,54535,103,103,103,48856,103,26571,103,
596,103,103,103,103,103,103,103,103,103,103,30479,103,16306,41564,103,103,103,103,45830,20179,
597,103,103,103,103,103,103,103,103,103,103,49531,45122,24115,103,53095,24620,60369,103,103,57976,
598,103,103,103,103,103,103,103,103,103,103,15840,45831,103,103,103,55799,103,103,103,49083,
599,103,103,103,103,103,103,103,103,103,103,103,103,103,15590,103,16427,51000,58313,47045,103,
600,103,103,103,103,103,13509,103,103,103,103,103,103,57590,44638,52971,103,14614,51419,50352,103,
601,103,103,103,103,103,103,103,103,103,103,103,103,103,103,43897,41176,103,37366,103,103,
602,103,103,103,103,103,103,103,103,103,103,103,103,103,49672,10804,103,103,26641,45625,33442,
603,103,103,103,103,103,103,103,103,103,103,103,48973,103,103,103,25559,54234,32991,103,22422,
604,103,103,103,103,103,103,103,103,103,103,10614,17815,16855,103,44106,50362,103,103,15575,40854,
605,103,103,103,103,103,103,103,103,103,103,55543,103,103,103,103,103,103,11414,30256,21193,
606,103,103,103,103,103,103,103,103,103,103,45186,46357,103,103,103,103,16107,28309,46290,42601,
607,103,103,103,103,103,28635,103,103,16688,16688,10619,22479,103,103,103,17196,103,103,103,103,
608,103,103,103,103,103,103,103,103,103,103,103,28946,35262,103,103,15499,55241,40288,13581,103,
609,103,103,103,103,103,103,103,103,103,103,103,103,38511,103,59516,18488,103,103,103,103,
610,103,103,103,103,103,103,103,103,103,103,52765,103,55132,103,103,15497,28099,43682,50106,38199,
611,103,103,103,103,103,103,103,103,103,103,50104,56411,56483,47329,103,103,103,56614,103,69535,
612,103,103,103,103,103,103,103,103,103,103,11142,44873,103,103,103,103,103,103,103,103,
613,103,103,103,103,103,103,103,103,103,103,51793,103,44270,16087,103,103,103,103,103,103,
614,103,103,103,103,103,103,103,103,103,103,15866,103,103,11721,103,50644,103,25782,103,103,
615,103,103,103,103,103,103,103,103,103,103,10282,12597,13809,57736,103,10682,103,10529,17034,103,
616,103,103,103,103,103,103,103,103,103,103,103,31112,103,103,20912,6958,36527,46057,103,29082,
617,103,103,103,103,103,103,103,103,103,103,103,51657,103,33000,103,10880,103,22041,43438,103,
618,103,103,103,103,103,103,103,103,103,103,57367,103,41067,50373,103,15000,44301,27099,19022,42048,
619,103,103,103,103,103,103,103,103,103,103,103,103,103,103,52251,56577,103,26826,103,29537,
620,103,103,103,103,103,103,103,103,103,103,53982,57645,103,32603,103,46758,11377,103,23754,103,
621,103,103,103,103,103,103,103,103,103,103,23016,103,54541,20546,103,51662,103,103,103,46517,
622,103,103,103,103,103,103,103,103,103,103,47569,24211,103,60359,21108,103,103,35473,103,54471,
623,103,103,103,103,103,103,103,103,103,103,13757,103,58977,103,20314,103,103,12495,10644,27042,
624,103,103,103,103,103,103,103,103,103,103,49092,34709,103,24758,103,24564,103,38400,60475,103,
625,103,103,103,103,103,103,103,103,103,103,49423,1072,103,52492,103,103,33012,40327,56515,103,
626,103,103,103,103,103,103,103,103,103,103,103,103,29315,13713,103,103,22904,103,103,24747,
627,103,103,103,103,103,103,103,103,103,103,45592,103,26424,103,33948,19656,103,22179,103,103,
628,103,103,103,103,103,103,103,103,103,103,103,103,40695,103,35499,103,44526,35897,24357,11724,
629,103,103,103,103,103,103,103,103,103,103,21011,103,103,46831,17242,53500,32376,103,39366,103,
630,103,103,103,103,103,103,103,103,103,103,103,103,10363,103,22585,103,41158,103,57726,103,
631,103,103,103,103,103,103,103,103,103,103,103,26398,103,103,103,37866,51819,57690,103,103,
632,103,103,103,103,103,103,103,103,103,103,31360,39804,32339,59198,103,11189,59442,42256,16714,103,
633,103,103,103,103,103,103,11670,103,103,103,103,39604,46708,55218,103,103,103,38167,30434,45976,
634,103,103,103,103,103,103,103,103,103,10103,19411,103,43583,34195,53680,34310,47653,34640,26524,103,
635,103,103,103,103,103,103,103,103,103,103,103,18372,103,52227,53016,54074,103,103,14544,103,
636,103,103,103,103,103,103,103,103,103,103,34639,103,103,103,57466,103,30740,103,103,103,
637,103,103,103,10652,103,103,10652,103,103,103,53600,14104,41271,103,103,103,103,103,60100,103,
638,103,103,103,103,103,103,103,103,103,103,29443,45593,46025,43260,40599,16388,103,103,103,13867,
639,103,103,103,103,103,103,103,103,103,103,59596,103,103,103,46381,103,14473,103,46686,47496,
640,103,103,103,103,103,103,103,103,103,3881,51691,54514,103,103,14876,103,103,103,103,103,
641,103,103,103,103,103,103,103,103,103,103,43721,14333,103,43001,17929,46692,103,103,48251,103,
642,103,103,103,103,103,103,103,103,103,103,103,27828,56204,103,103,32511,25254,103,13751,38398,
643,103,103,103,103,103,103,103,103,103,103,103,103,103,18012,103,103,43905,52131,10698,103,
644,103,103,103,103,103,103,103,103,103,103,103,36688,103,103,103,15985,103,103,43771,47916,
645,103,103,103,103,103,103,103,103,103,103,18007,42239,44448,103,35867,25633,53949,13772,32313,19539,
646,103,103,103,103,103,103,103,103,103,103,103,37994,19734,103,48223,52782,103,103,42155,36150,
647,103,103,103,103,103,103,103,103,103,103,46781,103,24952,52512,103,103,103,103,37918,14768,
648,103,103,103,8226,103,103,103,103,103,103,103,103,103,103,103,103,29060,35379,44267,51206,
649,103,103,103,103,103,103,11604,103,103,103,103,103,103,103,103,54278,28104,103,103,103,
650,103,103,103,103,103,103,103,103,103,103,56881,10028,103,103,103,103,47147,103,34145,40433,
651,103,103,103,103,103,103,103,103,103,103,103,103,103,103,48258,103,103,13402,55203,47823,
652,103,103,103,103,103,103,103,103,103,103,103,103,103,29185,32754,21824,50512,103,103,103,
653,103,103,103,103,103,103,103,103,103,103,103,103,103,103,35523,20625,41542,46296,103,4530,
654,103,103,103,103,103,103,103,103,103,103,19906,103,103,34952,56943,103,21487,53220,40864,41899,
655,103,103,103,103,103,103,103,103,103,103,103,103,26112,37744,103,103,103,103,103,103,
656,103,103,103,103,103,103,103,103,103,103,103,47945,103,103,103,28661,103,103,19385,41993,
657,103,103,103,103,103,103,103,103,103,103,17322,35815,13072,103,52044,103,40771,103,103,103,
658,103,103,103,103,103,103,103,103,103,103,27474,103,53061,22785,103,103,103,103,103,44616,
659,103,103,103,103,103,103,103,103,103,103,103,103,103,103,103,22071,56006,103,103,103,
660,103,103,103,103,103,103,103,103,103,103,103,52585,52029,10314,18833,56427,17452,103,50554,23988,
661,103,103,103,103,103,103,103,103,103,103,103,103,103,54276,103,103,103,40692,48515,103,
662,103,103,103,103,103,103,103,103,103,103,51421,103,57687,28146,54426,103,103,58822,103,50143,
663,103,103,103,103,103,103,103,103,103,103,50879,103,103,56075,16801,103,103,103,49902,41794,
664,103,103,103,103,103,103,103,103,103,103,36997,103,103,103,18215,59413,103,103,22068,103,
665,103,103,103,103,103,103,103,103,103,103,103,103,23896,103,103,15209,16503,103,103,103,
666,103,103,103,103,103,103,103,103,103,103,103,52450,103,103,37223,25670,103,20825,10241,37884,
667,103,103,103,103,103,103,103,103,103,103,103,103,17202,103,103,46231,46294,35557,34307,103,
668,103,103,103,17127,103,103,103,103,103,103,10371,44432,103,43499,59540,103,58188,103,47442,103,
669,103,103,103,103,103,103,103,103,21350,103,58372,44297,59972,44630,2600,36118,43075,12985,103,57021,
670,103,103,103,103,103,103,27210,103,103,103,15018,103,15203,6616,103,23529,37466,27598,14801,103,
671,103,103,103,103,103,103,103,103,103,103,103,103,42030,103,103,103,103,103,38343,45888,
672,103,103,103,103,103,103,103,103,103,103,103,103,15696,103,11701,103,103,103,103,50178,
673,103,103,103,103,103,103,103,103,103,103,45468,103,54923,55563,21986,59527,103,103,10450,27539,
674,103,103,103,103,103,103,103,103,7879,103,103,103,36949,51162,103,37842,103,103,8609,39517,
675,103,103,103,103,103,103,103,103,103,103,57494,57714,103,103,11620,41580,26461,56638,27498,103,
676,103,103,103,103,103,11039,103,103,103,103,103,23712,12335,54723,48963,53977,45872,103,103,103,
677,103,103,103,103,103,103,103,103,103,103,53627,103,103,28710,23325,29502,34011,36217,53273,103,
678,103,103,103,103,103,103,103,103,103,103,103,50431,60337,52805,31014,103,103,36058,38029,28676,
679,103,103,103,103,103,103,103,103,103,103,103,103,103,103,24872,103,57039,103,59458,103,
680,103,103,103,103,103,103,103,103,103,103,103,103,103,26153,103,103,47210,16321,103,35789,
681,103,103,103,103,103,103,103,103,103,103,103,103,45537,40928,103,103,103,15189,17739,103,
682,103,103,103,103,103,103,103,103,103,103,29913,59460,103,52223,39610,103,103,103,24193,103,
683,103,103,103,103,103,103,103,103,103,103,57228,17492,103,20788,103,103,103,103,27807,103,
684,103,103,103,103,103,103,103,103,103,103,58299,103,103,103,103,103,15898,31615,103,37459,
685,103,103,103,103,103,103,103,103,103,103,48892,34613,12761,55044,46960,29809,103,57236,50437,53078,
686,103,103,103,103,103,103,103,103,103,12142,53715,34951,103,2877,39009,103,38132,41255,103,47922,
687,103,103,103,103,103,103,103,103,103,103,103,103,103,103,103,103,103,103,103,16236,
688,103,103,103,103,103,103,103,103,103,103,14800,18677,19273,103,103,41332,48760,103,103,32394,
689,103,103,103,103,103,103,103,103,103,103,41757,103,103,103,46870,103,103,103,103,56870,
690,103,103,103,103,103,103,103,103,103,103,103,14251,103,36592,40769,103,103,37040,28603,103,
691,103,103,103,103,103,103,103,103,103,103,103,103,40919,103,58193,103,56518,21841,103,103,
692,103,103,103,103,103,103,103,103,103,103,26258,103,56508,103,103,103,57077,38757,1537,103,
693,103,103,103,103,103,103,103,103,103,103,57370,103,103,103,103,36340,103,103,103,22174,
694,103,103,103,103,103,103,103,103,103,103,103,57101,103,103,103,103,17217,103,103,57498,
695,103,103,103,103,103,103,103,103,103,103,103,103,22232,19923,103,103,103,20786,103,58332,
696,103,103,103,103,103,103,103,103,103,103,103,103,11727,18656,103,103,51928,103,56662,58311,
697,103,103,103,103,103,103,103,103,103,103,103,103,103,25647,103,103,103,103,53451,35182,
698,103,103,103,103,103,103,103,103,103,103,103,34921,33691,103,46795,103,103,35922,14231,12077,
699,103,103,103,103,103,103,103,103,103,103,103,103,43968,50625,34373,56213,103,103,18232,50059,
700,103,103,103,103,103,103,103,103,103,103,51989,103,48722,103,103,54754,51345,14104,59096,103,
701,103,103,103,103,103,103,103,103,103,103,46248,103,12263,103,103,29737,103,58235,103,51092,
702,103,103,103,103,103,103,103,103,103,103,17467,103,57576,9713,103,103,103,103,30714,103,
703,103,103,103,103,103,103,103,103,103,103,103,43380,29870,103,37063,103,103,13199,103,39227,
704,103,103,103,103,103,103,103,103,103,103,36815,55999,103,103,59824,43075,10629,59088,46788,103,
705,103,103,103,103,103,103,103,103,103,103,52778,103,48538,103,103,45646,52812,103,55031,103,
706,103,103,103,103,103,103,103,103,103,103,46508,44075,103,103,103,103,103,103,103,103,
707,103,103,103,8407,103,103,103,103,103,8407,45323,44277,103,103,103,103,103,49275,17331,103,
708,103,103,103,103,103,103,103,103,103,103,35286,103,103,103,103,36733,51753,103,53027,103,
709,103,103,103,103,103,103,103,103,103,103,60945,32747,55085,103,53889,103,103,103,37099,42944,
710,103,103,103,103,103,103,103,103,103,103,103,103,103,103,103,103,13087,54184,56003,103,
711,103,103,4758,103,103,4758,103,103,2215,103,103,103,48107,32758,31543,33517,103,103,103,1098,
712,103,103,103,103,103,103,103,103,103,103,52288,103,103,103,47201,37131,103,46608,103,103,
713,103,103,103,103,103,103,103,103,103,103,103,20353,103,20911,43091,46228,103,103,103,103,
714,103,103,103,103,103,103,103,103,103,103,103,31973,103,103,103,41945,10224,46067,23522,12025,
715,103,103,103,103,103,103,103,103,103,13614,103,103,51497,103,103,103,103,44082,103,15424,
716,103,103,103,103,103,103,103,103,103,103,38111,39072,103,103,103,28840,57896,103,42335,48648,
717,103,103,103,103,103,103,103,103,103,103,103,51625,22120,103,103,35681,103,103,103,103,
718,103,103,103,103,103,103,103,103,103,103,103,103,103,11657,23468,39892,19342,21838,103,103,
719,103,103,103,103,15659,103,103,103,103,103,26739,103,103,103,18983,103,38562,103,14033,103,
720,103,103,103,103,103,103,103,103,103,103,10821,40833,103,103,12347,103,103,49711,31966,103,
721,103,103,103,103,103,103,103,103,103,103,103,30610,13763,50568,103,103,27671,28529,12325,34918,
722,103,103,7211,103,103,103,103,103,103,103,40381,21209,24640,32911,103,103,103,103,50599,31829,
723,103,103,103,103,103,103,103,103,103,103,25498,103,103,35343,103,29911,25603,103,20368,103,
724,103,103,103,103,103,103,103,103,103,103,17335,15237,103,43186,13785,103,18992,29783,103,46793,
725,103,103,103,103,103,103,103,103,103,103,53036,103,103,103,51492,103,44585,103,52654,29860,
726,103,103,103,103,103,103,19148,103,103,103,761,34207,103,57632,103,103,103,26520,103,103,
727,103,103,103,103,103,103,103,103,103,103,45739,20886,16145,103,31503,12892,32810,23494,38866,103,
728,103,103,103,103,103,103,103,103,103,103,16929,39024,42577,103,103,103,16735,14190,103,103,
729,103,103,103,103,103,103,103,103,103,103,50040,30829,36105,103,103,103,103,103,103,15003,
730,103,103,103,103,103,103,103,103,103,103,103,103,103,103,37177,103,103,22895,47053,103,
731,103,103,103,103,5945,5945,103,103,103,103,47695,54984,58941,103,103,103,24930,103,103,28216,
732,103,103,103,103,103,103,103,103,103,103,30731,51635,103,103,103,103,103,103,42767,103,
733,103,103,103,103,103,103,103,103,103,103,103,103,17471,103,103,103,103,15515,58708,10267,
734,103,103,103,103,103,103,103,103,103,103,59892,16208,103,34658,103,103,103,103,32645,103,
735,103,103,103,103,103,103,103,103,103,103,103,47487,103,103,48693,22003,103,103,103,103,
736,103,103,103,103,103,103,103,103,103,103,43840,103,103,14756,103,13551,15650,35755,103,103,
737,103,103,103,103,103,103,103,103,103,103,36485,103,103,103,103,103,103,58172,54999,103,
738,103,103,103,103,103,103,103,103,103,103,34497,11715,48093,103,36984,103,11461,51924,103,56974,
739,103,103,103,103,103,103,103,103,103,103,27251,39100,36086,56033,58826,54976,36768,103,16476,103,
740,103,103,103,103,103,103,103,103,103,103,103,103,103,103,103,103,56373,16784,26671,103,
741,103,103,103,103,103,103,103,103,103,103,103,38900,54960,103,17781,44881,25513,35657,27614,60922,
742,103,103,103,103,103,103,103,103,103,103,103,20947,103,43866,54378,103,103,39808,17292,22117,
743,103,103,103,103,103,103,103,103,103,103,57401,103,45525,103,16046,103,55455,103,50354,20938,
744,103,103,103,103,103,103,103,103,103,103,103,103,103,19050,103,103,103,103,14645,103,
745,103,103,103,103,103,103,103,103,103,103,103,103,34071,53595,28674,103,103,103,103,103,
746,103,103,103,103,103,103,103,103,103,103,53319,103,103,28792,103,103,103,103,103,103,
747,103,103,103,103,103,103,103,103,103,103,48415,103,103,103,103,103,42881,103,103,50744,
748,103,103,103,5009,103,103,103,103,103,103,57586,19445,103,10398,103,50568,103,53583,17567,57891,
749,103,103,103,103,103,103,103,103,103,103,103,103,103,103,32562,103,103,48332,103,30166,
750,103,103,103,103,103,103,103,103,103,103,31765,55857,103,103,14771,27716,103,103,103,103,
751,103,103,103,103,103,103,103,103,103,103,36325,32621,103,33029,27225,103,32622,25828,103,28126,
752,103,103,103,103,103,103,103,103,103,103,103,103,103,10243,103,47432,103,47696,103,103,
753,103,103,103,103,103,103,103,103,103,103,103,34913,103,54383,103,52938,103,56677,25575,60303,
754,103,103,103,103,103,103,103,103,103,103,41024,55526,41004,103,103,36436,103,103,52431,103,
755,103,103,103,103,103,103,103,103,103,103,103,37827,59035,36679,103,47439,103,56578,103,103,
756,103,103,103,27016,103,103,103,103,103,103,50497,24220,50464,103,103,47055,103,59592,103,49557,
757,103,103,103,103,103,103,103,103,103,103,47872,50679,42084,103,103,12844,103,16275,103,103,
758,103,103,103,103,103,103,103,103,103,103,103,103,14678,103,50212,49153,103,31363,22297,103,
759,103,103,103,103,103,103,103,103,103,103,50601,103,57345,103,103,33337,43482,103,56112,103,
760,103,103,103,103,103,103,103,103,103,103,41544,103,103,20951,103,19951,103,103,103,35871,
761,103,103,103,103,103,103,103,103,103,103,22818,103,103,103,103,103,51816,103,25458,103,
762,103,103,103,103,103,103,103,103,103,103,52206,47378,103,18618,19744,59528,103,13491,103,47522,
763,103,103,103,103,103,103,103,103,103,103,103,40573,103,55600,103,103,103,11946,38570,50751,
764,103,103,103,103,103,103,103,103,103,103,41373,39840,103,33586,103,103,103,46721,103,49470,
765,103,103,103,103,103,103,103,103,103,103,103,25384,58809,1894,103,103,29613,103,103,103,
766,103,103,103,103,103,103,103,103,103,103,103,14260,31874,103,103,103,18421,10895,103,103,
767,103,103,103,103,103,103,103,103,103,103,103,53029,57046,103,103,17060,43489,13083,103,41045,
768,103,103,103,103,103,103,103,103,103,103,31788,103,13435,103,54014,103,103,103,21231,103,
769,103,103,103,103,103,103,103,103,103,103,54090,48235,46693,103,103,22124,46491,51200,103,103,
770,103,103,103,103,103,103,103,103,103,103,103,103,38939,103,23714,103,53889,103,24006,33307,
771,103,103,103,103,103,103,103,103,103,103,103,23809,49572,18109,103,57192,13424,103,103,103,
772,103,103,103,103,103,103,103,103,103,103,56447,103,25728,103,53578,103,103,34001,41436,57490,
773,103,103,103,103,9571,103,103,103,103,103,103,26184,103,103,19720,24982,24363,103,103,103,
774,103,103,103,103,103,103,103,103,103,103,37042,103,16814,330,46961,906,53022,36212,32139,103,
775,103,103,103,103,103,103,103,103,103,103,103,32578,103,103,54777,103,103,103,46887,54475,
776,103,103,103,103,103,103,103,103,103,103,103,103,54320,103,31842,103,103,103,52232,103,
777,103,103,103,103,103,103,103,103,103,103,54840,31955,52841,38135,19989,19187,58972,103,50589,103,
778,103,103,103,103,103,103,103,103,103,103,103,39498,103,103,103,25166,24587,50992,103,103,
779,103,103,103,103,103,103,103,103,103,103,103,103,103,43247,49657,103,43862,103,103,103,
780,103,103,13834,103,103,103,103,103,103,103,103,103,13931,103,43738,51957,103,103,18471,25697,
781,103,103,103,103,103,103,103,103,103,103,103,103,103,103,38826,47170,103,103,103,103,
782,103,103,103,103,103,103,103,103,103,103,103,103,103,42149,27489,103,103,103,52551,34912,
783,103,103,103,103,103,103,103,103,103,103,37384,58055,103,44537,103,103,103,103,103,17452,
784,103,103,103,103,103,103,103,103,103,103,103,103,103,103,103,103,58088,103,103,103,
785,103,103,103,103,103,103,103,103,103,103,103,103,103,35388,49084,103,103,103,41181,40225,
786,103,103,103,103,103,103,103,103,103,103,103,103,16040,28778,61800,34683,103,31908,103,48296,
787,103,103,103,103,103,103,103,103,103,103,58448,49444,10655,60124,17362,39981,103,56764,103,103,
788,103,103,103,103,103,103,103,3116,103,103,103,103,55258,21804,103,26853,28725,28785,103,103,
789,103,103,103,103,103,103,103,103,103,103,41735,103,57452,103,50980,103,15276,103,103,103,
790,103,103,103,103,103,103,103,103,103,103,103,103,103,45705,103,103,103,103,8125,22115,
791,103,103,103,103,103,103,103,103,103,103,41188,15729,42968,57769,103,103,49370,50047,103,103,
792,103,103,103,103,103,103,103,103,103,103,103,14699,103,103,103,103,103,103,103,25555,
793,103,103,103,103,103,103,103,103,103,103,25958,103,103,103,26947,103,103,56810,46961,38219,
794,103,103,103,103,103,103,103,103,103,103,30842,13928,103,103,103,49297,103,32993,103,25191,
795,103,103,103,103,103,103,103,103,103,103,14428,14118,18432,37860,56205,103,32635,28388,103,37173,
796,103,103,103,103,103,103,103,103,103,103,55663,32296,103,103,103,50265,15616,103,40603,103,
797,103,103,103,103,103,103,103,103,103,103,103,103,103,44383,103,25532,44956,103,46189,48498,
798,103,103,103,103,103,103,103,103,103,103,103,103,38244,11438,103,103,103,103,56609,103,
799,103,103,103,103,103,103,103,103,103,103,103,103,26290,46291,103,103,17659,49354,103,103,
800,103,103,103,103,103,103,103,103,103,103,32089,35366,103,103,103,50438,26208,30826,103,103,
801,103,103,103,103,103,103,103,103,103,103,103,38486,15446,58880,22007,23200,103,57656,43736,47140,
802,103,103,103,103,103,103,103,103,103,103,24352,103,103,103,53917,31193,103,103,46249,103,
803,103,103,103,103,103,103,103,103,103,103,103,60610,103,56567,15827,30338,32393,103,31591,103,
804,103,103,103,103,103,103,103,103,103,103,50665,103,103,103,11674,23496,52755,12455,103,48619,
805,103,103,103,103,103,103,103,103,103,103,103,39726,103,26169,23761,42521,14722,29287,33014,51710,
806,103,103,103,103,103,103,103,103,103,103,103,103,14535,26776,103,23208,103,103,103,55524,
807,103,103,103,103,103,103,103,103,103,103,10107,103,16928,50285,46136,55046,103,49794,44124,46075,
808,103,103,103,103,103,103,103,103,103,103,103,103,103,103,103,103,103,103,51843,13327,
809,103,103,103,103,103,103,103,103,103,103,50882,40211,33153,103,103,47041,103,103,19328,14535,
810,103,103,103,103,103,103,103,103,103,103,40110,103,103,42139,103,103,53081,103,56528,47501,
811,103,103,103,103,103,103,103,103,103,103,103,103,103,21690,50593,13014,103,21277,103,103,
812,103,103,103,103,103,103,103,103,103,103,13594,103,103,16331,103,23363,18786,103,34934,103,
813,103,103,103,103,103,103,103,103,103,103,103,103,103,103,103,54355,103,103,18164,25299,
814,103,103,8875,103,103,103,103,103,103,103,103,103,10675,103,54772,103,7348,54943,103,103,
815,103,103,103,103,103,103,103,103,103,103,12859,17974,41369,42487,103,54100,11377,35529,103,52645,
816,103,103,103,103,103,103,103,103,103,103,14828,103,56342,103,103,44081,14357,55283,103,103,
817,103,103,103,103,103,103,103,103,13818,103,33352,103,58607,103,103,40274,55207,103,49072,48899,
818,103,103,103,103,103,103,103,103,103,103,41112,44612,103,10408,51863,51163,22565,103,19681,103,
819,103,103,103,103,103,103,103,103,103,103,15995,103,103,14587,36545,54121,103,38796,103,103,
820,103,103,103,103,103,103,103,103,103,103,103,37509,49350,29677,103,43954,43915,31582,60899,13142,
821,103,103,103,103,103,103,103,103,103,103,103,103,103,103,103,53176,103,17412,103,10322,
822,103,103,103,103,103,103,103,103,103,103,40568,19178,32344,103,103,103,53513,41111,47953,47109,
823,103,103,103,103,103,103,103,7947,103,103,103,103,39808,103,26399,103,9079,103,44522,103,
824,103,103,103,103,103,103,103,103,103,103,103,56730,103,103,58398,103,30990,31413,31351,103,
825,103,103,103,103,12787,103,103,103,103,4092,52650,103,52337,33538,46446,42336,103,103,103,26223,
826,103,103,103,103,103,103,103,103,103,18035,103,37055,49891,103,103,103,103,103,13613,103,
827,103,103,103,103,103,103,103,103,103,103,103,49029,103,42410,103,103,13761,103,103,26199,
828,103,103,103,103,103,103,103,103,103,103,30045,103,25640,57733,103,103,60048,103,16903,103,
829,103,103,103,103,103,103,103,103,103,103,24314,103,10205,28253,103,54443,103,103,103,38884,
830,103,103,103,103,103,103,103,103,103,103,23244,103,40023,103,14261,14173,103,103,103,103,
831,103,103,103,103,103,103,103,103,103,103,44455,103,103,50573,57252,103,103,103,29346,103,
832,103,103,103,103,103,103,103,103,103,103,103,103,54530,103,47089,103,103,22770,28759,103,
833,103,103,103,103,103,103,103,103,103,103,58248,48481,42264,51222,53959,103,58144,10543,31875,22799,
834,103,103,103,103,103,103,103,103,103,103,57372,28077,103,57735,33069,33629,103,103,57241,41711,
835,103,103,103,103,103,103,103,103,103,103,103,103,34868,14567,103,25927,15924,31463,103,29920,
836,103,103,103,103,103,103,103,103,103,103,103,47041,103,103,103,103,103,13420,103,103,
837,103,103,103,103,103,103,103,103,103,103,103,103,13818,103,103,57522,103,32135,103,52197,
838,103,103,103,103,103,103,103,103,103,103,103,17099,52874,103,27190,103,49269,51009,103,34918,
839,103,103,103,103,103,103,103,103,103,103,30811,103,16879,103,103,103,16491,33211,38144,103,
840,103,103,103,103,103,103,103,103,103,103,58316,51587,14344,12282,26499,103,15187,17528,103,103,
841,103,103,103,103,103,103,103,103,103,103,103,23536,26086,44457,103,47160,103,49041,103,103,
842,103,103,103,103,103,103,103,103,103,103,103,48945,103,56816,103,103,103,103,10537,51554,
843,103,103,103,103,103,103,103,103,103,103,24417,37045,103,49585,103,103,103,103,103,103,
844,103,103,103,103,103,103,103,19810,103,103,10345,28979,38657,21901,20653,103,103,103,103,103,
845,103,103,103,103,103,103,103,103,103,103,103,103,103,25677,103,103,103,103,56332,103,
846,103,103,103,103,103,103,103,103,103,103,103,103,103,103,103,103,103,37453,103,103,
847,103,103,103,103,103,103,103,103,103,103,103,29928,103,39891,47987,103,103,58998,52352,34650,
848,103,103,103,103,103,103,103,103,103,103,103,103,16538,34273,46200,103,103,50055,103,103,
849,103,103,103,103,103,103,103,103,103,103,103,103,103,49266,103,103,32676,103,103,103,
850,103,103,103,103,103,103,103,103,103,103,22523,41226,10627,103,103,103,103,56951,103,103,
851,103,103,103,103,103,103,103,103,103,103,103,30498,13181,103,31665,103,103,103,103,103,
852,103,103,103,103,103,103,103,103,103,103,14539,56485,103,103,103,103,103,103,103,26997,
853,103,103,103,103,103,103,103,103,103,103,33574,9269,58757,103,31547,37901,38469,47828,103,42152,
854,103,103,103,103,103,103,17951,103,103,103,13985,53456,103,10427,60213,48840,103,52433,48223,103,
855,103,103,103,103,103,103,103,103,103,103,103,103,56115,22204,103,103,36900,103,103,103,
856,103,103,103,103,103,103,103,103,103,17009,14194,103,103,103,51708,40077,103,50818,12336,13226,
857,103,103,103,103,103,103,103,103,103,103,54038,57188,103,103,33609,103,48360,103,13930,103,
858,103,103,103,103,103,8614,103,103,103,103,14921,103,21522,34324,103,24607,103,103,103,103,
859,103,103,103,103,103,103,103,103,103,103,39666,22229,103,19363,41114,29593,37453,14663,52970,40077,
860,103,103,103,103,103,103,103,103,103,103,103,13505,103,103,103,103,103,103,49233,103,
861,103,103,103,103,103,103,103,103,103,103,23407,10881,103,103,103,33109,103,103,29541,15061,
862,103,103,103,103,103,103,103,103,103,103,57868,31905,51124,103,10661,26549,54180,25371,51868,103,
863,103,103,103,103,103,103,103,103,103,103,103,13767,12408,24842,103,103,19578,103,103,103,
864,103,103,103,103,103,103,103,103,103,103,29690,103,57618,18313,15465,27846,26905,103,103,49132,
865,103,103,103,103,238,103,103,103,103,103,30034,37746,103,53059,29364,13431,103,103,103,14279,
866,103,103,103,103,103,103,103,103,103,103,41600,103,23908,46511,103,27790,24497,103,33102,11288,
867,103,103,103,103,103,103,103,103,103,103,33463,11593,21078,54503,61235,1316,54247,43684,103,24399,
868,103,103,103,103,103,103,103,103,103,103,14685,45154,22420,103,41495,103,51371,103,103,103,
869,103,103,103,103,103,103,103,103,103,103,20895,103,43375,47016,103,28459,25365,14404,14649,103,
870,103,103,103,103,103,103,103,103,103,103,103,103,103,2311,103,14869,103,54897,103,103,
871,103,103,103,103,103,103,103,103,103,103,18976,10826,103,103,103,18839,103,35883,41999,103,
872,103,103,103,103,103,103,103,103,103,103,13906,35887,103,15366,103,103,26244,43530,18369,30796,
873,103,103,103,103,103,103,103,103,103,103,31539,103,103,103,103,103,51628,103,103,103,
874,103,103,103,103,103,103,103,103,103,103,37767,103,52075,11700,103,52946,103,10125,103,29947,
875,103,103,103,103,103,103,103,103,103,103,103,43701,25672,50846,21200,47680,47073,103,103,103,
876,103,103,103,103,103,103,103,103,103,103,29268,22039,13551,56325,103,103,27107,103,103,20623,
877,103,103,103,103,103,103,103,103,103,103,44926,103,33876,103,59523,103,103,19071,39861,103,
878,103,103,103,103,103,103,103,103,103,103,48626,28577,103,57148,60926,26220,103,58852,49655,103,
879,103,103,103,18969,103,103,103,103,103,103,103,103,12421,29162,103,24236,103,27289,103,103,
880,103,103,103,103,103,103,103,103,103,103,28807,15512,44836,103,103,34334,103,103,44168,103,
881,103,103,103,103,103,103,103,12947,103,103,38349,103,23760,59696,51498,54780,103,103,103,103,
882,103,103,103,103,103,103,103,103,103,103,103,103,103,17472,103,103,103,17618,103,103,
883,103,103,103,103,103,103,103,103,103,103,103,15782,103,15096,103,103,103,51451,58115,19035,
884,103,103,103,103,103,103,103,103,103,103,12411,103,103,21248,41381,10451,50862,103,56819,103,
885,103,103,103,103,103,103,103,103,103,103,103,50769,103,103,56128,103,44171,103,103,22520,
886,103,103,103,103,103,103,103,103,103,103,56194,48910,42612,41503,56495,103,103,49057,103,48864,
887,103,103,103,103,103,103,103,103,103,15656,33631,103,20630,103,48482,59011,11856,28442,103,103,
888,103,103,103,103,103,103,103,103,103,103,103,103,103,27257,44153,103,53033,17310,103,18599,
889,103,103,103,103,103,103,103,103,103,103,34270,103,30430,43727,103,542,103,55098,103,103,
890,103,103,103,103,103,103,103,103,103,103,13910,103,60196,35871,37376,103,17050,103,56595,103,
891,103,103,103,103,103,103,103,103,103,103,35842,22760,45639,11829,53863,18071,51717,31116,103,103,
892,103,103,103,103,103,103,103,103,103,103,30540,16604,48417,103,103,60381,37493,103,12896,103,
893,103,103,103,103,103,103,103,103,103,103,103,42775,103,103,103,103,103,103,103,55962,
894,103,103,103,103,103,103,103,103,103,103,58398,103,33918,103,43242,103,103,25540,103,103,
895,103,103,103,103,103,103,103,103,103,103,53932,51482,48692,103,103,56588,103,34003,30845,52272,
896,103,103,103,103,103,103,103,103,14469,103,103,45227,103,53199,103,103,11713,103,45977,103,
897,103,103,103,103,103,103,103,103,103,103,53840,26872,103,103,51464,25043,103,42442,103,103,
898,103,103,103,103,103,103,103,103,103,103,103,28995,103,103,30791,103,103,47208,103,17456,
899,103,103,103,103,103,103,103,103,103,103,14230,103,43244,103,16311,103,103,57563,103,103,
900,103,103,103,103,103,103,103,103,103,103,20583,103,103,52812,57466,103,103,103,35796,48746,
901,103,103,103,103,103,103,103,103,103,103,56662,103,103,36125,103,30606,103,33680,50800,103,
902,103,103,103,103,103,103,103,103,103,103,12741,103,51621,41587,21081,20130,103,46539,60092,103,
903,103,103,103,103,103,103,103,103,103,103,11775,54105,103,22684,103,103,103,103,52749,103,
904,103,103,103,103,103,103,103,103,103,103,42847,103,59212,103,103,39381,103,103,35890,24415,
905,103,103,103,103,103,103,103,103,103,103,103,103,30541,103,54235,12642,103,103,103,43710,
906,103,103,103,103,103,103,103,103,103,103,103,103,19193,103,18364,21900,51842,44659,14890,103,
907,103,103,103,103,103,103,103,103,103,103,49764,12251,103,59399,59800,103,103,103,11756,39793,
908,103,103,103,103,103,103,103,103,103,103,103,41395,20745,103,103,25571,103,103,103,103,
909,103,103,103,103,103,103,103,103,103,103,39699,103,103,103,103,103,103,103,55789,60446,
910,103,103,103,103,103,103,103,103,103,103,24349,20838,103,103,55035,103,40861,103,35285,103,
911,103,103,103,103,103,103,103,103,103,17384,103,103,18573,103,103,103,22210,103,103,47976,
912,103,103,103,103,103,103,103,103,103,103,60145,54458,51121,26377,50064,103,60812,103,103,103,
913,103,103,103,103,103,103,103,103,103,103,103,47921,103,103,103,24459,103,44931,103,103,
914,103,103,103,103,103,103,103,103,103,103,12629,103,34049,103,103,103,52338,15929,103,17219,
915,103,103,103,103,103,103,103,103,103,103,103,32483,29294,103,41534,103,103,103,103,103,
916,103,103,103,103,103,103,103,103,103,103,103,103,39407,103,103,28038,33630,57325,103,16598,
917,103,103,103,103,103,103,103,103,103,103,103,103,103,39225,50223,38555,103,103,103,103,
918,103,103,103,103,103,103,103,103,103,103,17940,103,44859,31093,13074,26342,103,103,103,42512,
919,103,103,103,103,103,103,103,103,103,103,103,43693,103,103,103,51376,103,39210,103,103,
920,103,103,103,103,103,103,103,103,103,103,103,103,103,103,103,103,47567,42135,103,103,
921,103,103,103,103,103,103,103,103,103,103,103,44661,103,33119,20508,103,30577,103,30273,103,
922,103,103,103,103,103,103,103,103,103,103,103,10228,26798,32924,103,34717,44317,21513,103,103,
923,103,103,103,103,103,103,103,103,103,103,17019,103,103,103,103,103,26656,103,103,55751,
924,103,103,103,103,103,103,103,103,103,103,103,56497,46457,103,103,51579,51638,103,48981,52188,
925,103,103,103,103,103,103,103,103,103,103,103,55913,43558,16317,57528,103,103,45336,28467,26881,
926,103,103,103,103,103,103,103,15017,103,13553,103,24825,103,48247,23832,49148,18875,103,13668,19545,
927,103,103,103,103,103,103,103,103,103,103,25530,103,46592,15027,103,103,103,44814,30560,103,
928,103,103,103,103,103,103,103,103,103,103,103,103,103,103,103,103,12334,103,52126,56095,
929,103,103,103,103,103,103,103,103,103,103,103,45436,103,103,103,22769,12808,103,103,42538,
930,103,103,103,103,103,103,103,103,103,103,103,103,103,54920,103,103,103,32444,103,19057,
931,103,103,103,103,103,103,103,103,103,103,103,49302,103,103,37157,12612,45409,103,56879,103,
932,103,103,103,103,103,103,103,103,103,103,54533,103,103,47362,103,13386,11628,26079,103,103,
933,103,103,103,103,103,103,103,103,103,103,20899,103,103,103,43391,103,103,54187,48877,103,
934,103,103,103,103,103,103,103,103,103,103,103,21024,103,27568,58350,103,14612,55598,58884,103,
935,103,103,103,103,103,103,103,103,103,103,50861,103,103,103,103,38823,103,20164,103,30795,
936,103,103,103,103,103,103,103,103,103,103,1923,41541,103,26220,103,13114,103,33334,103,22455,
937,103,103,103,103,103,103,103,103,103,103,103,103,103,103,30675,103,103,50451,103,25211,
938,103,103,103,103,103,103,103,103,103,103,41191,54731,103,32211,20368,50417,53273,103,28533,103,
939,103,103,103,103,103,103,103,103,103,103,36580,19484,103,103,103,57593,51352,14437,18196,103,
940,103,103,103,103,103,103,103,103,103,103,44140,56421,103,37938,20337,13046,58232,103,12481,20434,
941,103,103,103,103,103,103,103,103,103,103,23404,103,27685,57128,57001,103,103,39205,24276,52613,
942,103,103,103,23602,103,103,103,103,103,103,103,11069,31826,56777,59762,103,58557,103,103,28156,
943,103,103,103,103,103,103,103,103,103,103,32204,103,23723,103,103,103,42401,103,103,46482,
944,103,103,103,103,103,103,103,103,103,103,103,34789,27524,103,58532,103,15718,103,103,103,
945,103,103,103,103,103,103,103,103,103,103,103,103,39522,103,103,103,10659,43107,39550,48519,
946,103,103,3953,103,103,103,103,103,103,103,103,103,103,2299,103,103,103,34607,103,30865,
947,103,103,103,103,103,103,103,103,103,103,53881,103,54860,39065,24472,103,103,34145,103,31394,
948,103,103,103,103,103,103,103,103,103,103,103,41064,103,46554,30355,103,53137,103,37056,24881,
949,103,103,103,103,103,103,103,103,103,103,103,103,14670,44925,51137,103,13424,103,18738,103,
950,103,103,103,103,103,103,103,103,103,103,55701,55910,103,42134,40849,103,103,32650,18218,52645,
951,103,103,103,103,103,103,103,103,103,103,103,20736,56649,24177,16889,103,44374,58638,38168,57027,
952,103,103,103,103,2586,103,103,103,103,103,61236,103,12375,40348,43519,60518,12491,32753,38929,56370,
953,103,103,103,103,103,103,274,103,103,103,18413,103,55179,103,103,53217,42044,103,52431,29543,
954,103,103,103,103,103,103,103,103,103,103,103,50047,103,103,52953,103,33181,14876,103,16959,
955,103,103,103,103,103,103,103,103,103,103,103,103,103,103,16789,14175,103,103,103,103,
956,103,103,103,103,103,103,103,103,103,103,103,14599,16826,103,29810,103,103,31561,58617,103,
957,103,103,103,103,103,103,103,103,103,103,43511,45707,103,59907,103,103,56422,30470,103,26479,
958,103,103,103,103,103,103,103,103,103,103,58727,103,103,103,43810,45289,58336,57439,12144,22067,
959,103,103,103,103,103,103,103,103,103,103,103,20888,15728,39954,56914,47361,26260,47423,42391,44974,
960,103,103,103,103,103,103,103,103,103,103,103,103,54020,13026,103,18551,103,58245,39661,103,
961,103,103,103,103,103,103,103,103,103,103,103,103,103,103,103,37533,51157,103,103,103,
962,103,103,103,103,103,103,103,103,103,103,103,103,23069,103,103,103,59704,13059,103,20637,
963,103,103,103,103,103,103,103,103,103,103,57203,103,103,103,103,25844,103,14023,57249,41417,
964,103,103,103,103,103,103,103,103,103,103,11976,103,48033,103,21003,103,103,55539,50010,35534,
965,103,103,103,103,103,103,103,103,103,103,34945,103,14483,45584,48682,32511,103,103,103,39704,
966,103,103,103,103,103,103,103,103,103,103,59044,103,51781,103,103,27379,44526,12113,103,52055,
967,103,103,103,103,103,103,103,103,103,103,103,50997,103,47685,103,103,59455,24839,103,48619,
968,103,103,103,103,103,103,103,103,103,103,103,9279,103,103,25235,103,103,103,103,103,
969,103,103,103,103,103,103,103,103,103,103,103,59795,103,103,103,16784,103,103,55250,53816,
970,103,103,103,103,103,103,103,103,103,103,103,103,103,14897,103,22708,10658,56927,103,103,
971,103,103,103,103,103,103,103,103,103,103,10689,25985,58391,26965,103,103,103,103,103,103,
972,103,103,103,103,103,103,103,103,103,103,17166,103,58021,103,21391,103,103,43008,34625,20197,
973,103,103,103,103,103,103,103,103,103,103,103,35233,103,103,49631,49783,55168,103,51459,103,
974,103,103,103,103,103,103,103,103,103,103,103,103,11505,103,32135,103,103,35383,103,103,
975,103,103,103,103,103,103,103,103,103,103,103,31260,50028,103,103,103,103,13902,103,18426,
976,103,103,103,103,103,103,103,103,103,103,103,11335,103,103,103,103,52029,51241,103,60374,
977,103,103,103,103,103,17598,17598,103,103,103,103,44476,14064,103,32169,55177,44130,51959,17218,103,
978,103,103,103,103,103,103,103,103,103,103,16769,103,103,28052,41427,54475,103,26160,51086,103,
979,103,103,103,103,103,103,103,103,103,103,103,34496,103,103,103,28307,27782,103,48243,57309,
980,103,103,103,103,103,103,103,103,103,103,103,103,32170,51931,46471,103,103,50882,50943,51658,
981,103,103,103,103,103,103,103,103,103,103,48867,55026,103,17856,32617,37207,21998,103,59936,103,
982,103,103,103,103,103,103,103,103,103,103,103,103,32228,17946,103,45420,34440,60288,103,103,
983,103,103,103,103,103,103,103,103,103,103,103,103,43720,59092,103,103,29455,103,51571,55931,
984,103,103,103,103,103,103,103,103,103,103,43090,103,38274,18024,3355,26866,103,103,56622,103,
985,103,103,103,103,103,103,103,103,103,103,103,103,103,103,56426,103,40672,103,11732,103,
986,103,103,103,103,103,103,103,103,103,103,52225,103,53447,13450,13272,103,103,103,103,103,
987,103,103,103,103,103,103,103,103,103,103,103,19715,103,57226,36755,103,59792,17253,42815,103,
988,103,103,103,103,103,103,103,103,103,103,103,103,49632,103,26274,103,26074,36583,13816,103,
989,103,103,103,103,103,103,103,103,103,103,103,38403,103,18957,30552,103,103,32930,103,43593,
990,103,103,103,103,103,103,103,103,103,103,103,31040,103,61389,59656,103,103,14933,103,103,
991,103,103,103,103,103,103,103,103,103,22417,103,25494,103,103,1667,103,103,103,30072,52036,
992,103,103,103,103,103,103,103,103,103,103,49308,103,103,103,103,54004,29934,103,103,103,
993,103,103,103,103,103,103,103,103,103,103,103,45001,103,103,21242,103,49757,103,19749,103,
994,103,103,103,103,103,103,103,103,103,103,60214,103,18875,103,103,103,103,55031,103,103,
995,103,103,103,103,103,103,103,103,103,103,24083,103,19906,39689,103,103,23835,103,45827,103,
996,103,103,103,103,103,103,103,103,103,103,15171,59817,54495,38113,50958,103,103,103,103,103,
997,103,103,103,103,103,103,103,103,103,103,103,60327,49190,103,103,103,52659,44623,49899,29339,
998,103,103,103,103,103,103,103,103,103,103,51987,26176,103,103,29505,52311,103,31751,19893,103,
999,103,103,103,103,103,103,103,103,103,103,103,103,32654,103,13256,19471,13677,103,34231,31913,
1000,103,103,103,103,103,103,103,103,103,103,13133,52673,103,103,13677,103,103,103,33865,38767,
