1,42317,44746,45871,12121,23262,37214,39200,45390,705,18157,26438,29303,5246,6011,36761,48092,35294,41419,5758,19047,
2,705,5246,1570,764,579,5450,2109,858,2240,1760,4366,6173,1514,12710,8187,1449,4725,5552,37852,876,
3,579,579,3001,2870,1525,1618,1449,2867,745,705,730,2165,1821,618,705,705,1514,618,49316,7072,
4,579,579,584,745,1643,584,11189,4930,705,705,618,618,851,705,11189,618,1449,584,7396,2730,
5,579,579,705,579,851,705,486,584,584,705,584,486,618,618,618,618,579,579,3328,7724,
6,486,486,584,764,584,618,579,579,579,584,584,340,618,1942,340,340,340,618,11594,26486,
7,340,340,584,340,7564,618,340,579,340,340,340,618,340,486,340,340,340,340,1713,340,
8,340,340,340,340,340,340,340,340,340,24504,340,340,340,340,340,340,340,340,21190,22209,
9,340,340,340,340,340,340,340,340,340,340,340,340,340,340,340,340,340,340,5062,24352,
10,340,340,340,340,340,340,340,340,340,340,340,340,340,340,340,340,340,340,340,13759,
11,340,340,340,340,340,340,340,340,340,340,340,340,340,340,340,340,340,340,16899,850,
12,340,340,17515,13795,340,340,340,340,340,8944,340,340,340,340,340,340,340,340,16597,15086,
13,340,340,340,340,340,340,340,340,340,340,340,340,340,340,340,340,340,340,11298,56685,
14,340,340,340,340,340,340,340,340,340,340,340,6023,340,340,340,340,340,340,48478,54277,
15,340,340,340,340,340,340,340,340,340,340,340,340,340,340,340,340,340,340,18823,6691,
16,340,340,340,340,340,340,340,340,340,340,340,340,340,340,340,340,340,340,29954,28675,
17,340,340,340,340,5332,340,340,340,340,340,340,340,340,340,340,340,340,340,4241,7808,
18,340,340,340,340,340,340,340,340,340,340,340,340,340,340,340,340,340,340,806,48638,
19,340,340,340,340,340,340,340,340,340,340,340,340,340,340,340,340,340,340,23943,340,
20,340,340,340,340,340,340,340,340,340,340,340,658,340,340,340,340,340,340,9501,5602,
21,340,340,340,340,340,340,340,340,340,340,340,340,340,340,340,340,340,340,28538,10708,
22,340,340,340,340,340,340,340,340,340,340,340,340,340,340,340,340,340,340,44687,23334,
23,340,340,340,340,340,340,340,340,340,340,340,340,340,340,340,340,340,340,25602,9625,
24,340,340,8821,340,340,340,340,340,340,340,340,340,340,340,340,340,340,340,15013,340,
25,340,340,340,340,340,340,340,340,340,340,340,340,340,340,340,340,340,340,11552,13529,
26,340,340,340,340,340,340,340,340,340,340,340,340,340,340,340,340,340,340,340,15426,
27,340,340,340,340,12385,340,340,340,340,340,340,340,340,340,340,340,340,340,43721,17958,
28,340,340,340,1835,340,340,340,340,340,7073,340,340,340,340,340,340,16260,340,340,15600,
29,340,340,340,340,340,340,340,340,340,340,340,340,340,340,340,340,340,340,10884,4423,
30,340,340,340,340,340,340,340,340,16341,340,340,340,340,340,340,340,340,340,5148,340,
31,340,340,340,340,340,340,340,340,340,340,340,340,340,340,340,340,340,340,2003,52812,
32,340,340,1133,340,1133,340,340,340,340,340,340,340,340,340,340,340,340,340,28570,1660,
33,340,340,340,340,340,340,340,340,340,340,340,340,340,340,340,340,340,340,340,340,
34,340,340,340,340,340,340,340,340,340,340,340,340,11800,340,340,340,340,340,14450,19738,
35,340,340,340,340,340,340,340,340,340,340,340,340,340,340,340,340,340,340,40578,5113,
36,340,340,340,340,340,340,340,340,340,340,340,1010,340,340,340,340,340,340,16411,11420,
37,340,340,340,340,340,340,340,340,340,340,340,340,340,340,340,340,340,340,340,6660,
38,340,340,340,340,340,340,340,340,340,340,340,340,340,340,340,340,340,340,60211,8291,
39,340,340,340,340,340,340,340,340,340,340,340,340,340,340,340,340,340,340,24851,46620,
40,340,340,340,340,340,340,340,3598,340,340,340,340,340,340,340,340,340,340,340,47629,
41,340,340,340,340,340,340,340,340,340,340,340,340,340,340,340,340,340,340,34982,56020,
42,340,340,340,340,340,340,340,340,340,340,340,7444,340,340,340,340,340,340,6819,340,
43,340,340,340,340,340,340,340,340,340,340,340,340,340,340,340,340,340,340,40551,24514,
44,340,340,340,340,2253,340,340,340,340,340,340,340,340,340,340,340,340,340,48891,31446,
45,340,340,340,340,340,340,340,340,340,340,340,340,340,340,340,340,340,340,40433,26939,
46,340,340,340,340,340,340,340,340,340,340,340,340,340,340,340,340,340,340,18448,340,
47,340,340,340,340,340,340,340,340,340,340,340,340,340,340,340,340,340,340,12675,1506,
48,340,340,9305,340,340,340,340,340,340,340,340,340,340,340,340,340,340,340,28855,10819,
49,340,340,340,340,340,340,340,340,340,340,340,340,340,340,340,340,340,340,340,340,
50,340,340,340,340,340,340,340,340,340,340,340,340,340,340,340,340,340,340,21265,9846,
51,340,340,340,340,340,340,340,340,340,340,340,340,340,340,340,340,340,340,9971,8289,
52,340,340,340,340,340,340,340,340,340,340,340,340,340,8321,340,340,340,340,28598,8329,
53,340,340,340,340,340,340,340,340,340,340,340,340,340,340,340,340,340,340,41098,13566,
54,340,340,340,340,340,340,340,340,340,340,340,340,340,340,340,340,2972,340,22154,14572,
55,340,340,2450,340,340,340,340,340,340,340,340,7745,340,340,340,340,340,340,56489,13577,
56,340,340,340,340,340,340,340,340,340,340,340,340,340,340,340,340,340,340,5507,55108,
57,340,340,781,340,340,340,340,340,340,340,340,340,340,340,340,340,340,9116,1860,49330,
58,340,340,340,340,340,340,340,340,340,340,340,340,340,340,340,340,340,340,4289,1725,
59,340,340,340,340,340,340,340,340,340,340,340,340,340,340,340,340,340,340,23197,35730,
60,340,340,340,340,340,340,340,340,340,340,340,340,256,340,340,340,340,340,4538,8176,
61,256,340,256,340,340,340,340,340,340,340,340,340,340,340,340,256,340,256,16336,13168,
62,256,256,340,340,340,340,340,340,340,340,256,340,340,256,340,256,340,340,7526,970,
63,256,256,256,256,340,340,256,256,256,256,256,256,256,256,340,340,340,256,256,46297,
64,256,256,256,256,256,256,256,256,256,256,256,2397,256,256,149,256,256,256,22227,9605,
65,149,256,256,256,256,256,149,256,256,149,149,149,256,149,256,256,256,256,10444,2595,
66,149,149,149,149,256,256,256,256,149,149,149,256,149,149,149,149,256,149,44259,9117,
67,149,149,149,149,149,149,149,149,4550,149,256,149,149,149,149,149,149,149,48679,23657,
68,149,149,149,149,149,149,256,149,149,149,149,149,149,149,149,149,149,149,10780,149,
69,149,149,149,149,149,149,149,149,149,149,149,149,149,149,149,149,149,149,149,44565,
70,149,149,149,1706,149,149,149,149,149,149,149,149,149,149,149,149,149,149,149,50388,
71,149,149,149,149,149,149,149,149,149,149,149,931,149,149,149,149,149,149,7246,149,
72,149,149,149,149,149,149,149,149,149,149,149,149,149,149,149,149,149,149,61566,18321,
73,149,149,149,149,149,149,149,149,9178,149,149,149,149,149,149,149,149,149,41700,149,
74,149,149,149,149,149,149,149,149,149,149,149,1744,149,149,149,149,149,149,27927,149,
75,149,149,149,149,149,149,149,149,149,149,149,149,149,149,149,149,149,12799,44994,56201,
76,149,149,149,149,1677,149,149,149,149,149,149,149,149,149,149,149,149,149,2322,41808,
77,149,149,149,149,149,149,149,149,149,149,149,149,149,149,149,149,149,149,149,24004,
78,149,149,149,149,149,149,149,149,149,149,149,149,149,149,149,149,149,149,51701,48761,
79,149,149,149,149,149,149,149,149,149,149,149,149,149,149,149,149,149,149,149,43477,
80,149,149,149,149,149,149,149,149,149,149,149,149,149,149,149,149,149,149,14897,26326,
81,149,149,149,149,149,149,149,149,149,149,149,149,149,149,149,149,149,149,13360,149,
82,149,149,149,149,149,149,149,149,149,149,149,149,149,149,149,149,149,149,30254,6021,
83,149,149,149,149,149,149,149,149,149,149,149,149,149,149,149,149,149,149,149,149,
84,149,149,149,149,149,149,149,149,149,149,149,149,149,149,149,149,149,149,29044,19367,
85,149,149,149,149,149,149,149,149,149,149,149,149,149,149,149,149,149,149,149,17416,
86,149,149,149,149,149,149,149,149,149,149,149,149,149,149,149,149,149,149,34534,149,
87,149,149,18058,149,149,149,149,149,149,149,149,149,149,149,149,149,149,149,20854,149,
88,149,149,149,149,149,149,149,149,149,149,149,149,149,149,149,149,149,149,18249,27132,
89,149,149,149,149,149,149,149,149,149,149,149,149,149,149,149,149,149,149,36994,46819,
90,149,149,149,149,149,149,149,149,149,149,149,149,149,149,149,149,149,149,15224,149,
91,149,149,149,149,149,149,149,149,149,149,149,149,149,149,149,149,149,149,43653,149,
92,149,149,149,149,149,149,149,149,149,149,149,149,149,149,149,149,149,149,29528,50778,
93,149,149,149,149,149,149,149,149,149,149,149,149,149,149,149,149,149,149,13278,44584,
94,149,149,149,149,149,149,149,149,149,149,149,16645,149,10488,149,149,149,149,149,14151,
95,149,149,149,149,149,149,149,149,149,149,149,149,149,149,149,149,149,149,49596,17836,
96,149,149,149,149,149,149,149,149,149,149,149,149,149,149,149,149,149,149,29468,33967,
97,149,149,149,149,149,149,149,149,149,149,149,149,149,149,149,149,149,149,43607,39875,
98,149,149,149,149,149,149,149,149,22119,149,26470,149,149,149,149,149,149,149,10295,26731,
99,149,149,149,149,149,4074,149,149,149,149,149,149,149,149,149,149,149,149,3731,19463,
100,149,149,149,149,149,149,149,149,149,149,149,149,149,149,149,149,149,149,16199,4385,
101,149,149,149,149,149,149,149,149,149,149,149,4385,149,149,149,149,149,149,20209,149,
102,149,149,149,149,149,149,149,149,149,149,149,149,149,149,149,149,149,149,23283,34703,
103,149,149,149,149,149,149,149,149,149,149,149,149,149,149,149,149,149,149,24709,149,
104,149,149,149,149,149,149,149,149,149,149,149,149,149,149,149,149,149,149,52904,149,
105,149,149,149,149,149,149,149,149,149,149,149,149,149,149,149,149,149,149,18658,34275,
106,149,149,149,149,149,149,149,882,149,149,149,149,149,12798,149,149,149,149,16263,149,
107,149,149,149,149,149,149,149,149,149,149,149,149,149,149,149,149,149,149,149,31876,
108,149,149,149,149,149,149,149,149,149,149,149,149,149,149,149,149,149,149,52887,149,
109,149,149,149,149,149,149,149,149,149,149,25514,149,149,149,149,149,149,149,3784,149,
110,149,149,149,149,149,149,149,149,149,149,149,149,149,149,149,149,149,149,32862,3036,
111,149,149,149,149,149,149,149,149,149,149,149,149,149,149,149,149,149,149,5870,47708,
112,149,149,149,149,149,149,149,149,149,149,149,149,149,149,149,149,149,149,26803,15524,
113,149,149,149,149,149,149,149,149,149,149,149,149,149,12221,149,149,149,149,149,149,
114,149,149,149,149,149,149,149,149,149,149,149,149,149,149,149,149,149,149,41984,37087,
115,149,149,149,149,149,149,149,1021,149,149,149,149,149,149,149,149,149,149,149,149,
116,149,149,149,149,149,149,149,149,149,149,149,16789,149,149,149,149,149,149,149,28533,
117,149,149,3086,149,149,149,149,149,149,149,149,149,149,149,149,149,149,149,149,149,
118,149,149,149,149,149,149,149,149,149,149,149,149,149,149,149,149,149,149,12639,14124,
119,149,149,149,149,149,149,149,149,149,149,149,149,149,149,149,149,149,149,38549,30061,
120,149,149,149,26869,149,149,7269,149,149,149,149,149,149,149,149,149,149,149,33766,3376,
121,149,149,149,149,149,149,149,149,149,149,149,149,149,149,149,149,149,149,149,45590,
122,149,149,149,149,149,149,149,149,149,149,149,149,149,149,149,149,149,149,30521,149,
123,149,149,149,149,149,149,149,149,149,149,149,149,149,149,149,149,149,149,149,25338,
124,149,149,149,148,149,149,149,149,149,149,149,149,149,149,149,149,149,149,15903,149,
125,148,149,149,149,149,6143,149,149,148,149,149,149,149,149,149,149,149,149,40658,14939,
126,148,148,149,149,148,149,149,149,148,149,149,149,149,148,149,149,149,149,149,149,
127,148,148,149,149,148,149,149,148,149,148,148,149,148,148,149,149,148,149,36036,38935,
128,148,148,149,148,15166,148,148,148,149,148,148,148,148,148,148,149,148,41403,148,44050,
129,148,148,148,148,148,149,148,148,148,148,148,148,148,148,148,148,148,148,54782,148,
130,148,148,148,148,148,148,148,148,148,148,148,148,148,148,148,148,148,148,18463,34841,
131,148,148,148,148,148,148,148,148,148,148,148,148,148,148,148,148,148,148,57646,148,
132,148,148,148,148,148,148,148,148,148,148,148,148,148,148,148,148,148,148,148,148,
133,148,148,148,148,148,148,148,148,148,148,148,148,148,148,148,148,148,148,148,31855,
134,148,148,148,148,148,148,148,148,148,148,148,148,148,148,148,148,148,148,33962,148,
135,148,148,148,148,148,148,148,148,148,148,148,148,148,148,148,148,148,148,42322,148,
136,148,148,148,148,148,148,148,148,148,148,148,148,148,148,148,148,148,148,148,148,
137,148,148,148,148,148,148,148,148,148,148,148,148,148,148,148,148,148,148,50695,148,
138,148,148,148,148,148,148,148,148,148,148,148,148,148,148,148,148,148,148,148,40743,
139,148,148,148,148,148,148,148,148,148,148,148,148,148,148,148,148,148,148,371,12259,
140,148,148,148,148,148,148,148,148,148,148,148,148,148,148,148,148,148,148,7118,49143,
141,148,148,148,148,148,148,148,148,148,148,148,148,148,148,148,148,148,148,148,41822,
142,148,148,148,148,148,148,148,148,148,148,148,148,148,148,148,148,148,148,40343,17096,
143,148,148,148,148,148,148,148,148,148,148,8860,148,148,148,148,148,148,148,53812,50049,
144,148,148,148,148,148,148,148,148,148,148,148,148,148,148,148,148,148,148,43684,12530,
145,148,148,148,148,148,148,148,148,148,148,148,148,148,148,148,148,148,148,148,33845,
146,148,148,148,148,148,148,148,148,148,148,148,148,148,148,148,148,148,148,148,28573,
147,148,148,148,148,148,148,148,148,148,148,148,148,148,148,148,148,148,148,17950,24648,
148,148,148,148,148,148,148,148,148,148,148,148,148,148,148,148,148,148,148,148,148,
149,148,148,148,148,148,148,148,148,148,148,148,148,148,148,148,148,148,148,45901,38443,
150,148,148,148,148,148,148,148,148,148,148,148,148,148,148,148,148,148,148,148,148,
151,148,148,148,148,148,148,148,148,148,148,148,148,148,148,148,148,148,148,59180,38673,
152,148,148,148,148,148,148,148,148,148,148,148,148,148,148,148,148,148,148,22769,47193,
153,148,148,148,148,10374,148,148,148,148,148,148,10374,148,148,148,148,148,148,148,148,
154,148,148,148,148,148,148,148,148,148,148,148,148,148,148,148,148,148,148,42665,148,
155,148,148,148,148,148,148,148,148,148,148,148,148,148,148,148,148,148,148,148,36155,
156,148,148,148,148,148,148,148,148,148,148,148,148,148,148,148,148,148,148,21615,148,
157,148,148,148,148,148,148,148,148,148,148,148,148,148,148,148,148,148,148,148,148,
158,148,148,148,148,148,148,148,148,148,148,148,148,148,148,148,148,148,148,148,148,
159,148,148,148,148,148,148,148,148,148,148,148,148,148,148,148,148,148,148,13330,19309,
160,148,148,148,148,148,148,148,148,148,148,148,148,148,148,148,148,148,148,26206,148,
161,148,148,148,148,148,148,148,148,148,148,148,148,148,148,148,148,148,148,148,16525,
162,148,148,148,148,148,148,148,148,148,148,148,148,148,148,148,148,148,148,148,148,
163,148,148,148,148,148,148,148,148,148,148,148,148,148,148,148,148,148,148,148,48520,
164,148,148,148,148,148,148,148,148,148,148,148,148,148,148,148,148,148,148,148,46698,
165,148,148,148,148,148,148,148,148,148,148,148,148,148,148,148,57218,148,148,148,29968,
166,148,148,148,148,7035,148,148,148,148,148,148,148,148,148,148,148,148,148,148,148,
167,148,148,148,148,148,148,148,148,148,148,148,148,148,148,148,148,148,148,7747,3331,
168,148,148,148,148,148,148,148,148,148,148,148,148,148,148,148,148,148,148,148,52494,
169,148,148,148,148,148,148,148,148,148,148,148,148,148,148,148,148,148,148,148,4985,
170,148,148,148,148,148,148,148,148,148,148,148,148,148,148,148,148,148,148,55875,148,
171,148,148,148,148,28095,148,148,148,148,148,148,148,148,148,148,148,148,148,40373,148,
172,148,148,148,148,148,148,148,148,148,148,148,148,148,148,148,148,148,148,49549,148,
173,148,148,148,148,6688,148,148,148,148,148,148,148,148,148,148,148,148,148,12947,44541,
174,148,148,13024,148,148,148,148,148,148,148,148,148,148,148,148,148,148,148,148,44802,
175,148,148,148,148,148,148,148,148,148,148,148,148,148,148,148,148,148,148,45910,37815,
176,148,148,148,148,148,148,148,148,148,45481,148,148,148,148,148,148,148,148,34652,148,
177,148,148,148,148,148,148,148,148,148,148,148,148,148,148,148,148,148,148,12421,22944,
178,148,148,148,148,148,148,148,148,148,148,148,148,148,148,148,148,148,148,34319,32708,
179,148,148,148,148,148,148,148,148,148,148,148,148,148,148,148,148,148,148,148,148,
180,148,148,148,148,148,148,148,148,148,148,148,148,148,148,148,148,148,148,44824,2038,
181,148,148,19588,148,148,148,26312,148,148,148,148,148,148,148,148,148,148,148,148,9051,
182,148,148,148,148,148,148,148,148,148,148,148,148,148,148,148,148,148,148,24570,21167,
183,148,148,148,148,148,148,148,148,148,148,148,148,148,148,148,148,148,148,55440,57597,
184,148,148,148,148,29879,148,148,148,148,148,148,148,148,148,23681,148,148,148,59849,50030,
185,148,148,148,148,148,148,148,148,148,148,148,148,148,148,148,148,148,148,148,148,
186,148,148,148,148,148,148,148,148,148,148,148,148,148,148,148,148,148,148,46917,43204,
187,148,148,148,148,148,148,148,148,148,148,148,148,148,148,148,148,148,148,148,41227,
188,148,148,148,148,148,148,148,148,148,148,148,148,148,148,148,148,148,148,148,40998,
189,148,148,148,148,148,148,148,148,148,148,148,148,148,148,148,148,148,148,148,148,
190,148,148,148,148,49772,148,148,148,148,148,148,148,148,148,148,148,148,148,148,38428,
191,148,148,148,148,148,148,148,148,148,148,148,148,148,148,148,148,148,148,148,148,
192,148,148,148,148,148,148,148,148,148,148,148,148,148,148,148,148,148,148,19536,52342,
193,148,148,148,148,148,148,148,148,148,148,148,148,148,148,148,148,148,148,148,53291,
194,148,148,148,148,45764,148,148,148,148,148,148,148,148,148,148,148,148,148,33555,42784,
195,148,148,148,148,148,148,148,148,148,148,148,148,148,148,148,148,148,148,19697,148,
196,148,148,148,148,148,148,148,148,148,148,148,148,148,148,148,148,148,148,45576,12084,
197,148,148,148,148,148,148,148,148,148,148,148,148,148,148,148,148,148,148,57351,15979,
198,148,148,148,148,148,148,148,148,148,148,148,148,15227,148,148,148,148,148,148,148,
199,148,148,148,148,148,148,148,148,148,148,148,148,148,148,148,148,148,148,47276,54874,
200,148,148,148,148,148,148,148,148,148,148,148,148,148,148,148,148,148,148,47823,148,
201,148,148,148,148,148,148,148,148,148,148,148,148,148,148,148,148,148,148,148,10024,
202,148,148,148,148,148,148,148,148,148,148,148,148,148,148,148,148,148,148,148,148,
203,148,148,148,148,148,148,148,148,148,148,148,148,148,148,148,148,148,148,29456,148,
204,148,148,148,148,148,148,148,148,148,148,148,148,148,148,148,148,148,148,29006,148,
205,148,148,148,148,148,148,148,148,148,148,148,148,148,12445,148,148,148,148,148,9692,
206,148,148,148,148,148,148,148,148,148,148,148,148,17470,148,148,148,148,148,148,19899,
207,148,148,148,148,148,148,148,148,148,148,148,148,148,148,148,148,148,148,43517,20459,
208,148,148,148,148,148,148,148,148,148,148,148,148,148,148,148,148,148,148,43215,148,
209,148,148,148,148,148,148,148,148,148,148,148,148,148,148,148,148,148,148,40810,148,
210,148,148,148,148,148,148,148,148,148,148,148,148,148,148,148,148,148,148,14925,23485,
211,148,148,148,148,148,148,148,148,148,148,148,148,148,148,148,148,148,148,57385,16237,
212,148,148,148,148,148,148,10196,10551,148,148,148,148,148,148,148,148,148,148,50560,49891,
213,148,148,148,148,148,148,148,148,148,148,148,148,148,148,148,148,148,148,148,148,
214,148,148,148,148,148,148,148,148,148,148,148,148,148,148,148,148,148,148,148,148,
215,148,148,148,148,148,148,148,148,148,148,148,148,148,148,148,148,148,148,18651,28262,
216,148,148,148,148,148,148,148,148,148,148,148,148,1831,148,148,148,148,148,28193,46273,
217,148,148,148,148,148,148,21244,148,148,148,148,148,26649,148,35498,148,148,148,148,36143,
218,148,148,148,148,148,148,148,148,148,148,148,148,148,148,148,148,148,148,36373,148,
219,148,148,148,148,148,148,148,148,148,148,148,40212,148,148,148,148,148,148,40796,34788,
220,148,148,148,148,148,148,148,148,148,148,148,148,148,148,148,148,148,148,54035,23369,
221,148,148,148,148,148,148,148,148,148,148,148,148,148,148,148,148,148,148,19584,45364,
222,148,148,148,148,148,148,148,148,148,148,148,148,148,148,148,148,148,148,14941,24017,
223,148,148,148,148,148,148,148,148,148,148,148,148,148,148,148,148,148,148,148,8927,
224,148,148,148,148,148,148,148,148,148,148,148,148,148,148,148,148,148,148,148,148,
225,148,148,148,148,148,148,148,148,148,148,148,148,148,148,148,148,148,148,32209,152,
226,148,148,148,148,148,148,148,148,148,148,148,148,148,148,148,148,148,148,148,148,
227,148,148,148,4462,148,148,148,148,148,148,148,148,148,148,148,148,148,148,37123,148,
228,148,148,148,148,148,148,148,148,148,148,148,148,148,148,148,148,148,148,50723,148,
229,148,148,148,148,148,148,148,148,148,148,148,148,148,148,148,148,148,148,148,57169,
230,148,148,148,148,148,148,148,148,148,148,148,148,148,148,148,148,148,148,61582,53972,
231,148,148,148,148,148,10121,148,148,148,148,148,148,148,148,148,148,148,148,17209,47107,
232,148,148,148,148,148,148,148,148,148,2057,148,148,148,148,148,148,26414,148,28285,148,
233,148,148,148,148,7386,148,148,148,148,148,148,148,148,148,148,148,148,148,148,400,
234,148,148,148,148,148,148,148,148,148,148,148,148,148,148,148,148,148,148,20622,39005,
235,148,148,148,148,148,148,148,148,148,148,148,148,148,148,148,148,148,148,56799,57808,
236,148,148,148,148,148,148,148,148,148,148,148,148,148,148,148,148,148,148,148,12383,
237,148,148,148,148,148,148,148,148,148,148,148,148,148,148,148,148,148,148,148,14870,
238,148,148,148,148,148,148,148,148,148,148,148,148,148,148,148,148,148,148,15023,148,
239,148,148,148,148,148,148,148,148,148,148,148,148,148,148,148,148,148,148,148,43955,
240,148,148,148,148,148,148,148,148,148,148,148,148,148,148,148,148,148,148,148,39528,
241,148,148,148,148,148,148,148,148,148,148,7128,148,148,148,148,148,148,148,19640,54271,
242,148,148,148,148,148,148,148,148,148,148,148,148,15863,148,148,148,148,148,31779,54035,
243,148,148,148,148,148,148,148,148,148,148,148,148,148,148,148,148,148,148,28557,56541,
244,148,148,148,148,148,148,148,148,148,148,148,148,148,148,148,148,148,148,57345,148,
245,148,148,148,148,148,148,148,148,148,148,148,148,148,148,148,148,148,148,41161,11315,
246,148,148,148,148,148,148,148,148,148,148,148,148,148,148,148,148,148,148,38622,14357,
247,148,148,148,148,148,148,148,148,148,148,148,148,148,148,148,148,148,148,37307,6167,
248,148,148,148,4939,148,148,148,148,148,148,148,148,148,148,148,148,148,148,38361,148,
249,148,148,148,148,148,148,148,148,148,148,148,148,148,148,148,148,148,148,148,10180,
250,148,148,148,148,148,148,148,148,148,148,148,148,148,148,148,148,148,148,148,13976,
251,148,148,148,148,148,148,148,148,148,148,148,148,148,148,148,148,148,148,148,36464,
252,148,148,148,148,148,148,148,148,148,148,148,148,148,148,148,148,148,148,8912,148,
253,148,148,148,148,148,148,148,148,148,148,42839,148,148,148,148,148,148,148,13809,47851,
254,148,148,17394,148,148,148,148,148,148,148,148,148,148,148,148,148,148,148,44521,40315,
255,148,148,148,148,148,148,148,148,148,148,148,148,148,148,148,148,148,148,1978,148,
256,148,148,148,148,148,148,148,148,148,148,148,148,148,148,148,148,148,148,148,44744,
257,148,148,148,148,148,148,148,148,148,148,148,148,148,148,148,148,148,148,148,816,
258,148,148,148,148,148,148,148,148,148,148,148,148,148,148,148,148,148,148,17466,28906,
259,148,148,148,148,148,148,148,148,148,148,148,148,148,148,148,148,148,148,46284,17597,
260,148,148,148,148,148,148,148,148,148,148,148,148,148,148,148,148,148,148,57784,55956,
261,148,148,148,23599,148,148,148,14128,148,148,148,148,148,148,148,148,148,148,21705,27781,
262,148,148,148,148,148,148,148,148,148,148,148,148,148,148,148,148,148,148,19749,12840,
263,148,148,148,148,148,148,148,148,148,148,148,148,148,148,148,148,148,148,148,33865,
264,148,148,148,148,148,148,5276,148,148,148,148,148,148,148,148,148,148,148,31443,14699,
265,148,148,148,148,148,148,148,148,148,148,148,148,148,148,148,148,148,148,40913,52934,
266,148,148,148,148,148,148,148,148,148,148,148,148,148,148,148,148,148,148,148,28497,
267,148,148,148,148,148,148,148,148,148,148,1804,148,148,148,148,148,148,148,44818,25599,
268,148,148,148,148,148,148,148,148,148,148,148,148,14763,148,148,148,148,148,30536,37637,
269,148,148,148,148,148,148,148,148,148,148,148,148,11922,9481,148,148,148,148,34179,52316,
270,148,148,148,148,148,148,148,148,148,148,148,148,148,148,148,148,148,148,41829,148,
271,148,148,148,148,148,148,148,148,148,148,148,148,148,148,148,148,148,148,14711,27368,
272,148,148,148,148,148,148,148,148,148,148,148,148,148,148,148,148,148,148,148,49517,
273,148,148,148,148,148,148,148,148,148,148,148,148,148,148,148,148,148,148,148,45763,
274,148,148,148,148,148,148,148,148,148,148,148,148,148,148,148,148,148,148,33786,23189,
275,148,148,148,148,148,148,148,148,148,148,148,148,148,148,148,148,148,148,148,3643,
276,148,148,148,43417,148,148,148,148,148,148,148,148,148,148,148,148,148,148,41251,148,
277,148,148,148,148,148,148,148,148,148,148,148,148,148,148,148,148,148,148,148,148,
278,148,148,148,148,148,148,148,148,148,148,148,148,148,148,148,148,148,148,46979,47731,
279,148,148,148,148,148,148,148,148,148,148,148,148,148,148,148,148,148,148,20074,17766,
280,148,148,148,148,148,148,148,148,148,148,148,148,148,148,148,148,148,148,29049,148,
281,148,148,148,148,148,148,148,148,148,148,148,148,148,148,148,148,148,148,52930,148,
282,148,148,148,148,148,148,148,148,148,148,148,148,148,148,148,148,148,148,9417,148,
283,148,148,148,148,148,148,148,148,148,148,148,148,148,148,148,148,148,148,31396,16765,
284,148,148,148,148,148,148,148,148,148,7044,148,148,148,148,148,148,148,148,148,34726,
285,148,148,148,148,148,148,148,148,148,148,148,148,148,148,148,148,148,148,14818,8902,
286,148,148,148,148,148,148,148,148,148,148,148,148,148,148,148,148,148,148,41150,49692,
287,148,148,148,148,148,148,148,148,148,148,148,148,148,148,148,148,148,148,562,15038,
288,148,148,148,148,148,148,148,148,148,148,148,148,148,148,148,148,148,4752,148,46204,
289,148,148,148,148,148,148,148,148,148,148,148,148,148,148,148,148,148,148,148,49379,
290,148,148,148,148,148,148,148,148,148,148,148,148,148,148,148,148,148,148,52629,10955,
291,148,148,148,15255,148,148,148,15255,148,148,148,148,148,148,148,148,148,148,148,48311,
292,148,148,148,148,148,148,148,15255,148,148,148,148,148,15255,148,148,148,148,17044,40496,
293,148,148,148,148,148,148,148,148,148,148,148,148,148,148,148,148,148,148,20603,148,
294,148,148,148,148,148,148,148,148,148,148,148,148,148,148,148,148,148,148,23524,148,
295,148,148,148,148,148,148,148,148,148,148,148,148,148,148,148,148,148,148,148,27976,
296,148,148,148,148,148,148,148,148,148,148,148,148,148,148,148,148,148,148,50942,148,
297,148,148,148,148,148,148,148,148,148,148,148,148,148,148,148,148,148,148,148,31957,
298,148,148,148,148,148,148,148,148,148,148,148,148,148,148,148,148,148,148,49562,148,
299,148,148,148,148,148,148,148,148,148,12450,148,148,148,148,148,148,148,148,148,40990,
300,148,148,148,148,148,148,148,148,148,148,148,148,148,148,148,148,148,148,3878,39754,
301,148,148,148,148,148,148,148,148,148,148,148,148,148,148,148,148,148,148,148,58545,
302,148,148,148,148,148,148,148,148,148,148,148,148,148,148,148,148,3017,148,40092,148,
303,148,148,148,148,148,148,148,148,148,148,148,148,148,148,148,148,148,148,148,148,
304,148,148,148,148,148,148,148,148,148,148,148,148,148,148,148,148,148,35021,27668,32875,
305,148,148,148,148,148,148,148,148,148,148,148,148,148,148,148,148,148,148,36517,42996,
306,148,148,148,148,148,148,148,148,148,148,148,148,148,148,9966,148,148,148,53899,27238,
307,148,148,148,148,148,148,148,148,148,148,148,148,148,148,148,148,148,148,1213,32340,
308,148,148,148,148,148,148,148,148,15138,148,148,148,148,148,148,148,148,148,11512,9292,
309,148,148,148,148,148,148,148,148,148,148,148,148,148,148,148,148,148,148,26845,11901,
310,148,148,148,148,148,148,148,148,148,148,148,148,148,148,148,148,148,148,13700,5774,
311,148,148,148,148,148,148,148,148,148,148,148,148,148,148,148,148,148,148,148,45291,
312,148,148,148,148,148,148,148,148,148,148,148,148,148,148,148,148,148,148,148,148,
313,148,148,148,148,148,148,148,148,148,148,148,148,148,148,148,148,148,148,46854,26614,
314,148,148,148,148,148,148,148,148,148,148,3795,148,148,148,148,148,148,148,55518,148,
315,148,148,148,148,148,148,148,148,148,148,148,148,148,148,148,148,148,148,53932,36019,
316,148,148,148,148,148,148,148,148,148,148,148,148,148,148,148,148,148,148,57123,148,
317,148,148,148,148,148,148,148,148,148,148,148,148,148,148,148,148,148,148,148,148,
318,148,148,148,148,148,148,148,148,148,148,148,148,148,148,148,148,148,148,27740,148,
319,148,148,148,148,148,148,148,148,148,148,148,148,148,148,148,8161,148,148,25710,148,
320,148,148,148,148,148,148,148,148,148,148,148,148,148,148,148,148,148,148,148,30886,
321,148,148,148,148,148,148,148,148,148,148,148,148,148,148,148,148,148,148,23381,148,
322,148,148,148,148,148,148,148,35953,148,148,148,148,148,148,148,148,148,148,148,148,
323,148,148,148,148,148,148,148,148,148,148,148,148,148,148,148,148,148,148,148,47885,
324,148,148,148,148,148,148,148,148,148,148,148,148,148,148,148,148,148,148,27118,38469,
325,148,148,148,148,148,148,148,24553,148,148,148,148,148,148,148,148,148,148,148,148,
326,148,148,148,148,148,148,148,148,148,148,148,148,148,148,148,148,148,148,148,148,
327,148,148,148,148,148,148,148,148,148,148,148,148,148,148,148,148,148,148,29533,24723,
328,148,148,148,148,148,148,148,148,148,148,148,148,148,148,148,148,148,148,41397,24759,
329,148,148,148,148,148,148,148,148,148,148,148,148,148,148,148,148,148,148,36805,148,
330,148,148,148,148,148,9343,148,148,148,148,148,148,148,148,148,148,148,148,47919,148,
331,148,148,148,148,148,148,148,148,148,148,148,148,148,148,148,148,148,148,148,148,
332,148,148,148,148,148,148,148,148,148,148,148,148,148,148,148,148,148,148,47358,148,
333,148,148,148,148,148,148,148,148,148,148,148,148,148,148,148,148,148,148,28581,15205,
334,148,148,148,148,148,148,148,148,148,148,148,148,148,148,148,17747,148,148,35586,148,
335,148,148,148,148,148,148,148,148,148,148,148,148,148,148,148,148,17747,148,148,148,
336,148,148,148,148,148,148,148,148,148,148,148,148,148,148,148,148,148,148,44213,148,
337,148,148,148,148,148,148,148,148,148,148,148,148,148,148,148,148,148,148,51747,11849,
338,148,148,148,148,148,148,148,148,148,148,148,148,148,148,148,148,148,148,48219,50644,
339,148,148,148,148,148,148,148,148,148,148,148,148,14053,148,148,148,148,148,51546,148,
340,148,148,148,148,148,148,148,148,148,148,148,148,148,148,148,148,148,148,6271,21494,
341,148,148,148,148,148,148,148,148,148,148,148,148,148,148,148,148,148,148,31774,148,
342,148,148,148,148,148,148,148,148,148,148,148,148,148,148,10761,148,148,148,49475,48993,
343,148,148,148,148,148,148,148,148,148,148,148,148,148,148,148,148,148,148,45740,148,
344,148,148,148,148,148,148,148,148,148,148,148,148,148,148,148,148,148,148,148,13501,
345,148,148,148,148,148,148,148,148,148,148,148,148,148,148,148,148,148,148,148,148,
346,148,148,148,148,148,148,148,148,148,148,148,148,148,148,148,148,148,148,35744,49653,
347,148,148,148,148,148,148,148,148,148,148,148,148,148,148,148,148,148,148,48178,6560,
348,148,148,148,148,148,148,148,148,148,148,148,148,148,148,148,148,148,148,148,148,
349,148,148,148,148,148,148,148,148,148,148,148,148,148,148,148,148,148,148,33208,53639,
350,148,148,148,148,148,148,148,148,148,13384,148,148,148,148,148,148,148,16809,16194,15024,
351,148,148,148,148,148,148,148,148,148,148,148,148,148,148,148,148,148,148,10492,52684,
352,148,148,148,148,148,148,148,148,148,148,148,148,148,148,148,148,148,148,60705,37248,
353,148,148,148,148,148,148,148,148,148,148,148,148,148,148,148,148,148,148,148,58191,
354,148,148,148,148,148,148,148,148,148,148,148,148,148,148,148,148,148,148,57735,148,
355,148,148,148,148,148,148,148,148,148,28429,148,148,148,148,148,148,148,148,40334,34045,
356,148,148,148,148,148,148,148,148,148,148,148,148,148,148,148,148,148,148,6746,148,
357,148,148,148,148,148,148,148,148,148,148,148,148,148,148,148,148,148,148,43997,19773,
358,148,148,148,148,148,148,148,148,148,148,148,4391,148,148,148,148,148,148,12507,59013,
359,148,148,148,148,148,148,148,148,148,148,148,148,148,148,148,148,148,148,55853,5530,
360,148,148,148,148,148,148,148,148,148,8697,148,148,148,148,148,148,148,148,148,48424,
361,148,148,148,148,148,148,148,148,148,148,148,148,148,148,148,148,148,148,148,26402,
362,148,148,148,148,148,148,148,148,148,148,148,148,148,148,148,148,148,148,14363,43325,
363,148,148,148,148,148,148,148,148,148,148,148,148,148,148,148,148,148,148,45299,31260,
364,148,148,148,148,148,148,148,148,148,148,148,148,148,148,148,148,148,148,55886,45988,
365,148,148,148,148,148,148,148,148,148,148,148,148,148,148,148,148,148,148,44342,21379,
366,148,148,148,148,148,148,148,148,148,148,148,148,148,148,148,148,148,148,31914,26048,
367,148,148,148,148,148,148,148,148,148,148,148,148,148,148,148,148,148,148,148,58554,
368,148,148,148,148,148,148,148,148,148,148,148,148,148,148,148,148,148,148,44498,148,
369,148,148,148,148,148,148,148,148,148,148,148,148,148,148,148,148,148,148,44739,148,
370,148,148,148,148,148,148,148,148,148,148,148,148,148,148,148,148,148,148,42594,32468,
371,148,148,148,148,148,148,148,148,148,148,148,148,148,148,148,148,148,148,30286,51298,
372,148,148,148,148,148,148,148,148,148,148,148,148,148,148,148,148,453,15902,148,7721,
373,148,148,148,148,148,148,148,148,148,148,148,148,148,148,148,148,453,148,148,7388,
374,148,148,148,148,148,148,148,148,148,148,148,148,148,148,148,148,148,148,7533,47163,
375,148,148,148,148,148,148,148,148,148,148,148,148,148,148,148,148,148,148,50489,148,
376,148,148,148,148,148,148,148,148,6430,148,148,148,148,148,148,148,148,148,4348,31139,
377,148,148,148,148,148,148,148,148,148,148,148,148,148,148,148,148,148,148,34277,15663,
378,148,148,148,148,148,148,148,148,148,148,148,148,148,148,148,148,148,148,7621,148,
379,148,148,148,148,148,148,148,148,148,148,148,148,148,148,148,148,148,148,148,148,
380,148,148,148,148,148,148,148,148,148,148,148,148,148,148,148,148,148,148,148,54028,
381,148,148,148,148,148,148,148,148,148,148,148,148,148,148,148,148,148,148,55685,32062,
382,148,148,148,148,148,148,148,148,148,148,148,148,148,148,148,148,148,148,29300,47609,
383,148,148,148,148,148,148,148,148,148,148,148,148,148,148,148,148,148,148,23793,148,
384,148,148,148,148,148,148,148,148,148,148,148,148,148,148,148,148,148,148,148,35938,
385,148,148,148,46117,148,148,148,148,148,148,148,148,148,148,148,148,148,148,5380,47435,
386,148,148,148,148,148,148,148,148,148,148,148,148,148,148,148,148,148,148,5104,36123,
387,148,148,148,148,148,148,148,148,148,148,148,148,148,148,20853,10148,148,148,148,41119,
388,148,148,148,148,148,148,148,148,148,148,148,148,148,148,148,148,148,148,13628,33128,
389,148,148,148,148,148,148,148,148,148,148,148,148,148,148,148,148,148,148,35182,51403,
390,148,148,148,148,148,148,148,148,148,148,148,4579,148,148,148,148,148,148,148,148,
391,148,148,148,148,148,148,148,148,148,148,148,148,148,148,148,148,148,148,2367,36966,
392,148,148,148,148,148,148,2367,148,148,148,148,148,148,148,148,148,148,148,32366,18116,
393,148,148,148,148,148,148,148,148,148,148,148,148,148,148,148,148,148,148,60342,148,
394,148,148,148,148,148,148,148,148,148,148,148,148,148,148,148,148,148,148,14724,148,
395,148,148,148,148,148,148,148,148,148,148,148,148,148,148,148,148,148,148,58834,55977,
396,148,148,148,148,148,148,148,148,148,148,148,148,23306,148,148,148,148,148,148,38878,
397,148,148,148,148,148,148,148,148,148,148,148,148,148,148,148,148,148,148,19129,148,
398,148,148,148,148,148,148,148,148,148,148,148,148,148,148,148,148,148,148,148,148,
399,148,148,148,148,148,148,148,148,148,148,148,148,148,148,148,148,148,148,32211,45384,
400,148,148,148,148,148,148,19773,148,148,148,148,148,148,148,148,148,148,148,148,148,
401,148,148,148,148,148,148,148,148,148,148,148,148,148,148,148,148,148,148,23755,148,
402,148,148,148,148,148,148,148,148,148,148,148,148,148,148,148,148,148,148,28857,12020,
403,148,148,148,148,148,148,148,148,148,148,148,148,148,148,148,148,148,148,51013,26125,
404,148,148,148,148,148,148,148,148,148,148,148,148,148,148,148,148,148,148,24228,148,
405,148,148,148,148,148,148,148,148,148,148,148,148,148,148,148,148,148,148,148,148,
406,148,148,148,148,148,148,148,148,148,148,148,148,148,148,148,148,148,148,10565,148,
407,148,148,148,148,148,148,148,148,148,148,148,148,148,148,148,148,148,148,33010,47733,
408,148,148,148,148,148,148,148,148,148,148,148,148,148,148,148,148,148,148,148,37563,
409,148,148,148,148,148,148,148,148,148,148,148,148,148,148,148,148,148,148,148,621,
410,148,148,148,148,148,148,148,148,148,148,148,148,148,148,148,148,148,148,15943,148,
411,148,148,7562,148,148,148,148,148,148,148,148,148,148,148,148,148,148,148,148,15835,
412,148,148,148,148,148,148,148,148,148,148,148,148,148,148,148,148,148,148,48001,44814,
413,148,148,148,148,148,148,148,148,148,148,148,148,148,148,148,148,148,148,148,148,
414,148,148,148,148,148,148,148,148,148,148,148,148,148,148,148,148,148,148,44674,10840,
415,148,148,148,21919,148,148,148,148,148,148,148,148,148,148,148,148,148,148,52428,18569,
416,148,148,148,148,148,148,148,148,148,148,148,148,148,148,148,148,148,148,43241,148,
417,148,148,148,148,148,148,148,148,148,148,148,148,148,148,148,148,148,148,25647,52225,
418,148,148,148,25930,148,148,148,148,148,148,148,148,148,148,148,148,148,148,11276,18829,
419,148,148,148,148,148,148,148,148,148,148,148,148,148,148,148,148,148,148,45431,148,
420,148,148,148,148,148,148,148,148,148,148,148,148,148,148,148,148,148,8412,18497,148,
421,148,148,148,148,148,148,148,2259,148,148,148,148,148,148,148,148,148,148,18105,148,
422,148,148,148,148,148,148,148,148,148,148,148,148,148,11442,148,148,148,148,148,43324,
423,148,148,148,148,148,148,148,148,148,148,148,148,148,148,148,148,148,148,3578,15180,
424,148,148,148,148,15180,148,148,148,148,148,148,148,148,148,148,148,15522,148,5459,34911,
425,148,148,148,148,148,148,148,148,148,148,148,148,148,148,148,148,148,148,148,148,
426,148,148,148,148,148,148,148,148,148,148,148,148,148,148,148,148,148,148,148,30694,
427,148,148,148,148,148,148,148,148,148,148,148,148,148,148,148,148,148,148,21297,148,
428,148,148,148,148,148,148,148,148,148,148,148,148,148,148,148,148,148,148,148,17134,
429,148,148,148,148,148,148,148,148,148,148,148,148,148,148,148,148,148,148,44676,20767,
430,148,148,148,148,148,148,148,18000,148,148,18000,148,148,148,148,148,148,148,50506,51616,
431,148,148,148,148,148,148,148,148,148,148,148,148,148,148,148,148,148,148,31902,47115,
432,148,148,148,148,148,148,148,148,148,148,148,148,148,148,148,148,148,148,148,31488,
433,148,148,148,148,148,148,148,148,148,148,148,148,148,148,148,148,148,148,1758,50095,
434,148,148,148,148,148,148,148,148,148,148,148,148,148,148,19010,148,148,19087,148,39653,
435,148,148,148,148,148,148,148,148,148,148,148,148,148,148,148,148,148,148,148,50012,
436,148,148,148,148,148,148,6585,148,148,148,148,148,148,148,148,148,148,148,148,148,
437,148,148,148,148,148,148,148,148,148,148,148,148,148,148,148,148,148,148,148,17590,
438,148,148,148,148,148,148,148,148,148,148,148,148,148,148,148,148,148,148,148,148,
439,148,148,148,148,148,148,148,148,148,148,148,148,148,148,148,148,148,148,12237,52890,
440,148,148,148,148,148,148,148,148,148,148,148,148,148,148,148,148,148,148,1484,35313,
441,148,148,148,148,148,148,148,148,148,148,148,148,148,148,148,148,148,148,54143,148,
442,148,148,148,148,148,148,148,148,148,148,148,148,148,148,148,148,148,148,148,12414,
443,148,148,148,148,148,148,148,148,148,148,148,148,148,148,148,148,148,148,57208,31283,
444,148,148,148,148,148,148,148,148,148,148,148,148,148,148,148,148,148,148,10799,148,
445,148,148,148,148,148,148,148,148,148,148,148,148,148,148,148,148,148,148,15035,13557,
446,148,148,148,148,148,148,148,148,148,148,148,148,148,148,148,148,148,148,148,148,
447,148,148,148,148,148,148,148,148,148,148,148,148,148,148,148,148,148,148,148,13638,
448,148,148,148,148,148,148,148,148,148,148,148,148,148,148,148,148,148,148,47622,51188,
449,148,148,148,3394,3394,148,148,148,148,148,148,148,148,148,148,148,148,148,148,148,
450,148,148,148,148,148,148,148,148,148,148,148,148,148,148,148,148,148,148,7340,148,
451,148,148,148,148,148,148,148,148,148,148,148,148,148,148,148,148,148,148,148,148,
452,148,148,148,148,148,148,148,148,148,148,148,148,148,148,148,148,148,148,41501,53099,
453,148,148,148,148,148,148,148,148,41238,148,148,148,148,148,148,148,148,148,148,22487,
454,148,148,148,148,148,148,148,148,148,148,148,148,148,148,148,148,148,148,24525,148,
455,148,148,148,148,148,148,148,148,148,148,148,148,148,148,148,148,148,148,30669,54149,
456,148,148,148,148,148,148,148,148,148,148,17896,148,148,148,148,148,148,148,53765,43736,
457,148,148,148,148,148,37203,148,148,148,148,31593,148,148,148,148,148,148,148,11591,148,
458,148,148,148,148,148,148,148,148,148,148,148,148,148,148,148,148,148,148,14991,41106,
459,148,148,148,148,148,148,148,148,148,148,148,148,148,148,148,148,148,148,48338,148,
460,148,148,148,148,148,148,148,148,148,148,148,148,148,148,148,148,148,148,50630,13349,
461,148,148,148,148,148,148,148,148,148,148,148,148,148,148,148,148,148,148,45511,35790,
462,148,148,148,148,148,148,148,148,148,148,148,148,148,148,148,148,148,148,148,18372,
463,148,148,148,148,148,148,148,148,148,148,148,148,148,148,148,148,148,148,148,15381,
464,148,148,148,148,148,148,148,148,148,148,148,20529,148,148,148,148,148,148,21459,35083,
465,148,148,148,148,148,148,148,148,148,148,148,148,148,148,148,148,148,148,14409,148,
466,148,148,148,148,148,148,148,148,148,148,148,148,148,148,148,148,148,148,25270,48043,
467,148,148,148,148,148,148,148,148,148,148,148,148,148,148,148,148,148,148,24265,52819,
468,148,148,148,148,148,148,148,148,148,148,148,148,148,148,148,148,148,148,39532,47460,
469,148,148,148,148,148,148,148,148,148,148,148,148,148,148,148,148,148,148,11492,36950,
470,148,148,148,148,148,148,148,148,148,148,148,148,148,148,148,148,148,148,51361,148,
471,148,148,27313,148,148,148,148,148,148,148,148,148,148,148,148,148,148,148,4092,148,
472,148,148,148,148,148,148,148,148,148,148,148,148,148,148,148,148,148,148,57115,148,
473,148,148,148,148,148,148,148,148,148,148,148,148,148,148,148,148,148,148,11746,36785,
474,148,148,148,148,148,148,148,148,4441,148,148,148,148,148,148,148,148,148,148,148,
475,148,148,148,148,148,148,148,148,148,148,148,148,148,148,148,148,148,148,148,148,
476,148,148,148,148,148,148,148,148,148,148,148,148,148,148,148,148,148,148,1821,52401,
477,148,148,148,148,148,148,148,148,148,148,148,148,148,148,148,148,148,148,148,148,
478,148,148,148,148,148,148,148,148,148,148,148,148,148,148,148,148,148,148,55300,40404,
479,148,148,148,148,148,148,148,148,148,148,148,148,14783,148,148,148,148,148,49637,33914,
480,148,148,148,148,148,148,148,148,148,148,148,148,148,148,148,148,148,148,46076,148,
481,148,148,148,148,148,148,148,148,148,148,148,148,14900,148,148,148,148,148,36241,47455,
482,148,148,148,148,148,148,148,148,148,28178,148,3432,148,148,148,148,148,148,148,39846,
483,148,148,148,148,148,148,148,148,148,148,148,2624,148,148,148,148,148,148,21061,148,
484,148,148,148,148,148,148,148,148,148,148,148,148,148,148,148,148,148,148,49705,45414,
485,148,148,148,148,148,148,148,148,34818,148,148,148,148,148,148,148,148,148,48066,51057,
486,148,148,148,148,148,148,148,148,148,148,148,148,148,148,148,148,148,148,148,43137,
487,148,148,148,148,148,148,148,148,148,148,148,148,148,148,148,148,148,148,41547,34933,
488,148,148,148,148,148,148,148,148,148,148,148,148,148,148,148,148,148,148,43186,50809,
489,148,148,148,148,148,148,148,148,148,148,148,148,148,148,148,148,148,148,55764,585,
490,148,148,148,148,148,148,148,148,148,148,148,148,148,148,148,148,148,148,34822,55081,
491,148,148,148,148,148,148,148,148,148,148,148,148,148,148,148,148,148,148,44089,55612,
492,148,148,148,148,148,148,148,148,148,148,148,148,148,148,148,148,148,148,148,34476,
493,148,148,148,148,148,148,148,148,148,148,148,148,148,148,148,148,148,148,148,41991,
494,148,148,148,148,148,148,148,148,148,148,148,148,148,148,148,148,148,148,148,9595,
495,148,148,148,148,148,148,148,148,148,148,148,148,148,148,148,148,148,148,46063,42254,
496,148,148,148,148,148,148,148,148,148,148,148,148,148,148,148,148,148,148,44086,54208,
497,148,148,148,148,148,148,148,148,148,25395,148,148,148,148,148,148,148,148,148,38202,
498,148,148,148,148,148,148,148,148,148,148,148,148,148,148,148,148,148,148,48076,148,
499,148,148,148,148,148,148,148,148,148,148,148,148,148,148,148,148,148,148,34243,41837,
500,148,148,148,148,34243,148,148,148,148,148,148,4780,148,148,148,148,148,148,54614,19963,
501,148,148,148,148,148,148,148,148,148,148,148,148,148,148,148,148,148,148,148,52712,
502,148,148,148,148,148,148,148,148,148,148,148,148,148,148,148,148,148,148,148,43350,
503,148,148,148,148,148,148,148,148,148,148,148,148,148,148,148,14885,148,148,40706,15329,
504,148,148,148,148,148,148,148,148,148,148,148,148,148,148,148,148,148,148,13477,35920,
505,148,148,148,148,148,148,148,148,148,148,6292,148,148,148,148,148,148,148,22302,16628,
506,148,148,148,148,148,148,148,148,148,148,148,148,148,148,148,148,148,148,41302,10717,
507,148,148,148,148,148,148,148,148,148,148,8958,148,148,148,148,148,148,148,148,32032,
508,148,148,148,148,148,148,148,148,148,148,148,148,148,148,148,148,148,148,29695,148,
509,148,148,148,148,148,148,148,148,148,148,148,148,148,148,148,148,148,148,148,16552,
510,148,148,148,148,148,148,148,148,148,148,148,148,6423,148,148,148,148,148,28189,148,
511,148,148,148,148,148,148,148,148,148,148,148,148,148,148,148,148,148,148,148,23837,
512,148,148,148,148,148,148,148,148,148,12773,148,148,148,148,148,148,148,148,45309,148,
513,148,148,148,148,148,148,148,148,148,148,148,148,148,148,148,148,148,148,29648,17716,
514,148,148,148,148,148,148,148,148,148,148,148,148,148,148,148,148,148,148,42090,45926,
515,148,148,148,148,148,148,148,148,148,148,148,148,148,148,148,148,148,148,42409,10623,
516,148,148,148,148,148,148,148,148,148,148,148,148,148,148,148,148,148,148,39076,45139,
517,148,148,148,148,148,148,148,148,148,148,148,148,148,148,148,148,148,148,13367,148,
518,148,148,148,148,148,148,148,148,148,148,148,148,148,148,148,148,148,148,44458,24002,
519,148,148,148,148,148,148,148,148,148,148,148,148,148,148,148,148,148,148,8110,45432,
520,148,148,148,148,148,148,148,148,148,148,148,148,148,148,148,148,148,148,37425,10025,
521,148,148,148,148,148,148,148,148,148,148,148,148,148,148,148,148,148,148,148,148,
522,148,148,148,148,148,148,148,148,148,148,148,148,148,148,148,148,148,148,148,23091,
523,148,148,148,148,148,148,148,148,148,148,148,148,148,148,148,148,148,148,41447,148,
524,148,148,148,148,148,148,148,148,148,148,148,148,148,148,148,148,148,148,148,47933,
525,148,148,148,148,148,148,148,148,148,148,148,148,148,148,148,148,148,148,22145,148,
526,148,148,148,148,148,148,148,148,148,148,148,148,148,148,148,148,148,148,148,148,
527,148,148,148,148,148,148,148,148,148,148,148,148,148,148,148,148,148,148,3240,11234,
528,148,148,148,148,148,148,148,148,148,148,148,148,148,148,148,148,148,148,148,52168,
529,148,148,148,148,148,148,148,148,148,148,148,148,148,148,148,148,148,148,23056,148,
530,148,148,148,148,148,148,148,148,148,148,148,148,148,148,148,148,148,148,148,58193,
531,148,148,148,148,148,148,148,148,148,148,4115,148,148,148,148,37755,148,148,22196,49585,
532,148,148,148,148,148,148,148,148,148,148,148,148,148,148,148,148,148,148,15713,148,
533,148,148,148,148,148,148,148,148,148,148,148,148,148,148,148,148,148,148,22043,5917,
534,148,148,148,148,148,148,148,148,148,148,148,148,148,148,148,148,148,148,16242,52490,
535,148,148,148,148,148,148,148,148,148,148,148,148,148,148,148,148,148,148,58781,49632,
536,148,148,148,148,148,148,148,148,148,148,148,148,148,18778,148,148,148,148,29186,55030,
537,148,148,148,148,148,148,148,148,148,148,148,3523,148,148,148,148,8665,148,4645,148,
538,148,148,148,148,148,148,148,148,148,148,148,148,148,148,148,148,148,148,16609,148,
539,148,148,148,148,148,148,148,148,148,148,148,148,148,148,148,148,148,148,148,12037,
540,148,148,148,148,148,148,148,148,148,148,148,148,148,148,148,148,148,148,148,148,
541,148,148,148,148,148,148,148,148,148,148,148,148,148,148,148,148,148,148,53080,148,
542,148,148,148,148,148,148,148,148,148,148,148,148,148,148,148,148,148,148,28857,148,
543,148,148,148,148,148,148,148,148,148,148,148,148,148,148,148,148,148,148,148,10496,
544,148,148,148,148,148,148,148,148,148,148,148,148,148,148,148,148,148,148,56642,148,
545,148,148,148,148,148,148,148,148,148,148,148,148,148,148,148,148,148,148,22926,40070,
546,148,148,148,148,148,148,8702,148,148,148,148,148,148,148,148,148,148,148,46968,148,
547,148,148,148,148,148,148,148,148,148,148,148,148,148,148,148,148,148,148,48207,40777,
548,148,148,148,148,148,148,148,148,148,148,148,148,148,148,148,148,148,148,21813,148,
549,148,148,148,148,148,148,148,148,148,148,148,148,148,148,148,148,148,30118,33095,148,
550,148,148,148,148,148,148,148,148,148,148,148,148,148,148,148,148,148,148,22184,49502,
551,148,148,148,148,148,148,148,148,148,148,148,148,148,148,148,148,148,148,39611,148,
552,148,148,148,148,148,148,148,148,148,148,148,148,148,148,148,148,148,148,148,40811,
553,148,148,148,148,148,148,148,148,148,148,148,148,148,148,148,148,148,148,148,148,
554,148,148,148,148,148,148,148,148,148,148,148,148,148,148,148,148,148,148,148,1729,
555,148,148,148,148,148,148,148,148,148,148,148,148,148,148,148,148,44344,148,14611,148,
556,148,148,148,18804,148,148,148,148,148,148,148,148,148,148,148,148,148,148,42623,58581,
557,148,148,148,148,148,148,148,148,148,148,148,148,148,148,21194,148,148,148,36005,25490,
558,148,148,148,148,148,148,148,148,148,148,148,148,15907,148,148,15907,148,148,29117,148,
559,148,148,148,148,148,148,148,148,148,148,148,148,148,148,148,148,148,148,8831,148,
560,148,148,148,148,148,148,148,148,148,148,148,148,148,148,148,148,148,148,31125,148,
561,148,148,148,148,148,148,148,148,148,148,148,148,148,148,148,148,148,148,148,5879,
562,148,148,148,148,148,148,148,148,148,148,148,148,148,148,148,148,148,148,26821,34625,
563,148,148,148,148,148,148,148,148,148,148,148,148,148,148,148,148,148,148,148,148,
564,148,148,148,148,148,148,148,148,148,148,148,148,148,148,148,148,148,148,148,148,
565,148,148,148,148,148,148,148,148,148,148,148,148,148,148,148,148,148,148,148,9842,
566,148,148,148,148,148,148,148,148,148,148,148,148,148,148,148,148,148,148,57987,37021,
567,148,148,148,148,148,148,148,148,148,148,148,148,148,148,148,148,148,148,51553,34109,
568,148,148,148,148,148,148,148,23729,148,148,148,148,148,148,148,148,148,148,33840,21422,
569,148,148,11279,148,148,148,148,148,148,148,148,148,148,148,148,148,148,148,148,17817,
570,148,148,148,148,148,148,148,148,148,148,11279,148,148,148,148,148,148,148,18100,45593,
571,148,148,148,148,148,148,148,148,148,148,148,148,1222,148,148,148,148,148,22171,148,
572,148,148,148,148,148,148,148,148,148,148,148,148,148,148,148,148,148,148,148,33306,
573,148,148,148,148,148,148,148,148,148,148,148,148,148,148,148,148,148,148,148,148,
574,148,148,148,148,148,148,148,148,148,148,148,148,148,148,148,148,148,148,47627,10980,
575,148,148,148,148,148,148,148,148,148,148,148,148,148,148,148,148,148,148,148,49291,
576,148,148,148,148,148,148,148,148,148,148,148,148,148,148,148,148,148,148,17951,55457,
577,148,148,4508,148,148,148,148,32889,148,148,148,148,148,4508,148,148,148,148,55206,13040,
578,148,148,148,148,148,148,38450,148,148,148,148,148,148,148,148,148,148,148,11662,48980,
579,148,148,148,148,148,148,148,11662,827,148,148,148,148,148,148,148,148,148,40313,41071,
580,148,148,148,148,148,148,148,148,148,148,148,148,148,148,148,148,148,148,148,13653,
581,148,148,148,148,148,148,148,148,148,148,148,148,148,148,148,148,148,148,148,1829,
582,148,148,148,148,148,148,148,148,148,148,148,148,148,148,148,148,148,148,148,37532,
583,148,148,148,148,148,148,148,148,148,148,148,148,148,148,148,148,148,148,58068,32924,
584,148,148,148,148,148,148,148,148,148,148,148,148,148,148,148,148,148,148,26974,148,
585,148,148,148,148,148,148,148,148,148,148,148,148,148,148,148,148,148,148,148,148,
586,148,148,148,148,148,148,148,148,148,148,148,148,148,148,148,148,148,148,18876,148,
587,148,148,148,148,148,148,148,148,148,148,148,148,148,148,148,148,148,148,31503,44451,
588,148,148,148,148,148,148,148,148,148,148,148,148,148,148,148,148,148,148,32187,148,
589,148,148,148,148,148,148,148,148,148,148,148,148,148,148,148,148,148,148,53060,47791,
590,148,148,148,148,148,148,148,148,148,148,148,148,148,38476,148,148,148,148,45329,53993,
591,148,148,148,148,24470,148,148,148,148,148,148,148,148,148,148,2282,148,148,167,32178,
592,148,148,148,148,148,148,148,148,148,148,148,148,148,148,148,148,148,148,45988,3645,
593,148,148,148,148,148,148,148,148,148,148,148,148,148,148,148,148,148,148,148,39495,
594,148,148,148,148,148,148,148,148,148,148,148,148,10217,148,148,148,148,148,51631,10107,
595,148,148,148,148,148,148,148,148,148,148,148,148,148,148,148,148,148,148,148,36484,
596,148,148,148,148,148,148,148,148,148,148,148,148,148,148,148,148,148,148,9330,44721,
597,148,148,21605,148,148,148,148,148,148,15648,148,148,148,148,148,148,148,148,4755,148,
598,148,148,148,148,148,148,148,148,10758,148,148,148,148,148,148,148,148,148,29167,34923,
599,148,148,148,148,148,148,148,148,148,148,148,148,148,148,148,148,148,148,33759,148,
600,148,148,25698,148,148,148,148,13922,148,148,148,148,148,148,148,148,148,148,22980,39932,
601,148,148,148,148,148,148,148,148,148,148,148,148,148,148,148,148,148,148,148,9178,
602,148,148,148,148,148,148,148,148,148,148,148,148,148,148,148,148,148,148,148,10322,
603,148,148,148,148,148,148,148,148,148,148,148,148,148,148,148,148,148,148,26201,148,
604,148,148,148,148,148,148,148,148,148,148,148,148,148,148,148,148,148,148,148,24907,
605,148,148,148,148,148,148,148,148,148,148,148,148,148,148,148,148,148,148,27501,148,
606,148,148,148,148,148,148,148,148,148,148,148,148,148,148,148,148,148,148,52814,54389,
607,148,148,148,148,148,148,148,148,148,148,148,148,1194,148,148,148,148,148,29215,2618,
608,148,148,148,148,148,148,148,148,148,148,148,148,148,148,148,148,148,148,148,148,
609,148,148,148,15812,148,148,148,148,21733,19261,148,148,148,148,148,148,148,148,148,47790,
610,148,148,148,148,148,148,148,148,148,148,148,148,148,148,148,148,148,148,12918,40470,
611,148,148,148,148,148,148,148,148,148,148,148,148,148,148,148,148,148,148,148,58791,
612,148,148,148,148,148,148,148,148,148,148,148,148,148,148,148,148,148,148,30592,37708,
613,148,148,148,148,148,148,148,148,148,148,148,148,148,148,148,148,148,148,36897,30478,
614,148,148,148,148,148,148,148,148,152,148,148,148,148,148,148,148,148,148,16291,148,
615,148,148,148,148,148,148,148,148,148,148,148,148,148,148,148,148,148,148,16200,43726,
616,148,148,148,148,148,148,148,148,148,148,148,148,148,148,148,148,148,148,25701,42544,
617,148,148,148,148,148,148,148,148,148,148,148,148,148,148,148,148,148,148,459,45777,
618,148,148,148,148,148,148,148,148,148,148,148,148,148,148,148,148,148,148,148,31158,
619,148,148,148,148,148,148,148,148,148,148,148,148,14325,148,148,148,148,148,14873,51991,
620,148,148,148,148,148,148,148,148,148,148,148,148,148,148,148,148,148,148,44398,23136,
621,148,148,148,148,148,148,148,148,148,148,148,148,148,148,148,148,148,148,34188,29991,
622,148,148,148,148,148,12864,148,148,148,148,148,148,148,148,148,148,148,148,39252,23458,
623,148,148,148,148,148,148,148,148,148,148,148,148,148,148,148,148,148,148,50959,148,
624,148,148,148,148,148,148,148,148,148,148,148,148,148,148,148,148,148,148,19621,44817,
625,148,148,699,148,148,148,148,148,148,148,148,148,148,148,148,148,148,148,39657,27633,
626,148,148,148,148,148,148,148,148,148,148,148,148,148,148,148,148,148,148,51203,43788,
627,148,148,148,148,148,148,148,148,148,148,148,148,148,148,148,148,148,148,35721,148,
628,148,148,148,148,148,148,148,148,148,148,148,148,148,148,148,148,148,148,11678,25674,
629,148,148,148,148,148,148,148,148,148,148,148,148,148,148,148,148,148,148,50760,10810,
630,148,148,148,148,148,148,148,148,148,148,148,148,148,148,148,148,148,148,148,12658,
631,148,148,148,148,148,148,148,148,148,148,148,148,148,148,148,148,148,148,43076,148,
632,148,148,148,148,148,148,148,148,148,148,148,148,148,148,148,148,148,148,5602,6077,
633,148,148,148,148,148,148,148,148,148,148,148,148,148,148,148,148,148,148,148,22567,
634,148,148,148,148,148,148,148,148,148,148,148,148,148,148,148,148,148,148,148,12952,
635,148,148,148,148,148,148,148,148,148,148,148,148,148,148,148,148,148,148,59721,148,
636,148,148,148,148,148,148,148,148,148,148,148,148,148,148,148,148,148,148,148,42621,
637,148,148,148,148,148,148,148,148,148,148,148,148,148,148,148,148,148,148,148,12288,
638,148,148,148,148,148,148,148,148,148,148,148,148,148,148,148,148,148,148,148,148,
639,148,148,148,148,148,148,148,148,148,148,148,148,148,148,148,148,148,148,148,47950,
640,148,148,148,148,148,148,148,148,148,148,148,148,148,148,148,148,148,148,148,148,
641,148,148,148,148,148,148,148,148,148,148,148,148,148,148,148,148,148,148,38866,148,
642,148,148,148,148,148,148,148,148,148,148,148,148,148,148,148,148,148,148,148,148,
643,148,148,148,148,148,148,148,148,148,148,148,148,148,148,148,148,148,148,10668,24906,
644,148,148,148,148,148,148,148,148,148,148,148,148,148,148,148,148,148,148,49557,148,
645,148,148,148,148,148,148,148,148,148,148,148,148,148,148,148,148,148,148,37309,52546,
646,148,148,148,148,148,148,148,148,148,148,148,148,148,148,148,148,148,148,25177,148,
647,148,148,148,148,148,148,148,148,148,148,148,148,148,38720,148,148,148,148,28374,148,
648,148,148,148,148,148,148,148,148,148,148,148,148,148,148,148,148,148,148,54440,36254,
649,148,148,148,148,148,148,148,148,148,148,148,148,148,148,148,148,148,148,53409,10493,
650,148,148,148,148,148,148,148,148,148,148,148,148,148,148,148,148,148,148,27022,148,
651,148,148,148,148,148,148,148,148,148,148,148,148,148,148,148,148,148,148,148,49233,
652,148,148,148,148,148,148,148,148,148,148,148,148,148,148,148,148,148,148,148,11632,
653,148,148,148,148,148,148,148,148,148,148,148,148,148,148,148,148,148,148,4481,44218,
654,148,148,148,148,148,148,148,148,148,148,148,148,148,148,148,148,148,148,27414,148,
655,148,148,148,148,148,148,148,148,148,148,148,148,148,148,148,148,148,148,45571,148,
656,148,148,148,148,148,148,148,148,148,148,148,148,148,148,148,148,148,148,43845,58294,
657,148,148,24586,9789,148,148,148,148,12380,148,148,148,148,148,148,148,148,148,148,37320,
658,148,148,148,148,148,148,148,148,148,148,148,148,148,148,148,148,148,148,31345,51080,
659,148,148,148,148,148,148,148,148,148,148,148,148,148,148,148,148,148,148,26752,148,
660,148,148,148,148,148,148,148,148,148,148,148,148,148,148,148,148,148,148,40085,3005,
661,148,148,148,148,148,148,148,148,148,148,148,148,148,148,148,148,148,148,36334,30014,
662,148,148,148,148,148,148,148,148,148,148,148,148,148,148,148,148,148,148,19463,52419,
663,148,148,148,148,148,148,148,148,148,148,148,148,148,148,148,148,148,148,29273,31506,
664,148,148,148,148,2481,11968,148,148,148,148,148,148,148,148,148,148,148,148,148,38914,
665,148,148,148,148,148,148,148,148,148,148,148,148,148,148,148,148,148,148,148,55835,
666,148,148,148,148,148,148,148,148,148,148,148,148,148,148,148,148,148,148,148,32676,
667,148,148,148,148,148,148,148,148,148,148,148,148,148,148,148,148,148,148,25678,19597,
668,148,148,148,148,148,148,148,148,148,148,148,148,148,148,52216,148,148,148,148,25595,
669,148,148,148,148,148,148,148,148,148,148,148,148,148,148,148,148,148,148,16771,49507,
670,148,148,148,148,148,148,148,148,148,148,148,148,148,148,148,148,148,148,42852,148,
671,148,148,148,148,148,148,148,148,148,148,148,148,148,148,148,148,148,148,49452,56826,
672,148,148,148,148,148,148,148,148,148,148,148,6173,148,148,148,9427,148,148,22406,53010,
673,148,148,148,148,148,148,148,148,148,148,148,148,148,148,148,148,148,148,20585,45553,
674,148,148,148,148,148,148,148,148,148,148,148,148,148,148,148,148,148,148,7332,58134,
675,148,148,148,148,148,148,148,148,148,148,148,148,148,148,148,148,148,148,148,37305,
676,148,148,148,148,148,148,148,148,148,148,148,148,148,148,148,148,12261,148,148,23376,
677,148,148,148,148,148,148,148,148,148,148,148,148,148,148,148,148,148,148,27691,49126,
678,148,148,148,148,148,148,148,148,148,148,148,148,148,148,148,148,148,148,45515,148,
679,148,148,148,148,148,148,148,148,148,148,148,148,148,148,148,148,148,148,148,148,
680,148,148,148,148,148,148,148,148,148,148,148,148,148,148,148,148,148,148,148,35671,
681,148,148,148,148,148,148,148,148,148,148,148,148,148,148,148,148,148,148,148,14555,
682,148,148,148,148,148,148,148,148,148,148,148,148,148,148,148,148,148,148,148,41649,
683,148,148,148,148,148,148,148,148,148,148,148,148,148,148,148,148,148,148,148,40642,
684,148,148,148,148,148,148,148,148,148,148,148,148,148,148,148,148,148,148,10024,148,
685,148,148,148,148,148,148,148,148,148,148,148,148,148,148,148,148,148,148,52267,14070,
686,148,148,148,148,148,22619,148,148,148,148,148,148,148,148,148,148,148,148,12933,45184,
687,148,148,148,148,148,148,148,148,148,148,148,148,148,148,148,148,148,148,148,53341,
688,148,148,20048,148,148,148,148,148,148,148,148,148,148,148,148,148,148,148,7215,47795,
689,148,148,148,148,148,148,148,148,148,148,148,148,148,32016,148,148,148,148,19869,50090,
690,148,148,148,148,148,148,148,148,148,148,148,148,148,148,148,148,148,148,148,42947,
691,148,148,148,148,148,148,148,148,148,148,148,148,148,148,148,148,148,148,35680,148,
692,148,148,148,148,148,148,148,148,148,148,148,148,148,148,148,148,148,148,16432,148,
693,148,148,148,148,148,148,148,148,148,148,148,148,148,148,148,148,148,148,49156,28511,
694,148,148,148,148,148,148,148,148,148,148,148,148,148,148,148,148,148,148,37873,19631,
695,148,148,148,148,148,148,148,148,148,148,148,148,148,148,148,148,148,148,148,148,
696,148,148,148,148,148,148,148,148,148,148,148,148,148,148,148,148,148,148,56087,32744,
697,148,148,148,148,148,148,148,148,148,148,148,148,148,148,148,148,148,148,38895,148,
698,148,148,148,148,148,148,148,148,148,148,148,148,148,148,148,148,148,148,148,148,
699,148,148,148,148,148,148,148,148,148,148,148,148,148,148,148,148,148,148,30290,44995,
700,148,148,148,148,148,148,148,14891,148,148,148,148,148,148,148,148,148,148,37367,148,
701,148,148,148,148,148,148,148,148,148,148,148,148,148,148,148,148,148,148,54065,16520,
702,148,148,148,148,148,148,148,148,148,148,148,148,148,148,148,148,148,148,20134,148,
703,148,148,148,148,148,148,148,148,148,148,148,148,148,148,23061,148,148,148,31928,45961,
704,148,148,148,148,148,148,148,148,12592,148,148,148,148,148,148,148,148,148,50005,148,
705,148,148,148,148,148,148,148,148,148,148,148,148,148,148,148,148,148,148,40578,42775,
706,148,148,148,148,148,148,148,148,148,148,148,148,148,148,148,148,148,148,148,148,
707,148,148,148,148,148,148,148,148,148,148,148,148,148,148,148,148,148,148,34582,37696,
708,148,148,148,148,148,148,148,148,148,148,148,148,148,148,148,148,148,148,49121,148,
709,148,148,148,148,148,148,148,148,148,148,148,148,148,148,148,148,148,148,148,148,
710,148,148,148,148,148,148,148,148,148,148,148,148,148,148,148,148,148,148,19715,34718,
711,148,148,148,148,148,148,148,148,148,148,148,148,148,148,148,148,148,148,38222,148,
712,148,148,148,148,148,148,148,148,148,148,148,148,148,148,148,148,148,148,22924,24341,
713,148,148,148,148,148,148,148,148,148,148,148,148,148,148,148,148,148,148,148,52764,
714,148,148,148,148,148,148,148,148,148,148,148,148,148,148,148,148,148,148,55248,25887,
715,148,148,148,148,148,148,148,148,148,148,148,148,148,148,148,148,148,148,16826,2558,
716,148,148,4021,148,148,148,148,43290,148,148,148,148,148,148,148,14672,148,148,59552,148,
717,148,148,148,148,148,148,148,148,148,148,148,148,148,148,148,148,148,148,19982,148,
718,148,148,148,148,6211,148,148,148,148,148,148,148,148,148,148,148,148,148,31140,148,
719,148,148,148,148,148,148,148,148,148,148,148,148,148,148,148,148,148,148,445,42927,
720,148,148,148,148,148,148,148,148,148,148,148,148,148,148,148,148,148,148,148,18093,
721,148,148,148,148,148,148,148,148,148,148,148,148,148,148,148,148,148,148,55504,49798,
722,148,148,148,148,148,148,148,148,148,148,148,148,148,148,148,148,148,148,48583,50553,
723,148,148,148,148,148,148,148,148,148,148,148,148,148,148,15699,148,148,148,876,26978,
724,148,148,148,148,148,148,148,148,148,148,148,148,148,148,148,148,148,148,40158,43400,
725,148,148,148,148,148,148,148,148,148,148,148,148,148,148,148,148,148,148,148,39505,
726,148,148,148,148,148,148,148,148,148,148,148,148,148,148,148,148,148,148,148,29578,
727,148,148,148,148,148,148,148,148,148,148,148,148,148,148,148,148,148,148,17780,31382,
728,148,148,148,148,148,148,148,148,148,148,148,14000,148,148,148,148,148,148,659,40919,
729,148,148,148,148,148,148,148,148,148,148,148,148,148,148,148,148,148,148,148,28831,
730,148,148,148,148,148,148,148,148,148,148,148,148,148,148,148,148,148,148,13987,37074,
731,148,148,148,148,148,148,148,148,148,148,148,148,148,148,148,148,148,148,148,20405,
732,148,148,148,148,148,148,148,148,148,148,148,148,148,148,148,148,148,148,56557,38818,
733,148,148,148,148,148,148,148,148,148,148,148,148,148,148,148,148,148,148,40314,34577,
734,148,148,148,148,148,148,148,148,148,148,148,148,148,148,148,148,148,148,148,24018,
735,148,148,148,148,148,148,148,148,148,148,27881,148,148,148,148,148,148,148,148,33166,
736,148,148,148,148,148,148,148,148,148,148,148,148,148,148,30624,148,148,148,36264,49110,
737,148,148,148,148,13390,148,148,148,148,148,148,148,148,148,148,148,148,148,148,18316,
738,148,148,148,148,148,148,148,148,148,148,39501,148,148,148,148,148,148,148,148,51745,
739,148,148,148,148,148,148,148,148,148,148,148,148,148,148,148,148,148,148,37633,46804,
740,148,148,148,148,148,148,148,148,148,148,148,148,148,148,148,148,148,148,54632,148,
741,148,148,148,148,148,148,148,148,148,148,148,148,148,148,148,148,148,148,148,14144,
742,148,148,148,148,148,148,148,148,148,148,148,148,148,148,148,148,148,148,148,148,
743,148,148,148,148,148,148,148,148,148,148,148,148,148,148,148,148,148,148,59248,11846,
744,148,148,148,148,148,148,148,148,148,148,148,148,148,148,148,148,148,148,12016,21681,
745,148,148,148,148,148,148,148,148,148,148,148,148,148,148,148,148,148,148,148,35985,
746,148,148,148,148,148,148,148,148,148,148,148,148,148,148,148,148,148,148,148,46480,
747,148,148,148,148,148,148,148,148,148,148,148,148,148,148,148,148,148,148,37896,148,
748,148,148,148,148,148,148,148,148,148,148,148,148,148,148,148,148,148,148,37369,40496,
749,148,148,148,148,148,148,148,148,148,148,148,148,148,148,148,148,148,148,39954,53405,
750,148,148,148,148,148,148,148,148,148,148,148,148,148,148,148,38775,148,148,6811,148,
751,148,148,148,148,148,148,148,148,148,148,148,148,148,148,148,148,148,148,25353,19374,
752,148,148,148,148,148,148,148,148,2482,148,148,148,148,148,2482,2482,148,148,148,43415,
753,148,148,148,148,148,148,148,148,148,148,148,148,148,148,148,148,148,148,43776,34760,
754,148,148,148,148,148,148,148,148,148,148,148,148,148,148,148,148,148,148,42379,31357,
755,148,148,148,148,148,148,8334,148,148,148,148,148,148,148,148,148,148,148,14834,148,
756,148,148,148,148,148,148,148,148,148,148,148,148,148,148,148,148,148,148,40365,148,
757,148,148,148,148,148,148,148,148,148,148,148,148,148,148,148,148,148,148,148,40916,
758,148,148,148,148,148,148,148,148,148,148,148,148,148,148,148,148,148,148,48303,41289,
759,148,148,148,148,148,148,148,148,148,148,148,148,148,148,148,148,148,148,25478,38591,
760,148,148,148,148,148,148,2998,148,148,148,148,148,148,148,148,148,148,148,12815,148,
761,148,148,148,148,148,148,148,148,148,148,148,148,148,148,148,148,148,148,148,148,
762,148,148,148,148,148,148,148,148,148,148,148,148,148,148,148,148,148,148,148,38938,
763,148,148,148,148,148,148,148,148,148,148,148,148,148,148,148,148,148,148,148,46318,
764,148,148,148,148,148,148,148,148,148,148,148,148,148,148,148,148,148,148,148,36708,
765,148,148,148,148,148,148,148,148,148,148,148,148,148,148,148,148,148,148,26977,148,
766,148,148,148,148,148,148,148,37255,44822,148,148,148,148,148,148,148,148,148,38027,41948,
767,148,148,148,148,148,148,148,148,148,148,148,148,148,148,148,148,148,148,24260,148,
768,148,148,29949,148,148,148,148,148,148,148,148,148,148,148,148,148,148,148,148,16791,
769,148,148,148,148,148,148,148,148,148,148,148,148,148,148,148,148,148,148,31166,148,
770,148,148,148,148,148,148,148,148,148,148,148,148,148,148,148,148,148,148,26783,35160,
771,148,148,148,148,148,148,148,148,148,148,148,148,23144,148,29335,148,148,148,148,148,
772,148,148,148,148,148,148,148,148,148,148,148,148,148,148,148,148,148,148,148,148,
773,148,148,148,148,148,148,148,148,148,148,148,148,148,148,148,148,148,148,15459,148,
774,148,148,148,148,148,148,148,148,148,148,148,37144,148,148,148,148,148,148,18667,44660,
775,148,148,148,148,148,148,148,148,148,148,148,148,148,148,148,148,148,148,25274,28708,
776,148,148,148,148,148,148,148,148,148,148,148,148,148,148,6597,148,148,148,43350,44230,
777,148,148,148,148,148,148,148,148,148,148,148,148,148,148,148,148,148,148,35003,32463,
778,148,148,148,148,148,148,148,148,148,148,148,148,148,148,148,148,148,148,148,148,
779,148,148,148,148,148,148,148,148,148,148,148,148,148,148,148,148,148,148,48031,20013,
780,148,148,148,148,148,148,148,148,148,148,148,148,148,148,148,148,148,148,148,38155,
781,148,148,148,148,148,148,148,148,148,148,148,148,148,148,148,148,148,148,40809,51514,
782,148,148,148,148,148,148,148,148,148,148,148,148,148,148,148,148,148,148,47983,148,
783,148,148,148,148,148,148,148,148,148,148,148,148,148,148,148,148,148,148,16872,148,
784,148,148,148,4205,148,148,148,148,148,148,148,148,148,148,148,148,148,148,2409,1204,
785,148,148,148,148,148,148,148,148,148,148,148,148,148,148,148,148,148,148,148,27343,
786,148,148,148,148,148,148,148,148,148,148,148,148,148,148,148,148,148,148,36851,48238,
787,148,148,148,148,148,148,148,148,148,148,148,148,148,148,148,148,6351,148,30594,43743,
788,148,148,148,148,148,148,148,148,148,148,148,148,148,148,148,148,148,148,33152,39489,
789,148,148,148,148,148,148,148,148,148,148,148,148,148,148,148,148,148,148,148,148,
790,148,148,148,148,148,148,148,148,148,148,148,148,148,148,148,148,148,148,148,13629,
791,148,148,148,148,148,148,148,148,148,148,148,148,148,148,148,148,148,33987,3866,10085,
792,148,148,148,148,148,148,148,148,20877,148,148,148,148,148,148,148,148,148,36909,148,
793,148,148,148,148,148,148,148,148,148,148,148,148,148,148,148,6125,148,148,27274,53683,
794,148,148,148,148,20293,148,8442,148,148,148,148,148,8442,148,148,148,148,148,48261,148,
795,148,148,148,148,148,148,21233,148,148,148,148,148,43265,148,148,148,148,148,148,32397,
796,148,148,148,148,148,148,9916,148,148,148,148,148,148,148,148,148,148,148,148,148,
797,148,148,148,148,148,148,148,148,148,148,148,148,148,148,148,148,148,148,53099,148,
798,148,148,148,148,148,148,148,148,148,148,148,148,148,148,148,148,148,148,148,148,
799,148,148,148,148,148,148,148,148,148,148,148,148,148,148,148,148,148,148,56645,148,
800,148,148,148,148,148,148,148,148,148,148,148,148,148,148,148,148,148,148,148,31305,
801,148,148,148,148,148,148,148,148,148,148,148,148,148,148,148,148,148,148,32121,45154,
802,148,148,148,148,148,148,148,148,148,148,148,148,148,148,148,148,148,148,58340,16640,
803,148,148,148,148,148,148,148,148,148,148,148,148,148,148,148,148,148,148,37570,37842,
804,148,148,148,148,148,148,148,148,148,148,148,148,148,148,148,148,148,148,47070,30989,
805,148,148,148,148,148,148,148,148,148,148,148,148,148,148,148,148,148,148,9489,54188,
806,148,148,148,148,148,148,148,148,148,148,148,148,148,148,148,148,148,148,55136,56851,
807,148,148,148,148,148,148,148,148,148,148,148,148,9484,148,148,148,148,148,31736,148,
808,148,148,148,148,148,148,148,148,148,148,148,148,148,148,148,148,148,148,148,21199,
809,148,148,148,148,148,148,148,148,148,148,148,148,148,148,148,148,148,148,35274,12213,
810,148,148,148,148,148,148,148,148,148,148,148,148,148,148,148,148,148,148,12575,148,
811,148,148,148,148,148,148,148,148,148,148,148,148,148,148,148,148,148,10768,148,148,
812,148,148,148,148,148,148,148,148,148,148,148,148,148,148,148,148,32434,148,148,9249,
813,148,148,148,148,148,148,148,148,148,148,148,148,148,148,148,148,148,148,43520,33201,
814,148,148,148,148,148,148,148,148,148,148,148,148,148,148,148,148,148,148,12272,53223,
815,148,148,148,148,148,148,148,148,148,148,148,148,148,148,148,148,148,148,148,148,
816,148,148,148,148,148,148,148,148,148,148,148,148,148,148,148,148,148,148,148,148,
817,148,148,148,27332,148,148,148,148,148,148,148,148,148,148,148,148,148,148,148,39972,
818,148,148,148,148,148,148,148,148,148,148,148,148,148,148,148,148,148,148,148,25256,
819,148,148,148,148,148,148,148,148,148,148,148,148,148,148,148,148,148,148,26863,148,
820,148,148,148,148,148,148,148,148,148,148,148,148,148,148,148,148,148,148,20268,148,
821,148,148,148,148,148,148,148,148,148,148,148,148,148,148,148,148,148,148,23060,148,
822,148,148,148,148,148,148,148,148,148,148,148,148,148,148,148,148,148,148,27041,23967,
823,148,148,148,148,148,148,148,148,148,29706,148,148,148,148,148,148,148,148,46338,44130,
824,148,148,148,148,148,148,148,148,148,148,148,148,148,148,10153,148,148,1036,44128,43303,
825,148,148,148,148,148,148,148,148,148,148,148,148,148,148,148,148,148,148,148,148,
826,148,148,148,148,148,148,148,148,148,148,148,148,148,148,148,148,148,148,26083,17423,
827,148,148,148,148,6526,148,148,148,148,148,148,148,148,148,148,148,148,148,148,148,
828,148,148,148,148,148,148,148,148,148,148,148,148,148,148,148,148,148,148,58652,22883,
829,148,148,148,148,148,148,148,148,148,148,148,148,148,148,148,148,148,148,10928,19291,
830,148,148,148,148,148,148,148,148,148,148,148,148,148,148,148,148,148,148,148,6130,
831,148,148,148,148,148,148,148,148,148,148,148,148,148,148,148,148,148,148,6439,148,
832,148,148,148,148,148,148,148,148,148,148,148,148,148,148,148,148,148,148,148,30756,
833,148,148,148,148,148,148,148,148,13036,148,148,148,148,148,148,148,148,148,148,8886,
834,148,148,148,148,148,148,148,148,148,148,148,148,148,148,148,148,148,148,43100,148,
835,148,148,148,148,148,148,148,148,148,148,10024,148,148,148,148,148,148,148,148,53737,
836,148,148,148,148,148,148,148,148,148,148,148,148,148,148,148,148,148,148,45116,48967,
837,148,148,148,148,148,148,148,148,148,148,148,148,148,148,148,148,148,148,40843,21012,
838,148,148,148,148,148,148,148,148,148,148,148,148,148,148,148,148,148,148,32953,148,
839,148,148,148,148,148,148,148,148,148,148,148,148,148,148,148,148,148,148,56342,148,
840,148,148,148,148,148,148,148,148,148,148,148,148,148,148,148,148,148,148,148,39577,
841,148,148,148,148,148,148,148,148,148,148,148,148,148,148,148,148,148,148,47214,37343,
842,148,148,148,148,148,148,148,148,148,148,148,148,148,148,148,148,148,148,53439,148,
843,148,148,148,148,148,148,148,148,148,148,148,148,148,148,148,148,148,148,148,148,
844,148,148,148,148,148,148,148,148,148,148,148,148,148,148,148,148,148,148,46130,148,
845,148,148,148,148,148,148,148,148,148,148,148,148,148,148,148,148,148,148,57264,30558,
846,148,148,148,148,148,19757,148,148,148,148,148,148,148,148,148,148,148,148,50349,52606,
847,148,148,148,148,148,148,148,148,148,148,148,148,148,148,148,148,148,148,148,13320,
848,148,148,148,148,148,148,148,148,148,148,148,148,148,148,148,148,148,148,148,30887,
849,148,148,148,148,148,148,148,148,148,148,148,148,148,148,148,148,148,148,148,148,
850,148,148,148,148,148,148,148,148,148,148,148,42189,148,148,148,148,148,148,148,26622,
851,148,148,148,148,148,148,19250,148,148,50583,148,148,148,148,148,148,148,148,46256,6635,
852,148,148,148,148,148,148,148,148,148,148,148,148,148,148,148,148,148,148,42385,148,
853,148,148,148,148,148,148,148,148,148,148,148,148,148,148,148,148,148,148,148,37596,
854,148,148,148,148,148,148,148,148,148,148,148,148,148,148,148,148,148,148,148,148,
855,148,148,148,148,148,148,148,148,148,148,148,148,148,148,148,148,148,148,148,25186,
856,148,148,148,148,148,148,148,148,148,148,148,148,148,148,148,148,148,148,12739,38285,
857,148,148,148,148,148,148,148,148,148,148,148,148,148,148,148,148,148,148,17681,148,
858,148,148,148,148,148,148,148,148,148,148,148,148,148,148,148,148,148,148,148,44863,
859,148,148,148,148,148,148,148,148,148,148,148,148,148,148,148,148,148,148,45054,148,
860,148,148,148,148,148,148,148,148,148,148,148,148,148,148,148,148,148,148,46953,32864,
861,148,148,148,148,148,148,148,148,148,148,148,148,148,148,148,148,148,148,33089,19667,
862,148,148,148,148,148,148,148,148,148,148,148,148,148,148,148,148,148,148,148,31118,
863,148,148,148,148,148,148,31293,148,148,148,148,148,148,148,148,148,148,148,26604,148,
864,148,148,148,148,148,148,148,148,49505,148,148,148,148,148,148,148,148,148,36730,16192,
865,148,148,148,148,148,148,148,148,148,148,148,148,148,148,148,148,148,148,59564,21824,
866,148,148,148,148,148,148,148,148,148,148,148,148,148,148,148,148,148,33040,36689,148,
867,148,148,148,148,148,148,148,148,148,148,148,148,148,148,148,148,148,148,19832,148,
868,148,148,148,148,148,148,148,148,148,148,148,148,148,148,148,148,148,148,59724,148,
869,148,148,148,148,148,148,148,148,148,148,148,148,148,148,148,148,148,148,54309,148,
870,148,148,148,148,148,148,148,148,148,148,148,148,148,148,148,148,148,12904,148,22895,
871,148,148,148,148,148,148,148,148,148,148,148,148,148,148,148,148,148,148,34847,148,
872,148,148,148,148,148,148,148,148,148,148,148,148,148,148,148,148,148,148,148,58755,
873,148,148,148,148,148,148,148,148,148,148,148,148,148,148,148,148,148,148,29311,14511,
874,148,148,148,148,148,148,148,148,148,148,148,148,148,148,148,148,148,148,16129,30481,
875,148,148,148,148,148,148,148,148,148,148,148,148,148,148,148,148,148,148,50147,35912,
876,148,148,148,22370,15448,148,148,148,148,148,148,148,148,148,148,148,148,148,148,35876,
877,148,148,148,148,148,148,148,148,148,148,148,148,148,148,148,148,148,148,148,148,
878,148,148,148,148,148,148,148,148,148,148,148,148,148,148,148,148,148,148,148,148,
879,148,148,148,148,148,148,148,148,148,148,148,148,148,148,148,148,148,148,148,148,
880,148,148,148,148,148,148,148,148,148,148,148,148,148,148,148,148,148,148,40379,45154,
881,148,148,148,148,148,148,148,148,148,148,148,148,148,148,148,148,148,148,35883,29918,
882,148,148,148,148,148,148,148,148,148,148,148,148,148,148,15226,148,148,148,25818,148,
883,148,148,148,148,148,148,148,148,148,148,148,148,148,148,148,148,148,148,38477,148,
884,148,148,148,148,148,148,148,148,148,148,148,148,148,148,148,148,148,148,148,21708,
885,148,148,148,148,148,148,148,148,148,148,148,148,148,148,148,148,148,148,51191,19135,
886,148,148,148,148,148,148,148,148,148,148,148,148,148,148,148,148,148,148,148,58236,
887,148,148,148,148,148,148,148,148,148,148,148,148,148,148,148,148,148,148,1175,45899,
888,148,148,148,4561,148,148,148,148,148,148,148,148,148,148,148,148,148,148,148,41204,
889,148,148,148,148,148,148,148,148,148,148,148,148,148,148,148,148,148,148,148,20701,
890,148,148,148,148,148,148,148,148,148,148,30284,148,148,148,148,148,148,148,148,14741,
891,148,148,148,148,148,148,148,148,148,148,148,148,148,44968,12875,148,148,12875,45501,52720,
892,148,148,148,148,148,148,148,148,148,148,148,148,148,148,148,148,148,148,37100,48444,
893,148,148,148,148,148,148,148,148,148,148,148,148,148,148,148,148,148,148,7806,19562,
894,148,148,148,148,148,148,148,148,148,148,148,148,148,148,148,148,148,148,14090,148,
895,148,148,148,148,148,148,148,148,148,148,148,148,148,148,148,148,148,148,148,32225,
896,148,148,148,148,148,148,148,148,148,148,148,148,148,148,148,148,148,148,40219,6972,
897,148,148,148,148,148,148,148,148,148,148,148,148,148,148,148,148,148,148,29619,476,
898,148,148,148,148,148,148,148,148,148,148,148,148,148,148,148,148,148,148,41928,36152,
899,148,148,148,148,148,148,148,148,148,148,148,148,148,148,148,148,148,148,148,148,
900,148,148,148,148,148,148,148,148,148,148,148,148,54892,148,148,148,148,148,148,148,
901,148,148,148,148,148,148,148,148,148,148,148,148,148,148,148,148,148,148,32111,148,
902,148,148,30022,148,148,148,148,148,148,148,148,148,148,148,148,148,148,148,148,148,
903,148,148,148,148,148,148,148,148,148,148,148,148,148,148,148,148,148,148,148,46178,
904,148,148,148,148,148,148,148,148,148,148,148,148,148,148,148,148,148,148,148,29951,
905,148,148,148,148,148,148,148,148,148,148,148,148,148,148,148,148,148,148,55033,16179,
906,148,148,148,148,148,148,148,148,148,148,148,148,148,148,148,148,148,148,148,12030,
907,148,148,148,148,148,148,148,148,148,148,148,148,148,148,148,148,148,148,148,148,
908,148,148,148,148,148,148,148,148,148,148,148,148,148,148,148,148,148,148,53846,148,
909,148,148,148,148,148,148,148,148,148,148,148,148,148,148,148,148,148,148,32002,148,
910,148,148,148,148,148,148,148,148,148,148,148,148,148,148,148,148,148,148,1068,43014,
911,148,148,148,148,148,148,148,148,148,148,148,148,148,14951,148,148,148,148,35214,22481,
912,148,148,148,148,148,148,148,148,148,148,148,148,148,148,148,148,148,148,37813,3984,
913,148,148,148,148,148,148,148,148,148,148,148,148,148,3873,148,148,148,148,6502,41214,
914,148,148,148,148,148,148,148,148,148,148,148,148,148,148,148,148,148,148,53854,148,
915,148,148,148,148,148,148,148,148,148,148,148,148,148,148,148,148,148,148,59436,55467,
916,148,148,148,148,148,19835,148,148,148,148,148,148,148,148,148,148,148,148,148,42278,
917,148,148,148,148,148,148,148,148,148,148,148,148,148,148,148,148,148,148,31425,148,
918,148,148,148,148,148,148,148,148,148,148,148,148,148,148,148,148,148,148,50431,41109,
919,148,148,148,148,148,148,148,148,148,148,148,148,148,148,148,148,148,148,40516,148,
920,148,148,148,148,148,34030,148,148,33855,148,148,148,148,148,148,148,148,148,148,148,
921,148,148,148,148,148,148,148,148,148,148,148,148,148,148,148,148,148,148,18640,38514,
922,148,148,148,148,148,148,148,148,148,148,148,148,148,148,148,148,148,148,20574,52710,
923,148,148,148,148,148,148,148,10987,148,148,148,148,148,148,148,148,21130,148,27232,31283,
924,148,148,148,148,148,148,148,148,148,148,148,148,148,148,148,148,148,148,36095,23414,
925,148,148,148,148,148,148,148,148,148,148,148,148,148,148,148,148,148,148,56195,148,
926,148,148,148,148,148,148,148,148,148,148,148,148,148,148,148,148,148,148,10512,50734,
927,148,148,148,148,148,148,148,148,148,148,148,148,148,148,148,148,148,148,148,43015,
928,148,148,148,148,148,148,148,148,148,148,148,148,148,148,148,148,148,148,46794,148,
929,148,148,148,148,148,148,148,148,148,148,148,148,148,148,148,148,148,148,44523,148,
930,148,148,148,2335,148,148,148,148,148,148,148,148,148,148,148,148,148,148,148,39575,
931,148,148,148,148,148,148,148,148,148,148,148,148,148,148,148,148,37969,148,30576,148,
932,148,148,148,148,148,148,148,148,148,148,148,148,148,148,148,148,148,148,42077,17949,
933,148,148,148,148,148,148,148,148,148,148,148,148,148,148,148,148,148,148,46642,14021,
934,148,148,148,148,148,148,20763,148,148,148,148,148,148,148,148,148,148,148,27540,148,
935,148,148,148,148,148,148,148,148,148,148,148,148,148,148,148,148,148,148,148,45581,
936,148,148,148,148,148,148,148,148,148,148,148,148,148,148,148,148,148,148,148,8472,
937,148,148,148,148,148,148,148,148,148,148,148,148,148,148,148,148,148,148,12131,10581,
938,148,148,148,148,148,148,148,148,148,148,148,148,148,148,148,148,148,148,52212,148,
939,148,148,148,148,148,148,148,148,148,148,148,148,148,148,148,148,148,148,148,34387,
940,148,148,148,148,148,148,148,148,148,148,148,148,148,148,148,148,148,148,148,46633,
941,148,148,148,148,148,148,148,148,148,148,148,148,148,148,148,148,148,148,148,148,
942,148,148,148,148,148,148,148,148,148,148,148,148,148,148,148,148,148,148,48393,148,
943,148,148,148,148,148,148,148,148,148,148,148,148,148,148,148,148,148,148,27346,29355,
944,148,148,148,148,148,148,148,148,148,148,148,148,148,148,148,148,148,148,148,148,
945,148,148,148,148,148,148,148,148,148,148,148,148,148,148,148,148,148,148,148,148,
946,148,148,148,148,148,148,148,148,148,34953,148,148,148,148,148,148,148,148,51888,148,
947,148,148,148,148,148,148,148,148,148,148,148,148,148,148,148,148,148,148,40572,148,
948,148,148,148,148,148,148,148,148,148,148,148,19092,148,148,148,148,148,148,45458,35990,
949,148,148,148,148,148,148,148,148,148,148,148,148,148,148,148,148,148,148,148,52080,
950,148,148,148,148,148,148,148,148,148,148,148,148,148,148,148,148,148,148,37213,148,
951,148,148,148,148,148,148,148,148,148,148,148,148,148,148,148,148,148,148,22571,56507,
952,148,148,148,148,148,148,148,148,148,148,148,148,148,148,148,148,148,148,33525,148,
953,148,148,148,148,148,148,148,148,148,148,148,148,148,148,148,148,148,148,148,37938,
954,148,148,148,148,148,148,148,148,148,148,148,148,148,148,148,148,148,148,42765,26392,
955,148,148,148,148,148,148,148,148,148,148,148,148,23077,148,148,148,148,148,25903,148,
956,148,148,148,148,148,148,148,148,148,148,148,148,148,148,148,148,148,148,41509,48675,
957,148,148,148,148,148,148,148,148,148,148,148,148,148,148,148,148,148,148,148,31742,
958,148,148,148,148,148,148,148,148,148,14996,148,148,148,148,148,148,148,148,148,3118,
959,148,148,148,148,148,148,148,148,148,148,148,148,148,148,148,148,148,148,52414,148,
960,148,148,148,148,148,148,148,148,148,148,148,148,148,148,148,148,148,148,42071,41900,
961,148,148,148,148,148,148,148,148,148,148,148,148,148,148,148,148,148,148,43499,43058,
962,148,148,148,148,148,148,148,148,148,148,148,148,148,148,148,148,148,148,25111,148,
963,148,148,148,148,148,148,148,148,148,148,148,148,148,148,148,148,148,148,148,31259,
964,148,148,148,148,148,148,148,148,148,148,148,148,148,148,148,148,148,148,24994,47712,
965,148,148,148,148,148,148,148,148,148,148,148,27559,148,148,148,148,148,148,50812,148,
966,148,148,148,148,148,148,148,148,148,148,148,36941,148,148,148,148,148,148,39659,50488,
967,148,148,148,148,148,148,148,148,148,148,148,148,148,148,148,148,148,148,57346,22672,
968,148,148,148,148,148,148,148,148,148,148,148,148,148,148,148,148,148,148,148,39458,
969,148,148,148,148,148,148,148,148,148,148,148,148,148,148,148,148,148,148,31796,148,
970,148,148,148,148,148,148,148,148,148,148,148,148,148,148,148,148,148,148,46111,41916,
971,148,148,148,148,148,148,148,148,148,148,148,148,148,148,148,148,148,148,36172,42647,
972,148,148,148,148,148,148,148,148,148,148,148,148,148,148,148,148,148,148,47788,12984,
973,148,148,148,148,148,148,148,148,148,148,148,148,148,148,148,148,148,148,496,10119,
974,148,148,148,148,148,148,148,148,148,148,148,148,148,148,148,148,148,148,47539,56793,
975,148,148,148,148,148,148,148,40259,148,16273,148,148,148,148,148,148,148,148,148,60016,
976,148,148,148,148,11786,148,148,148,148,148,148,148,148,148,148,148,148,148,148,36993,
977,148,148,148,148,148,148,148,148,148,148,148,148,148,148,148,148,148,148,13993,152,
978,148,148,148,148,148,148,148,148,148,148,148,148,148,148,148,148,148,148,39143,30941,
979,148,148,148,148,148,148,148,148,148,148,148,148,148,148,148,148,148,148,39973,31394,
980,148,148,148,148,148,148,148,148,148,148,6986,49345,148,148,148,148,148,148,42847,46441,
981,148,148,148,148,148,148,148,148,148,148,148,148,148,148,148,148,148,148,20739,43973,
982,148,148,148,148,148,148,148,148,148,148,148,148,148,148,148,148,148,148,43654,43720,
983,148,148,148,26985,148,148,148,148,148,148,148,148,148,148,148,148,148,148,34491,20237,
984,148,148,148,148,148,148,148,148,148,148,148,148,148,148,148,148,148,148,20336,148,
985,148,148,148,148,148,148,148,148,148,148,148,148,148,148,148,148,148,148,148,10865,
986,148,148,148,148,148,148,148,148,148,148,148,148,148,148,148,148,148,148,19863,56811,
987,148,148,148,148,148,148,148,148,148,148,148,148,148,148,148,148,148,148,13058,148,
988,148,148,148,148,148,148,148,148,148,148,148,148,148,148,148,148,148,148,48556,148,
989,148,148,148,148,148,148,148,148,148,148,148,148,148,148,148,148,148,148,43510,148,
990,148,148,148,148,148,148,148,148,148,148,148,148,148,148,148,148,148,148,18361,43119,
991,148,148,148,148,148,148,148,148,148,148,148,148,148,148,148,148,148,148,148,61788,
992,148,148,148,148,148,148,148,148,148,148,148,148,148,148,148,148,148,148,45367,148,
993,148,148,148,148,148,148,148,148,148,148,148,148,148,148,148,148,148,148,148,58329,
994,148,148,148,148,1766,148,148,148,148,148,148,148,148,148,148,148,148,148,51385,34054,
995,148,148,148,148,148,148,148,148,148,148,148,148,148,148,148,148,148,148,18250,148,
996,148,148,148,148,148,148,148,148,40113,148,148,148,148,148,148,148,148,148,10376,148,
997,148,148,148,148,148,148,148,148,148,148,148,148,148,148,7219,148,148,148,148,34955,
998,148,148,148,148,148,148,148,148,148,148,148,148,148,148,148,148,148,148,21745,2682,
999,148,148,5212,148,148,148,148,148,148,148,148,148,148,148,148,148,148,148,30159,46979,
1000,148,148,148,148,148,148,148,22578,148,148,148,148,148,148,148,148,148,148,19331,33395,
