1,5834,41497,22413,7762,43220,35916,10530,31293,23449,28675,3342,20543,38214,5597,16014,14394,5532,48248,45445,20263,38779,17251,35718,43519,36728,4805,39010,29847,20326,20695,46002,47173,15228,41292,7793,38161,28663,38723,43022,38544,31151,43621,33531,7868,47073,16801,13116,48280,39757,21005,10019,45208,19080,37370,45051,6488,38142,4087,49960,39586,3989,19582,25447,12062,21825,46554,45569,25668,50187,43821,45648,14787,40054,40292,6907,35259,36740,23455,50405,41706,
2,5834,41497,22413,7762,43220,35916,10530,31293,23449,28675,3342,20543,38214,5597,16014,14394,5532,48248,45445,20263,38779,17251,35718,43519,36728,4805,39010,29847,20326,20695,46002,47173,15228,41292,7793,38161,28663,38723,43022,38544,2322,40285,8359,16965,6290,16801,7569,2588,36108,14247,21506,3366,12158,13767,12742,39293,1426,27148,23670,37739,13023,1425,15220,3167,29829,25382,7879,4486,22862,2941,3317,2848,21905,17099,27497,13778,17378,6219,20312,1343,
3,5834,41497,22413,7762,43220,35916,10530,31293,23449,28675,3342,20543,38214,5597,16014,14394,5532,48248,45445,20263,38779,17251,35718,43519,36728,4805,39010,29847,20326,20695,46002,47173,15228,41292,7793,38161,28663,38723,43022,38544,12116,9447,3102,3646,1859,2136,9007,17500,22820,2887,1030,1489,3176,10343,2497,15492,13199,2748,21761,3943,9266,4793,25575,6886,3205,1920,2400,16422,7194,42054,3317,3419,282,13657,45838,25370,1768,8177,8842,15635,
4,5834,41497,22413,7762,43220,35916,10530,31293,23449,28675,3342,20543,38214,5597,16014,14394,5532,48248,45445,20263,38779,17251,35718,43519,36728,4805,39010,29847,20326,20695,46002,47173,15228,41292,7793,38161,28663,38723,43022,38544,3354,26242,5824,4921,1891,591,1985,31721,6059,795,7012,11781,1872,18058,23791,14933,10188,50681,19376,18852,40754,11158,3365,290,36974,11733,6832,23759,5404,6101,986,6095,4288,11285,20080,21113,16977,3303,7540,1466,
5,5834,41497,22413,7762,43220,35916,10530,31293,23449,28675,3342,20543,38214,5597,16014,14394,5532,48248,45445,20263,38779,17251,35718,43519,36728,4805,39010,29847,20326,20695,46002,47173,15228,41292,7793,38161,28663,38723,43022,38544,56483,667,24624,6080,6596,7622,22067,8605,5287,11982,4935,41747,22233,1371,539,39692,8180,33813,25556,19834,10236,17133,13678,35547,8382,3609,3342,37036,15124,3729,44261,8108,9219,20725,1015,4891,35813,25998,19152,6722,
6,5834,41497,22413,7762,43220,35916,10530,31293,23449,28675,3342,20543,38214,5597,16014,14394,5532,48248,45445,20263,38779,17251,35718,43519,36728,4805,39010,29847,20326,20695,46002,47173,15228,41292,7793,38161,28663,38723,43022,38544,11363,9236,41191,5655,9651,20811,9783,5390,5354,6062,1351,14716,744,9893,13653,3846,43811,31683,6787,270,3143,23312,8225,1481,28343,12653,25543,5234,15051,12709,18236,3006,1504,8158,47641,4593,15705,8504,12545,6470,
7,5834,41497,22413,7762,43220,35916,10530,31293,23449,28675,3342,20543,38214,5597,16014,14394,5532,48248,45445,20263,38779,17251,35718,43519,36728,4805,39010,29847,20326,20695,46002,47173,15228,41292,7793,38161,28663,38723,43022,38544,10560,5921,5423,16478,2711,12085,32376,3545,17621,3300,34391,10881,702,8734,47664,12817,27807,27201,34781,270,1613,27772,27680,13077,39190,13823,5956,3098,13170,13894,6022,3006,17423,23004,13907,14984,12097,2114,3368,6185,
8,5834,41497,22413,7762,43220,35916,10530,31293,23449,28675,3342,20543,38214,5597,16014,14394,5532,48248,45445,20263,38779,17251,35718,43519,36728,4805,39010,29847,20326,20695,46002,47173,15228,41292,7793,38161,28663,38723,43022,38544,15059,33411,14463,16478,7845,18320,5311,19797,18033,2774,27080,18741,1008,9038,1951,5185,12887,13203,8455,3174,8601,21258,9899,11017,1926,1840,25396,23068,2703,2373,2266,3577,6432,12296,6305,37098,8729,25260,16542,803,
9,5834,41497,22413,7762,43220,35916,10530,31293,23449,28675,3342,20543,38214,5597,16014,14394,5532,48248,45445,20263,38779,17251,35718,43519,36728,4805,39010,29847,20326,20695,46002,47173,15228,41292,7793,38161,28663,38723,43022,38544,56860,9642,24281,3280,28266,33045,36635,30267,12042,37738,11089,17474,19397,13132,26736,3747,675,21850,40824,39398,4980,933,12625,26137,30636,19531,27576,13276,15468,2373,2758,2767,14134,31775,25165,457,7749,40719,12994,803,
10,5834,41497,22413,7762,43220,35916,10530,31293,23449,28675,3342,20543,38214,5597,16014,14394,5532,48248,45445,20263,38779,17251,35718,43519,36728,4805,39010,29847,20326,20695,46002,47173,15228,41292,7793,38161,28663,38723,43022,38544,14780,971,11742,2050,6664,18585,13740,927,11902,7699,20787,492,8838,11912,5620,2481,19541,31148,11791,438,29417,20927,9501,2585,2168,12558,1852,2143,43182,8717,5102,3962,1328,3710,42672,13754,10254,13309,10311,6183,
11,5834,41497,22413,7762,43220,35916,10530,31293,23449,28675,3342,20543,38214,5597,16014,14394,5532,48248,45445,20263,38779,17251,35718,43519,36728,4805,39010,29847,20326,20695,46002,47173,15228,41292,7793,38161,28663,38723,43022,38544,16196,9796,11252,12063,1085,23243,37639,14930,16184,43573,2509,33452,20026,7014,10765,25329,2605,16272,20272,21492,9862,1210,18191,305,41337,41644,1399,5358,19972,9626,27159,4318,44453,3836,30972,35480,26452,498,9974,19316,
12,5834,41497,22413,7762,43220,35916,10530,31293,23449,28675,3342,20543,38214,5597,16014,14394,5532,48248,45445,20263,38779,17251,35718,43519,36728,4805,39010,29847,20326,20695,46002,47173,15228,41292,7793,38161,28663,38723,43022,38544,33798,26817,10547,12148,2146,4861,49548,24774,276,19939,14433,8835,30620,21083,11287,21081,11237,47808,18725,16295,2634,4447,54058,33820,25637,6986,7065,7253,19396,3519,21623,3113,51549,5480,67,2303,7929,32347,22096,1342,
13,5834,41497,22413,7762,43220,35916,10530,31293,23449,28675,3342,20543,38214,5597,16014,14394,5532,48248,45445,20263,38779,17251,35718,43519,36728,4805,39010,29847,20326,20695,46002,47173,15228,41292,7793,38161,28663,38723,43022,38544,17441,38500,5861,764,9354,17111,827,22239,882,12795,30849,11203,15559,38150,4178,19881,13707,12892,13190,4731,2821,32930,22039,4293,6484,2871,14462,16592,20955,12600,7470,23127,57493,1301,51544,18597,24973,41153,2073,7492,
14,5834,41497,22413,7762,43220,35916,10530,31293,23449,28675,3342,20543,38214,5597,16014,14394,5532,48248,45445,20263,38779,17251,35718,43519,36728,4805,39010,29847,20326,20695,46002,47173,15228,41292,7793,38161,28663,38723,43022,38544,10631,15912,16997,15404,9144,14276,30385,25597,29037,13436,4623,2751,37350,3340,18884,7700,24420,17358,42812,5186,10831,7365,29482,1478,27308,3328,30405,21012,40130,4805,12457,5109,19033,2659,10088,2900,8666,17546,21097,8046,
15,5834,41497,22413,7762,43220,35916,10530,31293,23449,28675,3342,20543,38214,5597,16014,14394,5532,48248,45445,20263,38779,17251,35718,43519,36728,4805,39010,29847,20326,20695,46002,47173,15228,41292,7793,38161,28663,38723,43022,38544,28850,15626,1363,21019,4831,10049,7137,10629,28486,36232,25458,33983,33787,28200,15881,9876,5898,12650,9008,44988,15371,14782,46501,12405,10003,29235,15820,7041,7553,20521,1506,22847,33672,12917,51465,1754,25399,2287,8219,4676,
16,5834,41497,22413,7762,43220,35916,10530,31293,23449,28675,3342,20543,38214,5597,16014,14394,5532,48248,45445,20263,38779,17251,35718,43519,36728,4805,39010,29847,20326,20695,46002,47173,15228,41292,7793,38161,28663,38723,43022,38544,28205,12420,55020,8798,20285,21430,2731,15550,33595,7245,4131,836,13834,3018,11399,18822,1132,36456,4548,3052,1501,33717,32322,27711,3759,603,31176,9189,27850,18083,1778,4646,16314,1153,37128,3831,10506,30561,6893,14919,
17,5834,41497,22413,7762,43220,35916,10530,31293,23449,28675,3342,20543,38214,5597,16014,14394,5532,48248,45445,20263,38779,17251,35718,43519,36728,4805,39010,29847,20326,20695,46002,47173,15228,41292,7793,38161,28663,38723,43022,38544,23788,43904,10805,7280,2360,18655,2731,26621,14273,8076,6661,5837,14222,2165,15214,28422,1181,16857,4822,2091,9880,19146,11072,4329,3759,29627,30498,25456,10420,35559,16914,3369,10304,9511,16326,2025,4606,3511,8287,34124,
18,5834,41497,22413,7762,43220,35916,10530,31293,23449,28675,3342,20543,38214,5597,16014,14394,5532,48248,45445,20263,38779,17251,35718,43519,36728,4805,39010,29847,20326,20695,46002,47173,15228,41292,7793,38161,28663,38723,43022,38544,25112,24995,10935,20202,17012,20245,12650,2883,13383,19080,35691,12985,24637,18364,2101,3725,16201,12619,28582,5451,6779,16018,21414,14399,2787,2949,3215,17472,13338,6565,11931,31637,11800,5448,26579,35380,3714,17345,26512,4371,
19,5834,41497,22413,7762,43220,35916,10530,31293,23449,28675,3342,20543,38214,5597,16014,14394,5532,48248,45445,20263,38779,17251,35718,43519,36728,4805,39010,29847,20326,20695,46002,47173,15228,41292,7793,38161,28663,38723,43022,38544,12983,12362,25830,3348,2101,13108,7048,2122,33948,3324,5841,36807,23274,28963,3286,763,7910,28298,2317,1250,34738,25944,25799,3392,30897,26132,20836,26483,412,7423,27669,28578,16331,20612,28524,5155,5385,12833,28501,1373,
20,5834,41497,22413,7762,43220,35916,10530,31293,23449,28675,3342,20543,38214,5597,16014,14394,5532,48248,45445,20263,38779,17251,35718,43519,36728,4805,39010,29847,20326,20695,46002,47173,15228,41292,7793,38161,28663,38723,43022,38544,30230,27008,26639,8229,18290,19051,34428,1127,36500,26634,22528,33955,22117,13554,6949,6402,12966,19428,4343,7420,24045,2522,15763,30430,4516,17708,12095,7208,55321,2325,21476,29087,16734,17949,16217,2346,9198,4205,11032,25693,
21,5834,41497,22413,7762,43220,35916,10530,31293,23449,28675,3342,20543,38214,5597,16014,14394,5532,48248,45445,20263,38779,17251,35718,43519,36728,4805,39010,29847,20326,20695,46002,47173,15228,41292,7793,38161,28663,38723,43022,38544,11820,11418,10860,3569,8079,15233,5019,497,18565,11154,45929,3269,24595,33149,27354,3392,7281,20447,11800,29090,16234,11520,12071,18913,12985,18031,8576,5471,35004,9165,20235,7973,39979,13253,38050,40232,8882,35280,25984,2199,
22,5834,41497,22413,7762,43220,35916,10530,31293,23449,28675,3342,20543,38214,5597,16014,14394,5532,48248,45445,20263,38779,17251,35718,43519,36728,4805,39010,29847,20326,20695,46002,47173,15228,41292,7793,38161,28663,38723,43022,38544,23564,41632,33798,13712,24346,3078,3209,20153,32115,1793,3064,24593,26871,12738,1320,18830,3755,11562,19795,16009,3487,6732,37110,47874,6445,363,6191,461,14881,41277,3392,13211,33307,13394,32979,15762,5654,7007,10779,20814,
23,5834,41497,22413,7762,43220,35916,10530,31293,23449,28675,3342,20543,38214,5597,16014,14394,5532,48248,45445,20263,38779,17251,35718,43519,36728,4805,39010,29847,20326,20695,46002,47173,15228,41292,7793,38161,28663,38723,43022,38544,30561,11117,26975,29658,10613,4480,16379,26967,34596,1438,23107,29786,12297,27263,23586,2191,5375,16295,4736,21895,3171,22536,29715,23284,17757,2223,5343,397,13632,13955,23796,26832,19862,23599,41082,22836,10966,8149,1112,27244,
24,5834,41497,22413,7762,43220,35916,10530,31293,23449,28675,3342,20543,38214,5597,16014,14394,5532,48248,45445,20263,38779,17251,35718,43519,36728,4805,39010,29847,20326,20695,46002,47173,15228,41292,7793,38161,28663,38723,43022,38544,14201,43271,31183,29309,18571,13361,37068,11719,19529,22442,4417,36261,47210,37341,2168,28573,7532,13087,32016,2158,1454,13398,23429,6926,2649,703,1361,2456,16912,34862,7251,1472,44978,720,45416,36069,836,29490,4386,5600,
25,5834,41497,22413,7762,43220,35916,10530,31293,23449,28675,3342,20543,38214,5597,16014,14394,5532,48248,45445,20263,38779,17251,35718,43519,36728,4805,39010,29847,20326,20695,46002,47173,15228,41292,7793,38161,28663,38723,43022,38544,13561,38813,12279,13550,5524,32961,976,15845,31861,24821,21298,3303,12751,21157,419,2202,16447,15684,1447,3932,288,1128,10444,43432,23443,10896,11845,31916,21388,4501,10279,3753,23353,758,42692,16204,43301,13122,17109,5883,
26,5834,41497,22413,7762,43220,35916,10530,31293,23449,28675,3342,20543,38214,5597,16014,14394,5532,48248,45445,20263,38779,17251,35718,43519,36728,4805,39010,29847,20326,20695,46002,47173,15228,41292,7793,38161,28663,38723,43022,38544,10434,18719,34465,8293,1627,16255,15464,38845,13395,35930,6766,7957,30190,12123,48569,2967,7294,39590,2799,2153,32662,1269,43838,7604,5763,37224,5933,14682,33084,38907,153,37783,27230,5208,14048,18578,15621,19878,18653,32019,
27,5834,41497,22413,7762,43220,35916,10530,31293,23449,28675,3342,20543,38214,5597,16014,14394,5532,48248,45445,20263,38779,17251,35718,43519,36728,4805,39010,29847,20326,20695,46002,47173,15228,41292,7793,38161,28663,38723,43022,38544,13341,27217,25294,38923,43836,17241,12720,24578,27558,3843,8487,8894,40154,35357,2094,2860,14891,39388,23056,2188,14187,16340,11339,26406,12265,39293,4528,35240,28170,4784,30260,18708,19789,39633,24359,23092,13814,437,2927,37358,
28,5834,41497,22413,7762,43220,35916,10530,31293,23449,28675,3342,20543,38214,5597,16014,14394,5532,48248,45445,20263,38779,17251,35718,43519,36728,4805,39010,29847,20326,20695,46002,47173,15228,41292,7793,38161,28663,38723,43022,38544,47764,24350,25860,3951,6534,19255,3817,20255,12372,18278,47970,14017,35568,59792,39872,14855,7983,21044,3734,37680,31645,32746,16105,26198,11643,27083,21067,5064,51221,41446,14244,4311,16518,37989,15986,24427,3297,45286,14280,18685,
29,5834,41497,22413,7762,43220,35916,10530,31293,23449,28675,3342,20543,38214,5597,16014,14394,5532,48248,45445,20263,38779,17251,35718,43519,36728,4805,39010,29847,20326,20695,46002,47173,15228,41292,7793,38161,28663,38723,43022,38544,37047,10506,26193,13449,6460,11921,23094,21525,23431,6158,3736,8759,21013,40385,6596,2529,7097,11023,29790,4162,3226,7752,11631,9796,8690,18232,8860,5950,29280,53587,10592,1821,24828,7771,14722,41376,20831,8242,946,1873,
30,5834,41497,22413,7762,43220,35916,10530,31293,23449,28675,3342,20543,38214,5597,16014,14394,5532,48248,45445,20263,38779,17251,35718,43519,36728,4805,39010,29847,20326,20695,46002,47173,15228,41292,7793,38161,28663,38723,43022,38544,10919,35854,10841,37025,26540,16818,352,27025,12950,15131,8153,5313,45787,10281,35476,10892,5550,14508,1267,15207,3246,10847,50379,7723,18077,28841,922,7635,10935,36789,8949,25647,35592,17967,11991,21484,35708,41577,1034,5543,
31,5834,41497,22413,7762,43220,35916,10530,31293,23449,28675,3342,20543,38214,5597,16014,14394,5532,48248,45445,20263,38779,17251,35718,43519,36728,4805,39010,29847,20326,20695,46002,47173,15228,41292,7793,38161,28663,38723,43022,38544,24046,13082,40374,7523,36349,8960,59383,35916,18564,7088,4110,6879,19512,18416,12292,3466,14721,21282,1267,4208,6214,11003,26184,49416,11825,3692,11872,31205,14963,13035,4870,11964,17081,5882,32277,45990,887,21387,27670,43066,
32,5834,41497,22413,7762,43220,35916,10530,31293,23449,28675,3342,20543,38214,5597,16014,14394,5532,48248,45445,20263,38779,17251,35718,43519,36728,4805,39010,29847,20326,20695,46002,47173,15228,41292,7793,38161,28663,38723,43022,38544,11515,42545,31784,2439,10815,537,43125,16599,23334,24404,20038,8832,14037,11071,1934,19944,935,46518,318,4208,19303,36995,13231,18120,3759,42278,9215,2277,12143,40310,15863,7310,17115,3394,11071,30422,34252,2997,5995,25404,
33,5834,41497,22413,7762,43220,35916,10530,31293,23449,28675,3342,20543,38214,5597,16014,14394,5532,48248,45445,20263,38779,17251,35718,43519,36728,4805,39010,29847,20326,20695,46002,47173,15228,41292,7793,38161,28663,38723,43022,38544,40805,44593,27738,7273,11109,10407,22180,40273,11928,4143,4234,33846,33285,38835,4954,15512,53894,20945,18020,11873,1807,14835,27063,14993,3377,19638,27302,21384,29447,32415,3362,6552,19301,3868,16675,33769,1329,4951,8689,21250,
34,5834,41497,22413,7762,43220,35916,10530,31293,23449,28675,3342,20543,38214,5597,16014,14394,5532,48248,45445,20263,38779,17251,35718,43519,36728,4805,39010,29847,20326,20695,46002,47173,15228,41292,7793,38161,28663,38723,43022,38544,25816,18504,33662,5306,19598,24827,52193,24496,11878,10880,24043,1464,34004,12716,21378,14849,21991,45592,32580,7824,13194,13549,27955,21212,10630,2889,11066,20060,41866,10524,35900,12520,39663,31647,11194,31285,9393,24297,25837,15285,
35,5834,41497,22413,7762,43220,35916,10530,31293,23449,28675,3342,20543,38214,5597,16014,14394,5532,48248,45445,20263,38779,17251,35718,43519,36728,4805,39010,29847,20326,20695,46002,47173,15228,41292,7793,38161,28663,38723,43022,38544,30948,36542,24088,13034,7824,6836,16664,31673,16168,4246,13613,20401,15358,14856,36517,9972,17777,14256,26921,12158,10686,2728,13549,13280,21865,8077,17900,11333,14663,56650,4097,19037,13969,24779,17235,11875,34734,7268,1578,1193,
36,5834,41497,22413,7762,43220,35916,10530,31293,23449,28675,3342,20543,38214,5597,16014,14394,5532,48248,45445,20263,38779,17251,35718,43519,36728,4805,39010,29847,20326,20695,46002,47173,15228,41292,7793,38161,28663,38723,43022,38544,33862,47450,13370,17948,7902,4994,31461,11354,21010,23733,6425,6908,20228,33262,27702,1546,41859,55616,219,6671,7869,9555,36168,47873,36023,53393,3374,10193,36729,11535,8739,25069,15373,10668,27841,47951,1495,45457,8337,29566,
37,5834,41497,22413,7762,43220,35916,10530,31293,23449,28675,3342,20543,38214,5597,16014,14394,5532,48248,45445,20263,38779,17251,35718,43519,36728,4805,39010,29847,20326,20695,46002,47173,15228,41292,7793,38161,28663,38723,43022,38544,41110,13397,14324,15317,10654,2877,16139,19725,34949,16673,21019,7396,38229,12943,35023,2939,13908,12087,42405,4043,46658,27013,44101,35785,43651,34798,2637,15350,42194,37904,8683,13940,12129,17866,51627,39536,29567,48340,20520,2525,
38,5834,41497,22413,7762,43220,35916,10530,31293,23449,28675,3342,20543,38214,5597,16014,14394,5532,48248,45445,20263,38779,17251,35718,43519,36728,4805,39010,29847,20326,20695,46002,47173,15228,41292,7793,38161,28663,38723,43022,38544,31451,38200,14381,9690,15668,15305,18706,22242,26019,1076,700,1261,30204,43903,1514,18663,43178,22772,2752,21789,39462,41423,47525,25506,17991,26549,14407,28662,13948,14609,1892,3088,13704,3476,32599,13257,1736,39408,15355,18202,
39,5834,41497,22413,7762,43220,35916,10530,31293,23449,28675,3342,20543,38214,5597,16014,14394,5532,48248,45445,20263,38779,17251,35718,43519,36728,4805,39010,29847,20326,20695,46002,47173,15228,41292,7793,38161,28663,38723,43022,38544,15158,41532,13603,38765,1907,18894,21133,15517,46927,11332,3201,11322,15293,13164,12937,7620,12119,11711,10200,24131,3546,44020,34069,19763,241,20986,2711,17160,26671,33307,1874,12014,33724,14394,27543,13637,19880,8836,17236,6055,
40,5834,41497,22413,7762,43220,35916,10530,31293,23449,28675,3342,20543,38214,5597,16014,14394,5532,48248,45445,20263,38779,17251,35718,43519,36728,4805,39010,29847,20326,20695,46002,47173,15228,41292,7793,38161,28663,38723,43022,38544,50687,34213,16619,487,6990,12441,10777,35377,14607,30172,32386,31051,36209,33338,2348,18936,15565,25713,19585,20931,7960,20772,41625,11864,38751,50712,2360,22551,18328,27995,41327,5122,33424,19779,11978,14563,1450,6552,20785,27837,
41,5834,41497,22413,7762,43220,35916,10530,31293,23449,28675,3342,20543,38214,5597,16014,14394,5532,48248,45445,20263,38779,17251,35718,43519,36728,4805,39010,29847,20326,20695,46002,47173,15228,41292,7793,38161,28663,38723,43022,38544,41862,15934,47717,487,6956,39002,28291,39296,12134,5650,14778,2781,26530,19311,2106,11626,10816,25066,4634,41544,6539,12682,42178,45037,13685,12144,5554,15231,13088,23697,14884,2365,14136,21682,30677,12082,15331,41288,1031,7814,
42,5834,41497,22413,7762,43220,35916,10530,31293,23449,28675,3342,20543,38214,5597,16014,14394,5532,48248,45445,20263,38779,17251,35718,43519,36728,4805,39010,29847,20326,20695,46002,47173,15228,41292,7793,38161,28663,38723,43022,38544,29577,38913,28717,14318,6866,21401,21083,21191,12134,33206,46524,1067,43695,25288,5077,27311,26611,42700,23758,3982,14259,33348,27308,26525,9767,27443,2944,15981,19471,17596,31068,14377,20144,28990,24578,11164,21622,12136,37086,37741,
43,5834,41497,22413,7762,43220,35916,10530,31293,23449,28675,3342,20543,38214,5597,16014,14394,5532,48248,45445,20263,38779,17251,35718,43519,36728,4805,39010,29847,20326,20695,46002,47173,15228,41292,7793,38161,28663,38723,43022,38544,18379,32693,11220,45653,4172,363,35615,15975,23554,23779,18520,1711,34447,32817,32731,24024,11959,25891,1511,7352,33530,23655,20409,15251,10124,14055,42079,12220,37118,21552,1219,3255,47374,17581,16503,17672,7185,46682,16866,27705,
44,5834,41497,22413,7762,43220,35916,10530,31293,23449,28675,3342,20543,38214,5597,16014,14394,5532,48248,45445,20263,38779,17251,35718,43519,36728,4805,39010,29847,20326,20695,46002,47173,15228,41292,7793,38161,28663,38723,43022,38544,24450,34074,24812,21303,9018,24497,11602,27338,13349,17547,4072,4911,41680,22382,15268,24589,32510,45012,37244,406,7459,34659,31866,14527,34334,38268,31802,28394,15062,31403,7407,2664,44705,1817,18054,42052,41636,14487,35181,945,
45,5834,41497,22413,7762,43220,35916,10530,31293,23449,28675,3342,20543,38214,5597,16014,14394,5532,48248,45445,20263,38779,17251,35718,43519,36728,4805,39010,29847,20326,20695,46002,47173,15228,41292,7793,38161,28663,38723,43022,38544,29702,10306,44103,37333,7594,44829,56478,11149,12407,47499,13297,7718,31202,31025,12478,5946,12966,28014,5375,38013,15296,11881,15588,13622,15943,27971,6750,12766,42485,36349,3265,4082,22598,5162,32527,26875,16859,28805,14142,2595,
46,5834,41497,22413,7762,43220,35916,10530,31293,23449,28675,3342,20543,38214,5597,16014,14394,5532,48248,45445,20263,38779,17251,35718,43519,36728,4805,39010,29847,20326,20695,46002,47173,15228,41292,7793,38161,28663,38723,43022,38544,40835,10306,12486,38930,6001,26335,16023,15865,18912,41234,8569,31053,32189,21521,17100,934,20746,24427,23320,7098,4801,36543,23914,23604,14861,27971,15946,24722,11257,13369,20846,5018,12212,4280,26429,12556,41709,12107,11884,5485,
47,5834,41497,22413,7762,43220,35916,10530,31293,23449,28675,3342,20543,38214,5597,16014,14394,5532,48248,45445,20263,38779,17251,35718,43519,36728,4805,39010,29847,20326,20695,46002,47173,15228,41292,7793,38161,28663,38723,43022,38544,11032,25807,30564,13528,1115,18118,30010,31922,12905,11372,30951,15894,21173,19799,23204,1950,40387,47954,32729,24007,4188,22754,15328,26977,20791,12817,36646,15037,12994,12633,7677,2093,18456,19026,14912,27633,13375,47992,3780,8636,
48,5834,41497,22413,7762,43220,35916,10530,31293,23449,28675,3342,20543,38214,5597,16014,14394,5532,48248,45445,20263,38779,17251,35718,43519,36728,4805,39010,29847,20326,20695,46002,47173,15228,41292,7793,38161,28663,38723,43022,38544,11293,16154,19484,44286,14557,23062,17564,14208,10496,9468,692,7809,37528,21301,4800,4898,39198,34380,8413,3155,6784,28288,30033,36200,14401,17418,23928,11162,29831,12633,3647,5177,33406,17204,32269,35710,1103,28676,9419,20345,
49,5834,41497,22413,7762,43220,35916,10530,31293,23449,28675,3342,20543,38214,5597,16014,14394,5532,48248,45445,20263,38779,17251,35718,43519,36728,4805,39010,29847,20326,20695,46002,47173,15228,41292,7793,38161,28663,38723,43022,38544,21861,14099,19608,18488,5090,4190,36470,11660,23812,8420,11733,714,37908,14868,32854,3384,27465,24087,17155,7274,4595,18632,21449,18423,9324,13545,464,11721,15817,38166,3395,28062,12316,6438,31296,10576,24461,11118,12355,885,
50,5834,41497,22413,7762,43220,35916,10530,31293,23449,28675,3342,20543,38214,5597,16014,14394,5532,48248,45445,20263,38779,17251,35718,43519,36728,4805,39010,29847,20326,20695,46002,47173,15228,41292,7793,38161,28663,38723,43022,38544,20403,32192,31853,46431,10459,12552,10987,23731,10279,1819,2118,7359,52621,20820,3406,3336,10121,21227,23819,30304,12572,38997,13154,37507,4151,35151,23943,44104,38728,43158,26967,14237,24509,19170,29647,10576,12395,23092,6553,19375,
51,5834,41497,22413,7762,43220,35916,10530,31293,23449,28675,3342,20543,38214,5597,16014,14394,5532,48248,45445,20263,38779,17251,35718,43519,36728,4805,39010,29847,20326,20695,46002,47173,15228,41292,7793,38161,28663,38723,43022,38544,17314,23942,43545,44953,12670,3280,29302,24154,54853,4467,9014,13417,21984,20716,855,224,52944,10402,2066,7650,30182,41742,24769,26722,1059,11488,6128,15718,26523,26691,12581,13988,13807,13258,13691,10576,14213,20635,32938,5154,
52,5834,41497,22413,7762,43220,35916,10530,31293,23449,28675,3342,20543,38214,5597,16014,14394,5532,48248,45445,20263,38779,17251,35718,43519,36728,4805,39010,29847,20326,20695,46002,47173,15228,41292,7793,38161,28663,38723,43022,38544,15422,16358,19705,38880,18773,41336,14388,11580,18272,3747,2076,29397,48261,12416,386,18519,20402,25776,32704,25143,6240,17256,42504,13629,2517,24715,7177,25052,12043,21296,6329,21696,40355,1157,38200,31350,17440,36048,15846,12535,
53,5834,41497,22413,7762,43220,35916,10530,31293,23449,28675,3342,20543,38214,5597,16014,14394,5532,48248,45445,20263,38779,17251,35718,43519,36728,4805,39010,29847,20326,20695,46002,47173,15228,41292,7793,38161,28663,38723,43022,38544,44743,16591,55659,16964,11954,39003,37092,19825,43825,31071,11865,35957,13484,18931,2597,224,11220,15484,1331,7351,10294,20722,43944,33503,17343,26911,16223,43985,42463,19361,9560,35638,20918,15911,14205,49131,25855,12338,9047,11302,
54,5834,41497,22413,7762,43220,35916,10530,31293,23449,28675,3342,20543,38214,5597,16014,14394,5532,48248,45445,20263,38779,17251,35718,43519,36728,4805,39010,29847,20326,20695,46002,47173,15228,41292,7793,38161,28663,38723,43022,38544,15157,23247,42849,25948,15695,24312,19145,11676,23417,2161,642,40856,25144,18989,918,29220,10389,13693,9348,24013,6103,22733,12213,44430,16593,20240,2523,11116,11935,43681,17616,3576,23322,27198,11612,18872,2123,17430,5020,9808,
55,5834,41497,22413,7762,43220,35916,10530,31293,23449,28675,3342,20543,38214,5597,16014,14394,5532,48248,45445,20263,38779,17251,35718,43519,36728,4805,39010,29847,20326,20695,46002,47173,15228,41292,7793,38161,28663,38723,43022,38544,15913,13874,23088,32370,283,4163,17025,12084,37254,11126,9586,29626,11315,42887,918,37007,24528,16828,28189,15222,14371,32542,12372,17057,12257,10340,33245,33382,52051,11202,15628,2458,19556,5651,17075,25472,7124,10715,23312,8999,
56,5834,41497,22413,7762,43220,35916,10530,31293,23449,28675,3342,20543,38214,5597,16014,14394,5532,48248,45445,20263,38779,17251,35718,43519,36728,4805,39010,29847,20326,20695,46002,47173,15228,41292,7793,38161,28663,38723,43022,38544,14624,19283,28261,50649,45419,18602,40036,13732,24707,22967,3524,3411,33986,11651,918,22411,42258,14552,16276,14508,29348,38980,28987,21312,32229,10340,8498,13309,22671,10652,16882,6425,45821,18574,24805,36233,6214,10715,2912,39306,
57,5834,41497,22413,7762,43220,35916,10530,31293,23449,28675,3342,20543,38214,5597,16014,14394,5532,48248,45445,20263,38779,17251,35718,43519,36728,4805,39010,29847,20326,20695,46002,47173,15228,41292,7793,38161,28663,38723,43022,38544,18838,22158,17043,14419,20752,17941,14910,12522,19854,4325,15241,36198,13033,17543,1079,29547,20360,34794,3855,16601,1401,17737,24232,40901,22403,14598,11012,12922,22451,52562,31302,13781,12193,21648,22807,27409,2847,17428,2115,9431,
58,5834,41497,22413,7762,43220,35916,10530,31293,23449,28675,3342,20543,38214,5597,16014,14394,5532,48248,45445,20263,38779,17251,35718,43519,36728,4805,39010,29847,20326,20695,46002,47173,15228,41292,7793,38161,28663,38723,43022,38544,28789,13665,34753,26394,22910,29569,18550,47457,49993,15608,28212,14777,12842,22731,7595,27364,31813,19983,2115,7741,9218,14389,26433,20601,20181,50227,2889,50906,14379,48615,2563,2481,15169,27026,18802,16452,3091,10992,12083,3297,
59,5834,41497,22413,7762,43220,35916,10530,31293,23449,28675,3342,20543,38214,5597,16014,14394,5532,48248,45445,20263,38779,17251,35718,43519,36728,4805,39010,29847,20326,20695,46002,47173,15228,41292,7793,38161,28663,38723,43022,38544,24287,16438,22452,12092,26672,7053,37009,15923,12840,5791,1209,2548,44390,47727,1947,11074,41350,30294,19418,18157,18179,41764,24601,11590,9721,12555,5175,26582,26918,23656,22423,9411,12578,902,26399,10845,7597,54378,27351,51957,
60,5834,41497,22413,7762,43220,35916,10530,31293,23449,28675,3342,20543,38214,5597,16014,14394,5532,48248,45445,20263,38779,17251,35718,43519,36728,4805,39010,29847,20326,20695,46002,47173,15228,41292,7793,38161,28663,38723,43022,38544,26827,11538,12920,12092,13961,1662,37497,13004,32192,2162,34727,7725,48086,21356,17582,16093,32613,40429,36713,5316,23503,14897,17747,19444,21018,29949,5939,19532,19248,11030,2546,22419,26551,36596,10282,16311,8333,13775,12745,25520,
61,5834,41497,22413,7762,43220,35916,10530,31293,23449,28675,3342,20543,38214,5597,16014,14394,5532,48248,45445,20263,38779,17251,35718,43519,36728,4805,39010,29847,20326,20695,46002,47173,15228,41292,7793,38161,28663,38723,43022,38544,36230,18796,37019,14691,6607,8094,31787,17443,45124,3921,38044,37721,11803,14189,2439,31739,14690,10300,3524,787,13879,46637,43931,45397,32792,24688,29980,39733,15096,15910,533,6771,21677,44189,52017,18691,29562,11261,1874,34716,
62,5834,41497,22413,7762,43220,35916,10530,31293,23449,28675,3342,20543,38214,5597,16014,14394,5532,48248,45445,20263,38779,17251,35718,43519,36728,4805,39010,29847,20326,20695,46002,47173,15228,41292,7793,38161,28663,38723,43022,38544,17390,45017,20225,11752,32038,2266,19233,33118,14610,15011,7872,514,26229,11631,40552,17092,28435,46868,6373,11978,13879,26423,14174,25632,18837,27562,36806,49516,16319,17548,513,50835,18232,11892,12251,16012,19707,22476,15126,15720,
63,5834,41497,22413,7762,43220,35916,10530,31293,23449,28675,3342,20543,38214,5597,16014,14394,5532,48248,45445,20263,38779,17251,35718,43519,36728,4805,39010,29847,20326,20695,46002,47173,15228,41292,7793,38161,28663,38723,43022,38544,42335,31193,16517,10630,1525,8695,13830,31863,27563,5851,24967,39653,20212,12620,5509,33148,28113,44195,42331,12324,6308,19893,11553,36157,18837,17751,17390,16151,12783,31904,42073,13704,10494,3088,36901,17324,26748,24820,8177,18330,
64,5834,41497,22413,7762,43220,35916,10530,31293,23449,28675,3342,20543,38214,5597,16014,14394,5532,48248,45445,20263,38779,17251,35718,43519,36728,4805,39010,29847,20326,20695,46002,47173,15228,41292,7793,38161,28663,38723,43022,38544,26353,49413,52423,10630,14290,15270,11669,12611,34271,28067,9538,11586,41977,11798,20764,15442,30856,16193,7041,5657,1543,33990,31476,25374,777,20425,15109,11867,51615,25471,24160,19972,33973,12467,25389,42030,20141,15525,1585,21117,
65,5834,41497,22413,7762,43220,35916,10530,31293,23449,28675,3342,20543,38214,5597,16014,14394,5532,48248,45445,20263,38779,17251,35718,43519,36728,4805,39010,29847,20326,20695,46002,47173,15228,41292,7793,38161,28663,38723,43022,38544,13472,19737,38998,17450,28964,7685,53204,24141,11984,3213,3994,15803,18587,28178,2840,11206,43724,53069,35526,1180,13243,33557,11612,11975,14497,32342,17391,36452,18537,42037,27050,42095,32831,8334,18899,26676,35473,35244,3979,46569,
66,5834,41497,22413,7762,43220,35916,10530,31293,23449,28675,3342,20543,38214,5597,16014,14394,5532,48248,45445,20263,38779,17251,35718,43519,36728,4805,39010,29847,20326,20695,46002,47173,15228,41292,7793,38161,28663,38723,43022,38544,15461,12647,16632,12756,18835,13600,11094,26294,51434,17269,5379,15231,23688,15263,26845,16495,31520,31423,17609,37055,13889,41474,41183,11661,41370,18922,1682,19921,24572,25162,20577,12748,12668,3862,14199,14834,1947,16981,7379,10400,
67,5834,41497,22413,7762,43220,35916,10530,31293,23449,28675,3342,20543,38214,5597,16014,14394,5532,48248,45445,20263,38779,17251,35718,43519,36728,4805,39010,29847,20326,20695,46002,47173,15228,41292,7793,38161,28663,38723,43022,38544,20619,47378,15624,27873,26921,33528,34464,29577,14732,1281,27710,34094,18937,30001,25216,28410,29632,10143,8020,10924,15113,43611,10985,40609,6484,22891,6814,11300,38361,34754,11228,15998,30350,7425,23761,41397,1947,25886,19210,19755,
68,5834,41497,22413,7762,43220,35916,10530,31293,23449,28675,3342,20543,38214,5597,16014,14394,5532,48248,45445,20263,38779,17251,35718,43519,36728,4805,39010,29847,20326,20695,46002,47173,15228,41292,7793,38161,28663,38723,43022,38544,37300,13356,10165,43729,32693,1163,41885,17945,19375,48184,20572,14272,38583,12336,534,13747,27648,10143,16967,10924,16986,29336,39360,25109,33762,16846,13799,10616,41580,16788,9049,28484,10776,29067,11502,36862,25729,29275,3800,37928,
69,5834,41497,22413,7762,43220,35916,10530,31293,23449,28675,3342,20543,38214,5597,16014,14394,5532,48248,45445,20263,38779,17251,35718,43519,36728,4805,39010,29847,20326,20695,46002,47173,15228,41292,7793,38161,28663,38723,43022,38544,30815,43144,53545,28285,32940,15434,14371,20616,21059,49355,954,26470,20610,18951,11926,18679,24697,10143,12199,10811,28072,38278,19005,12397,29914,57011,44986,18474,11699,11159,8152,24270,20163,14689,11264,12422,2738,20375,10118,38895,
70,5834,41497,22413,7762,43220,35916,10530,31293,23449,28675,3342,20543,38214,5597,16014,14394,5532,48248,45445,20263,38779,17251,35718,43519,36728,4805,39010,29847,20326,20695,46002,47173,15228,41292,7793,38161,28663,38723,43022,38544,12210,14459,12597,44324,13377,16101,24720,26990,50670,11477,3731,33063,11225,41475,2901,11176,27108,39670,30300,60998,31955,10697,35357,22493,9930,32609,11850,18849,15873,33150,13863,13203,26956,20499,11822,12422,32208,36940,6824,26376,
71,5834,41497,22413,7762,43220,35916,10530,31293,23449,28675,3342,20543,38214,5597,16014,14394,5532,48248,45445,20263,38779,17251,35718,43519,36728,4805,39010,29847,20326,20695,46002,47173,15228,41292,7793,38161,28663,38723,43022,38544,21016,23706,32584,34657,27471,6376,36397,14299,12184,27903,11205,25455,28213,15885,6578,23887,23150,42827,20418,14230,979,17542,17019,20993,9923,18042,37862,40371,54078,43716,1992,14827,10943,19392,26725,12422,2738,16833,5466,41587,
72,5834,41497,22413,7762,43220,35916,10530,31293,23449,28675,3342,20543,38214,5597,16014,14394,5532,48248,45445,20263,38779,17251,35718,43519,36728,4805,39010,29847,20326,20695,46002,47173,15228,41292,7793,38161,28663,38723,43022,38544,10441,11552,17191,20004,20304,12520,11897,17760,17040,19873,14088,16871,36355,36134,28789,18716,25151,18382,1808,11032,25885,20565,14473,21181,24215,14361,10517,14616,25833,32860,10138,16586,19049,12809,42178,18187,10195,28607,26027,13342,
73,5834,41497,22413,7762,43220,35916,10530,31293,23449,28675,3342,20543,38214,5597,16014,14394,5532,48248,45445,20263,38779,17251,35718,43519,36728,4805,39010,29847,20326,20695,46002,47173,15228,41292,7793,38161,28663,38723,43022,38544,18368,22571,17397,10616,42673,1107,13095,18388,19568,48370,9839,17275,11463,14883,7217,56431,18599,14106,1729,12852,24655,44856,16452,13095,4500,25592,1147,22069,21437,13808,2510,17110,34817,4754,20949,22072,12929,47256,41132,11359,
74,5834,41497,22413,7762,43220,35916,10530,31293,23449,28675,3342,20543,38214,5597,16014,14394,5532,48248,45445,20263,38779,17251,35718,43519,36728,4805,39010,29847,20326,20695,46002,47173,15228,41292,7793,38161,28663,38723,43022,38544,37980,11096,50851,17455,40353,1147,19352,11615,14682,41476,9278,14858,14571,22819,25456,37699,36148,46871,30808,18708,13908,43096,34605,28289,5864,25533,2632,11212,26260,47809,25860,27454,16168,2993,15265,17866,18592,21157,18933,10304,
75,5834,41497,22413,7762,43220,35916,10530,31293,23449,28675,3342,20543,38214,5597,16014,14394,5532,48248,45445,20263,38779,17251,35718,43519,36728,4805,39010,29847,20326,20695,46002,47173,15228,41292,7793,38161,28663,38723,43022,38544,18114,13239,22565,31427,11988,2151,26384,16714,31271,38657,3108,45661,19871,19966,7002,20245,26397,34387,32434,22977,4839,26738,10425,10795,22225,46840,4099,29737,30164,11584,7434,27642,22574,15891,31616,18418,39516,24173,19566,34445,
76,5834,41497,22413,7762,43220,35916,10530,31293,23449,28675,3342,20543,38214,5597,16014,14394,5532,48248,45445,20263,38779,17251,35718,43519,36728,4805,39010,29847,20326,20695,46002,47173,15228,41292,7793,38161,28663,38723,43022,38544,13557,10253,11665,11107,34307,2764,14399,14650,24350,12351,25014,39440,33219,33521,2501,27428,16355,42359,34164,15879,1494,11917,33127,23757,2635,13137,38919,17057,13650,20352,1923,14349,14104,31621,37789,10848,10600,14452,11632,27771,
77,5834,41497,22413,7762,43220,35916,10530,31293,23449,28675,3342,20543,38214,5597,16014,14394,5532,48248,45445,20263,38779,17251,35718,43519,36728,4805,39010,29847,20326,20695,46002,47173,15228,41292,7793,38161,28663,38723,43022,38544,27317,49424,14003,15019,13761,3228,14807,22352,21570,10459,4236,19402,42697,22707,2485,20862,31371,12635,20881,37468,5979,16168,16244,20577,3749,23251,323,19988,13882,32201,5416,41049,41573,1217,35464,14268,9074,17658,17425,18156,
78,5834,41497,22413,7762,43220,35916,10530,31293,23449,28675,3342,20543,38214,5597,16014,14394,5532,48248,45445,20263,38779,17251,35718,43519,36728,4805,39010,29847,20326,20695,46002,47173,15228,41292,7793,38161,28663,38723,43022,38544,34755,26920,17774,31841,32496,20746,11198,49745,26421,15384,9276,33840,14909,16676,27397,10119,18810,32120,17193,20908,11246,43078,22253,13722,19200,33125,42680,30745,22184,11833,13796,11599,11824,25680,20990,10963,966,26830,17331,10720,
79,5834,41497,22413,7762,43220,35916,10530,31293,23449,28675,3342,20543,38214,5597,16014,14394,5532,48248,45445,20263,38779,17251,35718,43519,36728,4805,39010,29847,20326,20695,46002,47173,15228,41292,7793,38161,28663,38723,43022,38544,13038,43332,10474,39542,37671,1983,19083,36383,18314,53593,6991,25321,27681,29023,3571,54353,25250,41114,24106,30360,14071,12957,17827,19872,350,40701,4441,41877,31158,44709,28653,17071,15787,3744,54788,50662,1950,10697,37578,32166,
80,5834,41497,22413,7762,43220,35916,10530,31293,23449,28675,3342,20543,38214,5597,16014,14394,5532,48248,45445,20263,38779,17251,35718,43519,36728,4805,39010,29847,20326,20695,46002,47173,15228,41292,7793,38161,28663,38723,43022,38544,20602,11109,27233,15656,19474,6941,13549,12034,24084,21009,10976,17607,15096,42618,666,10703,15188,16206,1548,17180,1820,15719,16653,29849,350,44144,17814,19822,28681,18191,29418,48757,13570,17701,16352,23221,5623,39357,19756,11934,
81,5834,41497,22413,7762,43220,35916,10530,31293,23449,28675,3342,20543,38214,5597,16014,14394,5532,48248,45445,20263,38779,17251,35718,43519,36728,4805,39010,29847,20326,20695,46002,47173,15228,41292,7793,38161,28663,38723,43022,38544,30554,48209,25684,55173,11980,9954,16654,32455,23062,34076,4033,29093,26931,10903,24790,11342,58070,46610,14263,13792,15115,26020,16653,13750,14027,12430,5784,12256,13414,16556,20178,38955,11271,9579,35458,30417,7958,12323,42868,35715,
82,5834,41497,22413,7762,43220,35916,10530,31293,23449,28675,3342,20543,38214,5597,16014,14394,5532,48248,45445,20263,38779,17251,35718,43519,36728,4805,39010,29847,20326,20695,46002,47173,15228,41292,7793,38161,28663,38723,43022,38544,13880,27427,40744,13329,23368,8788,46855,19135,36440,40954,1875,15161,12376,13481,1713,38749,10645,24242,9490,24152,42766,22519,12281,13750,22152,29891,19972,28393,23279,14870,4609,50368,11977,7022,24372,22021,28412,51550,549,30871,
83,5834,41497,22413,7762,43220,35916,10530,31293,23449,28675,3342,20543,38214,5597,16014,14394,5532,48248,45445,20263,38779,17251,35718,43519,36728,4805,39010,29847,20326,20695,46002,47173,15228,41292,7793,38161,28663,38723,43022,38544,22294,21039,16056,21476,13740,794,33902,20441,34267,27028,14260,36973,27714,24238,37261,14623,10645,19928,627,16040,7825,32294,33528,13750,4267,38744,16131,13908,51170,22508,7999,11365,27957,1051,22721,15813,26313,16545,549,20327,
84,5834,41497,22413,7762,43220,35916,10530,31293,23449,28675,3342,20543,38214,5597,16014,14394,5532,48248,45445,20263,38779,17251,35718,43519,36728,4805,39010,29847,20326,20695,46002,47173,15228,41292,7793,38161,28663,38723,43022,38544,32792,44776,18119,34783,18552,25762,13518,10761,10810,26984,10579,12454,19790,20332,28973,34803,57883,13570,7927,23256,9242,11474,21806,39425,2822,40237,13120,34005,36847,10846,7180,35305,30661,5577,10380,11976,20687,43953,8824,25025,
85,5834,41497,22413,7762,43220,35916,10530,31293,23449,28675,3342,20543,38214,5597,16014,14394,5532,48248,45445,20263,38779,17251,35718,43519,36728,4805,39010,29847,20326,20695,46002,47173,15228,41292,7793,38161,28663,38723,43022,38544,26924,31104,11364,35867,11083,17386,29553,31385,16542,30072,32793,32608,47416,14025,4354,27051,12949,20212,453,29171,3824,34088,17193,20039,5744,20470,365,10817,12507,30407,2197,43390,13287,228,24767,10812,27638,12695,26023,14243,
86,5834,41497,22413,7762,43220,35916,10530,31293,23449,28675,3342,20543,38214,5597,16014,14394,5532,48248,45445,20263,38779,17251,35718,43519,36728,4805,39010,29847,20326,20695,46002,47173,15228,41292,7793,38161,28663,38723,43022,38544,32988,22685,41496,20953,11372,26586,13605,25282,27204,13105,11301,12605,22028,12210,28195,13374,22856,20674,54263,21173,21716,13941,40738,16851,4186,29000,13895,12937,16900,27118,2491,31252,16955,27592,48905,25403,25695,18626,25020,36694,
87,5834,41497,22413,7762,43220,35916,10530,31293,23449,28675,3342,20543,38214,5597,16014,14394,5532,48248,45445,20263,38779,17251,35718,43519,36728,4805,39010,29847,20326,20695,46002,47173,15228,41292,7793,38161,28663,38723,43022,38544,38008,12263,19547,49106,30677,32742,12384,17413,11474,16097,48778,35780,49863,10809,31886,49543,14377,12427,14172,39623,10714,34431,13613,12445,24600,38064,14386,14874,26899,10953,27609,16761,10845,18194,33570,34749,13417,11779,18401,12197,
88,5834,41497,22413,7762,43220,35916,10530,31293,23449,28675,3342,20543,38214,5597,16014,14394,5532,48248,45445,20263,38779,17251,35718,43519,36728,4805,39010,29847,20326,20695,46002,47173,15228,41292,7793,38161,28663,38723,43022,38544,12114,38774,14245,28705,11982,9583,15005,15658,22636,20560,15713,26191,14468,10993,16432,15185,13375,25228,17223,13133,17984,40910,13127,31902,879,11733,5440,21694,45600,10812,26174,32197,11830,1175,12164,33835,1413,31167,10249,12428,
89,5834,41497,22413,7762,43220,35916,10530,31293,23449,28675,3342,20543,38214,5597,16014,14394,5532,48248,45445,20263,38779,17251,35718,43519,36728,4805,39010,29847,20326,20695,46002,47173,15228,41292,7793,38161,28663,38723,43022,38544,21404,13802,22388,19598,28412,2136,30832,40996,16040,12811,10209,15783,36082,11431,28721,42848,28835,12831,15030,16777,22136,42970,24693,50337,7883,31436,3720,20740,16596,33954,18336,15620,29503,4979,34156,42645,21170,10584,22825,14306,
90,5834,41497,22413,7762,43220,35916,10530,31293,23449,28675,3342,20543,38214,5597,16014,14394,5532,48248,45445,20263,38779,17251,35718,43519,36728,4805,39010,29847,20326,20695,46002,47173,15228,41292,7793,38161,28663,38723,43022,38544,36366,28506,17206,14886,21437,22702,14181,13559,30683,25075,10209,20663,24491,11900,19860,11147,15338,23826,36430,13859,36122,17856,15540,15466,2852,38530,1249,13188,29913,29659,15303,15809,13509,22651,30178,30239,21805,11462,962,36570,
91,5834,41497,22413,7762,43220,35916,10530,31293,23449,28675,3342,20543,38214,5597,16014,14394,5532,48248,45445,20263,38779,17251,35718,43519,36728,4805,39010,29847,20326,20695,46002,47173,15228,41292,7793,38161,28663,38723,43022,38544,34560,34742,10586,28441,17848,34595,23896,19879,16822,14097,10209,20730,13238,28696,10155,10445,23568,27017,17738,19640,41144,19462,15654,11891,17256,11851,31798,23744,13473,34014,10129,33188,20785,12573,21527,20711,6694,22424,5897,10822,
92,5834,41497,22413,7762,43220,35916,10530,31293,23449,28675,3342,20543,38214,5597,16014,14394,5532,48248,45445,20263,38779,17251,35718,43519,36728,4805,39010,29847,20326,20695,46002,47173,15228,41292,7793,38161,28663,38723,43022,38544,21148,33236,21047,48889,10413,11114,12750,14626,22196,36980,11562,10771,29665,11503,6824,14427,13312,35705,36244,13932,1547,24410,36793,20827,3248,29112,12319,13889,12112,34448,8133,44271,11666,4070,12834,32366,3370,15053,4657,15098,
93,5834,41497,22413,7762,43220,35916,10530,31293,23449,28675,3342,20543,38214,5597,16014,14394,5532,48248,45445,20263,38779,17251,35718,43519,36728,4805,39010,29847,20326,20695,46002,47173,15228,41292,7793,38161,28663,38723,43022,38544,37824,20712,38980,10677,18369,6748,10790,11347,39327,43012,33605,28136,18865,16440,21327,13484,31338,17307,33310,15415,14916,11572,11582,21512,35485,20722,16075,31312,14174,10768,13786,29311,21087,10481,12545,20742,60308,18944,3306,10467,
94,5834,41497,22413,7762,43220,35916,10530,31293,23449,28675,3342,20543,38214,5597,16014,14394,5532,48248,45445,20263,38779,17251,35718,43519,36728,4805,39010,29847,20326,20695,46002,47173,15228,41292,7793,38161,28663,38723,43022,38544,23159,17864,33339,24038,16314,5802,22449,28700,27518,12114,12441,12602,51241,46289,5471,10405,32911,24088,14170,33718,36904,32668,32816,11546,18214,13339,1426,28559,41647,18049,882,16252,25589,29353,13948,40321,18457,31768,18818,10467,
95,5834,41497,22413,7762,43220,35916,10530,31293,23449,28675,3342,20543,38214,5597,16014,14394,5532,48248,45445,20263,38779,17251,35718,43519,36728,4805,39010,29847,20326,20695,46002,47173,15228,41292,7793,38161,28663,38723,43022,38544,24900,22011,53095,14389,12118,5743,45156,14187,17312,20852,19457,26195,39177,20428,1356,58254,24105,10488,14614,46050,8582,39316,51565,34318,31828,26113,3535,15764,21020,41382,8435,55936,14983,11545,25671,20481,27623,56584,7708,40317,
96,5834,41497,22413,7762,43220,35916,10530,31293,23449,28675,3342,20543,38214,5597,16014,14394,5532,48248,45445,20263,38779,17251,35718,43519,36728,4805,39010,29847,20326,20695,46002,47173,15228,41292,7793,38161,28663,38723,43022,38544,24939,13677,15267,36596,37013,14405,15686,11808,15205,29245,23115,22025,11844,11931,41321,18291,12688,37885,25900,29316,7126,17525,10403,50179,1436,11968,5670,14975,17980,41456,11715,14577,14218,2053,18507,20993,35144,14053,5468,11236,
97,5834,41497,22413,7762,43220,35916,10530,31293,23449,28675,3342,20543,38214,5597,16014,14394,5532,48248,45445,20263,38779,17251,35718,43519,36728,4805,39010,29847,20326,20695,46002,47173,15228,41292,7793,38161,28663,38723,43022,38544,15346,18532,46142,10675,21544,14644,32863,10330,35850,33159,31413,23712,33646,11008,8291,35912,14737,45338,16694,11187,5103,25610,10403,54734,8836,40824,24701,28726,11651,29797,24155,37700,13464,15752,23395,32699,30770,12057,17787,24971,
98,5834,41497,22413,7762,43220,35916,10530,31293,23449,28675,3342,20543,38214,5597,16014,14394,5532,48248,45445,20263,38779,17251,35718,43519,36728,4805,39010,29847,20326,20695,46002,47173,15228,41292,7793,38161,28663,38723,43022,38544,14062,17421,11194,46075,41404,25183,28474,14162,10891,15374,21896,12166,38154,39403,12319,18277,11402,36755,27559,21450,170,24914,25923,17096,27523,13128,19305,38384,33852,25026,30896,37430,14604,5509,14468,17397,45998,33511,8525,13592,
99,5834,41497,22413,7762,43220,35916,10530,31293,23449,28675,3342,20543,38214,5597,16014,14394,5532,48248,45445,20263,38779,17251,35718,43519,36728,4805,39010,29847,20326,20695,46002,47173,15228,41292,7793,38161,28663,38723,43022,38544,22493,36286,31486,39486,12075,26679,41704,28865,37872,17717,13002,18851,16593,20458,3275,18032,11402,11406,20813,24174,5337,34227,16565,40875,6399,13527,5007,44343,17148,11559,3735,11754,21085,27454,10541,19298,17500,36291,5925,17138,
100,5834,41497,22413,7762,43220,35916,10530,31293,23449,28675,3342,20543,38214,5597,16014,14394,5532,48248,45445,20263,38779,17251,35718,43519,36728,4805,39010,29847,20326,20695,46002,47173,15228,41292,7793,38161,28663,38723,43022,38544,48938,23848,11487,26926,52760,2335,10931,26961,12056,23145,16528,11358,49612,23281,8590,30494,19730,27025,15623,41527,15868,21199,27785,21157,36567,16419,9421,11449,24905,19668,7781,13712,56592,14182,35095,41403,42300,38485,38140,19200,
