1,34399,11928,6306,9472,21307,38242,46191,28243,25469,3896,33282,5856,7185,16215,3946,38289,35817,9783,34494,30864,14193,44808,27982,30511,3177,36968,35546,23695,4670,22671,35360,14713,27503,14683,45561,39476,2014,12275,7606,9940,26435,35409,12696,16299,6834,9581,31206,31991,2969,28797,49613,46362,38124,12182,25508,10593,33926,46057,32859,29514,32851,52847,21091,25735,24768,23081,4513,40090,48247,26482,37873,35132,46668,41588,33646,20387,21123,39135,23221,17700,
2,34399,11928,6306,9472,21307,38242,46191,28243,25469,3896,33282,5856,7185,16215,3946,38289,35817,9783,34494,30864,14193,44808,27982,30511,3177,36968,35546,23695,4670,22671,35360,14713,27503,14683,45561,39476,2014,12275,7606,9940,26435,35409,12696,16299,6834,9581,31206,31991,2969,28797,49613,46362,38124,12182,25508,10593,33926,46057,32859,29514,32851,52847,21091,25735,24768,23081,4513,40090,48247,26482,37873,35132,4131,3120,23314,9880,4331,4185,23758,2926,
3,34399,11928,6306,9472,21307,38242,46191,28243,25469,3896,33282,5856,7185,16215,3946,38289,35817,9783,34494,30864,14193,44808,27982,30511,3177,36968,35546,23695,4670,22671,35360,14713,27503,14683,45561,39476,2014,12275,7606,9940,26435,35409,12696,16299,6834,9581,31206,31991,2969,28797,49613,46362,38124,12182,25508,10593,33926,46057,32859,29514,32851,52847,21091,25735,24768,23081,4513,40090,48247,26482,37873,35132,37624,18870,9240,17020,2757,8863,12136,16854,
4,34399,11928,6306,9472,21307,38242,46191,28243,25469,3896,33282,5856,7185,16215,3946,38289,35817,9783,34494,30864,14193,44808,27982,30511,3177,36968,35546,23695,4670,22671,35360,14713,27503,14683,45561,39476,2014,12275,7606,9940,26435,35409,12696,16299,6834,9581,31206,31991,2969,28797,49613,46362,38124,12182,25508,10593,33926,46057,32859,29514,32851,52847,21091,25735,24768,23081,4513,40090,48247,26482,37873,35132,5259,24657,9240,11203,10650,5232,30619,37915,
5,34399,11928,6306,9472,21307,38242,46191,28243,25469,3896,33282,5856,7185,16215,3946,38289,35817,9783,34494,30864,14193,44808,27982,30511,3177,36968,35546,23695,4670,22671,35360,14713,27503,14683,45561,39476,2014,12275,7606,9940,26435,35409,12696,16299,6834,9581,31206,31991,2969,28797,49613,46362,38124,12182,25508,10593,33926,46057,32859,29514,32851,52847,21091,25735,24768,23081,4513,40090,48247,26482,37873,35132,5726,25897,11663,1024,15304,26683,22515,9466,
6,34399,11928,6306,9472,21307,38242,46191,28243,25469,3896,33282,5856,7185,16215,3946,38289,35817,9783,34494,30864,14193,44808,27982,30511,3177,36968,35546,23695,4670,22671,35360,14713,27503,14683,45561,39476,2014,12275,7606,9940,26435,35409,12696,16299,6834,9581,31206,31991,2969,28797,49613,46362,38124,12182,25508,10593,33926,46057,32859,29514,32851,52847,21091,25735,24768,23081,4513,40090,48247,26482,37873,35132,724,8201,1297,41117,5766,16861,14626,502,
7,34399,11928,6306,9472,21307,38242,46191,28243,25469,3896,33282,5856,7185,16215,3946,38289,35817,9783,34494,30864,14193,44808,27982,30511,3177,36968,35546,23695,4670,22671,35360,14713,27503,14683,45561,39476,2014,12275,7606,9940,26435,35409,12696,16299,6834,9581,31206,31991,2969,28797,49613,46362,38124,12182,25508,10593,33926,46057,32859,29514,32851,52847,21091,25735,24768,23081,4513,40090,48247,26482,37873,35132,15833,17343,8301,13139,15293,30925,7913,502,
8,34399,11928,6306,9472,21307,38242,46191,28243,25469,3896,33282,5856,7185,16215,3946,38289,35817,9783,34494,30864,14193,44808,27982,30511,3177,36968,35546,23695,4670,22671,35360,14713,27503,14683,45561,39476,2014,12275,7606,9940,26435,35409,12696,16299,6834,9581,31206,31991,2969,28797,49613,46362,38124,12182,25508,10593,33926,46057,32859,29514,32851,52847,21091,25735,24768,23081,4513,40090,48247,26482,37873,35132,3323,673,2873,2600,12960,35729,16158,3579,
9,34399,11928,6306,9472,21307,38242,46191,28243,25469,3896,33282,5856,7185,16215,3946,38289,35817,9783,34494,30864,14193,44808,27982,30511,3177,36968,35546,23695,4670,22671,35360,14713,27503,14683,45561,39476,2014,12275,7606,9940,26435,35409,12696,16299,6834,9581,31206,31991,2969,28797,49613,46362,38124,12182,25508,10593,33926,46057,32859,29514,32851,52847,21091,25735,24768,23081,4513,40090,48247,26482,37873,35132,14037,11057,17148,2671,8684,14480,12706,9194,
10,34399,11928,6306,9472,21307,38242,46191,28243,25469,3896,33282,5856,7185,16215,3946,38289,35817,9783,34494,30864,14193,44808,27982,30511,3177,36968,35546,23695,4670,22671,35360,14713,27503,14683,45561,39476,2014,12275,7606,9940,26435,35409,12696,16299,6834,9581,31206,31991,2969,28797,49613,46362,38124,12182,25508,10593,33926,46057,32859,29514,32851,52847,21091,25735,24768,23081,4513,40090,48247,26482,37873,35132,1331,23602,13605,6674,58144,1607,27629,39468,
11,34399,11928,6306,9472,21307,38242,46191,28243,25469,3896,33282,5856,7185,16215,3946,38289,35817,9783,34494,30864,14193,44808,27982,30511,3177,36968,35546,23695,4670,22671,35360,14713,27503,14683,45561,39476,2014,12275,7606,9940,26435,35409,12696,16299,6834,9581,31206,31991,2969,28797,49613,46362,38124,12182,25508,10593,33926,46057,32859,29514,32851,52847,21091,25735,24768,23081,4513,40090,48247,26482,37873,35132,25759,5191,9630,2540,30815,20444,21801,39863,
12,34399,11928,6306,9472,21307,38242,46191,28243,25469,3896,33282,5856,7185,16215,3946,38289,35817,9783,34494,30864,14193,44808,27982,30511,3177,36968,35546,23695,4670,22671,35360,14713,27503,14683,45561,39476,2014,12275,7606,9940,26435,35409,12696,16299,6834,9581,31206,31991,2969,28797,49613,46362,38124,12182,25508,10593,33926,46057,32859,29514,32851,52847,21091,25735,24768,23081,4513,40090,48247,26482,37873,35132,30589,640,1760,5340,36634,8385,8290,5484,
13,34399,11928,6306,9472,21307,38242,46191,28243,25469,3896,33282,5856,7185,16215,3946,38289,35817,9783,34494,30864,14193,44808,27982,30511,3177,36968,35546,23695,4670,22671,35360,14713,27503,14683,45561,39476,2014,12275,7606,9940,26435,35409,12696,16299,6834,9581,31206,31991,2969,28797,49613,46362,38124,12182,25508,10593,33926,46057,32859,29514,32851,52847,21091,25735,24768,23081,4513,40090,48247,26482,37873,35132,2827,48073,25475,3007,27687,36544,23156,27988,
14,34399,11928,6306,9472,21307,38242,46191,28243,25469,3896,33282,5856,7185,16215,3946,38289,35817,9783,34494,30864,14193,44808,27982,30511,3177,36968,35546,23695,4670,22671,35360,14713,27503,14683,45561,39476,2014,12275,7606,9940,26435,35409,12696,16299,6834,9581,31206,31991,2969,28797,49613,46362,38124,12182,25508,10593,33926,46057,32859,29514,32851,52847,21091,25735,24768,23081,4513,40090,48247,26482,37873,35132,19265,2340,44814,26359,13378,1411,5707,9604,
15,34399,11928,6306,9472,21307,38242,46191,28243,25469,3896,33282,5856,7185,16215,3946,38289,35817,9783,34494,30864,14193,44808,27982,30511,3177,36968,35546,23695,4670,22671,35360,14713,27503,14683,45561,39476,2014,12275,7606,9940,26435,35409,12696,16299,6834,9581,31206,31991,2969,28797,49613,46362,38124,12182,25508,10593,33926,46057,32859,29514,32851,52847,21091,25735,24768,23081,4513,40090,48247,26482,37873,35132,13986,1204,220,26765,25364,1411,37035,31519,
16,34399,11928,6306,9472,21307,38242,46191,28243,25469,3896,33282,5856,7185,16215,3946,38289,35817,9783,34494,30864,14193,44808,27982,30511,3177,36968,35546,23695,4670,22671,35360,14713,27503,14683,45561,39476,2014,12275,7606,9940,26435,35409,12696,16299,6834,9581,31206,31991,2969,28797,49613,46362,38124,12182,25508,10593,33926,46057,32859,29514,32851,52847,21091,25735,24768,23081,4513,40090,48247,26482,37873,35132,3868,1204,20720,5378,24206,4934,22128,14018,
17,34399,11928,6306,9472,21307,38242,46191,28243,25469,3896,33282,5856,7185,16215,3946,38289,35817,9783,34494,30864,14193,44808,27982,30511,3177,36968,35546,23695,4670,22671,35360,14713,27503,14683,45561,39476,2014,12275,7606,9940,26435,35409,12696,16299,6834,9581,31206,31991,2969,28797,49613,46362,38124,12182,25508,10593,33926,46057,32859,29514,32851,52847,21091,25735,24768,23081,4513,40090,48247,26482,37873,35132,1166,17160,2436,15187,10180,6196,11898,30741,
18,34399,11928,6306,9472,21307,38242,46191,28243,25469,3896,33282,5856,7185,16215,3946,38289,35817,9783,34494,30864,14193,44808,27982,30511,3177,36968,35546,23695,4670,22671,35360,14713,27503,14683,45561,39476,2014,12275,7606,9940,26435,35409,12696,16299,6834,9581,31206,31991,2969,28797,49613,46362,38124,12182,25508,10593,33926,46057,32859,29514,32851,52847,21091,25735,24768,23081,4513,40090,48247,26482,37873,35132,28672,25021,26007,26254,35897,2718,37208,22103,
19,34399,11928,6306,9472,21307,38242,46191,28243,25469,3896,33282,5856,7185,16215,3946,38289,35817,9783,34494,30864,14193,44808,27982,30511,3177,36968,35546,23695,4670,22671,35360,14713,27503,14683,45561,39476,2014,12275,7606,9940,26435,35409,12696,16299,6834,9581,31206,31991,2969,28797,49613,46362,38124,12182,25508,10593,33926,46057,32859,29514,32851,52847,21091,25735,24768,23081,4513,40090,48247,26482,37873,35132,1156,8805,7088,8242,10948,22466,24412,14104,
20,34399,11928,6306,9472,21307,38242,46191,28243,25469,3896,33282,5856,7185,16215,3946,38289,35817,9783,34494,30864,14193,44808,27982,30511,3177,36968,35546,23695,4670,22671,35360,14713,27503,14683,45561,39476,2014,12275,7606,9940,26435,35409,12696,16299,6834,9581,31206,31991,2969,28797,49613,46362,38124,12182,25508,10593,33926,46057,32859,29514,32851,52847,21091,25735,24768,23081,4513,40090,48247,26482,37873,35132,24887,9918,1091,33244,39836,3570,18487,18586,
21,34399,11928,6306,9472,21307,38242,46191,28243,25469,3896,33282,5856,7185,16215,3946,38289,35817,9783,34494,30864,14193,44808,27982,30511,3177,36968,35546,23695,4670,22671,35360,14713,27503,14683,45561,39476,2014,12275,7606,9940,26435,35409,12696,16299,6834,9581,31206,31991,2969,28797,49613,46362,38124,12182,25508,10593,33926,46057,32859,29514,32851,52847,21091,25735,24768,23081,4513,40090,48247,26482,37873,35132,15966,9783,5333,11267,11136,10333,12771,34991,
22,34399,11928,6306,9472,21307,38242,46191,28243,25469,3896,33282,5856,7185,16215,3946,38289,35817,9783,34494,30864,14193,44808,27982,30511,3177,36968,35546,23695,4670,22671,35360,14713,27503,14683,45561,39476,2014,12275,7606,9940,26435,35409,12696,16299,6834,9581,31206,31991,2969,28797,49613,46362,38124,12182,25508,10593,33926,46057,32859,29514,32851,52847,21091,25735,24768,23081,4513,40090,48247,26482,37873,35132,3126,13580,4477,9080,11112,12910,557,23988,
23,34399,11928,6306,9472,21307,38242,46191,28243,25469,3896,33282,5856,7185,16215,3946,38289,35817,9783,34494,30864,14193,44808,27982,30511,3177,36968,35546,23695,4670,22671,35360,14713,27503,14683,45561,39476,2014,12275,7606,9940,26435,35409,12696,16299,6834,9581,31206,31991,2969,28797,49613,46362,38124,12182,25508,10593,33926,46057,32859,29514,32851,52847,21091,25735,24768,23081,4513,40090,48247,26482,37873,35132,5670,4146,6078,28528,54450,27280,4306,17214,
24,34399,11928,6306,9472,21307,38242,46191,28243,25469,3896,33282,5856,7185,16215,3946,38289,35817,9783,34494,30864,14193,44808,27982,30511,3177,36968,35546,23695,4670,22671,35360,14713,27503,14683,45561,39476,2014,12275,7606,9940,26435,35409,12696,16299,6834,9581,31206,31991,2969,28797,49613,46362,38124,12182,25508,10593,33926,46057,32859,29514,32851,52847,21091,25735,24768,23081,4513,40090,48247,26482,37873,35132,24971,17899,15971,12373,30386,44087,5944,45105,
25,34399,11928,6306,9472,21307,38242,46191,28243,25469,3896,33282,5856,7185,16215,3946,38289,35817,9783,34494,30864,14193,44808,27982,30511,3177,36968,35546,23695,4670,22671,35360,14713,27503,14683,45561,39476,2014,12275,7606,9940,26435,35409,12696,16299,6834,9581,31206,31991,2969,28797,49613,46362,38124,12182,25508,10593,33926,46057,32859,29514,32851,52847,21091,25735,24768,23081,4513,40090,48247,26482,37873,35132,13944,1282,4116,5438,44891,13978,8788,16009,
26,34399,11928,6306,9472,21307,38242,46191,28243,25469,3896,33282,5856,7185,16215,3946,38289,35817,9783,34494,30864,14193,44808,27982,30511,3177,36968,35546,23695,4670,22671,35360,14713,27503,14683,45561,39476,2014,12275,7606,9940,26435,35409,12696,16299,6834,9581,31206,31991,2969,28797,49613,46362,38124,12182,25508,10593,33926,46057,32859,29514,32851,52847,21091,25735,24768,23081,4513,40090,48247,26482,37873,35132,1939,31703,26110,312,21559,26348,11014,34237,
27,34399,11928,6306,9472,21307,38242,46191,28243,25469,3896,33282,5856,7185,16215,3946,38289,35817,9783,34494,30864,14193,44808,27982,30511,3177,36968,35546,23695,4670,22671,35360,14713,27503,14683,45561,39476,2014,12275,7606,9940,26435,35409,12696,16299,6834,9581,31206,31991,2969,28797,49613,46362,38124,12182,25508,10593,33926,46057,32859,29514,32851,52847,21091,25735,24768,23081,4513,40090,48247,26482,37873,35132,18612,13661,7639,19212,41105,10814,11269,14709,
28,34399,11928,6306,9472,21307,38242,46191,28243,25469,3896,33282,5856,7185,16215,3946,38289,35817,9783,34494,30864,14193,44808,27982,30511,3177,36968,35546,23695,4670,22671,35360,14713,27503,14683,45561,39476,2014,12275,7606,9940,26435,35409,12696,16299,6834,9581,31206,31991,2969,28797,49613,46362,38124,12182,25508,10593,33926,46057,32859,29514,32851,52847,21091,25735,24768,23081,4513,40090,48247,26482,37873,35132,11115,10614,3268,23786,25562,1833,10702,13339,
29,34399,11928,6306,9472,21307,38242,46191,28243,25469,3896,33282,5856,7185,16215,3946,38289,35817,9783,34494,30864,14193,44808,27982,30511,3177,36968,35546,23695,4670,22671,35360,14713,27503,14683,45561,39476,2014,12275,7606,9940,26435,35409,12696,16299,6834,9581,31206,31991,2969,28797,49613,46362,38124,12182,25508,10593,33926,46057,32859,29514,32851,52847,21091,25735,24768,23081,4513,40090,48247,26482,37873,35132,6521,5982,46228,49294,52021,16483,23243,13068,
30,34399,11928,6306,9472,21307,38242,46191,28243,25469,3896,33282,5856,7185,16215,3946,38289,35817,9783,34494,30864,14193,44808,27982,30511,3177,36968,35546,23695,4670,22671,35360,14713,27503,14683,45561,39476,2014,12275,7606,9940,26435,35409,12696,16299,6834,9581,31206,31991,2969,28797,49613,46362,38124,12182,25508,10593,33926,46057,32859,29514,32851,52847,21091,25735,24768,23081,4513,40090,48247,26482,37873,35132,8838,3843,23556,13817,12498,31040,31805,24197,
31,34399,11928,6306,9472,21307,38242,46191,28243,25469,3896,33282,5856,7185,16215,3946,38289,35817,9783,34494,30864,14193,44808,27982,30511,3177,36968,35546,23695,4670,22671,35360,14713,27503,14683,45561,39476,2014,12275,7606,9940,26435,35409,12696,16299,6834,9581,31206,31991,2969,28797,49613,46362,38124,12182,25508,10593,33926,46057,32859,29514,32851,52847,21091,25735,24768,23081,4513,40090,48247,26482,37873,35132,19869,10373,16447,21369,11781,1756,749,15531,
32,34399,11928,6306,9472,21307,38242,46191,28243,25469,3896,33282,5856,7185,16215,3946,38289,35817,9783,34494,30864,14193,44808,27982,30511,3177,36968,35546,23695,4670,22671,35360,14713,27503,14683,45561,39476,2014,12275,7606,9940,26435,35409,12696,16299,6834,9581,31206,31991,2969,28797,49613,46362,38124,12182,25508,10593,33926,46057,32859,29514,32851,52847,21091,25735,24768,23081,4513,40090,48247,26482,37873,35132,3771,15450,15753,32891,19532,8026,2386,19083,
33,34399,11928,6306,9472,21307,38242,46191,28243,25469,3896,33282,5856,7185,16215,3946,38289,35817,9783,34494,30864,14193,44808,27982,30511,3177,36968,35546,23695,4670,22671,35360,14713,27503,14683,45561,39476,2014,12275,7606,9940,26435,35409,12696,16299,6834,9581,31206,31991,2969,28797,49613,46362,38124,12182,25508,10593,33926,46057,32859,29514,32851,52847,21091,25735,24768,23081,4513,40090,48247,26482,37873,35132,2864,6543,16184,22578,11364,285,28399,46158,
34,34399,11928,6306,9472,21307,38242,46191,28243,25469,3896,33282,5856,7185,16215,3946,38289,35817,9783,34494,30864,14193,44808,27982,30511,3177,36968,35546,23695,4670,22671,35360,14713,27503,14683,45561,39476,2014,12275,7606,9940,26435,35409,12696,16299,6834,9581,31206,31991,2969,28797,49613,46362,38124,12182,25508,10593,33926,46057,32859,29514,32851,52847,21091,25735,24768,23081,4513,40090,48247,26482,37873,35132,561,14467,16368,15963,26397,4704,14282,13718,
35,34399,11928,6306,9472,21307,38242,46191,28243,25469,3896,33282,5856,7185,16215,3946,38289,35817,9783,34494,30864,14193,44808,27982,30511,3177,36968,35546,23695,4670,22671,35360,14713,27503,14683,45561,39476,2014,12275,7606,9940,26435,35409,12696,16299,6834,9581,31206,31991,2969,28797,49613,46362,38124,12182,25508,10593,33926,46057,32859,29514,32851,52847,21091,25735,24768,23081,4513,40090,48247,26482,37873,35132,2066,6263,33705,50720,22840,1561,19254,19178,
36,34399,11928,6306,9472,21307,38242,46191,28243,25469,3896,33282,5856,7185,16215,3946,38289,35817,9783,34494,30864,14193,44808,27982,30511,3177,36968,35546,23695,4670,22671,35360,14713,27503,14683,45561,39476,2014,12275,7606,9940,26435,35409,12696,16299,6834,9581,31206,31991,2969,28797,49613,46362,38124,12182,25508,10593,33926,46057,32859,29514,32851,52847,21091,25735,24768,23081,4513,40090,48247,26482,37873,35132,6460,2086,56893,44894,12322,24612,10366,46881,
37,34399,11928,6306,9472,21307,38242,46191,28243,25469,3896,33282,5856,7185,16215,3946,38289,35817,9783,34494,30864,14193,44808,27982,30511,3177,36968,35546,23695,4670,22671,35360,14713,27503,14683,45561,39476,2014,12275,7606,9940,26435,35409,12696,16299,6834,9581,31206,31991,2969,28797,49613,46362,38124,12182,25508,10593,33926,46057,32859,29514,32851,52847,21091,25735,24768,23081,4513,40090,48247,26482,37873,35132,17726,24861,21898,49781,16423,962,7498,31801,
38,34399,11928,6306,9472,21307,38242,46191,28243,25469,3896,33282,5856,7185,16215,3946,38289,35817,9783,34494,30864,14193,44808,27982,30511,3177,36968,35546,23695,4670,22671,35360,14713,27503,14683,45561,39476,2014,12275,7606,9940,26435,35409,12696,16299,6834,9581,31206,31991,2969,28797,49613,46362,38124,12182,25508,10593,33926,46057,32859,29514,32851,52847,21091,25735,24768,23081,4513,40090,48247,26482,37873,35132,10395,10757,18399,29484,12615,15078,34427,36200,
39,34399,11928,6306,9472,21307,38242,46191,28243,25469,3896,33282,5856,7185,16215,3946,38289,35817,9783,34494,30864,14193,44808,27982,30511,3177,36968,35546,23695,4670,22671,35360,14713,27503,14683,45561,39476,2014,12275,7606,9940,26435,35409,12696,16299,6834,9581,31206,31991,2969,28797,49613,46362,38124,12182,25508,10593,33926,46057,32859,29514,32851,52847,21091,25735,24768,23081,4513,40090,48247,26482,37873,35132,28251,5197,48492,31777,27561,24434,14487,30673,
40,34399,11928,6306,9472,21307,38242,46191,28243,25469,3896,33282,5856,7185,16215,3946,38289,35817,9783,34494,30864,14193,44808,27982,30511,3177,36968,35546,23695,4670,22671,35360,14713,27503,14683,45561,39476,2014,12275,7606,9940,26435,35409,12696,16299,6834,9581,31206,31991,2969,28797,49613,46362,38124,12182,25508,10593,33926,46057,32859,29514,32851,52847,21091,25735,24768,23081,4513,40090,48247,26482,37873,35132,12989,490,37451,10470,19256,2981,15231,11695,
41,34399,11928,6306,9472,21307,38242,46191,28243,25469,3896,33282,5856,7185,16215,3946,38289,35817,9783,34494,30864,14193,44808,27982,30511,3177,36968,35546,23695,4670,22671,35360,14713,27503,14683,45561,39476,2014,12275,7606,9940,26435,35409,12696,16299,6834,9581,31206,31991,2969,28797,49613,46362,38124,12182,25508,10593,33926,46057,32859,29514,32851,52847,21091,25735,24768,23081,4513,40090,48247,26482,37873,35132,19767,1762,35121,11648,16700,4345,18849,17442,
42,34399,11928,6306,9472,21307,38242,46191,28243,25469,3896,33282,5856,7185,16215,3946,38289,35817,9783,34494,30864,14193,44808,27982,30511,3177,36968,35546,23695,4670,22671,35360,14713,27503,14683,45561,39476,2014,12275,7606,9940,26435,35409,12696,16299,6834,9581,31206,31991,2969,28797,49613,46362,38124,12182,25508,10593,33926,46057,32859,29514,32851,52847,21091,25735,24768,23081,4513,40090,48247,26482,37873,35132,6112,10447,24799,21780,20138,9906,20770,16311,
43,34399,11928,6306,9472,21307,38242,46191,28243,25469,3896,33282,5856,7185,16215,3946,38289,35817,9783,34494,30864,14193,44808,27982,30511,3177,36968,35546,23695,4670,22671,35360,14713,27503,14683,45561,39476,2014,12275,7606,9940,26435,35409,12696,16299,6834,9581,31206,31991,2969,28797,49613,46362,38124,12182,25508,10593,33926,46057,32859,29514,32851,52847,21091,25735,24768,23081,4513,40090,48247,26482,37873,35132,21120,15929,27354,10877,37882,11899,6714,20036,
44,34399,11928,6306,9472,21307,38242,46191,28243,25469,3896,33282,5856,7185,16215,3946,38289,35817,9783,34494,30864,14193,44808,27982,30511,3177,36968,35546,23695,4670,22671,35360,14713,27503,14683,45561,39476,2014,12275,7606,9940,26435,35409,12696,16299,6834,9581,31206,31991,2969,28797,49613,46362,38124,12182,25508,10593,33926,46057,32859,29514,32851,52847,21091,25735,24768,23081,4513,40090,48247,26482,37873,35132,16307,23467,11201,36179,11758,1467,1348,27148,
45,34399,11928,6306,9472,21307,38242,46191,28243,25469,3896,33282,5856,7185,16215,3946,38289,35817,9783,34494,30864,14193,44808,27982,30511,3177,36968,35546,23695,4670,22671,35360,14713,27503,14683,45561,39476,2014,12275,7606,9940,26435,35409,12696,16299,6834,9581,31206,31991,2969,28797,49613,46362,38124,12182,25508,10593,33926,46057,32859,29514,32851,52847,21091,25735,24768,23081,4513,40090,48247,26482,37873,35132,18783,4570,11572,15086,44234,8788,4790,12026,
46,34399,11928,6306,9472,21307,38242,46191,28243,25469,3896,33282,5856,7185,16215,3946,38289,35817,9783,34494,30864,14193,44808,27982,30511,3177,36968,35546,23695,4670,22671,35360,14713,27503,14683,45561,39476,2014,12275,7606,9940,26435,35409,12696,16299,6834,9581,31206,31991,2969,28797,49613,46362,38124,12182,25508,10593,33926,46057,32859,29514,32851,52847,21091,25735,24768,23081,4513,40090,48247,26482,37873,35132,5394,1201,11580,28463,13009,19485,17624,11652,
47,34399,11928,6306,9472,21307,38242,46191,28243,25469,3896,33282,5856,7185,16215,3946,38289,35817,9783,34494,30864,14193,44808,27982,30511,3177,36968,35546,23695,4670,22671,35360,14713,27503,14683,45561,39476,2014,12275,7606,9940,26435,35409,12696,16299,6834,9581,31206,31991,2969,28797,49613,46362,38124,12182,25508,10593,33926,46057,32859,29514,32851,52847,21091,25735,24768,23081,4513,40090,48247,26482,37873,35132,4124,6177,21857,15521,10894,29792,23291,17813,
48,34399,11928,6306,9472,21307,38242,46191,28243,25469,3896,33282,5856,7185,16215,3946,38289,35817,9783,34494,30864,14193,44808,27982,30511,3177,36968,35546,23695,4670,22671,35360,14713,27503,14683,45561,39476,2014,12275,7606,9940,26435,35409,12696,16299,6834,9581,31206,31991,2969,28797,49613,46362,38124,12182,25508,10593,33926,46057,32859,29514,32851,52847,21091,25735,24768,23081,4513,40090,48247,26482,37873,35132,30821,12328,28269,43439,49841,754,1455,24687,
49,34399,11928,6306,9472,21307,38242,46191,28243,25469,3896,33282,5856,7185,16215,3946,38289,35817,9783,34494,30864,14193,44808,27982,30511,3177,36968,35546,23695,4670,22671,35360,14713,27503,14683,45561,39476,2014,12275,7606,9940,26435,35409,12696,16299,6834,9581,31206,31991,2969,28797,49613,46362,38124,12182,25508,10593,33926,46057,32859,29514,32851,52847,21091,25735,24768,23081,4513,40090,48247,26482,37873,35132,27797,4533,33677,11860,23490,8161,10585,33408,
50,34399,11928,6306,9472,21307,38242,46191,28243,25469,3896,33282,5856,7185,16215,3946,38289,35817,9783,34494,30864,14193,44808,27982,30511,3177,36968,35546,23695,4670,22671,35360,14713,27503,14683,45561,39476,2014,12275,7606,9940,26435,35409,12696,16299,6834,9581,31206,31991,2969,28797,49613,46362,38124,12182,25508,10593,33926,46057,32859,29514,32851,52847,21091,25735,24768,23081,4513,40090,48247,26482,37873,35132,1032,21654,13294,12504,23490,35364,4993,34974,
51,34399,11928,6306,9472,21307,38242,46191,28243,25469,3896,33282,5856,7185,16215,3946,38289,35817,9783,34494,30864,14193,44808,27982,30511,3177,36968,35546,23695,4670,22671,35360,14713,27503,14683,45561,39476,2014,12275,7606,9940,26435,35409,12696,16299,6834,9581,31206,31991,2969,28797,49613,46362,38124,12182,25508,10593,33926,46057,32859,29514,32851,52847,21091,25735,24768,23081,4513,40090,48247,26482,37873,35132,1061,2382,35329,27770,12172,5067,12502,19435,
52,34399,11928,6306,9472,21307,38242,46191,28243,25469,3896,33282,5856,7185,16215,3946,38289,35817,9783,34494,30864,14193,44808,27982,30511,3177,36968,35546,23695,4670,22671,35360,14713,27503,14683,45561,39476,2014,12275,7606,9940,26435,35409,12696,16299,6834,9581,31206,31991,2969,28797,49613,46362,38124,12182,25508,10593,33926,46057,32859,29514,32851,52847,21091,25735,24768,23081,4513,40090,48247,26482,37873,35132,1061,20794,19529,43987,27370,9582,28879,53994,
53,34399,11928,6306,9472,21307,38242,46191,28243,25469,3896,33282,5856,7185,16215,3946,38289,35817,9783,34494,30864,14193,44808,27982,30511,3177,36968,35546,23695,4670,22671,35360,14713,27503,14683,45561,39476,2014,12275,7606,9940,26435,35409,12696,16299,6834,9581,31206,31991,2969,28797,49613,46362,38124,12182,25508,10593,33926,46057,32859,29514,32851,52847,21091,25735,24768,23081,4513,40090,48247,26482,37873,35132,13135,1518,27006,35577,31666,28668,11990,14748,
54,34399,11928,6306,9472,21307,38242,46191,28243,25469,3896,33282,5856,7185,16215,3946,38289,35817,9783,34494,30864,14193,44808,27982,30511,3177,36968,35546,23695,4670,22671,35360,14713,27503,14683,45561,39476,2014,12275,7606,9940,26435,35409,12696,16299,6834,9581,31206,31991,2969,28797,49613,46362,38124,12182,25508,10593,33926,46057,32859,29514,32851,52847,21091,25735,24768,23081,4513,40090,48247,26482,37873,35132,26857,25877,23418,15873,16734,6091,15017,10825,
55,34399,11928,6306,9472,21307,38242,46191,28243,25469,3896,33282,5856,7185,16215,3946,38289,35817,9783,34494,30864,14193,44808,27982,30511,3177,36968,35546,23695,4670,22671,35360,14713,27503,14683,45561,39476,2014,12275,7606,9940,26435,35409,12696,16299,6834,9581,31206,31991,2969,28797,49613,46362,38124,12182,25508,10593,33926,46057,32859,29514,32851,52847,21091,25735,24768,23081,4513,40090,48247,26482,37873,35132,2331,4070,43597,14376,38860,8908,14850,14933,
56,34399,11928,6306,9472,21307,38242,46191,28243,25469,3896,33282,5856,7185,16215,3946,38289,35817,9783,34494,30864,14193,44808,27982,30511,3177,36968,35546,23695,4670,22671,35360,14713,27503,14683,45561,39476,2014,12275,7606,9940,26435,35409,12696,16299,6834,9581,31206,31991,2969,28797,49613,46362,38124,12182,25508,10593,33926,46057,32859,29514,32851,52847,21091,25735,24768,23081,4513,40090,48247,26482,37873,35132,1534,21334,16845,11739,11958,3320,5347,15144,
57,34399,11928,6306,9472,21307,38242,46191,28243,25469,3896,33282,5856,7185,16215,3946,38289,35817,9783,34494,30864,14193,44808,27982,30511,3177,36968,35546,23695,4670,22671,35360,14713,27503,14683,45561,39476,2014,12275,7606,9940,26435,35409,12696,16299,6834,9581,31206,31991,2969,28797,49613,46362,38124,12182,25508,10593,33926,46057,32859,29514,32851,52847,21091,25735,24768,23081,4513,40090,48247,26482,37873,35132,40417,16147,14697,42288,32611,17204,32625,31134,
58,34399,11928,6306,9472,21307,38242,46191,28243,25469,3896,33282,5856,7185,16215,3946,38289,35817,9783,34494,30864,14193,44808,27982,30511,3177,36968,35546,23695,4670,22671,35360,14713,27503,14683,45561,39476,2014,12275,7606,9940,26435,35409,12696,16299,6834,9581,31206,31991,2969,28797,49613,46362,38124,12182,25508,10593,33926,46057,32859,29514,32851,52847,21091,25735,24768,23081,4513,40090,48247,26482,37873,35132,10912,32149,13484,47722,11102,12609,5867,14672,
59,34399,11928,6306,9472,21307,38242,46191,28243,25469,3896,33282,5856,7185,16215,3946,38289,35817,9783,34494,30864,14193,44808,27982,30511,3177,36968,35546,23695,4670,22671,35360,14713,27503,14683,45561,39476,2014,12275,7606,9940,26435,35409,12696,16299,6834,9581,31206,31991,2969,28797,49613,46362,38124,12182,25508,10593,33926,46057,32859,29514,32851,52847,21091,25735,24768,23081,4513,40090,48247,26482,37873,35132,1340,11367,17975,23748,34051,738,29471,17998,
60,34399,11928,6306,9472,21307,38242,46191,28243,25469,3896,33282,5856,7185,16215,3946,38289,35817,9783,34494,30864,14193,44808,27982,30511,3177,36968,35546,23695,4670,22671,35360,14713,27503,14683,45561,39476,2014,12275,7606,9940,26435,35409,12696,16299,6834,9581,31206,31991,2969,28797,49613,46362,38124,12182,25508,10593,33926,46057,32859,29514,32851,52847,21091,25735,24768,23081,4513,40090,48247,26482,37873,35132,34956,5109,28160,12303,10502,12415,37194,50937,
61,34399,11928,6306,9472,21307,38242,46191,28243,25469,3896,33282,5856,7185,16215,3946,38289,35817,9783,34494,30864,14193,44808,27982,30511,3177,36968,35546,23695,4670,22671,35360,14713,27503,14683,45561,39476,2014,12275,7606,9940,26435,35409,12696,16299,6834,9581,31206,31991,2969,28797,49613,46362,38124,12182,25508,10593,33926,46057,32859,29514,32851,52847,21091,25735,24768,23081,4513,40090,48247,26482,37873,35132,10339,3416,24472,12011,16550,16437,29587,57047,
62,34399,11928,6306,9472,21307,38242,46191,28243,25469,3896,33282,5856,7185,16215,3946,38289,35817,9783,34494,30864,14193,44808,27982,30511,3177,36968,35546,23695,4670,22671,35360,14713,27503,14683,45561,39476,2014,12275,7606,9940,26435,35409,12696,16299,6834,9581,31206,31991,2969,28797,49613,46362,38124,12182,25508,10593,33926,46057,32859,29514,32851,52847,21091,25735,24768,23081,4513,40090,48247,26482,37873,35132,10866,24005,32974,45940,30837,2172,43296,11034,
63,34399,11928,6306,9472,21307,38242,46191,28243,25469,3896,33282,5856,7185,16215,3946,38289,35817,9783,34494,30864,14193,44808,27982,30511,3177,36968,35546,23695,4670,22671,35360,14713,27503,14683,45561,39476,2014,12275,7606,9940,26435,35409,12696,16299,6834,9581,31206,31991,2969,28797,49613,46362,38124,12182,25508,10593,33926,46057,32859,29514,32851,52847,21091,25735,24768,23081,4513,40090,48247,26482,37873,35132,17912,28846,15926,28744,10929,2172,9288,10966,
64,34399,11928,6306,9472,21307,38242,46191,28243,25469,3896,33282,5856,7185,16215,3946,38289,35817,9783,34494,30864,14193,44808,27982,30511,3177,36968,35546,23695,4670,22671,35360,14713,27503,14683,45561,39476,2014,12275,7606,9940,26435,35409,12696,16299,6834,9581,31206,31991,2969,28797,49613,46362,38124,12182,25508,10593,33926,46057,32859,29514,32851,52847,21091,25735,24768,23081,4513,40090,48247,26482,37873,35132,34309,3889,12973,39329,34908,8524,7726,17902,
65,34399,11928,6306,9472,21307,38242,46191,28243,25469,3896,33282,5856,7185,16215,3946,38289,35817,9783,34494,30864,14193,44808,27982,30511,3177,36968,35546,23695,4670,22671,35360,14713,27503,14683,45561,39476,2014,12275,7606,9940,26435,35409,12696,16299,6834,9581,31206,31991,2969,28797,49613,46362,38124,12182,25508,10593,33926,46057,32859,29514,32851,52847,21091,25735,24768,23081,4513,40090,48247,26482,37873,35132,9016,1622,10427,13406,12303,24081,1394,21916,
66,34399,11928,6306,9472,21307,38242,46191,28243,25469,3896,33282,5856,7185,16215,3946,38289,35817,9783,34494,30864,14193,44808,27982,30511,3177,36968,35546,23695,4670,22671,35360,14713,27503,14683,45561,39476,2014,12275,7606,9940,26435,35409,12696,16299,6834,9581,31206,31991,2969,28797,49613,46362,38124,12182,25508,10593,33926,46057,32859,29514,32851,52847,21091,25735,24768,23081,4513,40090,48247,26482,37873,35132,2852,17759,11152,24107,43966,301,17829,22185,
67,34399,11928,6306,9472,21307,38242,46191,28243,25469,3896,33282,5856,7185,16215,3946,38289,35817,9783,34494,30864,14193,44808,27982,30511,3177,36968,35546,23695,4670,22671,35360,14713,27503,14683,45561,39476,2014,12275,7606,9940,26435,35409,12696,16299,6834,9581,31206,31991,2969,28797,49613,46362,38124,12182,25508,10593,33926,46057,32859,29514,32851,52847,21091,25735,24768,23081,4513,40090,48247,26482,37873,35132,15357,14858,20437,14815,11473,12659,17478,26036,
68,34399,11928,6306,9472,21307,38242,46191,28243,25469,3896,33282,5856,7185,16215,3946,38289,35817,9783,34494,30864,14193,44808,27982,30511,3177,36968,35546,23695,4670,22671,35360,14713,27503,14683,45561,39476,2014,12275,7606,9940,26435,35409,12696,16299,6834,9581,31206,31991,2969,28797,49613,46362,38124,12182,25508,10593,33926,46057,32859,29514,32851,52847,21091,25735,24768,23081,4513,40090,48247,26482,37873,35132,9936,8273,40385,36089,34222,19240,18689,11745,
69,34399,11928,6306,9472,21307,38242,46191,28243,25469,3896,33282,5856,7185,16215,3946,38289,35817,9783,34494,30864,14193,44808,27982,30511,3177,36968,35546,23695,4670,22671,35360,14713,27503,14683,45561,39476,2014,12275,7606,9940,26435,35409,12696,16299,6834,9581,31206,31991,2969,28797,49613,46362,38124,12182,25508,10593,33926,46057,32859,29514,32851,52847,21091,25735,24768,23081,4513,40090,48247,26482,37873,35132,31614,10984,17903,17133,13038,2161,24485,19161,
70,34399,11928,6306,9472,21307,38242,46191,28243,25469,3896,33282,5856,7185,16215,3946,38289,35817,9783,34494,30864,14193,44808,27982,30511,3177,36968,35546,23695,4670,22671,35360,14713,27503,14683,45561,39476,2014,12275,7606,9940,26435,35409,12696,16299,6834,9581,31206,31991,2969,28797,49613,46362,38124,12182,25508,10593,33926,46057,32859,29514,32851,52847,21091,25735,24768,23081,4513,40090,48247,26482,37873,35132,5892,7429,16577,28973,16232,2486,4001,38034,
71,34399,11928,6306,9472,21307,38242,46191,28243,25469,3896,33282,5856,7185,16215,3946,38289,35817,9783,34494,30864,14193,44808,27982,30511,3177,36968,35546,23695,4670,22671,35360,14713,27503,14683,45561,39476,2014,12275,7606,9940,26435,35409,12696,16299,6834,9581,31206,31991,2969,28797,49613,46362,38124,12182,25508,10593,33926,46057,32859,29514,32851,52847,21091,25735,24768,23081,4513,40090,48247,26482,37873,35132,15572,11540,14033,11215,25890,29817,52372,25730,
72,34399,11928,6306,9472,21307,38242,46191,28243,25469,3896,33282,5856,7185,16215,3946,38289,35817,9783,34494,30864,14193,44808,27982,30511,3177,36968,35546,23695,4670,22671,35360,14713,27503,14683,45561,39476,2014,12275,7606,9940,26435,35409,12696,16299,6834,9581,31206,31991,2969,28797,49613,46362,38124,12182,25508,10593,33926,46057,32859,29514,32851,52847,21091,25735,24768,23081,4513,40090,48247,26482,37873,35132,10643,5304,35460,13552,27027,922,19168,37487,
73,34399,11928,6306,9472,21307,38242,46191,28243,25469,3896,33282,5856,7185,16215,3946,38289,35817,9783,34494,30864,14193,44808,27982,30511,3177,36968,35546,23695,4670,22671,35360,14713,27503,14683,45561,39476,2014,12275,7606,9940,26435,35409,12696,16299,6834,9581,31206,31991,2969,28797,49613,46362,38124,12182,25508,10593,33926,46057,32859,29514,32851,52847,21091,25735,24768,23081,4513,40090,48247,26482,37873,35132,1338,12100,12100,40679,10309,12403,22953,49224,
74,34399,11928,6306,9472,21307,38242,46191,28243,25469,3896,33282,5856,7185,16215,3946,38289,35817,9783,34494,30864,14193,44808,27982,30511,3177,36968,35546,23695,4670,22671,35360,14713,27503,14683,45561,39476,2014,12275,7606,9940,26435,35409,12696,16299,6834,9581,31206,31991,2969,28797,49613,46362,38124,12182,25508,10593,33926,46057,32859,29514,32851,52847,21091,25735,24768,23081,4513,40090,48247,26482,37873,35132,31224,8765,15321,28939,10309,8567,15954,11991,
75,34399,11928,6306,9472,21307,38242,46191,28243,25469,3896,33282,5856,7185,16215,3946,38289,35817,9783,34494,30864,14193,44808,27982,30511,3177,36968,35546,23695,4670,22671,35360,14713,27503,14683,45561,39476,2014,12275,7606,9940,26435,35409,12696,16299,6834,9581,31206,31991,2969,28797,49613,46362,38124,12182,25508,10593,33926,46057,32859,29514,32851,52847,21091,25735,24768,23081,4513,40090,48247,26482,37873,35132,1553,5355,24813,15179,17756,10830,48865,12584,
76,34399,11928,6306,9472,21307,38242,46191,28243,25469,3896,33282,5856,7185,16215,3946,38289,35817,9783,34494,30864,14193,44808,27982,30511,3177,36968,35546,23695,4670,22671,35360,14713,27503,14683,45561,39476,2014,12275,7606,9940,26435,35409,12696,16299,6834,9581,31206,31991,2969,28797,49613,46362,38124,12182,25508,10593,33926,46057,32859,29514,32851,52847,21091,25735,24768,23081,4513,40090,48247,26482,37873,35132,4272,2882,47187,16519,12136,14189,13808,15621,
77,34399,11928,6306,9472,21307,38242,46191,28243,25469,3896,33282,5856,7185,16215,3946,38289,35817,9783,34494,30864,14193,44808,27982,30511,3177,36968,35546,23695,4670,22671,35360,14713,27503,14683,45561,39476,2014,12275,7606,9940,26435,35409,12696,16299,6834,9581,31206,31991,2969,28797,49613,46362,38124,12182,25508,10593,33926,46057,32859,29514,32851,52847,21091,25735,24768,23081,4513,40090,48247,26482,37873,35132,3219,25059,27489,16703,16876,3240,14697,15655,
78,34399,11928,6306,9472,21307,38242,46191,28243,25469,3896,33282,5856,7185,16215,3946,38289,35817,9783,34494,30864,14193,44808,27982,30511,3177,36968,35546,23695,4670,22671,35360,14713,27503,14683,45561,39476,2014,12275,7606,9940,26435,35409,12696,16299,6834,9581,31206,31991,2969,28797,49613,46362,38124,12182,25508,10593,33926,46057,32859,29514,32851,52847,21091,25735,24768,23081,4513,40090,48247,26482,37873,35132,17863,3117,23388,12521,10784,6301,17513,25844,
79,34399,11928,6306,9472,21307,38242,46191,28243,25469,3896,33282,5856,7185,16215,3946,38289,35817,9783,34494,30864,14193,44808,27982,30511,3177,36968,35546,23695,4670,22671,35360,14713,27503,14683,45561,39476,2014,12275,7606,9940,26435,35409,12696,16299,6834,9581,31206,31991,2969,28797,49613,46362,38124,12182,25508,10593,33926,46057,32859,29514,32851,52847,21091,25735,24768,23081,4513,40090,48247,26482,37873,35132,4947,29356,15719,24704,29343,4126,39152,14208,
80,34399,11928,6306,9472,21307,38242,46191,28243,25469,3896,33282,5856,7185,16215,3946,38289,35817,9783,34494,30864,14193,44808,27982,30511,3177,36968,35546,23695,4670,22671,35360,14713,27503,14683,45561,39476,2014,12275,7606,9940,26435,35409,12696,16299,6834,9581,31206,31991,2969,28797,49613,46362,38124,12182,25508,10593,33926,46057,32859,29514,32851,52847,21091,25735,24768,23081,4513,40090,48247,26482,37873,35132,1073,4319,35365,18152,14094,4388,29605,14332,
81,34399,11928,6306,9472,21307,38242,46191,28243,25469,3896,33282,5856,7185,16215,3946,38289,35817,9783,34494,30864,14193,44808,27982,30511,3177,36968,35546,23695,4670,22671,35360,14713,27503,14683,45561,39476,2014,12275,7606,9940,26435,35409,12696,16299,6834,9581,31206,31991,2969,28797,49613,46362,38124,12182,25508,10593,33926,46057,32859,29514,32851,52847,21091,25735,24768,23081,4513,40090,48247,26482,37873,35132,1133,16376,24700,10165,11259,7782,15347,24133,
82,34399,11928,6306,9472,21307,38242,46191,28243,25469,3896,33282,5856,7185,16215,3946,38289,35817,9783,34494,30864,14193,44808,27982,30511,3177,36968,35546,23695,4670,22671,35360,14713,27503,14683,45561,39476,2014,12275,7606,9940,26435,35409,12696,16299,6834,9581,31206,31991,2969,28797,49613,46362,38124,12182,25508,10593,33926,46057,32859,29514,32851,52847,21091,25735,24768,23081,4513,40090,48247,26482,37873,35132,26316,10235,12002,35376,15839,14613,50431,12149,
83,34399,11928,6306,9472,21307,38242,46191,28243,25469,3896,33282,5856,7185,16215,3946,38289,35817,9783,34494,30864,14193,44808,27982,30511,3177,36968,35546,23695,4670,22671,35360,14713,27503,14683,45561,39476,2014,12275,7606,9940,26435,35409,12696,16299,6834,9581,31206,31991,2969,28797,49613,46362,38124,12182,25508,10593,33926,46057,32859,29514,32851,52847,21091,25735,24768,23081,4513,40090,48247,26482,37873,35132,10444,5716,35550,11398,15051,2021,34778,44618,
84,34399,11928,6306,9472,21307,38242,46191,28243,25469,3896,33282,5856,7185,16215,3946,38289,35817,9783,34494,30864,14193,44808,27982,30511,3177,36968,35546,23695,4670,22671,35360,14713,27503,14683,45561,39476,2014,12275,7606,9940,26435,35409,12696,16299,6834,9581,31206,31991,2969,28797,49613,46362,38124,12182,25508,10593,33926,46057,32859,29514,32851,52847,21091,25735,24768,23081,4513,40090,48247,26482,37873,35132,10444,3716,12051,23459,17120,12103,25939,41193,
85,34399,11928,6306,9472,21307,38242,46191,28243,25469,3896,33282,5856,7185,16215,3946,38289,35817,9783,34494,30864,14193,44808,27982,30511,3177,36968,35546,23695,4670,22671,35360,14713,27503,14683,45561,39476,2014,12275,7606,9940,26435,35409,12696,16299,6834,9581,31206,31991,2969,28797,49613,46362,38124,12182,25508,10593,33926,46057,32859,29514,32851,52847,21091,25735,24768,23081,4513,40090,48247,26482,37873,35132,13577,838,41174,11147,15924,9469,11878,25605,
86,34399,11928,6306,9472,21307,38242,46191,28243,25469,3896,33282,5856,7185,16215,3946,38289,35817,9783,34494,30864,14193,44808,27982,30511,3177,36968,35546,23695,4670,22671,35360,14713,27503,14683,45561,39476,2014,12275,7606,9940,26435,35409,12696,16299,6834,9581,31206,31991,2969,28797,49613,46362,38124,12182,25508,10593,33926,46057,32859,29514,32851,52847,21091,25735,24768,23081,4513,40090,48247,26482,37873,35132,15472,1783,11903,28011,14840,166,54317,14240,
87,34399,11928,6306,9472,21307,38242,46191,28243,25469,3896,33282,5856,7185,16215,3946,38289,35817,9783,34494,30864,14193,44808,27982,30511,3177,36968,35546,23695,4670,22671,35360,14713,27503,14683,45561,39476,2014,12275,7606,9940,26435,35409,12696,16299,6834,9581,31206,31991,2969,28797,49613,46362,38124,12182,25508,10593,33926,46057,32859,29514,32851,52847,21091,25735,24768,23081,4513,40090,48247,26482,37873,35132,19419,4534,29272,15653,22420,166,36883,24898,
88,34399,11928,6306,9472,21307,38242,46191,28243,25469,3896,33282,5856,7185,16215,3946,38289,35817,9783,34494,30864,14193,44808,27982,30511,3177,36968,35546,23695,4670,22671,35360,14713,27503,14683,45561,39476,2014,12275,7606,9940,26435,35409,12696,16299,6834,9581,31206,31991,2969,28797,49613,46362,38124,12182,25508,10593,33926,46057,32859,29514,32851,52847,21091,25735,24768,23081,4513,40090,48247,26482,37873,35132,18106,5497,20446,18351,40262,166,10617,10274,
89,34399,11928,6306,9472,21307,38242,46191,28243,25469,3896,33282,5856,7185,16215,3946,38289,35817,9783,34494,30864,14193,44808,27982,30511,3177,36968,35546,23695,4670,22671,35360,14713,27503,14683,45561,39476,2014,12275,7606,9940,26435,35409,12696,16299,6834,9581,31206,31991,2969,28797,49613,46362,38124,12182,25508,10593,33926,46057,32859,29514,32851,52847,21091,25735,24768,23081,4513,40090,48247,26482,37873,35132,18182,4853,32083,23155,43615,7884,23570,38094,
90,34399,11928,6306,9472,21307,38242,46191,28243,25469,3896,33282,5856,7185,16215,3946,38289,35817,9783,34494,30864,14193,44808,27982,30511,3177,36968,35546,23695,4670,22671,35360,14713,27503,14683,45561,39476,2014,12275,7606,9940,26435,35409,12696,16299,6834,9581,31206,31991,2969,28797,49613,46362,38124,12182,25508,10593,33926,46057,32859,29514,32851,52847,21091,25735,24768,23081,4513,40090,48247,26482,37873,35132,30432,3224,29814,32696,46197,20520,54920,16593,
91,34399,11928,6306,9472,21307,38242,46191,28243,25469,3896,33282,5856,7185,16215,3946,38289,35817,9783,34494,30864,14193,44808,27982,30511,3177,36968,35546,23695,4670,22671,35360,14713,27503,14683,45561,39476,2014,12275,7606,9940,26435,35409,12696,16299,6834,9581,31206,31991,2969,28797,49613,46362,38124,12182,25508,10593,33926,46057,32859,29514,32851,52847,21091,25735,24768,23081,4513,40090,48247,26482,37873,35132,1634,11361,32908,41810,18518,3962,29345,19996,
92,34399,11928,6306,9472,21307,38242,46191,28243,25469,3896,33282,5856,7185,16215,3946,38289,35817,9783,34494,30864,14193,44808,27982,30511,3177,36968,35546,23695,4670,22671,35360,14713,27503,14683,45561,39476,2014,12275,7606,9940,26435,35409,12696,16299,6834,9581,31206,31991,2969,28797,49613,46362,38124,12182,25508,10593,33926,46057,32859,29514,32851,52847,21091,25735,24768,23081,4513,40090,48247,26482,37873,35132,27795,9936,28877,24634,16485,4267,27788,11294,
93,34399,11928,6306,9472,21307,38242,46191,28243,25469,3896,33282,5856,7185,16215,3946,38289,35817,9783,34494,30864,14193,44808,27982,30511,3177,36968,35546,23695,4670,22671,35360,14713,27503,14683,45561,39476,2014,12275,7606,9940,26435,35409,12696,16299,6834,9581,31206,31991,2969,28797,49613,46362,38124,12182,25508,10593,33926,46057,32859,29514,32851,52847,21091,25735,24768,23081,4513,40090,48247,26482,37873,35132,42456,22790,22256,25821,16876,15088,29540,24492,
94,34399,11928,6306,9472,21307,38242,46191,28243,25469,3896,33282,5856,7185,16215,3946,38289,35817,9783,34494,30864,14193,44808,27982,30511,3177,36968,35546,23695,4670,22671,35360,14713,27503,14683,45561,39476,2014,12275,7606,9940,26435,35409,12696,16299,6834,9581,31206,31991,2969,28797,49613,46362,38124,12182,25508,10593,33926,46057,32859,29514,32851,52847,21091,25735,24768,23081,4513,40090,48247,26482,37873,35132,4175,3017,22256,28933,29048,26044,16583,18853,
95,34399,11928,6306,9472,21307,38242,46191,28243,25469,3896,33282,5856,7185,16215,3946,38289,35817,9783,34494,30864,14193,44808,27982,30511,3177,36968,35546,23695,4670,22671,35360,14713,27503,14683,45561,39476,2014,12275,7606,9940,26435,35409,12696,16299,6834,9581,31206,31991,2969,28797,49613,46362,38124,12182,25508,10593,33926,46057,32859,29514,32851,52847,21091,25735,24768,23081,4513,40090,48247,26482,37873,35132,13396,36054,11510,14619,17690,2799,47270,18853,
96,34399,11928,6306,9472,21307,38242,46191,28243,25469,3896,33282,5856,7185,16215,3946,38289,35817,9783,34494,30864,14193,44808,27982,30511,3177,36968,35546,23695,4670,22671,35360,14713,27503,14683,45561,39476,2014,12275,7606,9940,26435,35409,12696,16299,6834,9581,31206,31991,2969,28797,49613,46362,38124,12182,25508,10593,33926,46057,32859,29514,32851,52847,21091,25735,24768,23081,4513,40090,48247,26482,37873,35132,1078,2988,27341,47376,19279,26117,25917,25021,
97,34399,11928,6306,9472,21307,38242,46191,28243,25469,3896,33282,5856,7185,16215,3946,38289,35817,9783,34494,30864,14193,44808,27982,30511,3177,36968,35546,23695,4670,22671,35360,14713,27503,14683,45561,39476,2014,12275,7606,9940,26435,35409,12696,16299,6834,9581,31206,31991,2969,28797,49613,46362,38124,12182,25508,10593,33926,46057,32859,29514,32851,52847,21091,25735,24768,23081,4513,40090,48247,26482,37873,35132,24542,6502,33082,10549,13430,6002,13569,13136,
98,34399,11928,6306,9472,21307,38242,46191,28243,25469,3896,33282,5856,7185,16215,3946,38289,35817,9783,34494,30864,14193,44808,27982,30511,3177,36968,35546,23695,4670,22671,35360,14713,27503,14683,45561,39476,2014,12275,7606,9940,26435,35409,12696,16299,6834,9581,31206,31991,2969,28797,49613,46362,38124,12182,25508,10593,33926,46057,32859,29514,32851,52847,21091,25735,24768,23081,4513,40090,48247,26482,37873,35132,26431,2753,46427,22550,15171,28176,55931,10959,
99,34399,11928,6306,9472,21307,38242,46191,28243,25469,3896,33282,5856,7185,16215,3946,38289,35817,9783,34494,30864,14193,44808,27982,30511,3177,36968,35546,23695,4670,22671,35360,14713,27503,14683,45561,39476,2014,12275,7606,9940,26435,35409,12696,16299,6834,9581,31206,31991,2969,28797,49613,46362,38124,12182,25508,10593,33926,46057,32859,29514,32851,52847,21091,25735,24768,23081,4513,40090,48247,26482,37873,35132,26129,8976,40698,32679,11316,12589,14199,25062,
100,34399,11928,6306,9472,21307,38242,46191,28243,25469,3896,33282,5856,7185,16215,3946,38289,35817,9783,34494,30864,14193,44808,27982,30511,3177,36968,35546,23695,4670,22671,35360,14713,27503,14683,45561,39476,2014,12275,7606,9940,26435,35409,12696,16299,6834,9581,31206,31991,2969,28797,49613,46362,38124,12182,25508,10593,33926,46057,32859,29514,32851,52847,21091,25735,24768,23081,4513,40090,48247,26482,37873,35132,12382,2468,16787,12361,19721,40202,17842,39605,
