1,46198,14662,32219,13869,28052,45863,12389,46985,51893,1959,49856,43725,34754,32046,45951,36324,25745,23005,13336,45350,32408,31243,11569,4481,49349,41402,9995,1335,22701,26935,47283,9304,1454,30953,46308,10049,10361,30091,26318,17966,24723,31269,32891,44082,43629,41937,38707,24534,30817,35239,39198,49182,35105,14349,35622,36281,14807,29971,35569,26520,1697,42081,39181,34381,3263,20113,22936,45759,7032,34979,8652,4609,30941,24676,30885,31610,11506,43921,29835,21681,
2,1335,1335,1454,1335,1335,1697,1454,1454,6192,1546,25145,575,15013,1948,1559,2116,4852,942,18836,2096,10904,431,3007,1559,5934,15182,8740,4122,4334,1482,6032,279,2077,1071,1430,1166,2512,878,2172,2147,795,6307,26279,780,12928,7099,15601,24409,11054,58605,15515,7432,3171,21965,14508,39684,21987,17477,22970,19802,25898,31765,11700,12310,29052,13801,4798,28650,5708,6742,274,13484,1384,22667,33490,1996,11918,3391,40558,5367,
3,274,274,279,431,279,274,274,431,1268,418,1546,10347,4569,3323,555,3334,14963,739,686,2072,596,6930,832,4249,1384,633,9249,2345,17421,1071,357,1431,431,596,317,596,1353,216,198,431,17827,3150,14310,1479,17183,6733,489,14106,19260,22395,1494,22501,3070,216,9488,10261,762,43040,1437,6627,34198,3410,39948,409,44967,9678,3637,5536,25341,216,18372,22734,28727,21645,34628,7691,11036,34622,14710,21574,
4,198,198,216,216,198,216,216,216,596,481,3909,8642,274,216,216,431,216,216,216,216,446,431,274,216,274,274,274,216,3106,216,216,686,1614,274,3534,36132,481,832,274,216,566,38846,10103,17106,16952,11759,7738,24043,2425,12338,36297,31539,27650,46072,27015,36504,6374,35152,24727,769,3340,489,38163,23826,8010,23854,9085,48302,23178,104,1142,2200,28268,12159,2946,9268,6618,25489,59810,11028,
5,104,198,104,216,198,216,216,216,216,274,216,216,216,104,104,216,216,216,216,104,216,216,216,216,216,216,216,216,216,216,216,216,303,216,216,104,216,216,216,216,29115,17310,19844,11469,1879,216,32246,216,6469,1413,39086,30218,1810,41129,850,635,3343,216,6662,12478,35712,10577,51673,58492,3245,216,3625,7335,10534,37385,47073,49977,32796,32195,216,28896,39680,216,9948,20073,
6,104,104,104,104,104,104,104,104,104,216,104,216,216,104,104,18301,1423,216,850,104,104,216,104,104,104,104,216,104,104,216,104,216,104,216,104,10751,216,449,104,216,16550,42373,24322,54548,14895,104,216,9864,23893,8573,1618,54768,2491,36610,2610,13781,42110,33703,15030,31661,104,28412,49715,28357,10877,3478,11983,41343,31465,57221,9363,10505,50328,104,32430,24454,216,449,25824,35919,
7,104,104,104,104,104,104,104,104,104,104,104,104,104,104,104,12072,104,216,12448,104,104,104,9111,104,104,104,104,104,24054,216,104,104,216,104,104,104,104,104,24054,104,37579,20342,9184,20809,104,52569,30941,22280,7647,104,37053,104,104,585,52934,49288,104,104,25204,652,51077,21142,53830,104,104,20867,36033,34904,61660,29747,2778,41235,38963,742,29145,104,104,104,30110,35833,
8,104,104,104,104,104,104,104,104,104,104,104,104,104,104,104,104,104,104,104,104,104,104,21609,104,104,104,104,104,104,104,104,104,104,104,104,104,104,104,104,104,104,44858,4725,27725,17690,40879,104,104,104,56742,27536,28438,53625,104,26186,104,104,104,3505,46098,52405,40600,13075,23717,104,25033,48195,60383,104,104,18772,41955,22137,15571,32028,104,32958,27900,34307,104,
9,104,104,104,104,104,104,104,104,104,10952,10952,104,104,104,104,104,104,104,104,104,104,104,104,104,104,104,104,104,104,104,104,21825,104,104,21825,104,104,104,104,2334,11252,6044,14957,15152,3594,28396,53803,31822,12372,104,57082,36755,33497,52326,104,104,9721,41513,104,42920,104,49466,12116,44569,15673,40501,104,45632,43970,27620,2441,5832,50307,39218,104,47799,25946,104,29311,44160,
10,104,104,104,104,104,104,104,104,104,104,104,104,4970,104,104,104,104,104,44569,104,104,104,104,104,104,104,104,9805,104,104,104,104,104,104,104,104,104,104,104,104,4840,48837,56120,52059,1973,43016,6898,51041,104,104,37995,104,104,28539,104,104,23327,14913,34710,104,34630,43170,32662,45637,3825,104,20812,104,48927,104,104,104,104,104,39176,7316,29831,14453,4728,8562,
11,104,104,104,104,104,104,104,104,104,25048,19087,104,3479,104,18749,104,104,104,104,104,104,104,104,104,104,104,104,18749,104,104,104,33866,104,104,104,104,104,104,104,104,18882,104,24118,43369,15685,43254,3367,11595,57866,104,13888,35456,54231,46129,104,104,51075,12115,1720,50088,32561,104,48838,4184,104,104,39067,16724,104,26940,32076,3008,104,45322,13777,24826,10394,10977,10305,104,
12,104,104,104,104,104,104,104,104,104,104,104,104,104,104,104,104,104,104,104,104,104,104,104,104,104,104,104,104,6881,104,104,104,104,104,104,104,104,104,104,104,104,104,14366,104,23330,104,24345,37616,11377,44542,7342,104,18256,46671,104,46867,104,104,27821,2520,104,33687,57232,2896,30044,56271,51812,104,17027,18430,34888,104,48386,41073,104,17697,51023,16145,104,60327,
13,104,104,104,104,104,104,104,104,104,104,104,30711,104,104,104,104,104,104,104,104,104,6317,104,104,104,104,104,104,104,10911,6584,104,104,104,104,104,104,104,104,104,14789,104,104,35550,12174,41674,40404,104,104,11150,48080,2308,104,36098,104,16425,37993,467,40418,30090,61296,6646,48824,3357,41494,38803,104,104,17477,45443,14020,104,40146,28291,15621,104,104,11417,36133,48866,
14,104,104,104,104,104,104,104,104,104,104,104,104,104,104,104,104,104,104,104,104,104,104,104,104,104,104,104,104,104,104,104,104,104,104,104,104,104,104,104,104,28633,104,21343,39137,104,53009,104,46660,46340,104,33904,24008,4813,104,27810,41849,22272,12240,38760,23970,7153,30601,104,36871,39005,104,56530,25916,104,15516,19652,27697,104,23285,48078,104,12530,104,104,104,
15,104,104,104,104,104,104,104,104,104,104,104,104,104,104,104,104,104,340,104,104,104,8526,104,104,104,104,104,104,104,104,104,104,104,104,104,104,104,104,104,104,35183,18849,40440,18794,43843,104,47099,104,104,5823,26884,43891,104,12094,45373,104,104,104,10653,40750,39323,47703,22379,104,26078,19659,31123,31933,10542,55739,104,50438,14251,25633,104,44437,49778,36854,50157,104,
16,104,104,104,104,104,104,104,104,104,104,104,104,104,104,104,104,104,104,104,104,104,104,104,104,104,104,104,104,104,104,104,104,104,104,104,104,104,104,104,104,1566,45431,34721,104,104,47439,10766,36873,104,104,104,41440,104,34809,104,45342,104,35136,47738,42175,27435,104,104,45184,42644,49285,7829,49186,104,104,44854,104,26822,104,104,38564,104,3620,27079,33147,
17,104,104,104,104,104,104,104,104,104,104,104,104,104,104,104,2186,104,104,104,104,104,104,104,104,104,104,104,104,104,104,104,104,104,104,104,104,104,104,104,104,104,15819,31219,39164,15062,15297,44434,34130,19218,15156,43822,104,57011,104,104,46207,42164,26523,104,48078,104,47632,22094,26859,104,23816,58641,104,3388,47264,38056,45663,9196,27151,104,49098,9878,104,104,11657,
18,104,104,104,104,104,104,104,104,24398,104,5316,104,104,104,104,104,104,3202,104,104,104,13468,3409,104,104,104,104,104,104,3409,11276,104,104,3409,104,104,24575,3409,104,104,434,25398,44611,9491,104,2702,104,104,45402,104,16205,9425,21725,10247,104,22976,104,104,27593,104,14038,22070,37182,5004,44072,104,104,31826,7567,47226,20961,104,14195,104,104,14621,23813,17076,25311,49842,
19,104,104,104,104,104,104,104,104,104,104,104,104,104,104,104,104,7429,104,104,104,104,104,104,104,6713,104,104,104,104,104,104,104,104,104,104,104,104,104,104,104,35636,104,59658,104,104,104,3712,44608,19868,1234,16926,104,43051,40166,39038,53842,104,45419,38322,104,43494,1115,28806,44478,22136,49451,44371,104,55006,31548,2813,26342,104,48716,104,29490,104,47375,24013,104,
20,104,104,104,104,104,104,104,104,104,104,104,12023,104,104,104,104,104,104,104,104,104,14571,104,104,104,104,104,104,104,104,104,104,104,104,104,104,104,104,104,104,5811,30880,31074,61950,104,104,34869,104,18417,57516,104,23633,20928,42925,39614,11455,43121,46696,59308,29494,17958,32279,104,20644,46711,17387,4139,21068,365,18367,49507,2768,104,48498,36100,25061,1523,42522,15451,25588,
21,104,104,104,104,104,104,104,104,104,104,104,104,104,104,104,104,104,104,104,104,104,104,104,104,104,104,104,104,104,104,104,104,104,104,104,104,104,104,104,104,104,26181,58100,15382,56765,104,30502,31953,104,104,104,104,104,30734,29273,50102,104,8426,5831,10245,23251,22045,17904,27239,104,19280,30993,104,104,20892,1376,34604,33147,104,46889,104,104,13072,104,33582,
22,104,104,104,104,104,104,104,104,104,104,104,104,104,14124,104,104,104,104,104,104,104,104,104,104,104,104,104,6723,104,104,104,104,104,104,6723,104,104,104,104,104,19591,28146,26568,22910,18729,17551,104,11611,29636,37761,1768,12572,42867,104,30914,27365,43016,35757,46076,104,8615,7696,41544,104,26330,41165,13767,16350,48070,32171,14610,44708,104,47705,19680,104,39775,17156,104,104,
23,104,104,104,104,104,104,104,104,104,104,104,104,104,104,104,104,104,104,104,104,104,104,104,104,104,104,104,104,13858,104,104,104,104,104,104,104,104,104,104,104,104,25402,40187,46103,60451,8474,8363,49280,61823,104,104,34066,16404,104,8224,104,55188,104,104,13161,14373,104,104,56605,49485,22995,104,30978,104,23753,31383,39275,45134,104,104,104,38299,26523,104,45460,
24,104,104,104,104,104,104,104,104,104,104,104,104,11118,104,104,104,11009,104,104,104,104,104,104,104,104,104,104,104,104,104,104,12031,104,104,104,8325,104,104,104,104,45471,52324,29151,6964,15861,39740,43392,3558,46581,27516,47356,25808,25589,41349,224,33184,51156,5365,34868,104,33498,29925,46260,42077,104,4045,23344,104,21870,21835,3480,104,3424,25577,49006,31262,47135,104,104,104,
25,104,104,104,104,104,104,104,104,104,104,104,104,104,104,104,104,104,104,104,104,104,104,104,104,104,104,104,104,104,104,104,104,104,104,104,104,104,104,1012,104,104,5858,104,104,104,42515,104,10258,33561,104,104,57045,58283,15162,30141,104,104,57192,16260,27721,104,25637,5186,8400,40895,14121,58226,58835,8099,11315,104,44571,41775,50247,32103,33593,58771,52696,19360,46916,
26,104,104,104,104,104,104,104,104,104,104,104,104,104,104,104,104,104,104,104,104,104,23695,104,3836,104,104,104,104,104,104,104,104,104,104,104,104,104,104,104,104,43809,33869,104,41331,47612,29701,104,46900,104,39212,39787,664,104,30049,60001,16868,35758,15278,1883,104,10282,104,38135,6727,35443,704,37829,104,11907,20399,26315,104,52974,24614,39576,16758,26496,104,6276,104,
27,104,104,104,104,104,104,104,104,104,2207,104,104,104,104,104,104,104,104,104,104,104,104,2207,104,104,104,104,104,104,104,2207,104,2207,104,104,104,104,104,104,104,104,28933,18857,19112,50571,50704,104,104,37873,16283,50936,15692,45644,25127,53773,9091,32600,104,104,24096,36989,12154,24129,28143,3315,104,20466,38374,40104,39287,13958,42658,36168,48422,9256,104,19122,104,15843,104,
28,104,104,104,104,104,104,104,104,104,104,104,104,104,104,104,104,104,104,104,104,104,104,104,104,104,104,104,104,104,104,104,104,104,104,104,104,104,104,104,24982,104,16732,36493,13533,51945,12895,10640,4793,54794,59801,55395,37622,104,104,43456,20954,2731,47928,104,104,44104,104,44362,104,51099,104,104,33467,53651,4291,3981,104,104,104,28016,104,52459,14839,104,12743,
29,104,104,104,104,104,104,104,104,104,104,104,104,104,104,104,104,20662,104,104,104,2731,104,104,104,16909,104,104,104,104,104,104,104,104,104,104,104,104,104,104,104,39269,3067,48271,41188,104,48556,19875,104,104,104,1640,4699,23069,104,43001,48630,24353,45328,104,104,104,100,104,30944,45146,11914,44722,1912,12198,54354,7506,31499,31502,104,10356,25425,6575,14855,43947,2052,
30,100,104,104,104,104,104,104,104,104,104,104,104,104,6816,104,104,104,104,104,24082,104,104,104,104,104,104,104,104,104,104,104,104,104,104,104,104,100,104,104,104,24147,45483,14186,12744,19332,104,39394,104,6715,19967,58296,18907,12231,24082,37882,12131,33327,37645,49695,43434,104,25655,12545,26218,104,59391,45285,21495,60216,52238,104,104,49984,104,12856,58771,2037,104,104,38593,
31,100,100,104,104,104,104,104,104,104,104,104,104,104,100,104,104,104,104,104,14620,24802,104,104,104,104,104,104,104,5589,104,104,104,104,104,14620,104,104,104,104,104,33830,45570,20972,19506,29419,10763,51661,104,104,46478,22511,11353,11600,37620,28039,46929,46447,21426,104,104,3932,12586,58249,57407,21709,104,35566,21732,54335,25298,47851,104,10750,45763,26022,104,47224,104,1336,23005,
32,100,100,100,104,104,104,104,104,104,104,104,104,104,104,104,16204,104,104,104,104,104,104,104,104,104,104,104,104,100,104,104,104,104,104,104,16204,100,104,104,104,16761,104,24987,26100,25861,104,34219,31237,32170,104,104,14877,100,5699,11419,53763,104,40277,14545,29522,104,50283,47103,104,104,44065,19239,10916,59673,30366,13111,44991,104,104,22096,104,104,22041,29894,104,
33,100,100,100,100,100,100,104,104,104,12544,100,104,2296,104,104,104,104,100,884,6727,2296,104,104,100,5500,6727,104,9720,104,104,104,2296,104,104,100,100,100,11419,104,104,104,104,31849,104,39690,104,14918,12152,25534,7087,25142,11843,48129,104,41701,37905,21859,31908,104,104,47257,104,15172,50250,58470,104,15756,39836,31820,104,39827,104,10235,38257,4201,104,104,28578,12281,46820,
34,100,100,100,100,100,100,100,100,104,36636,104,104,100,104,104,104,104,104,100,104,104,104,100,100,104,104,104,100,104,100,104,104,104,104,100,100,104,100,100,104,20844,1441,3521,100,29578,46286,46157,100,40815,8293,18930,47175,36422,8767,100,100,2675,45343,4638,12641,13356,104,27456,100,16776,44803,54358,100,100,19637,42855,11089,23950,26791,35120,34264,104,44772,6065,9340,
35,100,100,100,100,100,100,100,100,104,104,100,104,100,100,100,100,100,100,100,100,100,100,100,100,100,100,104,100,100,100,100,104,100,100,100,104,100,100,100,100,28232,100,30758,100,104,49563,100,100,100,20628,10287,39879,14394,42260,30989,48313,100,7282,47614,104,27890,34477,33037,100,39951,24516,21817,48834,13754,14965,27926,26399,15202,27590,28599,57672,41470,56335,55980,48098,
36,100,100,100,100,100,100,100,100,100,100,100,100,100,100,100,100,100,100,100,100,100,100,100,100,100,100,100,100,100,100,100,100,100,100,100,100,104,100,100,2458,1526,100,50004,4132,100,100,52643,16897,100,17768,38601,52608,20572,42187,44170,22671,55284,100,100,56538,100,31264,100,100,56960,58354,100,100,40429,100,10513,100,20166,100,11226,4811,46900,100,100,11648,
37,100,100,100,100,100,100,100,100,100,100,100,100,100,4509,100,100,100,100,100,100,100,100,100,100,100,100,100,4132,100,100,100,100,100,100,100,100,100,100,100,100,14759,100,8724,43068,22639,18547,25390,42171,58810,45285,25402,23595,30392,100,61379,33802,47908,38470,100,7750,44866,100,100,24817,8562,26926,27503,53726,34063,22078,61073,29183,49596,100,1957,56914,33502,32034,42262,100,
38,100,100,100,100,100,100,100,100,100,100,100,100,100,100,100,100,100,100,100,100,100,100,100,100,100,100,100,100,3708,100,100,100,100,100,100,100,100,100,100,100,100,35997,100,15890,15447,13208,49623,100,6938,57555,3254,26517,100,45446,100,23220,40323,30995,100,100,31998,55658,100,100,59006,100,43002,100,49068,100,58041,50107,100,13064,43167,9972,21626,100,46597,19286,
39,100,100,100,100,100,100,100,100,100,100,100,100,100,100,100,100,100,100,3524,10550,100,100,100,100,100,100,2612,100,8396,13300,100,100,100,100,10550,100,100,100,100,100,39158,100,21291,28374,55347,33096,16284,29667,45662,100,47868,20756,100,27386,43852,44101,46935,9284,100,54309,20606,100,22088,42305,40768,100,37253,37362,2094,12146,3192,14775,100,45098,100,41084,100,16695,23604,20748,
40,100,100,100,100,100,100,100,100,13371,100,100,100,100,100,100,100,100,100,100,100,100,100,100,9824,100,100,100,100,100,100,5781,100,100,100,100,100,100,100,1472,100,13346,54978,44663,100,4494,29759,100,49541,100,44240,61123,26621,100,55868,45824,100,100,41100,35241,100,31696,46145,55793,27282,59159,100,42207,40783,100,31037,100,100,13303,46485,19889,30494,58495,15021,56295,100,
41,100,100,100,100,100,100,100,100,100,100,100,100,100,100,100,100,100,100,100,100,100,100,100,100,100,100,100,100,100,100,100,19394,100,100,100,100,100,100,100,100,44457,16842,6620,58917,100,100,100,35821,55563,16532,20796,35298,46118,100,100,29486,100,47900,16449,7403,10302,33574,10447,100,47403,10310,52644,50993,100,57404,21017,100,32270,34221,26464,100,274,100,24534,53030,
42,100,100,100,100,100,100,100,100,100,100,25973,100,15034,100,2726,100,100,100,17456,100,343,27462,100,100,100,100,100,11414,100,100,100,100,100,100,23332,11237,14326,100,100,100,149,45675,24595,53246,30235,2811,7067,20971,34269,41414,42707,13637,100,25007,50332,249,100,41430,18111,100,16467,100,39911,44097,16881,22699,100,22349,22630,54273,717,47935,100,48107,24120,100,100,36823,40150,23200,
43,100,100,100,100,100,100,100,100,2534,100,100,100,100,100,100,100,100,100,100,100,100,100,100,100,100,100,100,100,100,100,8440,100,100,100,100,100,100,100,100,100,37783,100,100,7335,19744,53169,51348,100,6525,41086,47386,17823,49045,10120,51594,39908,30768,46452,17903,100,41701,5158,2913,32149,100,50210,4460,18820,30124,100,28359,1925,100,100,12109,22342,33710,100,31813,49731,
44,100,100,100,100,100,100,100,100,100,100,100,100,100,100,100,100,100,100,100,100,100,100,100,100,100,100,100,100,100,100,100,100,100,100,100,100,100,100,100,100,100,100,39244,46345,39561,24668,44841,6392,100,100,17444,18053,45712,52658,45091,20530,39966,24138,100,100,100,58834,100,100,54790,55444,100,100,9489,43473,100,54539,22569,21416,43106,46888,26141,100,50355,15785,
45,100,100,100,100,100,100,100,100,100,100,100,100,100,5668,116,100,4218,100,100,100,100,100,100,2503,100,100,100,100,100,100,9221,100,100,100,100,100,21416,100,9221,100,34186,100,9313,42094,59248,31988,100,100,42952,100,45405,43581,12398,100,100,100,54621,41147,36013,34096,11939,1245,25815,24979,5808,100,100,100,50156,33958,100,29920,3233,35682,41918,10518,52262,31349,13982,31832,
46,100,100,100,100,100,100,100,100,100,100,100,100,100,100,100,100,100,100,18367,100,100,100,100,100,100,100,100,100,100,100,100,100,100,100,100,100,100,100,100,100,48806,33900,44756,100,8671,15223,55634,100,46571,22274,55710,100,42561,3486,48541,100,17692,48875,26112,100,58168,16442,61014,100,100,28617,48551,28220,4788,21124,24153,100,52780,12800,12398,50358,100,10691,4009,19459,
47,100,100,100,100,100,100,100,100,100,100,100,100,100,100,100,100,100,100,100,100,100,100,100,100,100,100,100,100,100,100,100,100,100,100,100,100,100,100,100,100,100,100,100,13701,25222,28366,100,100,100,100,100,100,46179,100,49085,22489,24664,10951,100,50019,100,12049,10728,33367,100,14092,100,22437,34892,39736,13943,5774,39903,11182,38167,46834,25741,100,100,35898,
48,100,100,100,100,100,100,100,100,100,100,100,100,100,8456,100,1257,4043,100,100,100,100,100,100,100,100,100,100,100,100,100,100,100,10463,100,5773,100,100,100,100,100,428,33470,15408,24926,100,31122,52112,100,2006,19802,4011,5490,100,21255,43665,100,24682,4147,45966,29050,36269,48588,46721,57848,10979,100,11126,100,44079,100,100,17441,21620,100,56169,100,20624,38645,51908,42159,
49,100,100,100,100,100,100,100,100,100,883,100,100,100,100,100,100,100,100,100,100,100,100,100,100,100,100,100,100,100,100,100,100,100,100,100,100,100,100,100,100,34770,45245,37102,15630,7208,100,16711,27086,100,38712,37743,40591,100,100,19358,100,44800,12368,46553,54432,100,100,100,45393,12410,25095,18279,11265,100,8062,58121,36556,37683,52781,36452,100,100,695,54210,40419,
50,100,100,100,100,100,100,100,100,2333,695,100,100,100,100,100,100,100,100,100,3284,100,100,100,6341,100,100,100,100,100,100,5104,100,100,100,100,100,100,100,100,372,100,100,23449,30816,33723,100,41119,7704,30572,100,49359,38349,51626,100,58734,100,29543,100,100,55691,100,21073,19529,39422,38708,20021,45579,100,100,4560,12441,100,23529,47819,10959,20584,43206,19073,100,23016,
51,100,100,100,100,100,100,100,100,100,100,100,100,100,100,100,100,100,100,100,100,100,100,100,100,100,100,100,100,100,100,100,1001,100,100,100,100,100,100,100,100,100,44667,51673,100,28634,29511,30740,100,71308,37161,21676,35091,58061,27299,100,100,9168,32421,13579,19221,11045,100,100,29507,38211,100,24358,100,3975,47166,28458,47136,12572,60095,2547,21955,100,4667,100,41299,
52,100,100,100,100,100,100,100,100,100,21955,100,24995,100,100,100,100,4997,100,100,1826,100,100,100,6819,100,6819,100,6281,100,100,653,100,100,6819,100,100,2547,100,100,6281,100,19165,47961,16296,100,100,100,52584,55019,45744,58610,100,711,21297,14522,15411,100,16870,100,100,16677,34158,10407,47423,26004,5629,10426,21579,100,17943,100,41219,22494,43511,55730,100,59610,38852,100,33953,
53,100,100,100,100,100,100,100,100,100,100,100,100,100,100,100,100,100,100,100,100,100,100,100,100,100,100,100,8799,100,100,100,100,100,100,100,100,100,100,100,100,52573,52302,37247,32779,56916,100,47329,43057,100,100,31228,27900,27657,35156,100,100,100,47947,100,11911,50811,100,31277,100,100,5351,54861,24661,13760,58302,43376,100,34337,55174,43046,7875,50547,45411,16711,100,
54,100,100,100,100,100,100,100,100,11276,100,100,100,100,100,100,100,100,11116,7205,11268,12330,100,100,100,12330,100,100,100,100,100,100,100,100,4879,4879,23973,100,100,100,100,100,18814,100,100,41294,4254,100,1821,33851,36018,49167,100,21920,100,43245,3749,100,14091,100,100,36604,100,40320,21876,37473,25468,8550,20872,100,32961,100,23829,100,24170,100,50610,100,28538,60006,45603,
55,100,100,100,100,100,100,100,100,100,100,100,100,100,100,100,100,100,100,1979,100,100,100,100,100,100,19105,100,100,100,100,100,100,100,100,651,100,100,100,100,100,27652,49392,31642,13419,100,3858,27975,34666,100,100,100,10740,100,33580,100,46095,100,59038,100,32038,21630,47357,100,100,30449,46701,4344,100,100,100,39960,33008,27440,13520,8328,100,32530,36305,36033,100,
56,100,100,100,100,100,100,100,100,100,100,100,100,100,100,100,100,100,100,100,100,100,3675,100,100,100,100,100,100,100,100,100,100,100,100,100,8422,100,100,100,100,13799,100,28568,25368,19263,100,100,2180,18110,29164,14222,100,31491,43129,17670,48431,18020,40867,42718,45311,53183,17845,29810,100,100,23500,39212,100,100,100,100,56850,56996,21129,40129,37381,100,4890,100,21191,
57,100,100,100,100,100,100,100,100,100,100,100,100,100,100,100,43185,100,100,17535,100,1355,5113,100,100,4355,100,4524,100,100,6753,100,100,100,100,4484,100,100,100,100,100,57808,43049,100,7796,100,41671,29300,37403,49394,45258,100,23992,2180,14970,47453,100,100,27335,14372,13978,47428,8412,22019,100,45143,49881,100,100,100,100,40937,10541,12323,51840,100,100,100,5420,100,100,
58,100,100,100,100,100,100,100,100,100,100,100,100,100,100,100,100,100,100,100,100,100,100,100,100,100,100,100,100,100,100,100,100,100,100,100,100,100,100,100,100,22371,41382,100,37151,100,10911,45817,27669,43632,53,25151,17400,40748,100,100,39142,100,57530,36120,100,7163,36874,100,100,100,14894,100,41781,10959,1036,100,15675,44866,100,24985,15782,41921,39608,40551,100,
59,53,100,100,100,100,100,100,100,100,100,100,100,100,100,100,100,100,28944,100,100,100,100,100,100,9057,100,100,100,100,100,100,100,100,100,100,100,100,100,100,100,14873,16507,100,100,100,100,100,19460,39924,26355,25210,100,100,33163,29242,23160,43669,12716,11264,42301,9882,100,25667,45832,42790,17508,10811,100,100,16658,31318,25983,58307,45678,19324,100,23748,48403,100,14652,
60,53,100,100,100,100,100,100,100,2282,100,53,1512,10451,100,100,100,100,100,100,100,100,100,17558,100,100,100,100,100,100,100,100,100,100,100,100,100,1985,100,6010,100,18722,16974,1134,52878,23839,18049,31806,8405,51931,36203,53,17341,53,450,1766,100,33202,36377,48172,38131,100,1139,23229,100,100,34696,10924,20108,100,33600,47571,100,26325,10253,34979,28906,13567,53,7304,18221,
61,53,53,53,53,53,100,100,100,100,100,100,53,100,23229,53,100,100,100,100,53,100,100,100,100,100,100,100,100,100,53,100,100,100,53,100,100,100,100,53,100,19604,28899,100,54196,100,53,100,54236,37251,57337,24541,34691,34661,25766,100,100,38749,26406,53,53,45805,44129,40069,100,51948,51873,40291,55147,44711,2895,18160,39634,26846,27471,38288,44280,100,6679,15274,36578,
62,53,53,53,53,53,53,53,53,53,100,100,100,53,53,53,53,100,53,53,53,53,53,17282,53,53,53,53,53,100,53,53,53,100,53,53,53,53,53,53,100,54456,18028,36506,3454,49283,9129,47363,53589,33899,8983,43783,21146,24981,6039,19528,100,2545,25083,16977,53,100,22183,53,55309,59206,53,15810,25652,15245,8165,27873,100,24504,14929,48599,35422,33841,48969,22961,12448,
63,53,53,53,53,53,53,53,53,53,53,53,53,53,53,53,53,53,53,53,53,53,53,53,53,53,53,53,53,53,53,53,53,53,53,53,53,53,53,53,53,48061,41702,8335,53,21518,53,53,42737,18998,53904,100,53,41831,53,51562,53,32774,13689,40259,41741,56741,43983,11160,27251,53,7345,53,2951,53,53,8572,22759,48539,21756,42631,53,53,22412,53,39561,
64,53,53,53,53,53,53,53,53,3517,7804,4157,53,53,53,53,53,53,348,53,53,53,53,53,20714,53,53,53,53,53,13304,53,53,53,53,53,3517,53,53,53,53,21538,24890,13949,34928,45395,988,43784,14229,55635,10717,37372,8510,30952,43851,47228,11653,32628,25631,59468,55735,25127,53,53,17014,17079,967,1513,28695,53,16411,44935,22627,42808,22627,53,2316,2790,53,57948,51862,
65,53,53,53,53,53,53,53,53,53,7833,53,53,16411,53,53,53,53,53,53,53,53,48419,53,7733,53,53,53,53,53,20714,53,11731,14128,53,53,53,53,53,53,2624,53,26726,58318,8516,35959,16243,17761,2544,53,29257,53,53,48835,10476,18522,3066,43919,53,38295,4683,31910,37970,58578,27021,27815,53,53,47042,53,10754,53,28509,53,59168,53,53,53,32320,38283,3667,
66,53,53,53,53,53,53,53,53,53,53,53,53,53,53,53,53,53,53,53,53,53,53,53,53,53,53,53,53,53,53,53,53,53,53,53,53,53,53,53,53,53,53,35619,36246,15599,50527,5191,47282,55543,5993,40133,43219,53,7292,28499,53,22731,53194,53,41616,26711,53,27232,53,53,47377,19167,25236,53,47666,26813,53,38062,17553,15748,33581,17784,53,56714,53,
67,53,53,53,53,53,53,53,53,53,53,1653,53,19255,18746,53,19255,53,53,53,27009,53,53,3382,53,7984,53,20926,53,53,53,4038,53,53,53,1418,53,53,53,1418,53,5856,33329,6632,11764,31349,5383,14333,11850,10630,1076,53,12666,2139,37467,58323,53,53,3377,14910,53,44634,38692,36835,53,53,23815,16174,17915,29092,49534,21641,53,53,55195,53,16039,2097,3514,20276,17722,
68,53,53,53,53,53,53,53,53,53,53,53,53,53,53,1653,53,53,53,53,53,53,53,53,53,53,53,53,53,53,53,53,53,53,53,53,53,53,17149,53,53,37663,18063,45562,53,53,2389,43374,53,10097,53,49962,53,38936,50556,40274,9681,44574,15559,53,30134,53,3209,53457,12260,45249,53,28997,53,19752,53,13677,12355,37661,27763,60344,53,38430,44216,53,34915,
69,53,53,53,53,53,53,53,53,53,53,53,53,53,53,53,53,53,2789,53,53,53,53,53,53,53,53,10672,4885,53,53,53,53,53,53,24010,53,14319,53,53,53,46075,26413,53,53,23432,13263,46172,21099,45928,34440,12987,53,19720,56364,50130,22638,4889,53,53,53,22800,8862,53,45426,40789,805,35277,53,28337,3178,5488,52071,10617,13941,29651,34090,53,42509,15191,57630,
70,53,53,53,53,53,53,53,53,53,53,53,53,53,53,53,53,53,53,53,53,53,53,53,53,53,53,53,53,53,53,53,53,53,53,53,53,53,53,53,53,3693,53,46789,15039,15815,26202,13121,57289,50803,53,53,53,53,58503,53,53,60145,40649,1038,50127,52866,22391,49655,53,22867,5524,40567,17678,10889,53,53,17134,41653,55873,46776,53,56142,53,43770,51261,
71,53,53,53,53,53,53,53,53,53,53,53,3455,14481,53,53,4819,53,53,53,53,53,53,53,53,53,20043,53,53,53,17241,53,53,53,53,53,53,53,53,53,53,53,53,53,32885,45234,11837,4419,33888,53,53,28909,30390,53,25885,31931,53,5328,33966,11982,48554,56321,52798,45889,36815,53,21201,37740,48492,48410,36156,60120,42196,53,53,54880,6778,1048,28023,53,47040,
72,53,53,53,53,53,53,53,53,268,53,53,53,53,53,53,53,53,53,53,53,53,53,53,53,53,53,53,53,53,53,53,53,53,53,53,53,53,53,53,53,40112,43949,49696,37080,42538,49101,53,53,53,5196,53,32709,28307,31941,15223,35690,53,16250,53,43442,37362,53,39892,42107,53,48687,46960,53,33250,53,40271,26406,41129,48625,53,45840,32858,59527,53,14330,
73,53,53,53,53,53,53,53,53,2563,19679,53,53,2586,53,53,53,53,53,53,53,53,53,11738,19891,53,53,53,53,53,53,53,53,53,53,53,53,17689,53,53,53,41231,13810,23519,15028,12606,42000,14221,41385,37275,53,53,5348,53,8474,34178,17636,51319,29583,53,21781,53,53,17625,8809,36824,70898,353,50268,50421,42967,31512,53,1972,36577,38015,11678,35849,12087,18234,53,
74,53,53,53,53,53,53,53,53,53,53,53,53,53,53,53,53,53,53,53,53,12346,53,53,53,53,53,53,53,53,53,53,53,53,53,53,53,53,53,53,53,40313,46178,5937,53,15948,9060,14548,2999,20920,53,53,53,53,38113,43645,53,53,53,42078,17856,22728,53,44829,30166,39168,53,35819,53,53,2120,26578,59253,20248,31893,521,50876,53,15570,49948,53,
75,53,53,53,53,53,53,53,53,391,53,53,53,53,53,53,53,53,53,53,53,53,31530,53,1296,53,53,53,53,53,19542,10830,53,53,53,53,1770,53,53,13373,53,36150,11057,11154,53,16918,53,53,4723,52089,18782,18247,25143,18016,53,53,53,44460,23904,53,49466,3826,19245,53,30625,16443,25317,53,18430,53,40324,53,12100,53,57481,54569,13769,44742,53,46677,26379,
76,53,53,53,53,53,53,53,53,53,53,53,53,53,53,53,53,53,53,53,53,53,53,53,53,53,53,53,53,39644,53,53,53,53,53,17890,53,53,53,53,53,53,53,30805,53,26317,18447,53,688,15122,7705,50082,26188,18089,53,54794,42658,16940,30439,15616,46715,53,53,54282,50200,18292,15205,15685,50410,48406,53,53,27299,44479,53,53,19729,53,38083,47598,53,
77,53,53,53,53,53,53,53,53,53,53,53,53,53,53,2560,53,53,53,53,53,53,6834,53,53,1582,53,53,53,53,53,53,53,53,53,53,53,53,10587,53,53,53,1473,33162,14666,26769,53,53,53,47359,53,14569,45451,53,53,46059,12424,38785,53,44397,53,53,19855,37537,38182,17453,53,11237,20927,53,53,17624,6503,16103,53,38544,53,53,36479,53,28337,
78,53,53,53,53,53,53,53,53,53,53,53,53,53,1702,14203,11734,53,53,53,53,53,53,53,53,53,318,53,53,53,53,53,53,53,53,53,53,53,53,14790,53,53,53,53,7546,12062,53,53,49373,9422,19280,28538,21017,48364,48609,53,31211,58654,16238,2158,53,59404,11833,53,11533,26162,56295,23094,57491,29843,45040,15483,13503,56332,53,53,53,1226,26781,14739,53,
79,53,53,53,53,53,53,53,53,53,53,53,53,53,53,53,53,53,43835,53,53,53,53,53,53,53,53,53,53,53,53,53,53,53,53,53,53,53,53,53,53,53,42138,53,39581,22365,22131,55856,40778,53964,53,10059,42429,61335,42309,8558,53,28497,28998,53,49488,46568,54591,57267,31585,25358,41990,53,38429,43770,53,33080,35680,17299,14396,55669,36670,53,30485,49462,23944,
80,53,53,53,53,53,53,53,53,53,53,53,53,53,53,53,53,53,53,53,19166,53,53,53,53,53,53,53,53,53,53,53,53,53,53,53,53,53,53,53,53,25260,25690,16545,53,53,6594,11941,53,53,33407,53,53,48321,53,21943,31718,21664,53,22861,53,53661,53,53,53,48775,53,53,2997,53,54536,58435,53,50789,14060,52824,53,33517,6371,57314,15241,
81,53,53,53,53,53,53,53,53,53,53,53,1017,53,53,53,53,53,53,53,53,53,53,53,53,53,53,1017,53,19312,53,53,53,53,53,53,53,53,53,53,53,46976,31354,10146,53,3308,37692,43827,54823,31044,45370,55398,56545,53,53,10257,59544,37283,13526,30070,57901,57141,18505,53,53,54700,53,12452,23841,19845,53,30318,34483,3767,53,34148,3483,17673,6848,53,47489,
82,53,53,53,53,53,53,53,53,53,53,53,53,53,53,53,53,53,53,53,53,53,53,53,53,53,4362,4362,53,4362,53,53,53,53,53,53,53,53,53,53,2345,32886,40691,43934,53,53,56660,26921,19909,48687,20579,53,34078,53,57332,53,53868,53,54197,53,38448,11733,40818,53,53,50553,52998,53,10227,58908,53,53,13428,39135,11288,53,14909,53379,11173,20730,53,
83,53,53,53,53,53,53,53,53,53,53,10121,53,53,53,53,53,53,10298,53,10298,3196,5501,53,10298,5298,53,53,53,1369,53,53,5298,24379,53,17697,53,53,25063,53,53,14257,8752,53,53,44064,4377,53,42301,28690,17322,53,10942,37862,33345,53,58278,23633,31403,39038,53,13547,53,30905,26613,31838,53,19930,36797,47810,53,53,53,44468,5944,3662,32223,53,47637,49764,42915,
84,53,53,53,53,53,53,53,53,53,53,53,53,53,53,53,53,53,53,53,53,53,16425,53,53,53,53,53,53,53,53,53,53,19173,53,53,12318,53,53,53,53,23256,53,25937,60394,38416,3653,48971,2995,6535,43720,37755,53,34695,53987,3162,53,27649,26204,53,53,35232,33416,53,22541,56379,53,4256,53,18080,53,26739,47788,21012,21814,35509,1479,28051,20567,30936,54091,
85,53,53,53,53,53,53,53,53,53,53,53,53,53,53,53,53,53,53,53,53,53,53,53,53,53,53,12171,53,53,53,53,53,53,53,53,53,53,53,53,53,26056,53,53,6231,16604,53,29493,54305,45897,12864,49655,31027,25568,44391,1855,47052,18871,28589,53,53,29096,53,41179,53,16846,53,9819,49474,53,17309,47280,57798,1402,57560,7599,28000,51432,53,52468,53,
86,53,53,53,53,53,53,53,53,53,53,13476,53,53,53,53,21312,19603,53,12400,53,5165,53,53,2328,53,53,53,53,53,53,53,53,30498,30572,53,41467,53,5873,53,53,48309,10337,19331,53,21908,26817,54550,45660,53,3033,39090,49233,40219,39489,56927,41230,24047,33644,20008,24019,49437,6638,10528,5286,53,45214,48687,53,53,11036,28595,40655,30353,31719,36079,53,15630,49608,17401,25388,
87,53,53,53,53,53,53,53,53,218,34188,12545,53,53,53,53,53,53,53,53,12545,53,4374,53,53,53,53,53,20923,53,53,53,53,53,53,53,53,53,4560,53,21479,11388,40779,27148,53,34296,12229,53,53,40530,26760,6699,34647,47163,1378,51461,11411,53,43942,54149,53,33581,53,53,43714,25996,476,53,22365,53,4237,275,8215,20712,16268,35968,6208,53,46358,54305,32424,
88,53,53,53,53,53,53,53,53,53,53,53,53,53,53,53,53,53,53,53,53,53,53,13384,18570,53,53,53,53,53,53,53,53,53,53,53,53,53,53,53,53,53,11701,42596,1933,53,704,21490,10236,17835,53,42562,24545,53,21853,58925,47922,48623,53,11529,60678,28273,42566,13126,31367,43906,36412,10971,1653,31706,32208,6126,5016,12415,58025,15857,37048,53,53,53,4798,
89,53,53,53,53,53,53,53,53,53,53,53,53,53,53,53,53,53,53,53,53,53,53,53,53,53,53,53,53,53,53,53,53,53,53,53,53,53,53,53,53,42062,53,53,53,53,53,22741,53,44405,53,53,53,53,23163,53,10334,53,26478,53,11431,53,53,53,40885,55964,53,53,1983,46230,13278,53,53,20695,53,53,41748,5876,26931,37920,53,
90,53,53,53,53,53,53,53,53,53,53,31719,53,53,53,53,53,53,53,53,53,53,53,53,53,53,53,53,53,53,53,53,53,53,53,53,53,53,53,53,53,53,53,41665,53,54984,46280,27821,38813,4088,52600,42803,44255,47245,53,24955,53,32482,53,36837,53,18993,37304,4026,49294,42937,6760,1530,51161,47949,25151,30318,53,47041,35878,52711,33618,19577,53,36957,60576,
91,53,53,53,53,53,53,53,53,53,53,53,53,53,53,53,53,53,53,53,53,53,53,53,53,53,53,53,53,53,53,53,53,53,53,53,53,53,53,53,53,36007,53,42002,39221,35920,31972,20804,18616,53,19362,38324,22320,49451,7186,53,19079,53,50406,26506,53,54037,29578,42444,53,34450,53,53,47676,22666,53,15306,3639,53,14931,32934,53,58949,15238,30721,41201,
92,53,53,53,53,53,53,53,53,53,53,53,53,53,53,53,53,53,53,53,53,53,53,53,35931,2055,13948,53,53,53,53,53,53,53,53,53,53,53,4980,53,53,53,43486,13455,7808,45553,53,53,53,53,24124,53,53,53,23518,48747,34166,14055,42230,23814,53,11568,23132,53,53,53,45793,20384,9156,31168,53,41305,876,53,26279,2341,36921,53,41064,53,48414,
93,53,53,53,53,53,53,53,53,53,53,53,53,53,5201,3295,53,2297,53,3295,53,53,2297,53,53,53,1182,9515,20572,10780,53,53,53,53,53,53,3295,53,2297,43486,53,38739,26297,35896,37845,36539,23977,53,53,15972,48506,16453,17891,47622,17385,27765,34214,38658,671,673,26175,57992,8867,36639,53,12988,31591,2195,58906,15086,27537,42319,18516,17042,37163,53,14824,17161,2311,28129,49400,
94,53,53,53,53,53,53,53,53,53,53,53,53,53,53,53,53,53,53,53,53,53,53,53,53,53,53,53,53,53,53,47285,53,53,43000,53,53,53,53,53,53,53,41792,48332,48234,40708,53,21121,53,25323,57137,53,27120,53,49889,53,59617,53,20506,58268,6869,43815,44862,53,25261,53,6541,48230,53,5937,47830,53,56664,39952,53,53,28850,53,36701,28489,53,
95,53,53,53,53,53,53,53,53,53,53,53,53,53,53,53,53,53,11787,53,53,53,53,53,15945,53,26116,633,22353,53,53,53,53,53,53,27342,53,53,53,53,53,27606,5376,6341,13110,53206,53,53,53,53,53,24280,37445,5657,29756,32718,53,7799,18214,53,15372,15442,6976,20085,36132,59076,53,53,12890,53,50060,7681,56687,55084,53,53,11694,53,45196,18445,53,
96,53,53,53,53,53,53,53,53,53,53,53,12131,53,53,53,53,53,53,53,53,53,53,53,53,53,53,53,53,53,53,53,53,53,53,53,53,53,53,53,53,53,53,11874,34558,53,53,28029,12886,53,53,42242,53125,48323,53,53,53,53,21167,53,18686,27615,53,44160,30791,24235,22498,47694,33302,50133,3697,37250,53,53,16005,59251,26847,33400,53,53,55266,
97,53,53,53,53,53,53,53,53,53,53,53,53,53,1412,53,53,53,53,53,53,53,53,53,53,53,53,53,53,53,53,53,53,53,4910,53,21410,53,53,53,53,17424,1328,43368,7678,53,53,53,39055,25514,2689,53,12166,35953,5284,57167,49985,41758,53,52910,27504,8213,53,43340,23951,1979,53,10228,18070,58565,42958,53,10553,53,5333,51955,53,33956,41897,1919,37763,
98,53,53,53,53,53,53,53,53,53,53,2494,53,53,53,53,53,53,53,53,53,53,53,10176,53,53,53,53,53,53,53,53,53,53,7403,53,53,53,53,23783,53,53,53,8322,12091,2290,53,53,44743,53,15607,47634,37435,53,53,12071,10545,33998,53,53,38619,53,34671,48954,48664,29812,57586,53,53,49845,10164,5851,45133,7407,53,28307,53,23548,16636,27322,30980,
99,53,53,53,53,53,53,53,53,53,53,53,53,23103,53,17119,40450,53,12829,53,53,53,31598,53,53,30980,53,53,53,19564,53,53,53,53,3354,53,53,53,18373,53,53,52034,44770,43679,46810,32825,25661,49732,53,18422,53,50531,53,41292,34319,47256,54211,38438,34399,29984,22141,53,27783,53,55573,50855,823,45203,31685,12144,60321,53,35855,40300,57292,12471,20124,15351,21788,53,18251,
100,53,53,53,53,53,53,53,53,53,53,53,53,53,53,53,53,53,53,53,53,53,53,53,53,53,53,53,53,53,53,53,53,53,53,53,53,53,53,53,53,53,7170,53,5809,53,53,31971,54951,29121,36076,49203,53,53,23210,43218,53,1859,49962,53,1867,53,53,40310,10379,21300,1491,53,21482,24207,53,25677,10195,53,36055,40126,53,12929,35135,31709,53,
