1,16746,37155,5117,22500,23712,13945,6948,11552,9414,28925,13632,30718,36259,35109,31631,10868,7797,31910,12162,46271,
2,5117,5117,514,1431,912,1420,4180,3360,514,566,196,1667,56852,10463,49261,16819,2384,33497,23965,4840,
3,196,514,345,345,965,598,8326,4361,3676,345,7298,25989,7033,19781,8307,1409,2700,7774,47173,24605,
4,196,345,345,345,345,347,689,345,1595,347,10408,20961,345,1870,35998,4925,3965,11579,345,23291,
5,196,345,345,345,345,347,345,345,345,345,30325,6230,40172,8155,24568,345,345,7417,10173,34888,
6,196,345,1158,345,345,345,345,345,345,345,10928,678,345,44147,21366,10575,46565,34182,345,40086,
7,196,345,345,345,345,345,345,345,345,345,45837,30670,20251,427,19717,225,44286,13027,42044,22587,
8,196,225,345,345,345,345,345,225,345,345,47119,22739,30143,7571,345,345,19580,9610,33090,58738,
9,196,225,225,225,345,345,345,225,225,345,345,41936,1105,54097,52914,17084,12748,4904,25944,225,
10,196,225,225,1790,225,225,225,345,225,225,7900,30536,35948,7281,7063,17603,556,225,16456,225,
11,196,225,225,225,225,225,225,225,225,225,12139,225,2549,49281,225,11972,7786,29793,48154,11366,
12,196,225,225,225,225,225,225,225,225,225,10172,225,225,1177,55978,13752,25123,225,25290,13471,
13,196,225,225,225,225,225,225,225,225,225,54116,19338,47182,719,225,225,225,11724,14744,225,
14,196,225,225,225,225,225,1107,225,225,225,225,12344,22838,16434,4466,31149,3383,6757,32674,46515,
15,196,225,225,225,225,225,225,225,225,225,38609,30317,41940,4460,225,7755,19778,9840,11720,14696,
16,196,225,225,225,225,225,225,225,225,225,5182,225,12052,13523,42245,804,49999,30802,16968,47864,
17,196,225,225,225,225,225,225,225,225,225,33774,31140,21647,2430,17314,20822,40223,225,28312,11870,
18,196,225,225,225,225,225,225,225,225,225,23266,57239,27580,19548,553,33578,30324,18165,9405,26829,
19,196,225,225,225,225,225,225,225,225,225,225,48286,59075,34871,61549,34860,45428,56228,225,4212,
20,196,225,225,225,225,225,225,225,225,225,13066,35389,49445,225,30381,20869,42463,57936,225,21402,
21,196,225,225,225,225,225,225,225,225,225,39759,15034,15942,26144,39662,28858,17727,18121,961,225,
22,196,225,225,225,225,225,225,225,225,225,30137,16562,13336,39185,47983,6206,225,55424,27077,20528,
23,196,225,225,225,225,9434,225,225,367,225,2035,5888,23115,225,225,225,225,10493,14696,3670,
24,196,225,225,225,225,225,225,225,225,225,42374,43916,1800,46413,225,225,18326,5823,40406,225,
25,196,225,225,225,225,225,225,225,225,225,41903,28284,42264,16258,225,22934,3758,27988,24181,225,
26,196,225,225,225,225,1564,225,225,225,225,29276,49103,1702,225,4982,225,22792,56931,34965,7290,
27,196,225,225,225,225,225,225,225,225,225,12491,4903,17494,225,181,6015,19553,44480,41055,6789,
28,181,181,225,225,181,225,225,225,225,181,225,7044,39825,33817,225,15737,29127,225,225,24416,
29,181,181,181,181,225,181,181,181,181,225,509,36461,2507,3472,56799,16733,26374,19654,17923,44133,
30,181,181,181,181,225,181,181,181,181,181,181,18441,58722,10500,50316,21594,10198,181,1439,19808,
31,181,181,181,181,181,181,181,181,181,181,41046,6016,181,10715,48592,42841,181,1720,181,53775,
32,181,181,181,181,181,181,181,181,181,181,41232,15562,24117,18346,5803,11013,181,7942,10120,14969,
33,181,181,181,181,3361,181,181,181,181,181,27513,31259,57240,56376,181,47342,53310,37135,18899,10772,
34,181,181,181,181,181,181,181,181,181,181,181,9870,181,6854,33946,181,181,45623,7033,23790,
35,181,181,181,181,181,181,181,181,181,181,52375,28448,20766,181,21820,12222,11701,181,15103,22435,
36,181,181,181,181,181,181,181,181,181,181,39813,181,35103,30296,15000,22934,32703,33746,181,14672,
37,181,181,181,181,181,181,181,181,181,181,13085,10030,43460,13880,13716,37906,52237,181,24375,15141,
38,181,181,181,181,181,181,181,181,181,181,24293,28048,34143,17811,9865,9517,17763,4308,29465,44037,
39,181,181,181,7321,181,181,181,181,181,181,53037,29981,5250,181,21560,17106,2821,181,181,181,
40,181,181,181,181,181,181,181,181,181,181,181,15786,40212,181,31182,30011,52100,14764,8871,13294,
41,181,181,181,15030,181,181,181,181,181,181,40699,39503,181,15579,33083,9681,4110,22417,12791,33426,
42,181,181,181,181,181,181,181,181,14745,181,6937,42774,4022,12610,17323,21709,181,18327,56333,20755,
43,181,181,181,181,181,181,181,181,181,181,181,181,34339,33979,34825,36552,91,4418,52384,21062,
44,91,181,181,181,181,91,91,181,181,181,30349,25313,48024,91,50076,91,35026,9602,181,181,
45,91,91,181,91,91,91,91,91,91,181,218,49245,50109,47675,34964,51015,181,38043,91,44399,
46,91,91,91,91,91,91,91,19803,91,91,91,91,19439,16065,29330,53662,91,48405,22822,91,
47,91,91,91,91,91,91,91,91,91,91,26493,91,17662,8826,91,23507,4154,91,91,22860,
48,91,91,91,91,91,91,91,91,91,91,53959,91,4950,32831,23725,48990,49726,91,91,49943,
49,91,91,91,91,91,91,91,91,91,91,91,91,91,49267,48588,24138,11782,47258,91,47919,
50,91,91,91,91,91,91,91,91,91,91,42857,91,91,14046,91,9760,48577,91,35708,25112,
51,91,91,91,91,91,91,91,91,91,91,91,34415,1736,20003,91,27801,52925,55533,6514,91,
52,91,91,91,91,91,91,91,15466,91,91,91,48278,27564,12783,1266,91,24558,45556,10506,91,
53,91,91,91,91,91,91,91,91,91,91,39751,91,22823,54267,46324,91,49446,45760,24322,91,
54,91,91,91,91,91,91,91,91,91,91,91,28876,53053,22726,60814,91,14820,24886,91,47318,
55,91,91,91,91,91,91,91,15157,91,15157,91,91,41584,91,91,91,39111,91,50459,91,
56,91,91,91,91,91,91,91,91,91,91,56296,43201,35924,28333,14626,37041,38344,91,30224,45452,
57,91,91,91,91,91,91,91,91,91,91,54109,43086,54038,18627,91,91,26443,17197,44074,29401,
58,91,91,91,91,91,91,91,91,91,91,47358,91,91,49098,29327,22116,8048,91,57652,44083,
59,91,91,91,91,91,91,91,91,91,91,91,91,19335,91,47366,22486,25591,91,15603,91,
60,91,91,91,91,91,91,91,91,91,91,48161,3442,7320,44681,49981,47472,5019,28550,91,57575,
61,91,91,91,91,91,91,91,91,91,91,42241,91,31183,27477,48664,91,44777,36582,19570,47283,
62,91,91,91,91,91,91,91,91,91,91,91,42487,53400,91,91,30870,47435,15284,91,59748,
63,91,91,91,91,91,91,91,91,91,91,58950,11285,91,48476,43212,8355,9078,91,47884,91,
64,91,91,91,91,91,91,91,91,91,91,91,10614,36031,57571,36944,7607,6677,91,91,49282,
65,91,91,91,91,91,91,91,91,91,91,91,53509,10955,50590,12792,12074,49364,91,16688,91,
66,91,91,91,91,91,91,91,91,91,91,50576,30869,53712,4187,41104,14962,55320,37914,29403,91,
67,91,91,91,91,91,91,91,91,91,91,91,91,21321,53811,3988,28466,11979,91,1450,91,
68,91,91,91,91,91,91,91,91,91,91,24317,18700,22147,14429,44721,91,20005,91,36199,19129,
69,91,91,91,91,91,91,91,91,91,91,9175,91,91,33311,275,91,46362,91,91,16043,
70,91,91,91,91,91,91,91,91,91,91,91,43538,45489,91,91,91,43906,22865,36129,91,
71,91,91,91,6253,91,91,91,91,91,91,91,6165,17472,42339,55361,52239,91,37861,36989,91,
72,91,91,91,91,91,91,91,91,91,91,41953,91,42861,16768,54437,91,59520,12910,31719,42392,
73,91,91,91,91,91,91,91,91,91,91,48029,34126,46277,49165,34011,18645,91,91,91,47142,
74,91,91,91,91,91,91,91,91,91,91,21808,91,91,91,51116,33351,57505,47933,91,29281,
75,91,91,91,91,91,91,91,91,91,91,91,42829,6046,55700,25631,50725,91,11779,29881,49002,
76,91,91,91,91,91,91,91,91,91,91,91,41860,47758,91,91,91,91,55407,91,91,
77,91,91,91,91,91,91,91,91,91,91,91,33317,91,12657,8346,52171,47630,91,91,16527,
78,91,91,91,91,91,91,91,91,91,91,43382,91,91,91,15395,25919,91,91,91,91,
79,91,91,91,91,91,91,91,91,91,91,46363,42520,24973,32957,12089,91,91,91,27580,42330,
80,91,91,91,91,91,91,91,91,91,91,91,39439,22059,91,54958,22517,51735,50547,91,39389,
81,91,91,91,91,91,91,91,91,91,91,91,38379,91,30506,91,56388,17814,16517,7390,794,
82,91,91,91,91,91,91,91,91,91,91,50154,58759,50909,54888,36411,91,57659,21829,91,91,
83,91,91,91,91,91,91,91,91,91,13089,12149,26740,60488,91,58575,36254,91,8699,28818,91,
84,91,91,91,91,91,91,91,91,91,91,22837,4612,29723,35266,91,91,91,45989,24472,35517,
85,91,91,91,91,91,91,91,91,91,91,44472,47974,91,91,91,91,91,91,91,22789,
86,91,91,91,91,91,91,91,91,91,91,91,40046,36026,91,56920,14721,45187,91,91,19349,
87,91,91,91,91,91,91,91,91,91,91,20368,27412,91,91,91,48405,36058,37469,18577,91,
88,91,91,91,91,91,91,91,91,91,91,33206,54390,91,91,45608,33133,25832,12470,47278,1870,
89,91,91,91,91,91,91,91,91,91,91,48429,42073,27866,33242,27566,7711,91,91,91,37531,
90,91,91,91,91,91,91,91,91,91,91,49945,91,45017,91,11525,45741,7046,91,11935,44884,
91,91,91,91,91,91,91,91,91,91,91,29515,52194,91,32430,91,91,21014,91,40941,17775,
92,91,91,91,91,91,91,91,91,91,91,91,13274,52711,32898,91,91,57763,35468,91,55948,
93,91,91,91,91,91,91,91,91,91,91,91,47876,31604,91,40353,17063,22297,91,34547,56362,
94,91,91,91,91,91,91,91,91,91,91,10869,33099,91,38178,46156,11549,16389,17586,22997,41464,
95,91,91,91,91,91,91,91,91,91,91,53924,41855,91,91,23864,21183,47212,31253,91,91,
96,91,91,91,91,91,91,91,91,91,91,13691,91,57765,91,91,91,91,34151,91,91,
97,91,91,91,91,91,91,91,91,91,91,91,91,3598,38880,59371,91,91,40425,57247,32255,
98,91,91,91,91,91,91,91,91,91,91,91,15057,91,91,91,91,49741,91,91,91,
99,91,91,91,91,91,91,91,91,91,91,91,91,4909,91,21509,20169,51457,51165,91,42353,
100,91,91,91,91,91,91,91,91,91,91,49253,20070,46791,13305,91,91,91,43294,554,91,
