1,43404,12852,44009,44396,61615,21270,35366,10002,3107,31338,6228,39086,32824,39589,40478,13284,34435,14164,33594,48079,10173,37135,49062,3225,4355,48382,2837,33001,6606,45013,38425,11490,16087,20902,29800,41698,27740,49021,6991,37794,19599,47210,51104,18522,6717,50970,34878,5719,37310,39618,7783,38499,32413,1824,47105,45520,42297,10857,19332,17299,24995,40125,3451,23490,11875,4289,39217,12360,2488,46009,27559,37528,38415,26829,5348,7485,38335,39797,46549,15783,
2,43404,12852,44009,44396,61615,21270,35366,10002,3107,31338,6228,39086,32824,39589,40478,13284,34435,14164,33594,48079,10173,37135,49062,3225,4355,48382,2837,33001,6606,45013,38425,11490,16087,20902,29800,41698,27740,49021,6991,37794,19599,47210,51104,18522,6717,50970,34878,5719,37310,39618,7783,38499,32413,1824,47105,45520,42297,10857,19332,17299,24995,40125,3451,23490,11875,4289,39217,12360,2488,46009,27559,37528,13922,18126,10490,9235,13933,10755,3175,1293,
3,43404,12852,44009,44396,61615,21270,35366,10002,3107,31338,6228,39086,32824,39589,40478,13284,34435,14164,33594,48079,10173,37135,49062,3225,4355,48382,2837,33001,6606,45013,38425,11490,16087,20902,29800,41698,27740,49021,6991,37794,19599,47210,51104,18522,6717,50970,34878,5719,37310,39618,7783,38499,32413,1824,47105,45520,42297,10857,19332,17299,24995,40125,3451,23490,11875,4289,39217,12360,2488,46009,27559,37528,28647,1734,5891,42718,13545,18755,5835,4083,
4,43404,12852,44009,44396,61615,21270,35366,10002,3107,31338,6228,39086,32824,39589,40478,13284,34435,14164,33594,48079,10173,37135,49062,3225,4355,48382,2837,33001,6606,45013,38425,11490,16087,20902,29800,41698,27740,49021,6991,37794,19599,47210,51104,18522,6717,50970,34878,5719,37310,39618,7783,38499,32413,1824,47105,45520,42297,10857,19332,17299,24995,40125,3451,23490,11875,4289,39217,12360,2488,46009,27559,37528,3335,22713,18586,2613,18443,1549,8244,1722,
5,43404,12852,44009,44396,61615,21270,35366,10002,3107,31338,6228,39086,32824,39589,40478,13284,34435,14164,33594,48079,10173,37135,49062,3225,4355,48382,2837,33001,6606,45013,38425,11490,16087,20902,29800,41698,27740,49021,6991,37794,19599,47210,51104,18522,6717,50970,34878,5719,37310,39618,7783,38499,32413,1824,47105,45520,42297,10857,19332,17299,24995,40125,3451,23490,11875,4289,39217,12360,2488,46009,27559,37528,10665,6291,27839,5442,12771,689,33076,19574,
6,43404,12852,44009,44396,61615,21270,35366,10002,3107,31338,6228,39086,32824,39589,40478,13284,34435,14164,33594,48079,10173,37135,49062,3225,4355,48382,2837,33001,6606,45013,38425,11490,16087,20902,29800,41698,27740,49021,6991,37794,19599,47210,51104,18522,6717,50970,34878,5719,37310,39618,7783,38499,32413,1824,47105,45520,42297,10857,19332,17299,24995,40125,3451,23490,11875,4289,39217,12360,2488,46009,27559,37528,112,4037,18580,12420,2404,25287,807,9604,
7,43404,12852,44009,44396,61615,21270,35366,10002,3107,31338,6228,39086,32824,39589,40478,13284,34435,14164,33594,48079,10173,37135,49062,3225,4355,48382,2837,33001,6606,45013,38425,11490,16087,20902,29800,41698,27740,49021,6991,37794,19599,47210,51104,18522,6717,50970,34878,5719,37310,39618,7783,38499,32413,1824,47105,45520,42297,10857,19332,17299,24995,40125,3451,23490,11875,4289,39217,12360,2488,46009,27559,37528,22687,2077,1868,3715,719,14904,19261,23975,
8,43404,12852,44009,44396,61615,21270,35366,10002,3107,31338,6228,39086,32824,39589,40478,13284,34435,14164,33594,48079,10173,37135,49062,3225,4355,48382,2837,33001,6606,45013,38425,11490,16087,20902,29800,41698,27740,49021,6991,37794,19599,47210,51104,18522,6717,50970,34878,5719,37310,39618,7783,38499,32413,1824,47105,45520,42297,10857,19332,17299,24995,40125,3451,23490,11875,4289,39217,12360,2488,46009,27559,37528,16055,22812,15941,2683,12355,45227,20689,4817,
9,43404,12852,44009,44396,61615,21270,35366,10002,3107,31338,6228,39086,32824,39589,40478,13284,34435,14164,33594,48079,10173,37135,49062,3225,4355,48382,2837,33001,6606,45013,38425,11490,16087,20902,29800,41698,27740,49021,6991,37794,19599,47210,51104,18522,6717,50970,34878,5719,37310,39618,7783,38499,32413,1824,47105,45520,42297,10857,19332,17299,24995,40125,3451,23490,11875,4289,39217,12360,2488,46009,27559,37528,12045,29524,14042,35742,2204,15373,9751,4034,
10,43404,12852,44009,44396,61615,21270,35366,10002,3107,31338,6228,39086,32824,39589,40478,13284,34435,14164,33594,48079,10173,37135,49062,3225,4355,48382,2837,33001,6606,45013,38425,11490,16087,20902,29800,41698,27740,49021,6991,37794,19599,47210,51104,18522,6717,50970,34878,5719,37310,39618,7783,38499,32413,1824,47105,45520,42297,10857,19332,17299,24995,40125,3451,23490,11875,4289,39217,12360,2488,46009,27559,37528,12761,20050,28402,5852,15829,30017,23527,12104,
11,43404,12852,44009,44396,61615,21270,35366,10002,3107,31338,6228,39086,32824,39589,40478,13284,34435,14164,33594,48079,10173,37135,49062,3225,4355,48382,2837,33001,6606,45013,38425,11490,16087,20902,29800,41698,27740,49021,6991,37794,19599,47210,51104,18522,6717,50970,34878,5719,37310,39618,7783,38499,32413,1824,47105,45520,42297,10857,19332,17299,24995,40125,3451,23490,11875,4289,39217,12360,2488,46009,27559,37528,13825,7570,1164,14168,14285,3100,39247,17391,
12,43404,12852,44009,44396,61615,21270,35366,10002,3107,31338,6228,39086,32824,39589,40478,13284,34435,14164,33594,48079,10173,37135,49062,3225,4355,48382,2837,33001,6606,45013,38425,11490,16087,20902,29800,41698,27740,49021,6991,37794,19599,47210,51104,18522,6717,50970,34878,5719,37310,39618,7783,38499,32413,1824,47105,45520,42297,10857,19332,17299,24995,40125,3451,23490,11875,4289,39217,12360,2488,46009,27559,37528,13825,22348,23941,22271,26599,6547,3112,20212,
13,43404,12852,44009,44396,61615,21270,35366,10002,3107,31338,6228,39086,32824,39589,40478,13284,34435,14164,33594,48079,10173,37135,49062,3225,4355,48382,2837,33001,6606,45013,38425,11490,16087,20902,29800,41698,27740,49021,6991,37794,19599,47210,51104,18522,6717,50970,34878,5719,37310,39618,7783,38499,32413,1824,47105,45520,42297,10857,19332,17299,24995,40125,3451,23490,11875,4289,39217,12360,2488,46009,27559,37528,13825,4336,36038,10464,14161,27377,24456,25591,
14,43404,12852,44009,44396,61615,21270,35366,10002,3107,31338,6228,39086,32824,39589,40478,13284,34435,14164,33594,48079,10173,37135,49062,3225,4355,48382,2837,33001,6606,45013,38425,11490,16087,20902,29800,41698,27740,49021,6991,37794,19599,47210,51104,18522,6717,50970,34878,5719,37310,39618,7783,38499,32413,1824,47105,45520,42297,10857,19332,17299,24995,40125,3451,23490,11875,4289,39217,12360,2488,46009,27559,37528,30987,1962,39831,9818,5159,10535,37161,9446,
15,43404,12852,44009,44396,61615,21270,35366,10002,3107,31338,6228,39086,32824,39589,40478,13284,34435,14164,33594,48079,10173,37135,49062,3225,4355,48382,2837,33001,6606,45013,38425,11490,16087,20902,29800,41698,27740,49021,6991,37794,19599,47210,51104,18522,6717,50970,34878,5719,37310,39618,7783,38499,32413,1824,47105,45520,42297,10857,19332,17299,24995,40125,3451,23490,11875,4289,39217,12360,2488,46009,27559,37528,31064,7219,7493,2593,20368,1120,5617,5434,
16,43404,12852,44009,44396,61615,21270,35366,10002,3107,31338,6228,39086,32824,39589,40478,13284,34435,14164,33594,48079,10173,37135,49062,3225,4355,48382,2837,33001,6606,45013,38425,11490,16087,20902,29800,41698,27740,49021,6991,37794,19599,47210,51104,18522,6717,50970,34878,5719,37310,39618,7783,38499,32413,1824,47105,45520,42297,10857,19332,17299,24995,40125,3451,23490,11875,4289,39217,12360,2488,46009,27559,37528,14159,18736,169,8378,42816,1120,28296,19011,
17,43404,12852,44009,44396,61615,21270,35366,10002,3107,31338,6228,39086,32824,39589,40478,13284,34435,14164,33594,48079,10173,37135,49062,3225,4355,48382,2837,33001,6606,45013,38425,11490,16087,20902,29800,41698,27740,49021,6991,37794,19599,47210,51104,18522,6717,50970,34878,5719,37310,39618,7783,38499,32413,1824,47105,45520,42297,10857,19332,17299,24995,40125,3451,23490,11875,4289,39217,12360,2488,46009,27559,37528,22697,20740,22559,6992,14441,23029,12523,34920,
18,43404,12852,44009,44396,61615,21270,35366,10002,3107,31338,6228,39086,32824,39589,40478,13284,34435,14164,33594,48079,10173,37135,49062,3225,4355,48382,2837,33001,6606,45013,38425,11490,16087,20902,29800,41698,27740,49021,6991,37794,19599,47210,51104,18522,6717,50970,34878,5719,37310,39618,7783,38499,32413,1824,47105,45520,42297,10857,19332,17299,24995,40125,3451,23490,11875,4289,39217,12360,2488,46009,27559,37528,30138,15338,10126,21472,10620,10860,4981,6321,
19,43404,12852,44009,44396,61615,21270,35366,10002,3107,31338,6228,39086,32824,39589,40478,13284,34435,14164,33594,48079,10173,37135,49062,3225,4355,48382,2837,33001,6606,45013,38425,11490,16087,20902,29800,41698,27740,49021,6991,37794,19599,47210,51104,18522,6717,50970,34878,5719,37310,39618,7783,38499,32413,1824,47105,45520,42297,10857,19332,17299,24995,40125,3451,23490,11875,4289,39217,12360,2488,46009,27559,37528,27165,24931,17040,9387,12936,3632,31870,2382,
20,43404,12852,44009,44396,61615,21270,35366,10002,3107,31338,6228,39086,32824,39589,40478,13284,34435,14164,33594,48079,10173,37135,49062,3225,4355,48382,2837,33001,6606,45013,38425,11490,16087,20902,29800,41698,27740,49021,6991,37794,19599,47210,51104,18522,6717,50970,34878,5719,37310,39618,7783,38499,32413,1824,47105,45520,42297,10857,19332,17299,24995,40125,3451,23490,11875,4289,39217,12360,2488,46009,27559,37528,12802,24393,7524,5414,9036,11689,6275,45010,
21,43404,12852,44009,44396,61615,21270,35366,10002,3107,31338,6228,39086,32824,39589,40478,13284,34435,14164,33594,48079,10173,37135,49062,3225,4355,48382,2837,33001,6606,45013,38425,11490,16087,20902,29800,41698,27740,49021,6991,37794,19599,47210,51104,18522,6717,50970,34878,5719,37310,39618,7783,38499,32413,1824,47105,45520,42297,10857,19332,17299,24995,40125,3451,23490,11875,4289,39217,12360,2488,46009,27559,37528,12354,38492,3216,4470,12794,2512,5798,677,
22,43404,12852,44009,44396,61615,21270,35366,10002,3107,31338,6228,39086,32824,39589,40478,13284,34435,14164,33594,48079,10173,37135,49062,3225,4355,48382,2837,33001,6606,45013,38425,11490,16087,20902,29800,41698,27740,49021,6991,37794,19599,47210,51104,18522,6717,50970,34878,5719,37310,39618,7783,38499,32413,1824,47105,45520,42297,10857,19332,17299,24995,40125,3451,23490,11875,4289,39217,12360,2488,46009,27559,37528,47144,683,10761,25864,3135,10705,4891,3626,
23,43404,12852,44009,44396,61615,21270,35366,10002,3107,31338,6228,39086,32824,39589,40478,13284,34435,14164,33594,48079,10173,37135,49062,3225,4355,48382,2837,33001,6606,45013,38425,11490,16087,20902,29800,41698,27740,49021,6991,37794,19599,47210,51104,18522,6717,50970,34878,5719,37310,39618,7783,38499,32413,1824,47105,45520,42297,10857,19332,17299,24995,40125,3451,23490,11875,4289,39217,12360,2488,46009,27559,37528,21949,240,32411,10253,901,26725,24851,25546,
24,43404,12852,44009,44396,61615,21270,35366,10002,3107,31338,6228,39086,32824,39589,40478,13284,34435,14164,33594,48079,10173,37135,49062,3225,4355,48382,2837,33001,6606,45013,38425,11490,16087,20902,29800,41698,27740,49021,6991,37794,19599,47210,51104,18522,6717,50970,34878,5719,37310,39618,7783,38499,32413,1824,47105,45520,42297,10857,19332,17299,24995,40125,3451,23490,11875,4289,39217,12360,2488,46009,27559,37528,31267,38752,5316,46,557,1185,29856,5074,
25,43404,12852,44009,44396,61615,21270,35366,10002,3107,31338,6228,39086,32824,39589,40478,13284,34435,14164,33594,48079,10173,37135,49062,3225,4355,48382,2837,33001,6606,45013,38425,11490,16087,20902,29800,41698,27740,49021,6991,37794,19599,47210,51104,18522,6717,50970,34878,5719,37310,39618,7783,38499,32413,1824,47105,45520,42297,10857,19332,17299,24995,40125,3451,23490,11875,4289,39217,12360,2488,46009,27559,37528,14219,14402,32685,23996,3006,19041,34027,20382,
26,43404,12852,44009,44396,61615,21270,35366,10002,3107,31338,6228,39086,32824,39589,40478,13284,34435,14164,33594,48079,10173,37135,49062,3225,4355,48382,2837,33001,6606,45013,38425,11490,16087,20902,29800,41698,27740,49021,6991,37794,19599,47210,51104,18522,6717,50970,34878,5719,37310,39618,7783,38499,32413,1824,47105,45520,42297,10857,19332,17299,24995,40125,3451,23490,11875,4289,39217,12360,2488,46009,27559,37528,46853,16607,8323,20817,3719,26433,13876,8615,
27,43404,12852,44009,44396,61615,21270,35366,10002,3107,31338,6228,39086,32824,39589,40478,13284,34435,14164,33594,48079,10173,37135,49062,3225,4355,48382,2837,33001,6606,45013,38425,11490,16087,20902,29800,41698,27740,49021,6991,37794,19599,47210,51104,18522,6717,50970,34878,5719,37310,39618,7783,38499,32413,1824,47105,45520,42297,10857,19332,17299,24995,40125,3451,23490,11875,4289,39217,12360,2488,46009,27559,37528,37510,21770,6558,7842,6150,12477,4133,40346,
28,43404,12852,44009,44396,61615,21270,35366,10002,3107,31338,6228,39086,32824,39589,40478,13284,34435,14164,33594,48079,10173,37135,49062,3225,4355,48382,2837,33001,6606,45013,38425,11490,16087,20902,29800,41698,27740,49021,6991,37794,19599,47210,51104,18522,6717,50970,34878,5719,37310,39618,7783,38499,32413,1824,47105,45520,42297,10857,19332,17299,24995,40125,3451,23490,11875,4289,39217,12360,2488,46009,27559,37528,22748,12107,2193,7842,21508,6314,4133,7913,
29,43404,12852,44009,44396,61615,21270,35366,10002,3107,31338,6228,39086,32824,39589,40478,13284,34435,14164,33594,48079,10173,37135,49062,3225,4355,48382,2837,33001,6606,45013,38425,11490,16087,20902,29800,41698,27740,49021,6991,37794,19599,47210,51104,18522,6717,50970,34878,5719,37310,39618,7783,38499,32413,1824,47105,45520,42297,10857,19332,17299,24995,40125,3451,23490,11875,4289,39217,12360,2488,46009,27559,37528,44524,39255,30980,17624,25177,30508,30909,8354,
30,43404,12852,44009,44396,61615,21270,35366,10002,3107,31338,6228,39086,32824,39589,40478,13284,34435,14164,33594,48079,10173,37135,49062,3225,4355,48382,2837,33001,6606,45013,38425,11490,16087,20902,29800,41698,27740,49021,6991,37794,19599,47210,51104,18522,6717,50970,34878,5719,37310,39618,7783,38499,32413,1824,47105,45520,42297,10857,19332,17299,24995,40125,3451,23490,11875,4289,39217,12360,2488,46009,27559,37528,41881,42076,1065,3006,2905,2610,19412,8142,
31,43404,12852,44009,44396,61615,21270,35366,10002,3107,31338,6228,39086,32824,39589,40478,13284,34435,14164,33594,48079,10173,37135,49062,3225,4355,48382,2837,33001,6606,45013,38425,11490,16087,20902,29800,41698,27740,49021,6991,37794,19599,47210,51104,18522,6717,50970,34878,5719,37310,39618,7783,38499,32413,1824,47105,45520,42297,10857,19332,17299,24995,40125,3451,23490,11875,4289,39217,12360,2488,46009,27559,37528,14717,12008,1724,10074,9418,28748,12509,6227,
32,43404,12852,44009,44396,61615,21270,35366,10002,3107,31338,6228,39086,32824,39589,40478,13284,34435,14164,33594,48079,10173,37135,49062,3225,4355,48382,2837,33001,6606,45013,38425,11490,16087,20902,29800,41698,27740,49021,6991,37794,19599,47210,51104,18522,6717,50970,34878,5719,37310,39618,7783,38499,32413,1824,47105,45520,42297,10857,19332,17299,24995,40125,3451,23490,11875,4289,39217,12360,2488,46009,27559,37528,39163,41616,13450,24070,2632,4355,29215,17863,
33,43404,12852,44009,44396,61615,21270,35366,10002,3107,31338,6228,39086,32824,39589,40478,13284,34435,14164,33594,48079,10173,37135,49062,3225,4355,48382,2837,33001,6606,45013,38425,11490,16087,20902,29800,41698,27740,49021,6991,37794,19599,47210,51104,18522,6717,50970,34878,5719,37310,39618,7783,38499,32413,1824,47105,45520,42297,10857,19332,17299,24995,40125,3451,23490,11875,4289,39217,12360,2488,46009,27559,37528,30616,11703,15336,42553,3732,28871,38236,11581,
34,43404,12852,44009,44396,61615,21270,35366,10002,3107,31338,6228,39086,32824,39589,40478,13284,34435,14164,33594,48079,10173,37135,49062,3225,4355,48382,2837,33001,6606,45013,38425,11490,16087,20902,29800,41698,27740,49021,6991,37794,19599,47210,51104,18522,6717,50970,34878,5719,37310,39618,7783,38499,32413,1824,47105,45520,42297,10857,19332,17299,24995,40125,3451,23490,11875,4289,39217,12360,2488,46009,27559,37528,13566,26491,1063,14588,12417,1155,9509,24820,
35,43404,12852,44009,44396,61615,21270,35366,10002,3107,31338,6228,39086,32824,39589,40478,13284,34435,14164,33594,48079,10173,37135,49062,3225,4355,48382,2837,33001,6606,45013,38425,11490,16087,20902,29800,41698,27740,49021,6991,37794,19599,47210,51104,18522,6717,50970,34878,5719,37310,39618,7783,38499,32413,1824,47105,45520,42297,10857,19332,17299,24995,40125,3451,23490,11875,4289,39217,12360,2488,46009,27559,37528,41407,49266,1063,2571,13154,38999,1584,23269,
36,43404,12852,44009,44396,61615,21270,35366,10002,3107,31338,6228,39086,32824,39589,40478,13284,34435,14164,33594,48079,10173,37135,49062,3225,4355,48382,2837,33001,6606,45013,38425,11490,16087,20902,29800,41698,27740,49021,6991,37794,19599,47210,51104,18522,6717,50970,34878,5719,37310,39618,7783,38499,32413,1824,47105,45520,42297,10857,19332,17299,24995,40125,3451,23490,11875,4289,39217,12360,2488,46009,27559,37528,12430,20388,7080,17728,13451,21688,15203,2761,
37,43404,12852,44009,44396,61615,21270,35366,10002,3107,31338,6228,39086,32824,39589,40478,13284,34435,14164,33594,48079,10173,37135,49062,3225,4355,48382,2837,33001,6606,45013,38425,11490,16087,20902,29800,41698,27740,49021,6991,37794,19599,47210,51104,18522,6717,50970,34878,5719,37310,39618,7783,38499,32413,1824,47105,45520,42297,10857,19332,17299,24995,40125,3451,23490,11875,4289,39217,12360,2488,46009,27559,37528,19880,36050,43967,12375,24023,971,7185,10515,
38,43404,12852,44009,44396,61615,21270,35366,10002,3107,31338,6228,39086,32824,39589,40478,13284,34435,14164,33594,48079,10173,37135,49062,3225,4355,48382,2837,33001,6606,45013,38425,11490,16087,20902,29800,41698,27740,49021,6991,37794,19599,47210,51104,18522,6717,50970,34878,5719,37310,39618,7783,38499,32413,1824,47105,45520,42297,10857,19332,17299,24995,40125,3451,23490,11875,4289,39217,12360,2488,46009,27559,37528,10752,10699,22541,14785,12559,4093,28362,15100,
39,43404,12852,44009,44396,61615,21270,35366,10002,3107,31338,6228,39086,32824,39589,40478,13284,34435,14164,33594,48079,10173,37135,49062,3225,4355,48382,2837,33001,6606,45013,38425,11490,16087,20902,29800,41698,27740,49021,6991,37794,19599,47210,51104,18522,6717,50970,34878,5719,37310,39618,7783,38499,32413,1824,47105,45520,42297,10857,19332,17299,24995,40125,3451,23490,11875,4289,39217,12360,2488,46009,27559,37528,20962,30429,910,1003,21850,21110,27351,1780,
40,43404,12852,44009,44396,61615,21270,35366,10002,3107,31338,6228,39086,32824,39589,40478,13284,34435,14164,33594,48079,10173,37135,49062,3225,4355,48382,2837,33001,6606,45013,38425,11490,16087,20902,29800,41698,27740,49021,6991,37794,19599,47210,51104,18522,6717,50970,34878,5719,37310,39618,7783,38499,32413,1824,47105,45520,42297,10857,19332,17299,24995,40125,3451,23490,11875,4289,39217,12360,2488,46009,27559,37528,20962,12239,12259,1536,16118,10977,3485,26518,
41,43404,12852,44009,44396,61615,21270,35366,10002,3107,31338,6228,39086,32824,39589,40478,13284,34435,14164,33594,48079,10173,37135,49062,3225,4355,48382,2837,33001,6606,45013,38425,11490,16087,20902,29800,41698,27740,49021,6991,37794,19599,47210,51104,18522,6717,50970,34878,5719,37310,39618,7783,38499,32413,1824,47105,45520,42297,10857,19332,17299,24995,40125,3451,23490,11875,4289,39217,12360,2488,46009,27559,37528,10546,39094,12259,46581,2936,11458,16429,739,
42,43404,12852,44009,44396,61615,21270,35366,10002,3107,31338,6228,39086,32824,39589,40478,13284,34435,14164,33594,48079,10173,37135,49062,3225,4355,48382,2837,33001,6606,45013,38425,11490,16087,20902,29800,41698,27740,49021,6991,37794,19599,47210,51104,18522,6717,50970,34878,5719,37310,39618,7783,38499,32413,1824,47105,45520,42297,10857,19332,17299,24995,40125,3451,23490,11875,4289,39217,12360,2488,46009,27559,37528,37956,17603,26974,13525,820,10097,36807,1240,
43,43404,12852,44009,44396,61615,21270,35366,10002,3107,31338,6228,39086,32824,39589,40478,13284,34435,14164,33594,48079,10173,37135,49062,3225,4355,48382,2837,33001,6606,45013,38425,11490,16087,20902,29800,41698,27740,49021,6991,37794,19599,47210,51104,18522,6717,50970,34878,5719,37310,39618,7783,38499,32413,1824,47105,45520,42297,10857,19332,17299,24995,40125,3451,23490,11875,4289,39217,12360,2488,46009,27559,37528,17503,32626,3772,2704,38859,6961,23835,17360,
44,43404,12852,44009,44396,61615,21270,35366,10002,3107,31338,6228,39086,32824,39589,40478,13284,34435,14164,33594,48079,10173,37135,49062,3225,4355,48382,2837,33001,6606,45013,38425,11490,16087,20902,29800,41698,27740,49021,6991,37794,19599,47210,51104,18522,6717,50970,34878,5719,37310,39618,7783,38499,32413,1824,47105,45520,42297,10857,19332,17299,24995,40125,3451,23490,11875,4289,39217,12360,2488,46009,27559,37528,12427,16776,677,35118,14856,20446,9102,18240,
45,43404,12852,44009,44396,61615,21270,35366,10002,3107,31338,6228,39086,32824,39589,40478,13284,34435,14164,33594,48079,10173,37135,49062,3225,4355,48382,2837,33001,6606,45013,38425,11490,16087,20902,29800,41698,27740,49021,6991,37794,19599,47210,51104,18522,6717,50970,34878,5719,37310,39618,7783,38499,32413,1824,47105,45520,42297,10857,19332,17299,24995,40125,3451,23490,11875,4289,39217,12360,2488,46009,27559,37528,14479,23278,21694,1689,11867,1003,822,15183,
46,43404,12852,44009,44396,61615,21270,35366,10002,3107,31338,6228,39086,32824,39589,40478,13284,34435,14164,33594,48079,10173,37135,49062,3225,4355,48382,2837,33001,6606,45013,38425,11490,16087,20902,29800,41698,27740,49021,6991,37794,19599,47210,51104,18522,6717,50970,34878,5719,37310,39618,7783,38499,32413,1824,47105,45520,42297,10857,19332,17299,24995,40125,3451,23490,11875,4289,39217,12360,2488,46009,27559,37528,47122,14563,9222,1369,14855,9852,854,23707,
47,43404,12852,44009,44396,61615,21270,35366,10002,3107,31338,6228,39086,32824,39589,40478,13284,34435,14164,33594,48079,10173,37135,49062,3225,4355,48382,2837,33001,6606,45013,38425,11490,16087,20902,29800,41698,27740,49021,6991,37794,19599,47210,51104,18522,6717,50970,34878,5719,37310,39618,7783,38499,32413,1824,47105,45520,42297,10857,19332,17299,24995,40125,3451,23490,11875,4289,39217,12360,2488,46009,27559,37528,29016,33190,13463,10524,47356,15455,1797,6862,
48,43404,12852,44009,44396,61615,21270,35366,10002,3107,31338,6228,39086,32824,39589,40478,13284,34435,14164,33594,48079,10173,37135,49062,3225,4355,48382,2837,33001,6606,45013,38425,11490,16087,20902,29800,41698,27740,49021,6991,37794,19599,47210,51104,18522,6717,50970,34878,5719,37310,39618,7783,38499,32413,1824,47105,45520,42297,10857,19332,17299,24995,40125,3451,23490,11875,4289,39217,12360,2488,46009,27559,37528,12991,26546,13967,12930,46487,6740,3191,19084,
49,43404,12852,44009,44396,61615,21270,35366,10002,3107,31338,6228,39086,32824,39589,40478,13284,34435,14164,33594,48079,10173,37135,49062,3225,4355,48382,2837,33001,6606,45013,38425,11490,16087,20902,29800,41698,27740,49021,6991,37794,19599,47210,51104,18522,6717,50970,34878,5719,37310,39618,7783,38499,32413,1824,47105,45520,42297,10857,19332,17299,24995,40125,3451,23490,11875,4289,39217,12360,2488,46009,27559,37528,30260,12339,47159,3034,11090,12086,24740,25210,
50,43404,12852,44009,44396,61615,21270,35366,10002,3107,31338,6228,39086,32824,39589,40478,13284,34435,14164,33594,48079,10173,37135,49062,3225,4355,48382,2837,33001,6606,45013,38425,11490,16087,20902,29800,41698,27740,49021,6991,37794,19599,47210,51104,18522,6717,50970,34878,5719,37310,39618,7783,38499,32413,1824,47105,45520,42297,10857,19332,17299,24995,40125,3451,23490,11875,4289,39217,12360,2488,46009,27559,37528,28103,18073,12391,4576,27880,2239,28727,45165,
51,43404,12852,44009,44396,61615,21270,35366,10002,3107,31338,6228,39086,32824,39589,40478,13284,34435,14164,33594,48079,10173,37135,49062,3225,4355,48382,2837,33001,6606,45013,38425,11490,16087,20902,29800,41698,27740,49021,6991,37794,19599,47210,51104,18522,6717,50970,34878,5719,37310,39618,7783,38499,32413,1824,47105,45520,42297,10857,19332,17299,24995,40125,3451,23490,11875,4289,39217,12360,2488,46009,27559,37528,24275,22044,23235,16925,25174,14223,7906,20308,
52,43404,12852,44009,44396,61615,21270,35366,10002,3107,31338,6228,39086,32824,39589,40478,13284,34435,14164,33594,48079,10173,37135,49062,3225,4355,48382,2837,33001,6606,45013,38425,11490,16087,20902,29800,41698,27740,49021,6991,37794,19599,47210,51104,18522,6717,50970,34878,5719,37310,39618,7783,38499,32413,1824,47105,45520,42297,10857,19332,17299,24995,40125,3451,23490,11875,4289,39217,12360,2488,46009,27559,37528,14132,33608,16582,7389,12806,4657,27442,11263,
53,43404,12852,44009,44396,61615,21270,35366,10002,3107,31338,6228,39086,32824,39589,40478,13284,34435,14164,33594,48079,10173,37135,49062,3225,4355,48382,2837,33001,6606,45013,38425,11490,16087,20902,29800,41698,27740,49021,6991,37794,19599,47210,51104,18522,6717,50970,34878,5719,37310,39618,7783,38499,32413,1824,47105,45520,42297,10857,19332,17299,24995,40125,3451,23490,11875,4289,39217,12360,2488,46009,27559,37528,16548,24272,13163,28254,36004,31544,24241,5148,
54,43404,12852,44009,44396,61615,21270,35366,10002,3107,31338,6228,39086,32824,39589,40478,13284,34435,14164,33594,48079,10173,37135,49062,3225,4355,48382,2837,33001,6606,45013,38425,11490,16087,20902,29800,41698,27740,49021,6991,37794,19599,47210,51104,18522,6717,50970,34878,5719,37310,39618,7783,38499,32413,1824,47105,45520,42297,10857,19332,17299,24995,40125,3451,23490,11875,4289,39217,12360,2488,46009,27559,37528,23086,20436,42220,2336,35781,4626,2068,2968,
55,43404,12852,44009,44396,61615,21270,35366,10002,3107,31338,6228,39086,32824,39589,40478,13284,34435,14164,33594,48079,10173,37135,49062,3225,4355,48382,2837,33001,6606,45013,38425,11490,16087,20902,29800,41698,27740,49021,6991,37794,19599,47210,51104,18522,6717,50970,34878,5719,37310,39618,7783,38499,32413,1824,47105,45520,42297,10857,19332,17299,24995,40125,3451,23490,11875,4289,39217,12360,2488,46009,27559,37528,21869,18676,17178,12339,35270,20700,18675,38798,
56,43404,12852,44009,44396,61615,21270,35366,10002,3107,31338,6228,39086,32824,39589,40478,13284,34435,14164,33594,48079,10173,37135,49062,3225,4355,48382,2837,33001,6606,45013,38425,11490,16087,20902,29800,41698,27740,49021,6991,37794,19599,47210,51104,18522,6717,50970,34878,5719,37310,39618,7783,38499,32413,1824,47105,45520,42297,10857,19332,17299,24995,40125,3451,23490,11875,4289,39217,12360,2488,46009,27559,37528,12249,28539,38375,39018,31533,32538,19459,23964,
57,43404,12852,44009,44396,61615,21270,35366,10002,3107,31338,6228,39086,32824,39589,40478,13284,34435,14164,33594,48079,10173,37135,49062,3225,4355,48382,2837,33001,6606,45013,38425,11490,16087,20902,29800,41698,27740,49021,6991,37794,19599,47210,51104,18522,6717,50970,34878,5719,37310,39618,7783,38499,32413,1824,47105,45520,42297,10857,19332,17299,24995,40125,3451,23490,11875,4289,39217,12360,2488,46009,27559,37528,28569,24067,27183,8932,14578,17886,4396,3091,
58,43404,12852,44009,44396,61615,21270,35366,10002,3107,31338,6228,39086,32824,39589,40478,13284,34435,14164,33594,48079,10173,37135,49062,3225,4355,48382,2837,33001,6606,45013,38425,11490,16087,20902,29800,41698,27740,49021,6991,37794,19599,47210,51104,18522,6717,50970,34878,5719,37310,39618,7783,38499,32413,1824,47105,45520,42297,10857,19332,17299,24995,40125,3451,23490,11875,4289,39217,12360,2488,46009,27559,37528,41353,17291,16370,6196,11314,14217,31286,5390,
59,43404,12852,44009,44396,61615,21270,35366,10002,3107,31338,6228,39086,32824,39589,40478,13284,34435,14164,33594,48079,10173,37135,49062,3225,4355,48382,2837,33001,6606,45013,38425,11490,16087,20902,29800,41698,27740,49021,6991,37794,19599,47210,51104,18522,6717,50970,34878,5719,37310,39618,7783,38499,32413,1824,47105,45520,42297,10857,19332,17299,24995,40125,3451,23490,11875,4289,39217,12360,2488,46009,27559,37528,11565,20086,26683,23198,50974,16674,1802,13647,
60,43404,12852,44009,44396,61615,21270,35366,10002,3107,31338,6228,39086,32824,39589,40478,13284,34435,14164,33594,48079,10173,37135,49062,3225,4355,48382,2837,33001,6606,45013,38425,11490,16087,20902,29800,41698,27740,49021,6991,37794,19599,47210,51104,18522,6717,50970,34878,5719,37310,39618,7783,38499,32413,1824,47105,45520,42297,10857,19332,17299,24995,40125,3451,23490,11875,4289,39217,12360,2488,46009,27559,37528,38025,46875,15070,37906,10666,2519,32652,9204,
61,43404,12852,44009,44396,61615,21270,35366,10002,3107,31338,6228,39086,32824,39589,40478,13284,34435,14164,33594,48079,10173,37135,49062,3225,4355,48382,2837,33001,6606,45013,38425,11490,16087,20902,29800,41698,27740,49021,6991,37794,19599,47210,51104,18522,6717,50970,34878,5719,37310,39618,7783,38499,32413,1824,47105,45520,42297,10857,19332,17299,24995,40125,3451,23490,11875,4289,39217,12360,2488,46009,27559,37528,12109,56881,46751,38826,10666,2785,26047,1391,
62,43404,12852,44009,44396,61615,21270,35366,10002,3107,31338,6228,39086,32824,39589,40478,13284,34435,14164,33594,48079,10173,37135,49062,3225,4355,48382,2837,33001,6606,45013,38425,11490,16087,20902,29800,41698,27740,49021,6991,37794,19599,47210,51104,18522,6717,50970,34878,5719,37310,39618,7783,38499,32413,1824,47105,45520,42297,10857,19332,17299,24995,40125,3451,23490,11875,4289,39217,12360,2488,46009,27559,37528,45064,28391,27044,4997,25514,2561,11408,2081,
63,43404,12852,44009,44396,61615,21270,35366,10002,3107,31338,6228,39086,32824,39589,40478,13284,34435,14164,33594,48079,10173,37135,49062,3225,4355,48382,2837,33001,6606,45013,38425,11490,16087,20902,29800,41698,27740,49021,6991,37794,19599,47210,51104,18522,6717,50970,34878,5719,37310,39618,7783,38499,32413,1824,47105,45520,42297,10857,19332,17299,24995,40125,3451,23490,11875,4289,39217,12360,2488,46009,27559,37528,50676,40565,29323,2029,10170,47548,1938,6983,
64,43404,12852,44009,44396,61615,21270,35366,10002,3107,31338,6228,39086,32824,39589,40478,13284,34435,14164,33594,48079,10173,37135,49062,3225,4355,48382,2837,33001,6606,45013,38425,11490,16087,20902,29800,41698,27740,49021,6991,37794,19599,47210,51104,18522,6717,50970,34878,5719,37310,39618,7783,38499,32413,1824,47105,45520,42297,10857,19332,17299,24995,40125,3451,23490,11875,4289,39217,12360,2488,46009,27559,37528,11668,32105,12245,2544,19878,8016,32500,2939,
65,43404,12852,44009,44396,61615,21270,35366,10002,3107,31338,6228,39086,32824,39589,40478,13284,34435,14164,33594,48079,10173,37135,49062,3225,4355,48382,2837,33001,6606,45013,38425,11490,16087,20902,29800,41698,27740,49021,6991,37794,19599,47210,51104,18522,6717,50970,34878,5719,37310,39618,7783,38499,32413,1824,47105,45520,42297,10857,19332,17299,24995,40125,3451,23490,11875,4289,39217,12360,2488,46009,27559,37528,19438,23994,45026,20291,13414,9463,10870,23043,
66,43404,12852,44009,44396,61615,21270,35366,10002,3107,31338,6228,39086,32824,39589,40478,13284,34435,14164,33594,48079,10173,37135,49062,3225,4355,48382,2837,33001,6606,45013,38425,11490,16087,20902,29800,41698,27740,49021,6991,37794,19599,47210,51104,18522,6717,50970,34878,5719,37310,39618,7783,38499,32413,1824,47105,45520,42297,10857,19332,17299,24995,40125,3451,23490,11875,4289,39217,12360,2488,46009,27559,37528,24126,28945,30236,1649,41965,712,39458,3330,
67,43404,12852,44009,44396,61615,21270,35366,10002,3107,31338,6228,39086,32824,39589,40478,13284,34435,14164,33594,48079,10173,37135,49062,3225,4355,48382,2837,33001,6606,45013,38425,11490,16087,20902,29800,41698,27740,49021,6991,37794,19599,47210,51104,18522,6717,50970,34878,5719,37310,39618,7783,38499,32413,1824,47105,45520,42297,10857,19332,17299,24995,40125,3451,23490,11875,4289,39217,12360,2488,46009,27559,37528,18228,28254,42023,24298,10542,13861,20278,12419,
68,43404,12852,44009,44396,61615,21270,35366,10002,3107,31338,6228,39086,32824,39589,40478,13284,34435,14164,33594,48079,10173,37135,49062,3225,4355,48382,2837,33001,6606,45013,38425,11490,16087,20902,29800,41698,27740,49021,6991,37794,19599,47210,51104,18522,6717,50970,34878,5719,37310,39618,7783,38499,32413,1824,47105,45520,42297,10857,19332,17299,24995,40125,3451,23490,11875,4289,39217,12360,2488,46009,27559,37528,53245,30602,20361,5339,37318,17540,11653,12539,
69,43404,12852,44009,44396,61615,21270,35366,10002,3107,31338,6228,39086,32824,39589,40478,13284,34435,14164,33594,48079,10173,37135,49062,3225,4355,48382,2837,33001,6606,45013,38425,11490,16087,20902,29800,41698,27740,49021,6991,37794,19599,47210,51104,18522,6717,50970,34878,5719,37310,39618,7783,38499,32413,1824,47105,45520,42297,10857,19332,17299,24995,40125,3451,23490,11875,4289,39217,12360,2488,46009,27559,37528,30991,16344,27996,5339,13392,740,60182,2296,
70,43404,12852,44009,44396,61615,21270,35366,10002,3107,31338,6228,39086,32824,39589,40478,13284,34435,14164,33594,48079,10173,37135,49062,3225,4355,48382,2837,33001,6606,45013,38425,11490,16087,20902,29800,41698,27740,49021,6991,37794,19599,47210,51104,18522,6717,50970,34878,5719,37310,39618,7783,38499,32413,1824,47105,45520,42297,10857,19332,17299,24995,40125,3451,23490,11875,4289,39217,12360,2488,46009,27559,37528,26691,25459,15805,374,15834,20809,56994,1508,
71,43404,12852,44009,44396,61615,21270,35366,10002,3107,31338,6228,39086,32824,39589,40478,13284,34435,14164,33594,48079,10173,37135,49062,3225,4355,48382,2837,33001,6606,45013,38425,11490,16087,20902,29800,41698,27740,49021,6991,37794,19599,47210,51104,18522,6717,50970,34878,5719,37310,39618,7783,38499,32413,1824,47105,45520,42297,10857,19332,17299,24995,40125,3451,23490,11875,4289,39217,12360,2488,46009,27559,37528,28905,31255,11025,17264,33588,27621,21725,14031,
72,43404,12852,44009,44396,61615,21270,35366,10002,3107,31338,6228,39086,32824,39589,40478,13284,34435,14164,33594,48079,10173,37135,49062,3225,4355,48382,2837,33001,6606,45013,38425,11490,16087,20902,29800,41698,27740,49021,6991,37794,19599,47210,51104,18522,6717,50970,34878,5719,37310,39618,7783,38499,32413,1824,47105,45520,42297,10857,19332,17299,24995,40125,3451,23490,11875,4289,39217,12360,2488,46009,27559,37528,31238,16069,10326,5725,19990,342,15664,28210,
73,43404,12852,44009,44396,61615,21270,35366,10002,3107,31338,6228,39086,32824,39589,40478,13284,34435,14164,33594,48079,10173,37135,49062,3225,4355,48382,2837,33001,6606,45013,38425,11490,16087,20902,29800,41698,27740,49021,6991,37794,19599,47210,51104,18522,6717,50970,34878,5719,37310,39618,7783,38499,32413,1824,47105,45520,42297,10857,19332,17299,24995,40125,3451,23490,11875,4289,39217,12360,2488,46009,27559,37528,16963,13750,59387,1201,20057,4771,30445,16998,
74,43404,12852,44009,44396,61615,21270,35366,10002,3107,31338,6228,39086,32824,39589,40478,13284,34435,14164,33594,48079,10173,37135,49062,3225,4355,48382,2837,33001,6606,45013,38425,11490,16087,20902,29800,41698,27740,49021,6991,37794,19599,47210,51104,18522,6717,50970,34878,5719,37310,39618,7783,38499,32413,1824,47105,45520,42297,10857,19332,17299,24995,40125,3451,23490,11875,4289,39217,12360,2488,46009,27559,37528,21953,15973,21728,7122,35936,13689,12171,24818,
75,43404,12852,44009,44396,61615,21270,35366,10002,3107,31338,6228,39086,32824,39589,40478,13284,34435,14164,33594,48079,10173,37135,49062,3225,4355,48382,2837,33001,6606,45013,38425,11490,16087,20902,29800,41698,27740,49021,6991,37794,19599,47210,51104,18522,6717,50970,34878,5719,37310,39618,7783,38499,32413,1824,47105,45520,42297,10857,19332,17299,24995,40125,3451,23490,11875,4289,39217,12360,2488,46009,27559,37528,14850,33179,47970,6112,12502,33868,14799,45490,
76,43404,12852,44009,44396,61615,21270,35366,10002,3107,31338,6228,39086,32824,39589,40478,13284,34435,14164,33594,48079,10173,37135,49062,3225,4355,48382,2837,33001,6606,45013,38425,11490,16087,20902,29800,41698,27740,49021,6991,37794,19599,47210,51104,18522,6717,50970,34878,5719,37310,39618,7783,38499,32413,1824,47105,45520,42297,10857,19332,17299,24995,40125,3451,23490,11875,4289,39217,12360,2488,46009,27559,37528,29210,40941,32761,1994,18255,3455,12096,16282,
77,43404,12852,44009,44396,61615,21270,35366,10002,3107,31338,6228,39086,32824,39589,40478,13284,34435,14164,33594,48079,10173,37135,49062,3225,4355,48382,2837,33001,6606,45013,38425,11490,16087,20902,29800,41698,27740,49021,6991,37794,19599,47210,51104,18522,6717,50970,34878,5719,37310,39618,7783,38499,32413,1824,47105,45520,42297,10857,19332,17299,24995,40125,3451,23490,11875,4289,39217,12360,2488,46009,27559,37528,56082,19740,40557,16814,10481,4588,14739,10416,
78,43404,12852,44009,44396,61615,21270,35366,10002,3107,31338,6228,39086,32824,39589,40478,13284,34435,14164,33594,48079,10173,37135,49062,3225,4355,48382,2837,33001,6606,45013,38425,11490,16087,20902,29800,41698,27740,49021,6991,37794,19599,47210,51104,18522,6717,50970,34878,5719,37310,39618,7783,38499,32413,1824,47105,45520,42297,10857,19332,17299,24995,40125,3451,23490,11875,4289,39217,12360,2488,46009,27559,37528,14524,45334,24812,13518,19649,8597,46631,13789,
79,43404,12852,44009,44396,61615,21270,35366,10002,3107,31338,6228,39086,32824,39589,40478,13284,34435,14164,33594,48079,10173,37135,49062,3225,4355,48382,2837,33001,6606,45013,38425,11490,16087,20902,29800,41698,27740,49021,6991,37794,19599,47210,51104,18522,6717,50970,34878,5719,37310,39618,7783,38499,32413,1824,47105,45520,42297,10857,19332,17299,24995,40125,3451,23490,11875,4289,39217,12360,2488,46009,27559,37528,10207,32715,21838,29641,44879,17794,49776,27501,
80,43404,12852,44009,44396,61615,21270,35366,10002,3107,31338,6228,39086,32824,39589,40478,13284,34435,14164,33594,48079,10173,37135,49062,3225,4355,48382,2837,33001,6606,45013,38425,11490,16087,20902,29800,41698,27740,49021,6991,37794,19599,47210,51104,18522,6717,50970,34878,5719,37310,39618,7783,38499,32413,1824,47105,45520,42297,10857,19332,17299,24995,40125,3451,23490,11875,4289,39217,12360,2488,46009,27559,37528,19152,12173,28743,5628,14880,31930,27308,5234,
81,43404,12852,44009,44396,61615,21270,35366,10002,3107,31338,6228,39086,32824,39589,40478,13284,34435,14164,33594,48079,10173,37135,49062,3225,4355,48382,2837,33001,6606,45013,38425,11490,16087,20902,29800,41698,27740,49021,6991,37794,19599,47210,51104,18522,6717,50970,34878,5719,37310,39618,7783,38499,32413,1824,47105,45520,42297,10857,19332,17299,24995,40125,3451,23490,11875,4289,39217,12360,2488,46009,27559,37528,16844,21679,14729,9242,26034,5453,27270,32212,
82,43404,12852,44009,44396,61615,21270,35366,10002,3107,31338,6228,39086,32824,39589,40478,13284,34435,14164,33594,48079,10173,37135,49062,3225,4355,48382,2837,33001,6606,45013,38425,11490,16087,20902,29800,41698,27740,49021,6991,37794,19599,47210,51104,18522,6717,50970,34878,5719,37310,39618,7783,38499,32413,1824,47105,45520,42297,10857,19332,17299,24995,40125,3451,23490,11875,4289,39217,12360,2488,46009,27559,37528,18515,30705,24066,5917,16611,6564,21322,22536,
83,43404,12852,44009,44396,61615,21270,35366,10002,3107,31338,6228,39086,32824,39589,40478,13284,34435,14164,33594,48079,10173,37135,49062,3225,4355,48382,2837,33001,6606,45013,38425,11490,16087,20902,29800,41698,27740,49021,6991,37794,19599,47210,51104,18522,6717,50970,34878,5719,37310,39618,7783,38499,32413,1824,47105,45520,42297,10857,19332,17299,24995,40125,3451,23490,11875,4289,39217,12360,2488,46009,27559,37528,28804,19186,14230,7889,11496,549,25379,29129,
84,43404,12852,44009,44396,61615,21270,35366,10002,3107,31338,6228,39086,32824,39589,40478,13284,34435,14164,33594,48079,10173,37135,49062,3225,4355,48382,2837,33001,6606,45013,38425,11490,16087,20902,29800,41698,27740,49021,6991,37794,19599,47210,51104,18522,6717,50970,34878,5719,37310,39618,7783,38499,32413,1824,47105,45520,42297,10857,19332,17299,24995,40125,3451,23490,11875,4289,39217,12360,2488,46009,27559,37528,10462,10418,22031,6772,41742,2894,19075,18688,
85,43404,12852,44009,44396,61615,21270,35366,10002,3107,31338,6228,39086,32824,39589,40478,13284,34435,14164,33594,48079,10173,37135,49062,3225,4355,48382,2837,33001,6606,45013,38425,11490,16087,20902,29800,41698,27740,49021,6991,37794,19599,47210,51104,18522,6717,50970,34878,5719,37310,39618,7783,38499,32413,1824,47105,45520,42297,10857,19332,17299,24995,40125,3451,23490,11875,4289,39217,12360,2488,46009,27559,37528,46502,50255,39053,3372,20840,15976,37828,6419,
86,43404,12852,44009,44396,61615,21270,35366,10002,3107,31338,6228,39086,32824,39589,40478,13284,34435,14164,33594,48079,10173,37135,49062,3225,4355,48382,2837,33001,6606,45013,38425,11490,16087,20902,29800,41698,27740,49021,6991,37794,19599,47210,51104,18522,6717,50970,34878,5719,37310,39618,7783,38499,32413,1824,47105,45520,42297,10857,19332,17299,24995,40125,3451,23490,11875,4289,39217,12360,2488,46009,27559,37528,17938,21757,13003,20623,24165,14770,10718,4354,
87,43404,12852,44009,44396,61615,21270,35366,10002,3107,31338,6228,39086,32824,39589,40478,13284,34435,14164,33594,48079,10173,37135,49062,3225,4355,48382,2837,33001,6606,45013,38425,11490,16087,20902,29800,41698,27740,49021,6991,37794,19599,47210,51104,18522,6717,50970,34878,5719,37310,39618,7783,38499,32413,1824,47105,45520,42297,10857,19332,17299,24995,40125,3451,23490,11875,4289,39217,12360,2488,46009,27559,37528,18613,29943,32565,1065,18432,12422,10733,37546,
88,43404,12852,44009,44396,61615,21270,35366,10002,3107,31338,6228,39086,32824,39589,40478,13284,34435,14164,33594,48079,10173,37135,49062,3225,4355,48382,2837,33001,6606,45013,38425,11490,16087,20902,29800,41698,27740,49021,6991,37794,19599,47210,51104,18522,6717,50970,34878,5719,37310,39618,7783,38499,32413,1824,47105,45520,42297,10857,19332,17299,24995,40125,3451,23490,11875,4289,39217,12360,2488,46009,27559,37528,23722,54271,49594,1494,36892,5513,10733,22137,
89,43404,12852,44009,44396,61615,21270,35366,10002,3107,31338,6228,39086,32824,39589,40478,13284,34435,14164,33594,48079,10173,37135,49062,3225,4355,48382,2837,33001,6606,45013,38425,11490,16087,20902,29800,41698,27740,49021,6991,37794,19599,47210,51104,18522,6717,50970,34878,5719,37310,39618,7783,38499,32413,1824,47105,45520,42297,10857,19332,17299,24995,40125,3451,23490,11875,4289,39217,12360,2488,46009,27559,37528,32020,12362,12444,17793,10954,13680,13448,2463,
90,43404,12852,44009,44396,61615,21270,35366,10002,3107,31338,6228,39086,32824,39589,40478,13284,34435,14164,33594,48079,10173,37135,49062,3225,4355,48382,2837,33001,6606,45013,38425,11490,16087,20902,29800,41698,27740,49021,6991,37794,19599,47210,51104,18522,6717,50970,34878,5719,37310,39618,7783,38499,32413,1824,47105,45520,42297,10857,19332,17299,24995,40125,3451,23490,11875,4289,39217,12360,2488,46009,27559,37528,17819,13583,36920,7485,10453,13434,39658,6070,
91,43404,12852,44009,44396,61615,21270,35366,10002,3107,31338,6228,39086,32824,39589,40478,13284,34435,14164,33594,48079,10173,37135,49062,3225,4355,48382,2837,33001,6606,45013,38425,11490,16087,20902,29800,41698,27740,49021,6991,37794,19599,47210,51104,18522,6717,50970,34878,5719,37310,39618,7783,38499,32413,1824,47105,45520,42297,10857,19332,17299,24995,40125,3451,23490,11875,4289,39217,12360,2488,46009,27559,37528,21257,17356,18115,2679,59677,6007,16970,12820,
92,43404,12852,44009,44396,61615,21270,35366,10002,3107,31338,6228,39086,32824,39589,40478,13284,34435,14164,33594,48079,10173,37135,49062,3225,4355,48382,2837,33001,6606,45013,38425,11490,16087,20902,29800,41698,27740,49021,6991,37794,19599,47210,51104,18522,6717,50970,34878,5719,37310,39618,7783,38499,32413,1824,47105,45520,42297,10857,19332,17299,24995,40125,3451,23490,11875,4289,39217,12360,2488,46009,27559,37528,12632,46097,14809,12583,19788,8106,17270,24059,
93,43404,12852,44009,44396,61615,21270,35366,10002,3107,31338,6228,39086,32824,39589,40478,13284,34435,14164,33594,48079,10173,37135,49062,3225,4355,48382,2837,33001,6606,45013,38425,11490,16087,20902,29800,41698,27740,49021,6991,37794,19599,47210,51104,18522,6717,50970,34878,5719,37310,39618,7783,38499,32413,1824,47105,45520,42297,10857,19332,17299,24995,40125,3451,23490,11875,4289,39217,12360,2488,46009,27559,37528,12231,52658,34161,1937,11799,4995,38779,3378,
94,43404,12852,44009,44396,61615,21270,35366,10002,3107,31338,6228,39086,32824,39589,40478,13284,34435,14164,33594,48079,10173,37135,49062,3225,4355,48382,2837,33001,6606,45013,38425,11490,16087,20902,29800,41698,27740,49021,6991,37794,19599,47210,51104,18522,6717,50970,34878,5719,37310,39618,7783,38499,32413,1824,47105,45520,42297,10857,19332,17299,24995,40125,3451,23490,11875,4289,39217,12360,2488,46009,27559,37528,22725,24276,16952,8052,55250,5974,35781,6863,
95,43404,12852,44009,44396,61615,21270,35366,10002,3107,31338,6228,39086,32824,39589,40478,13284,34435,14164,33594,48079,10173,37135,49062,3225,4355,48382,2837,33001,6606,45013,38425,11490,16087,20902,29800,41698,27740,49021,6991,37794,19599,47210,51104,18522,6717,50970,34878,5719,37310,39618,7783,38499,32413,1824,47105,45520,42297,10857,19332,17299,24995,40125,3451,23490,11875,4289,39217,12360,2488,46009,27559,37528,52320,15320,40621,7163,38110,21625,30849,8916,
96,43404,12852,44009,44396,61615,21270,35366,10002,3107,31338,6228,39086,32824,39589,40478,13284,34435,14164,33594,48079,10173,37135,49062,3225,4355,48382,2837,33001,6606,45013,38425,11490,16087,20902,29800,41698,27740,49021,6991,37794,19599,47210,51104,18522,6717,50970,34878,5719,37310,39618,7783,38499,32413,1824,47105,45520,42297,10857,19332,17299,24995,40125,3451,23490,11875,4289,39217,12360,2488,46009,27559,37528,15289,17077,14535,31524,16144,3167,31961,4447,
97,43404,12852,44009,44396,61615,21270,35366,10002,3107,31338,6228,39086,32824,39589,40478,13284,34435,14164,33594,48079,10173,37135,49062,3225,4355,48382,2837,33001,6606,45013,38425,11490,16087,20902,29800,41698,27740,49021,6991,37794,19599,47210,51104,18522,6717,50970,34878,5719,37310,39618,7783,38499,32413,1824,47105,45520,42297,10857,19332,17299,24995,40125,3451,23490,11875,4289,39217,12360,2488,46009,27559,37528,28160,10422,16875,29774,24732,1807,18342,4818,
98,43404,12852,44009,44396,61615,21270,35366,10002,3107,31338,6228,39086,32824,39589,40478,13284,34435,14164,33594,48079,10173,37135,49062,3225,4355,48382,2837,33001,6606,45013,38425,11490,16087,20902,29800,41698,27740,49021,6991,37794,19599,47210,51104,18522,6717,50970,34878,5719,37310,39618,7783,38499,32413,1824,47105,45520,42297,10857,19332,17299,24995,40125,3451,23490,11875,4289,39217,12360,2488,46009,27559,37528,46216,55555,17748,14213,24242,1475,30223,18290,
99,43404,12852,44009,44396,61615,21270,35366,10002,3107,31338,6228,39086,32824,39589,40478,13284,34435,14164,33594,48079,10173,37135,49062,3225,4355,48382,2837,33001,6606,45013,38425,11490,16087,20902,29800,41698,27740,49021,6991,37794,19599,47210,51104,18522,6717,50970,34878,5719,37310,39618,7783,38499,32413,1824,47105,45520,42297,10857,19332,17299,24995,40125,3451,23490,11875,4289,39217,12360,2488,46009,27559,37528,16686,18546,10260,6788,18915,12450,29589,28705,
100,43404,12852,44009,44396,61615,21270,35366,10002,3107,31338,6228,39086,32824,39589,40478,13284,34435,14164,33594,48079,10173,37135,49062,3225,4355,48382,2837,33001,6606,45013,38425,11490,16087,20902,29800,41698,27740,49021,6991,37794,19599,47210,51104,18522,6717,50970,34878,5719,37310,39618,7783,38499,32413,1824,47105,45520,42297,10857,19332,17299,24995,40125,3451,23490,11875,4289,39217,12360,2488,46009,27559,37528,16686,26814,10260,1082,33442,44729,27485,7062,
