1,45907,7165,33777,43826,22543,363,12625,24107,10654,21978,12290,34733,20918,4501,13422,21007,41057,23131,42063,41097,7493,43028,39979,16951,14690,8075,2721,9346,13627,4714,2836,7561,42869,37110,46484,45432,12098,40075,38282,15781,5671,45911,16184,31930,31432,41594,41262,14110,41439,21237,43497,32030,42651,5075,17630,30541,33365,45265,49734,40963,39355,19533,1101,40280,14051,1440,43835,36052,3147,29933,18525,38306,3606,45779,7069,832,22523,35984,1095,30277,
2,45907,7165,33777,43826,22543,363,12625,24107,10654,21978,12290,34733,20918,4501,13422,21007,41057,23131,42063,41097,7493,43028,39979,16951,14690,8075,2721,9346,13627,4714,2836,7561,42869,37110,46484,45432,12098,40075,38282,15781,5671,45911,16184,31930,31432,41594,41262,14110,41439,21237,43497,32030,42651,5075,17630,30541,33365,45265,49734,40963,39355,19533,1101,40280,14051,1440,43835,36052,3147,29933,18525,38306,26916,33523,20974,9525,3304,2333,39886,24828,
3,45907,7165,33777,43826,22543,363,12625,24107,10654,21978,12290,34733,20918,4501,13422,21007,41057,23131,42063,41097,7493,43028,39979,16951,14690,8075,2721,9346,13627,4714,2836,7561,42869,37110,46484,45432,12098,40075,38282,15781,5671,45911,16184,31930,31432,41594,41262,14110,41439,21237,43497,32030,42651,5075,17630,30541,33365,45265,49734,40963,39355,19533,1101,40280,14051,1440,43835,36052,3147,29933,18525,38306,3217,22584,18537,9682,9842,26481,2796,45948,
4,45907,7165,33777,43826,22543,363,12625,24107,10654,21978,12290,34733,20918,4501,13422,21007,41057,23131,42063,41097,7493,43028,39979,16951,14690,8075,2721,9346,13627,4714,2836,7561,42869,37110,46484,45432,12098,40075,38282,15781,5671,45911,16184,31930,31432,41594,41262,14110,41439,21237,43497,32030,42651,5075,17630,30541,33365,45265,49734,40963,39355,19533,1101,40280,14051,1440,43835,36052,3147,29933,18525,38306,13735,741,2679,3498,19356,31842,299,2162,
5,45907,7165,33777,43826,22543,363,12625,24107,10654,21978,12290,34733,20918,4501,13422,21007,41057,23131,42063,41097,7493,43028,39979,16951,14690,8075,2721,9346,13627,4714,2836,7561,42869,37110,46484,45432,12098,40075,38282,15781,5671,45911,16184,31930,31432,41594,41262,14110,41439,21237,43497,32030,42651,5075,17630,30541,33365,45265,49734,40963,39355,19533,1101,40280,14051,1440,43835,36052,3147,29933,18525,38306,8634,34308,13722,3655,12974,5368,7380,13878,
6,45907,7165,33777,43826,22543,363,12625,24107,10654,21978,12290,34733,20918,4501,13422,21007,41057,23131,42063,41097,7493,43028,39979,16951,14690,8075,2721,9346,13627,4714,2836,7561,42869,37110,46484,45432,12098,40075,38282,15781,5671,45911,16184,31930,31432,41594,41262,14110,41439,21237,43497,32030,42651,5075,17630,30541,33365,45265,49734,40963,39355,19533,1101,40280,14051,1440,43835,36052,3147,29933,18525,38306,9484,19881,29089,16319,31168,25303,6024,13664,
7,45907,7165,33777,43826,22543,363,12625,24107,10654,21978,12290,34733,20918,4501,13422,21007,41057,23131,42063,41097,7493,43028,39979,16951,14690,8075,2721,9346,13627,4714,2836,7561,42869,37110,46484,45432,12098,40075,38282,15781,5671,45911,16184,31930,31432,41594,41262,14110,41439,21237,43497,32030,42651,5075,17630,30541,33365,45265,49734,40963,39355,19533,1101,40280,14051,1440,43835,36052,3147,29933,18525,38306,21969,1063,30260,1290,3401,823,20206,11047,
8,45907,7165,33777,43826,22543,363,12625,24107,10654,21978,12290,34733,20918,4501,13422,21007,41057,23131,42063,41097,7493,43028,39979,16951,14690,8075,2721,9346,13627,4714,2836,7561,42869,37110,46484,45432,12098,40075,38282,15781,5671,45911,16184,31930,31432,41594,41262,14110,41439,21237,43497,32030,42651,5075,17630,30541,33365,45265,49734,40963,39355,19533,1101,40280,14051,1440,43835,36052,3147,29933,18525,38306,37569,1063,518,3172,5278,16882,8679,30523,
9,45907,7165,33777,43826,22543,363,12625,24107,10654,21978,12290,34733,20918,4501,13422,21007,41057,23131,42063,41097,7493,43028,39979,16951,14690,8075,2721,9346,13627,4714,2836,7561,42869,37110,46484,45432,12098,40075,38282,15781,5671,45911,16184,31930,31432,41594,41262,14110,41439,21237,43497,32030,42651,5075,17630,30541,33365,45265,49734,40963,39355,19533,1101,40280,14051,1440,43835,36052,3147,29933,18525,38306,40591,19512,2016,10200,1438,5081,2600,2715,
10,45907,7165,33777,43826,22543,363,12625,24107,10654,21978,12290,34733,20918,4501,13422,21007,41057,23131,42063,41097,7493,43028,39979,16951,14690,8075,2721,9346,13627,4714,2836,7561,42869,37110,46484,45432,12098,40075,38282,15781,5671,45911,16184,31930,31432,41594,41262,14110,41439,21237,43497,32030,42651,5075,17630,30541,33365,45265,49734,40963,39355,19533,1101,40280,14051,1440,43835,36052,3147,29933,18525,38306,2217,7351,38659,8965,7497,34334,16211,7003,
11,45907,7165,33777,43826,22543,363,12625,24107,10654,21978,12290,34733,20918,4501,13422,21007,41057,23131,42063,41097,7493,43028,39979,16951,14690,8075,2721,9346,13627,4714,2836,7561,42869,37110,46484,45432,12098,40075,38282,15781,5671,45911,16184,31930,31432,41594,41262,14110,41439,21237,43497,32030,42651,5075,17630,30541,33365,45265,49734,40963,39355,19533,1101,40280,14051,1440,43835,36052,3147,29933,18525,38306,19589,21347,8282,2451,1214,27600,18637,7750,
12,45907,7165,33777,43826,22543,363,12625,24107,10654,21978,12290,34733,20918,4501,13422,21007,41057,23131,42063,41097,7493,43028,39979,16951,14690,8075,2721,9346,13627,4714,2836,7561,42869,37110,46484,45432,12098,40075,38282,15781,5671,45911,16184,31930,31432,41594,41262,14110,41439,21237,43497,32030,42651,5075,17630,30541,33365,45265,49734,40963,39355,19533,1101,40280,14051,1440,43835,36052,3147,29933,18525,38306,4361,1575,2654,4231,1395,6003,25589,5347,
13,45907,7165,33777,43826,22543,363,12625,24107,10654,21978,12290,34733,20918,4501,13422,21007,41057,23131,42063,41097,7493,43028,39979,16951,14690,8075,2721,9346,13627,4714,2836,7561,42869,37110,46484,45432,12098,40075,38282,15781,5671,45911,16184,31930,31432,41594,41262,14110,41439,21237,43497,32030,42651,5075,17630,30541,33365,45265,49734,40963,39355,19533,1101,40280,14051,1440,43835,36052,3147,29933,18525,38306,30308,27542,3569,7596,41183,4870,35291,16613,
14,45907,7165,33777,43826,22543,363,12625,24107,10654,21978,12290,34733,20918,4501,13422,21007,41057,23131,42063,41097,7493,43028,39979,16951,14690,8075,2721,9346,13627,4714,2836,7561,42869,37110,46484,45432,12098,40075,38282,15781,5671,45911,16184,31930,31432,41594,41262,14110,41439,21237,43497,32030,42651,5075,17630,30541,33365,45265,49734,40963,39355,19533,1101,40280,14051,1440,43835,36052,3147,29933,18525,38306,10979,19355,28655,20657,4051,33011,2930,3690,
15,45907,7165,33777,43826,22543,363,12625,24107,10654,21978,12290,34733,20918,4501,13422,21007,41057,23131,42063,41097,7493,43028,39979,16951,14690,8075,2721,9346,13627,4714,2836,7561,42869,37110,46484,45432,12098,40075,38282,15781,5671,45911,16184,31930,31432,41594,41262,14110,41439,21237,43497,32030,42651,5075,17630,30541,33365,45265,49734,40963,39355,19533,1101,40280,14051,1440,43835,36052,3147,29933,18525,38306,6221,39880,2690,6322,2629,10135,4087,37944,
16,45907,7165,33777,43826,22543,363,12625,24107,10654,21978,12290,34733,20918,4501,13422,21007,41057,23131,42063,41097,7493,43028,39979,16951,14690,8075,2721,9346,13627,4714,2836,7561,42869,37110,46484,45432,12098,40075,38282,15781,5671,45911,16184,31930,31432,41594,41262,14110,41439,21237,43497,32030,42651,5075,17630,30541,33365,45265,49734,40963,39355,19533,1101,40280,14051,1440,43835,36052,3147,29933,18525,38306,4617,2660,12880,8288,1469,22031,13971,12135,
17,45907,7165,33777,43826,22543,363,12625,24107,10654,21978,12290,34733,20918,4501,13422,21007,41057,23131,42063,41097,7493,43028,39979,16951,14690,8075,2721,9346,13627,4714,2836,7561,42869,37110,46484,45432,12098,40075,38282,15781,5671,45911,16184,31930,31432,41594,41262,14110,41439,21237,43497,32030,42651,5075,17630,30541,33365,45265,49734,40963,39355,19533,1101,40280,14051,1440,43835,36052,3147,29933,18525,38306,33776,6482,506,6225,16276,4003,17983,4138,
18,45907,7165,33777,43826,22543,363,12625,24107,10654,21978,12290,34733,20918,4501,13422,21007,41057,23131,42063,41097,7493,43028,39979,16951,14690,8075,2721,9346,13627,4714,2836,7561,42869,37110,46484,45432,12098,40075,38282,15781,5671,45911,16184,31930,31432,41594,41262,14110,41439,21237,43497,32030,42651,5075,17630,30541,33365,45265,49734,40963,39355,19533,1101,40280,14051,1440,43835,36052,3147,29933,18525,38306,14495,18553,2533,7166,707,225,34423,6559,
19,45907,7165,33777,43826,22543,363,12625,24107,10654,21978,12290,34733,20918,4501,13422,21007,41057,23131,42063,41097,7493,43028,39979,16951,14690,8075,2721,9346,13627,4714,2836,7561,42869,37110,46484,45432,12098,40075,38282,15781,5671,45911,16184,31930,31432,41594,41262,14110,41439,21237,43497,32030,42651,5075,17630,30541,33365,45265,49734,40963,39355,19533,1101,40280,14051,1440,43835,36052,3147,29933,18525,38306,25781,14974,2353,31729,1123,29624,21997,24725,
20,45907,7165,33777,43826,22543,363,12625,24107,10654,21978,12290,34733,20918,4501,13422,21007,41057,23131,42063,41097,7493,43028,39979,16951,14690,8075,2721,9346,13627,4714,2836,7561,42869,37110,46484,45432,12098,40075,38282,15781,5671,45911,16184,31930,31432,41594,41262,14110,41439,21237,43497,32030,42651,5075,17630,30541,33365,45265,49734,40963,39355,19533,1101,40280,14051,1440,43835,36052,3147,29933,18525,38306,15441,7099,34656,19742,4773,3640,18338,25817,
21,45907,7165,33777,43826,22543,363,12625,24107,10654,21978,12290,34733,20918,4501,13422,21007,41057,23131,42063,41097,7493,43028,39979,16951,14690,8075,2721,9346,13627,4714,2836,7561,42869,37110,46484,45432,12098,40075,38282,15781,5671,45911,16184,31930,31432,41594,41262,14110,41439,21237,43497,32030,42651,5075,17630,30541,33365,45265,49734,40963,39355,19533,1101,40280,14051,1440,43835,36052,3147,29933,18525,38306,2249,9601,323,927,9402,16337,23997,2183,
22,45907,7165,33777,43826,22543,363,12625,24107,10654,21978,12290,34733,20918,4501,13422,21007,41057,23131,42063,41097,7493,43028,39979,16951,14690,8075,2721,9346,13627,4714,2836,7561,42869,37110,46484,45432,12098,40075,38282,15781,5671,45911,16184,31930,31432,41594,41262,14110,41439,21237,43497,32030,42651,5075,17630,30541,33365,45265,49734,40963,39355,19533,1101,40280,14051,1440,43835,36052,3147,29933,18525,38306,764,15404,933,16980,13587,28766,9656,20665,
23,45907,7165,33777,43826,22543,363,12625,24107,10654,21978,12290,34733,20918,4501,13422,21007,41057,23131,42063,41097,7493,43028,39979,16951,14690,8075,2721,9346,13627,4714,2836,7561,42869,37110,46484,45432,12098,40075,38282,15781,5671,45911,16184,31930,31432,41594,41262,14110,41439,21237,43497,32030,42651,5075,17630,30541,33365,45265,49734,40963,39355,19533,1101,40280,14051,1440,43835,36052,3147,29933,18525,38306,2711,13316,40480,10609,48574,37263,9746,8835,
24,45907,7165,33777,43826,22543,363,12625,24107,10654,21978,12290,34733,20918,4501,13422,21007,41057,23131,42063,41097,7493,43028,39979,16951,14690,8075,2721,9346,13627,4714,2836,7561,42869,37110,46484,45432,12098,40075,38282,15781,5671,45911,16184,31930,31432,41594,41262,14110,41439,21237,43497,32030,42651,5075,17630,30541,33365,45265,49734,40963,39355,19533,1101,40280,14051,1440,43835,36052,3147,29933,18525,38306,4189,4345,36946,33291,16638,19413,15641,7357,
25,45907,7165,33777,43826,22543,363,12625,24107,10654,21978,12290,34733,20918,4501,13422,21007,41057,23131,42063,41097,7493,43028,39979,16951,14690,8075,2721,9346,13627,4714,2836,7561,42869,37110,46484,45432,12098,40075,38282,15781,5671,45911,16184,31930,31432,41594,41262,14110,41439,21237,43497,32030,42651,5075,17630,30541,33365,45265,49734,40963,39355,19533,1101,40280,14051,1440,43835,36052,3147,29933,18525,38306,2166,32437,4031,6757,39671,1312,30913,3990,
26,45907,7165,33777,43826,22543,363,12625,24107,10654,21978,12290,34733,20918,4501,13422,21007,41057,23131,42063,41097,7493,43028,39979,16951,14690,8075,2721,9346,13627,4714,2836,7561,42869,37110,46484,45432,12098,40075,38282,15781,5671,45911,16184,31930,31432,41594,41262,14110,41439,21237,43497,32030,42651,5075,17630,30541,33365,45265,49734,40963,39355,19533,1101,40280,14051,1440,43835,36052,3147,29933,18525,38306,19016,24452,12830,8858,20173,23148,2075,26056,
27,45907,7165,33777,43826,22543,363,12625,24107,10654,21978,12290,34733,20918,4501,13422,21007,41057,23131,42063,41097,7493,43028,39979,16951,14690,8075,2721,9346,13627,4714,2836,7561,42869,37110,46484,45432,12098,40075,38282,15781,5671,45911,16184,31930,31432,41594,41262,14110,41439,21237,43497,32030,42651,5075,17630,30541,33365,45265,49734,40963,39355,19533,1101,40280,14051,1440,43835,36052,3147,29933,18525,38306,46820,13094,12746,30855,13199,3880,2782,10940,
28,45907,7165,33777,43826,22543,363,12625,24107,10654,21978,12290,34733,20918,4501,13422,21007,41057,23131,42063,41097,7493,43028,39979,16951,14690,8075,2721,9346,13627,4714,2836,7561,42869,37110,46484,45432,12098,40075,38282,15781,5671,45911,16184,31930,31432,41594,41262,14110,41439,21237,43497,32030,42651,5075,17630,30541,33365,45265,49734,40963,39355,19533,1101,40280,14051,1440,43835,36052,3147,29933,18525,38306,10981,29582,26207,38158,40820,29236,15604,13542,
29,45907,7165,33777,43826,22543,363,12625,24107,10654,21978,12290,34733,20918,4501,13422,21007,41057,23131,42063,41097,7493,43028,39979,16951,14690,8075,2721,9346,13627,4714,2836,7561,42869,37110,46484,45432,12098,40075,38282,15781,5671,45911,16184,31930,31432,41594,41262,14110,41439,21237,43497,32030,42651,5075,17630,30541,33365,45265,49734,40963,39355,19533,1101,40280,14051,1440,43835,36052,3147,29933,18525,38306,10039,4875,13940,16372,32812,5786,2919,4615,
30,45907,7165,33777,43826,22543,363,12625,24107,10654,21978,12290,34733,20918,4501,13422,21007,41057,23131,42063,41097,7493,43028,39979,16951,14690,8075,2721,9346,13627,4714,2836,7561,42869,37110,46484,45432,12098,40075,38282,15781,5671,45911,16184,31930,31432,41594,41262,14110,41439,21237,43497,32030,42651,5075,17630,30541,33365,45265,49734,40963,39355,19533,1101,40280,14051,1440,43835,36052,3147,29933,18525,38306,7716,29219,1797,2418,20929,19313,2051,22098,
31,45907,7165,33777,43826,22543,363,12625,24107,10654,21978,12290,34733,20918,4501,13422,21007,41057,23131,42063,41097,7493,43028,39979,16951,14690,8075,2721,9346,13627,4714,2836,7561,42869,37110,46484,45432,12098,40075,38282,15781,5671,45911,16184,31930,31432,41594,41262,14110,41439,21237,43497,32030,42651,5075,17630,30541,33365,45265,49734,40963,39355,19533,1101,40280,14051,1440,43835,36052,3147,29933,18525,38306,31426,42767,29987,40007,30144,26381,2051,9677,
32,45907,7165,33777,43826,22543,363,12625,24107,10654,21978,12290,34733,20918,4501,13422,21007,41057,23131,42063,41097,7493,43028,39979,16951,14690,8075,2721,9346,13627,4714,2836,7561,42869,37110,46484,45432,12098,40075,38282,15781,5671,45911,16184,31930,31432,41594,41262,14110,41439,21237,43497,32030,42651,5075,17630,30541,33365,45265,49734,40963,39355,19533,1101,40280,14051,1440,43835,36052,3147,29933,18525,38306,21821,4448,35728,34672,28135,42025,15116,1436,
33,45907,7165,33777,43826,22543,363,12625,24107,10654,21978,12290,34733,20918,4501,13422,21007,41057,23131,42063,41097,7493,43028,39979,16951,14690,8075,2721,9346,13627,4714,2836,7561,42869,37110,46484,45432,12098,40075,38282,15781,5671,45911,16184,31930,31432,41594,41262,14110,41439,21237,43497,32030,42651,5075,17630,30541,33365,45265,49734,40963,39355,19533,1101,40280,14051,1440,43835,36052,3147,29933,18525,38306,1232,2052,4389,25298,14597,27532,14684,24643,
34,45907,7165,33777,43826,22543,363,12625,24107,10654,21978,12290,34733,20918,4501,13422,21007,41057,23131,42063,41097,7493,43028,39979,16951,14690,8075,2721,9346,13627,4714,2836,7561,42869,37110,46484,45432,12098,40075,38282,15781,5671,45911,16184,31930,31432,41594,41262,14110,41439,21237,43497,32030,42651,5075,17630,30541,33365,45265,49734,40963,39355,19533,1101,40280,14051,1440,43835,36052,3147,29933,18525,38306,4738,5414,2706,37874,19061,23741,8333,1749,
35,45907,7165,33777,43826,22543,363,12625,24107,10654,21978,12290,34733,20918,4501,13422,21007,41057,23131,42063,41097,7493,43028,39979,16951,14690,8075,2721,9346,13627,4714,2836,7561,42869,37110,46484,45432,12098,40075,38282,15781,5671,45911,16184,31930,31432,41594,41262,14110,41439,21237,43497,32030,42651,5075,17630,30541,33365,45265,49734,40963,39355,19533,1101,40280,14051,1440,43835,36052,3147,29933,18525,38306,20787,30679,10191,17372,13793,8066,11547,967,
36,45907,7165,33777,43826,22543,363,12625,24107,10654,21978,12290,34733,20918,4501,13422,21007,41057,23131,42063,41097,7493,43028,39979,16951,14690,8075,2721,9346,13627,4714,2836,7561,42869,37110,46484,45432,12098,40075,38282,15781,5671,45911,16184,31930,31432,41594,41262,14110,41439,21237,43497,32030,42651,5075,17630,30541,33365,45265,49734,40963,39355,19533,1101,40280,14051,1440,43835,36052,3147,29933,18525,38306,6644,14973,3635,1033,23385,2117,18870,13696,
37,45907,7165,33777,43826,22543,363,12625,24107,10654,21978,12290,34733,20918,4501,13422,21007,41057,23131,42063,41097,7493,43028,39979,16951,14690,8075,2721,9346,13627,4714,2836,7561,42869,37110,46484,45432,12098,40075,38282,15781,5671,45911,16184,31930,31432,41594,41262,14110,41439,21237,43497,32030,42651,5075,17630,30541,33365,45265,49734,40963,39355,19533,1101,40280,14051,1440,43835,36052,3147,29933,18525,38306,6742,17546,28038,1033,19254,12359,3004,33475,
38,45907,7165,33777,43826,22543,363,12625,24107,10654,21978,12290,34733,20918,4501,13422,21007,41057,23131,42063,41097,7493,43028,39979,16951,14690,8075,2721,9346,13627,4714,2836,7561,42869,37110,46484,45432,12098,40075,38282,15781,5671,45911,16184,31930,31432,41594,41262,14110,41439,21237,43497,32030,42651,5075,17630,30541,33365,45265,49734,40963,39355,19533,1101,40280,14051,1440,43835,36052,3147,29933,18525,38306,11919,22519,31641,8473,26375,47247,8066,34032,
39,45907,7165,33777,43826,22543,363,12625,24107,10654,21978,12290,34733,20918,4501,13422,21007,41057,23131,42063,41097,7493,43028,39979,16951,14690,8075,2721,9346,13627,4714,2836,7561,42869,37110,46484,45432,12098,40075,38282,15781,5671,45911,16184,31930,31432,41594,41262,14110,41439,21237,43497,32030,42651,5075,17630,30541,33365,45265,49734,40963,39355,19533,1101,40280,14051,1440,43835,36052,3147,29933,18525,38306,9497,2813,9421,1631,12311,23853,6188,10339,
40,45907,7165,33777,43826,22543,363,12625,24107,10654,21978,12290,34733,20918,4501,13422,21007,41057,23131,42063,41097,7493,43028,39979,16951,14690,8075,2721,9346,13627,4714,2836,7561,42869,37110,46484,45432,12098,40075,38282,15781,5671,45911,16184,31930,31432,41594,41262,14110,41439,21237,43497,32030,42651,5075,17630,30541,33365,45265,49734,40963,39355,19533,1101,40280,14051,1440,43835,36052,3147,29933,18525,38306,10127,26482,7995,34358,28408,4189,10242,29069,
41,45907,7165,33777,43826,22543,363,12625,24107,10654,21978,12290,34733,20918,4501,13422,21007,41057,23131,42063,41097,7493,43028,39979,16951,14690,8075,2721,9346,13627,4714,2836,7561,42869,37110,46484,45432,12098,40075,38282,15781,5671,45911,16184,31930,31432,41594,41262,14110,41439,21237,43497,32030,42651,5075,17630,30541,33365,45265,49734,40963,39355,19533,1101,40280,14051,1440,43835,36052,3147,29933,18525,38306,10160,6260,2277,22604,10794,24425,13555,6354,
42,45907,7165,33777,43826,22543,363,12625,24107,10654,21978,12290,34733,20918,4501,13422,21007,41057,23131,42063,41097,7493,43028,39979,16951,14690,8075,2721,9346,13627,4714,2836,7561,42869,37110,46484,45432,12098,40075,38282,15781,5671,45911,16184,31930,31432,41594,41262,14110,41439,21237,43497,32030,42651,5075,17630,30541,33365,45265,49734,40963,39355,19533,1101,40280,14051,1440,43835,36052,3147,29933,18525,38306,692,14328,19782,12860,26120,30182,20706,1512,
43,45907,7165,33777,43826,22543,363,12625,24107,10654,21978,12290,34733,20918,4501,13422,21007,41057,23131,42063,41097,7493,43028,39979,16951,14690,8075,2721,9346,13627,4714,2836,7561,42869,37110,46484,45432,12098,40075,38282,15781,5671,45911,16184,31930,31432,41594,41262,14110,41439,21237,43497,32030,42651,5075,17630,30541,33365,45265,49734,40963,39355,19533,1101,40280,14051,1440,43835,36052,3147,29933,18525,38306,29663,10220,30296,3396,19832,5342,9690,32198,
44,45907,7165,33777,43826,22543,363,12625,24107,10654,21978,12290,34733,20918,4501,13422,21007,41057,23131,42063,41097,7493,43028,39979,16951,14690,8075,2721,9346,13627,4714,2836,7561,42869,37110,46484,45432,12098,40075,38282,15781,5671,45911,16184,31930,31432,41594,41262,14110,41439,21237,43497,32030,42651,5075,17630,30541,33365,45265,49734,40963,39355,19533,1101,40280,14051,1440,43835,36052,3147,29933,18525,38306,5186,2748,13947,3396,15570,39830,21047,6548,
45,45907,7165,33777,43826,22543,363,12625,24107,10654,21978,12290,34733,20918,4501,13422,21007,41057,23131,42063,41097,7493,43028,39979,16951,14690,8075,2721,9346,13627,4714,2836,7561,42869,37110,46484,45432,12098,40075,38282,15781,5671,45911,16184,31930,31432,41594,41262,14110,41439,21237,43497,32030,42651,5075,17630,30541,33365,45265,49734,40963,39355,19533,1101,40280,14051,1440,43835,36052,3147,29933,18525,38306,15668,4107,19692,39493,12649,3180,21746,10047,
46,45907,7165,33777,43826,22543,363,12625,24107,10654,21978,12290,34733,20918,4501,13422,21007,41057,23131,42063,41097,7493,43028,39979,16951,14690,8075,2721,9346,13627,4714,2836,7561,42869,37110,46484,45432,12098,40075,38282,15781,5671,45911,16184,31930,31432,41594,41262,14110,41439,21237,43497,32030,42651,5075,17630,30541,33365,45265,49734,40963,39355,19533,1101,40280,14051,1440,43835,36052,3147,29933,18525,38306,27547,11430,30594,28884,49709,34148,25895,5663,
47,45907,7165,33777,43826,22543,363,12625,24107,10654,21978,12290,34733,20918,4501,13422,21007,41057,23131,42063,41097,7493,43028,39979,16951,14690,8075,2721,9346,13627,4714,2836,7561,42869,37110,46484,45432,12098,40075,38282,15781,5671,45911,16184,31930,31432,41594,41262,14110,41439,21237,43497,32030,42651,5075,17630,30541,33365,45265,49734,40963,39355,19533,1101,40280,14051,1440,43835,36052,3147,29933,18525,38306,4419,2229,12562,7458,24902,8883,2870,3794,
48,45907,7165,33777,43826,22543,363,12625,24107,10654,21978,12290,34733,20918,4501,13422,21007,41057,23131,42063,41097,7493,43028,39979,16951,14690,8075,2721,9346,13627,4714,2836,7561,42869,37110,46484,45432,12098,40075,38282,15781,5671,45911,16184,31930,31432,41594,41262,14110,41439,21237,43497,32030,42651,5075,17630,30541,33365,45265,49734,40963,39355,19533,1101,40280,14051,1440,43835,36052,3147,29933,18525,38306,14312,668,29485,2243,16655,828,3506,1117,
49,45907,7165,33777,43826,22543,363,12625,24107,10654,21978,12290,34733,20918,4501,13422,21007,41057,23131,42063,41097,7493,43028,39979,16951,14690,8075,2721,9346,13627,4714,2836,7561,42869,37110,46484,45432,12098,40075,38282,15781,5671,45911,16184,31930,31432,41594,41262,14110,41439,21237,43497,32030,42651,5075,17630,30541,33365,45265,49734,40963,39355,19533,1101,40280,14051,1440,43835,36052,3147,29933,18525,38306,35701,12246,19827,32405,37916,1254,2673,8116,
50,45907,7165,33777,43826,22543,363,12625,24107,10654,21978,12290,34733,20918,4501,13422,21007,41057,23131,42063,41097,7493,43028,39979,16951,14690,8075,2721,9346,13627,4714,2836,7561,42869,37110,46484,45432,12098,40075,38282,15781,5671,45911,16184,31930,31432,41594,41262,14110,41439,21237,43497,32030,42651,5075,17630,30541,33365,45265,49734,40963,39355,19533,1101,40280,14051,1440,43835,36052,3147,29933,18525,38306,22256,4980,13065,22240,13551,15521,2673,11957,
51,45907,7165,33777,43826,22543,363,12625,24107,10654,21978,12290,34733,20918,4501,13422,21007,41057,23131,42063,41097,7493,43028,39979,16951,14690,8075,2721,9346,13627,4714,2836,7561,42869,37110,46484,45432,12098,40075,38282,15781,5671,45911,16184,31930,31432,41594,41262,14110,41439,21237,43497,32030,42651,5075,17630,30541,33365,45265,49734,40963,39355,19533,1101,40280,14051,1440,43835,36052,3147,29933,18525,38306,9468,7909,19574,6484,37747,3970,8101,3694,
52,45907,7165,33777,43826,22543,363,12625,24107,10654,21978,12290,34733,20918,4501,13422,21007,41057,23131,42063,41097,7493,43028,39979,16951,14690,8075,2721,9346,13627,4714,2836,7561,42869,37110,46484,45432,12098,40075,38282,15781,5671,45911,16184,31930,31432,41594,41262,14110,41439,21237,43497,32030,42651,5075,17630,30541,33365,45265,49734,40963,39355,19533,1101,40280,14051,1440,43835,36052,3147,29933,18525,38306,2257,24894,45635,18714,16366,11769,27367,26383,
53,45907,7165,33777,43826,22543,363,12625,24107,10654,21978,12290,34733,20918,4501,13422,21007,41057,23131,42063,41097,7493,43028,39979,16951,14690,8075,2721,9346,13627,4714,2836,7561,42869,37110,46484,45432,12098,40075,38282,15781,5671,45911,16184,31930,31432,41594,41262,14110,41439,21237,43497,32030,42651,5075,17630,30541,33365,45265,49734,40963,39355,19533,1101,40280,14051,1440,43835,36052,3147,29933,18525,38306,2114,10906,10733,12038,16366,12606,29506,1683,
54,45907,7165,33777,43826,22543,363,12625,24107,10654,21978,12290,34733,20918,4501,13422,21007,41057,23131,42063,41097,7493,43028,39979,16951,14690,8075,2721,9346,13627,4714,2836,7561,42869,37110,46484,45432,12098,40075,38282,15781,5671,45911,16184,31930,31432,41594,41262,14110,41439,21237,43497,32030,42651,5075,17630,30541,33365,45265,49734,40963,39355,19533,1101,40280,14051,1440,43835,36052,3147,29933,18525,38306,4951,25808,37574,18622,47861,1810,7972,19557,
55,45907,7165,33777,43826,22543,363,12625,24107,10654,21978,12290,34733,20918,4501,13422,21007,41057,23131,42063,41097,7493,43028,39979,16951,14690,8075,2721,9346,13627,4714,2836,7561,42869,37110,46484,45432,12098,40075,38282,15781,5671,45911,16184,31930,31432,41594,41262,14110,41439,21237,43497,32030,42651,5075,17630,30541,33365,45265,49734,40963,39355,19533,1101,40280,14051,1440,43835,36052,3147,29933,18525,38306,30699,31365,10635,621,27011,6030,8345,8234,
56,45907,7165,33777,43826,22543,363,12625,24107,10654,21978,12290,34733,20918,4501,13422,21007,41057,23131,42063,41097,7493,43028,39979,16951,14690,8075,2721,9346,13627,4714,2836,7561,42869,37110,46484,45432,12098,40075,38282,15781,5671,45911,16184,31930,31432,41594,41262,14110,41439,21237,43497,32030,42651,5075,17630,30541,33365,45265,49734,40963,39355,19533,1101,40280,14051,1440,43835,36052,3147,29933,18525,38306,4873,1777,10528,24489,14145,27247,7605,4154,
57,45907,7165,33777,43826,22543,363,12625,24107,10654,21978,12290,34733,20918,4501,13422,21007,41057,23131,42063,41097,7493,43028,39979,16951,14690,8075,2721,9346,13627,4714,2836,7561,42869,37110,46484,45432,12098,40075,38282,15781,5671,45911,16184,31930,31432,41594,41262,14110,41439,21237,43497,32030,42651,5075,17630,30541,33365,45265,49734,40963,39355,19533,1101,40280,14051,1440,43835,36052,3147,29933,18525,38306,560,24369,36476,2954,24973,17977,2795,14311,
58,45907,7165,33777,43826,22543,363,12625,24107,10654,21978,12290,34733,20918,4501,13422,21007,41057,23131,42063,41097,7493,43028,39979,16951,14690,8075,2721,9346,13627,4714,2836,7561,42869,37110,46484,45432,12098,40075,38282,15781,5671,45911,16184,31930,31432,41594,41262,14110,41439,21237,43497,32030,42651,5075,17630,30541,33365,45265,49734,40963,39355,19533,1101,40280,14051,1440,43835,36052,3147,29933,18525,38306,24137,6422,13325,13301,10076,16562,8873,4101,
59,45907,7165,33777,43826,22543,363,12625,24107,10654,21978,12290,34733,20918,4501,13422,21007,41057,23131,42063,41097,7493,43028,39979,16951,14690,8075,2721,9346,13627,4714,2836,7561,42869,37110,46484,45432,12098,40075,38282,15781,5671,45911,16184,31930,31432,41594,41262,14110,41439,21237,43497,32030,42651,5075,17630,30541,33365,45265,49734,40963,39355,19533,1101,40280,14051,1440,43835,36052,3147,29933,18525,38306,3665,7529,38517,26974,13778,13442,20818,43320,
60,45907,7165,33777,43826,22543,363,12625,24107,10654,21978,12290,34733,20918,4501,13422,21007,41057,23131,42063,41097,7493,43028,39979,16951,14690,8075,2721,9346,13627,4714,2836,7561,42869,37110,46484,45432,12098,40075,38282,15781,5671,45911,16184,31930,31432,41594,41262,14110,41439,21237,43497,32030,42651,5075,17630,30541,33365,45265,49734,40963,39355,19533,1101,40280,14051,1440,43835,36052,3147,29933,18525,38306,17762,29321,23876,720,15018,20791,15652,10583,
61,45907,7165,33777,43826,22543,363,12625,24107,10654,21978,12290,34733,20918,4501,13422,21007,41057,23131,42063,41097,7493,43028,39979,16951,14690,8075,2721,9346,13627,4714,2836,7561,42869,37110,46484,45432,12098,40075,38282,15781,5671,45911,16184,31930,31432,41594,41262,14110,41439,21237,43497,32030,42651,5075,17630,30541,33365,45265,49734,40963,39355,19533,1101,40280,14051,1440,43835,36052,3147,29933,18525,38306,26353,36098,23606,720,49006,11098,2586,20608,
62,45907,7165,33777,43826,22543,363,12625,24107,10654,21978,12290,34733,20918,4501,13422,21007,41057,23131,42063,41097,7493,43028,39979,16951,14690,8075,2721,9346,13627,4714,2836,7561,42869,37110,46484,45432,12098,40075,38282,15781,5671,45911,16184,31930,31432,41594,41262,14110,41439,21237,43497,32030,42651,5075,17630,30541,33365,45265,49734,40963,39355,19533,1101,40280,14051,1440,43835,36052,3147,29933,18525,38306,7255,14491,22593,1863,32233,14980,30209,18138,
63,45907,7165,33777,43826,22543,363,12625,24107,10654,21978,12290,34733,20918,4501,13422,21007,41057,23131,42063,41097,7493,43028,39979,16951,14690,8075,2721,9346,13627,4714,2836,7561,42869,37110,46484,45432,12098,40075,38282,15781,5671,45911,16184,31930,31432,41594,41262,14110,41439,21237,43497,32030,42651,5075,17630,30541,33365,45265,49734,40963,39355,19533,1101,40280,14051,1440,43835,36052,3147,29933,18525,38306,4166,15393,48115,44191,20541,17504,701,6225,
64,45907,7165,33777,43826,22543,363,12625,24107,10654,21978,12290,34733,20918,4501,13422,21007,41057,23131,42063,41097,7493,43028,39979,16951,14690,8075,2721,9346,13627,4714,2836,7561,42869,37110,46484,45432,12098,40075,38282,15781,5671,45911,16184,31930,31432,41594,41262,14110,41439,21237,43497,32030,42651,5075,17630,30541,33365,45265,49734,40963,39355,19533,1101,40280,14051,1440,43835,36052,3147,29933,18525,38306,40581,14817,19211,22834,12942,22821,48661,24793,
65,45907,7165,33777,43826,22543,363,12625,24107,10654,21978,12290,34733,20918,4501,13422,21007,41057,23131,42063,41097,7493,43028,39979,16951,14690,8075,2721,9346,13627,4714,2836,7561,42869,37110,46484,45432,12098,40075,38282,15781,5671,45911,16184,31930,31432,41594,41262,14110,41439,21237,43497,32030,42651,5075,17630,30541,33365,45265,49734,40963,39355,19533,1101,40280,14051,1440,43835,36052,3147,29933,18525,38306,487,41825,22763,1488,26193,27529,11600,5824,
66,45907,7165,33777,43826,22543,363,12625,24107,10654,21978,12290,34733,20918,4501,13422,21007,41057,23131,42063,41097,7493,43028,39979,16951,14690,8075,2721,9346,13627,4714,2836,7561,42869,37110,46484,45432,12098,40075,38282,15781,5671,45911,16184,31930,31432,41594,41262,14110,41439,21237,43497,32030,42651,5075,17630,30541,33365,45265,49734,40963,39355,19533,1101,40280,14051,1440,43835,36052,3147,29933,18525,38306,22180,24001,12572,22680,21138,3489,4371,47543,
67,45907,7165,33777,43826,22543,363,12625,24107,10654,21978,12290,34733,20918,4501,13422,21007,41057,23131,42063,41097,7493,43028,39979,16951,14690,8075,2721,9346,13627,4714,2836,7561,42869,37110,46484,45432,12098,40075,38282,15781,5671,45911,16184,31930,31432,41594,41262,14110,41439,21237,43497,32030,42651,5075,17630,30541,33365,45265,49734,40963,39355,19533,1101,40280,14051,1440,43835,36052,3147,29933,18525,38306,7135,11780,25692,4156,14916,14249,2284,41092,
68,45907,7165,33777,43826,22543,363,12625,24107,10654,21978,12290,34733,20918,4501,13422,21007,41057,23131,42063,41097,7493,43028,39979,16951,14690,8075,2721,9346,13627,4714,2836,7561,42869,37110,46484,45432,12098,40075,38282,15781,5671,45911,16184,31930,31432,41594,41262,14110,41439,21237,43497,32030,42651,5075,17630,30541,33365,45265,49734,40963,39355,19533,1101,40280,14051,1440,43835,36052,3147,29933,18525,38306,20798,3875,45197,33273,46736,3155,1183,24995,
69,45907,7165,33777,43826,22543,363,12625,24107,10654,21978,12290,34733,20918,4501,13422,21007,41057,23131,42063,41097,7493,43028,39979,16951,14690,8075,2721,9346,13627,4714,2836,7561,42869,37110,46484,45432,12098,40075,38282,15781,5671,45911,16184,31930,31432,41594,41262,14110,41439,21237,43497,32030,42651,5075,17630,30541,33365,45265,49734,40963,39355,19533,1101,40280,14051,1440,43835,36052,3147,29933,18525,38306,21739,8279,11169,7757,27728,12998,21026,22815,
70,45907,7165,33777,43826,22543,363,12625,24107,10654,21978,12290,34733,20918,4501,13422,21007,41057,23131,42063,41097,7493,43028,39979,16951,14690,8075,2721,9346,13627,4714,2836,7561,42869,37110,46484,45432,12098,40075,38282,15781,5671,45911,16184,31930,31432,41594,41262,14110,41439,21237,43497,32030,42651,5075,17630,30541,33365,45265,49734,40963,39355,19533,1101,40280,14051,1440,43835,36052,3147,29933,18525,38306,11956,25587,12927,9402,40625,3409,7750,10858,
71,45907,7165,33777,43826,22543,363,12625,24107,10654,21978,12290,34733,20918,4501,13422,21007,41057,23131,42063,41097,7493,43028,39979,16951,14690,8075,2721,9346,13627,4714,2836,7561,42869,37110,46484,45432,12098,40075,38282,15781,5671,45911,16184,31930,31432,41594,41262,14110,41439,21237,43497,32030,42651,5075,17630,30541,33365,45265,49734,40963,39355,19533,1101,40280,14051,1440,43835,36052,3147,29933,18525,38306,24537,9761,16401,2453,15659,11791,40401,28464,
72,45907,7165,33777,43826,22543,363,12625,24107,10654,21978,12290,34733,20918,4501,13422,21007,41057,23131,42063,41097,7493,43028,39979,16951,14690,8075,2721,9346,13627,4714,2836,7561,42869,37110,46484,45432,12098,40075,38282,15781,5671,45911,16184,31930,31432,41594,41262,14110,41439,21237,43497,32030,42651,5075,17630,30541,33365,45265,49734,40963,39355,19533,1101,40280,14051,1440,43835,36052,3147,29933,18525,38306,6530,850,17002,37121,31598,2965,12375,27530,
73,45907,7165,33777,43826,22543,363,12625,24107,10654,21978,12290,34733,20918,4501,13422,21007,41057,23131,42063,41097,7493,43028,39979,16951,14690,8075,2721,9346,13627,4714,2836,7561,42869,37110,46484,45432,12098,40075,38282,15781,5671,45911,16184,31930,31432,41594,41262,14110,41439,21237,43497,32030,42651,5075,17630,30541,33365,45265,49734,40963,39355,19533,1101,40280,14051,1440,43835,36052,3147,29933,18525,38306,8126,7579,25538,4377,13735,29575,15522,12028,
74,45907,7165,33777,43826,22543,363,12625,24107,10654,21978,12290,34733,20918,4501,13422,21007,41057,23131,42063,41097,7493,43028,39979,16951,14690,8075,2721,9346,13627,4714,2836,7561,42869,37110,46484,45432,12098,40075,38282,15781,5671,45911,16184,31930,31432,41594,41262,14110,41439,21237,43497,32030,42651,5075,17630,30541,33365,45265,49734,40963,39355,19533,1101,40280,14051,1440,43835,36052,3147,29933,18525,38306,3336,6117,18524,2153,29722,29575,630,18146,
75,45907,7165,33777,43826,22543,363,12625,24107,10654,21978,12290,34733,20918,4501,13422,21007,41057,23131,42063,41097,7493,43028,39979,16951,14690,8075,2721,9346,13627,4714,2836,7561,42869,37110,46484,45432,12098,40075,38282,15781,5671,45911,16184,31930,31432,41594,41262,14110,41439,21237,43497,32030,42651,5075,17630,30541,33365,45265,49734,40963,39355,19533,1101,40280,14051,1440,43835,36052,3147,29933,18525,38306,7925,18118,10941,4912,31267,1314,1930,10368,
76,45907,7165,33777,43826,22543,363,12625,24107,10654,21978,12290,34733,20918,4501,13422,21007,41057,23131,42063,41097,7493,43028,39979,16951,14690,8075,2721,9346,13627,4714,2836,7561,42869,37110,46484,45432,12098,40075,38282,15781,5671,45911,16184,31930,31432,41594,41262,14110,41439,21237,43497,32030,42651,5075,17630,30541,33365,45265,49734,40963,39355,19533,1101,40280,14051,1440,43835,36052,3147,29933,18525,38306,9330,4977,18653,21489,18671,4852,7866,28086,
77,45907,7165,33777,43826,22543,363,12625,24107,10654,21978,12290,34733,20918,4501,13422,21007,41057,23131,42063,41097,7493,43028,39979,16951,14690,8075,2721,9346,13627,4714,2836,7561,42869,37110,46484,45432,12098,40075,38282,15781,5671,45911,16184,31930,31432,41594,41262,14110,41439,21237,43497,32030,42651,5075,17630,30541,33365,45265,49734,40963,39355,19533,1101,40280,14051,1440,43835,36052,3147,29933,18525,38306,11901,4318,28333,28774,10770,13364,1009,23887,
78,45907,7165,33777,43826,22543,363,12625,24107,10654,21978,12290,34733,20918,4501,13422,21007,41057,23131,42063,41097,7493,43028,39979,16951,14690,8075,2721,9346,13627,4714,2836,7561,42869,37110,46484,45432,12098,40075,38282,15781,5671,45911,16184,31930,31432,41594,41262,14110,41439,21237,43497,32030,42651,5075,17630,30541,33365,45265,49734,40963,39355,19533,1101,40280,14051,1440,43835,36052,3147,29933,18525,38306,10711,15930,10299,2910,13491,37641,26809,10805,
79,45907,7165,33777,43826,22543,363,12625,24107,10654,21978,12290,34733,20918,4501,13422,21007,41057,23131,42063,41097,7493,43028,39979,16951,14690,8075,2721,9346,13627,4714,2836,7561,42869,37110,46484,45432,12098,40075,38282,15781,5671,45911,16184,31930,31432,41594,41262,14110,41439,21237,43497,32030,42651,5075,17630,30541,33365,45265,49734,40963,39355,19533,1101,40280,14051,1440,43835,36052,3147,29933,18525,38306,3626,8419,39474,17717,16697,8428,22520,20701,
80,45907,7165,33777,43826,22543,363,12625,24107,10654,21978,12290,34733,20918,4501,13422,21007,41057,23131,42063,41097,7493,43028,39979,16951,14690,8075,2721,9346,13627,4714,2836,7561,42869,37110,46484,45432,12098,40075,38282,15781,5671,45911,16184,31930,31432,41594,41262,14110,41439,21237,43497,32030,42651,5075,17630,30541,33365,45265,49734,40963,39355,19533,1101,40280,14051,1440,43835,36052,3147,29933,18525,38306,3682,11904,29829,15758,32571,2082,7290,11703,
81,45907,7165,33777,43826,22543,363,12625,24107,10654,21978,12290,34733,20918,4501,13422,21007,41057,23131,42063,41097,7493,43028,39979,16951,14690,8075,2721,9346,13627,4714,2836,7561,42869,37110,46484,45432,12098,40075,38282,15781,5671,45911,16184,31930,31432,41594,41262,14110,41439,21237,43497,32030,42651,5075,17630,30541,33365,45265,49734,40963,39355,19533,1101,40280,14051,1440,43835,36052,3147,29933,18525,38306,3145,14460,14747,37042,31059,10430,8545,18950,
82,45907,7165,33777,43826,22543,363,12625,24107,10654,21978,12290,34733,20918,4501,13422,21007,41057,23131,42063,41097,7493,43028,39979,16951,14690,8075,2721,9346,13627,4714,2836,7561,42869,37110,46484,45432,12098,40075,38282,15781,5671,45911,16184,31930,31432,41594,41262,14110,41439,21237,43497,32030,42651,5075,17630,30541,33365,45265,49734,40963,39355,19533,1101,40280,14051,1440,43835,36052,3147,29933,18525,38306,3017,23694,24316,14504,31059,3536,8789,24501,
83,45907,7165,33777,43826,22543,363,12625,24107,10654,21978,12290,34733,20918,4501,13422,21007,41057,23131,42063,41097,7493,43028,39979,16951,14690,8075,2721,9346,13627,4714,2836,7561,42869,37110,46484,45432,12098,40075,38282,15781,5671,45911,16184,31930,31432,41594,41262,14110,41439,21237,43497,32030,42651,5075,17630,30541,33365,45265,49734,40963,39355,19533,1101,40280,14051,1440,43835,36052,3147,29933,18525,38306,7410,4271,47282,1229,16324,43962,25629,39146,
84,45907,7165,33777,43826,22543,363,12625,24107,10654,21978,12290,34733,20918,4501,13422,21007,41057,23131,42063,41097,7493,43028,39979,16951,14690,8075,2721,9346,13627,4714,2836,7561,42869,37110,46484,45432,12098,40075,38282,15781,5671,45911,16184,31930,31432,41594,41262,14110,41439,21237,43497,32030,42651,5075,17630,30541,33365,45265,49734,40963,39355,19533,1101,40280,14051,1440,43835,36052,3147,29933,18525,38306,32607,4834,22193,16726,39980,15531,20452,16280,
85,45907,7165,33777,43826,22543,363,12625,24107,10654,21978,12290,34733,20918,4501,13422,21007,41057,23131,42063,41097,7493,43028,39979,16951,14690,8075,2721,9346,13627,4714,2836,7561,42869,37110,46484,45432,12098,40075,38282,15781,5671,45911,16184,31930,31432,41594,41262,14110,41439,21237,43497,32030,42651,5075,17630,30541,33365,45265,49734,40963,39355,19533,1101,40280,14051,1440,43835,36052,3147,29933,18525,38306,6301,6532,29452,14350,11916,41091,9026,23132,
86,45907,7165,33777,43826,22543,363,12625,24107,10654,21978,12290,34733,20918,4501,13422,21007,41057,23131,42063,41097,7493,43028,39979,16951,14690,8075,2721,9346,13627,4714,2836,7561,42869,37110,46484,45432,12098,40075,38282,15781,5671,45911,16184,31930,31432,41594,41262,14110,41439,21237,43497,32030,42651,5075,17630,30541,33365,45265,49734,40963,39355,19533,1101,40280,14051,1440,43835,36052,3147,29933,18525,38306,12148,6532,12871,27356,44825,53858,8277,39068,
87,45907,7165,33777,43826,22543,363,12625,24107,10654,21978,12290,34733,20918,4501,13422,21007,41057,23131,42063,41097,7493,43028,39979,16951,14690,8075,2721,9346,13627,4714,2836,7561,42869,37110,46484,45432,12098,40075,38282,15781,5671,45911,16184,31930,31432,41594,41262,14110,41439,21237,43497,32030,42651,5075,17630,30541,33365,45265,49734,40963,39355,19533,1101,40280,14051,1440,43835,36052,3147,29933,18525,38306,19693,10536,46870,10238,42471,18056,17385,24540,
88,45907,7165,33777,43826,22543,363,12625,24107,10654,21978,12290,34733,20918,4501,13422,21007,41057,23131,42063,41097,7493,43028,39979,16951,14690,8075,2721,9346,13627,4714,2836,7561,42869,37110,46484,45432,12098,40075,38282,15781,5671,45911,16184,31930,31432,41594,41262,14110,41439,21237,43497,32030,42651,5075,17630,30541,33365,45265,49734,40963,39355,19533,1101,40280,14051,1440,43835,36052,3147,29933,18525,38306,9068,9746,36885,7852,17084,24139,1440,25304,
89,45907,7165,33777,43826,22543,363,12625,24107,10654,21978,12290,34733,20918,4501,13422,21007,41057,23131,42063,41097,7493,43028,39979,16951,14690,8075,2721,9346,13627,4714,2836,7561,42869,37110,46484,45432,12098,40075,38282,15781,5671,45911,16184,31930,31432,41594,41262,14110,41439,21237,43497,32030,42651,5075,17630,30541,33365,45265,49734,40963,39355,19533,1101,40280,14051,1440,43835,36052,3147,29933,18525,38306,1542,8594,12715,1449,24922,16932,1774,24598,
90,45907,7165,33777,43826,22543,363,12625,24107,10654,21978,12290,34733,20918,4501,13422,21007,41057,23131,42063,41097,7493,43028,39979,16951,14690,8075,2721,9346,13627,4714,2836,7561,42869,37110,46484,45432,12098,40075,38282,15781,5671,45911,16184,31930,31432,41594,41262,14110,41439,21237,43497,32030,42651,5075,17630,30541,33365,45265,49734,40963,39355,19533,1101,40280,14051,1440,43835,36052,3147,29933,18525,38306,29628,3237,39777,26428,10587,36829,42324,14981,
91,45907,7165,33777,43826,22543,363,12625,24107,10654,21978,12290,34733,20918,4501,13422,21007,41057,23131,42063,41097,7493,43028,39979,16951,14690,8075,2721,9346,13627,4714,2836,7561,42869,37110,46484,45432,12098,40075,38282,15781,5671,45911,16184,31930,31432,41594,41262,14110,41439,21237,43497,32030,42651,5075,17630,30541,33365,45265,49734,40963,39355,19533,1101,40280,14051,1440,43835,36052,3147,29933,18525,38306,28571,1485,15482,10121,46260,27366,7711,11923,
92,45907,7165,33777,43826,22543,363,12625,24107,10654,21978,12290,34733,20918,4501,13422,21007,41057,23131,42063,41097,7493,43028,39979,16951,14690,8075,2721,9346,13627,4714,2836,7561,42869,37110,46484,45432,12098,40075,38282,15781,5671,45911,16184,31930,31432,41594,41262,14110,41439,21237,43497,32030,42651,5075,17630,30541,33365,45265,49734,40963,39355,19533,1101,40280,14051,1440,43835,36052,3147,29933,18525,38306,20406,18573,18797,37594,24904,21313,1293,27851,
93,45907,7165,33777,43826,22543,363,12625,24107,10654,21978,12290,34733,20918,4501,13422,21007,41057,23131,42063,41097,7493,43028,39979,16951,14690,8075,2721,9346,13627,4714,2836,7561,42869,37110,46484,45432,12098,40075,38282,15781,5671,45911,16184,31930,31432,41594,41262,14110,41439,21237,43497,32030,42651,5075,17630,30541,33365,45265,49734,40963,39355,19533,1101,40280,14051,1440,43835,36052,3147,29933,18525,38306,12657,6567,10267,2244,21835,11702,1712,13319,
94,45907,7165,33777,43826,22543,363,12625,24107,10654,21978,12290,34733,20918,4501,13422,21007,41057,23131,42063,41097,7493,43028,39979,16951,14690,8075,2721,9346,13627,4714,2836,7561,42869,37110,46484,45432,12098,40075,38282,15781,5671,45911,16184,31930,31432,41594,41262,14110,41439,21237,43497,32030,42651,5075,17630,30541,33365,45265,49734,40963,39355,19533,1101,40280,14051,1440,43835,36052,3147,29933,18525,38306,10851,32221,13484,11942,26117,40148,641,23975,
95,45907,7165,33777,43826,22543,363,12625,24107,10654,21978,12290,34733,20918,4501,13422,21007,41057,23131,42063,41097,7493,43028,39979,16951,14690,8075,2721,9346,13627,4714,2836,7561,42869,37110,46484,45432,12098,40075,38282,15781,5671,45911,16184,31930,31432,41594,41262,14110,41439,21237,43497,32030,42651,5075,17630,30541,33365,45265,49734,40963,39355,19533,1101,40280,14051,1440,43835,36052,3147,29933,18525,38306,20032,19208,23543,5234,37588,10498,641,24361,
96,45907,7165,33777,43826,22543,363,12625,24107,10654,21978,12290,34733,20918,4501,13422,21007,41057,23131,42063,41097,7493,43028,39979,16951,14690,8075,2721,9346,13627,4714,2836,7561,42869,37110,46484,45432,12098,40075,38282,15781,5671,45911,16184,31930,31432,41594,41262,14110,41439,21237,43497,32030,42651,5075,17630,30541,33365,45265,49734,40963,39355,19533,1101,40280,14051,1440,43835,36052,3147,29933,18525,38306,28844,13330,16675,12859,26542,28105,1776,19378,
97,45907,7165,33777,43826,22543,363,12625,24107,10654,21978,12290,34733,20918,4501,13422,21007,41057,23131,42063,41097,7493,43028,39979,16951,14690,8075,2721,9346,13627,4714,2836,7561,42869,37110,46484,45432,12098,40075,38282,15781,5671,45911,16184,31930,31432,41594,41262,14110,41439,21237,43497,32030,42651,5075,17630,30541,33365,45265,49734,40963,39355,19533,1101,40280,14051,1440,43835,36052,3147,29933,18525,38306,43207,22976,35642,27661,21665,16826,13323,11299,
98,45907,7165,33777,43826,22543,363,12625,24107,10654,21978,12290,34733,20918,4501,13422,21007,41057,23131,42063,41097,7493,43028,39979,16951,14690,8075,2721,9346,13627,4714,2836,7561,42869,37110,46484,45432,12098,40075,38282,15781,5671,45911,16184,31930,31432,41594,41262,14110,41439,21237,43497,32030,42651,5075,17630,30541,33365,45265,49734,40963,39355,19533,1101,40280,14051,1440,43835,36052,3147,29933,18525,38306,10065,13985,10625,12249,23617,32688,5209,11866,
99,45907,7165,33777,43826,22543,363,12625,24107,10654,21978,12290,34733,20918,4501,13422,21007,41057,23131,42063,41097,7493,43028,39979,16951,14690,8075,2721,9346,13627,4714,2836,7561,42869,37110,46484,45432,12098,40075,38282,15781,5671,45911,16184,31930,31432,41594,41262,14110,41439,21237,43497,32030,42651,5075,17630,30541,33365,45265,49734,40963,39355,19533,1101,40280,14051,1440,43835,36052,3147,29933,18525,38306,278,10403,24789,2323,16121,22495,2766,16813,
100,45907,7165,33777,43826,22543,363,12625,24107,10654,21978,12290,34733,20918,4501,13422,21007,41057,23131,42063,41097,7493,43028,39979,16951,14690,8075,2721,9346,13627,4714,2836,7561,42869,37110,46484,45432,12098,40075,38282,15781,5671,45911,16184,31930,31432,41594,41262,14110,41439,21237,43497,32030,42651,5075,17630,30541,33365,45265,49734,40963,39355,19533,1101,40280,14051,1440,43835,36052,3147,29933,18525,38306,278,13883,16918,8630,22340,23405,36999,30974,
