1,833,20339,13640,50981,3754,45455,47517,34481,28894,41875,29474,6933,38710,32810,37974,15906,48380,46312,44675,38824,38620,37349,18276,1791,740,18263,3864,532,47853,14399,36954,36150,42924,26013,4343,212,32110,29513,48503,16596,44790,26986,44781,48464,4288,37916,21837,20854,1376,16035,49156,32096,45915,1874,39181,261,38383,20662,48452,18783,21376,37782,43243,47065,29436,13026,15285,37446,11064,25844,14178,29536,23962,41949,42312,2558,25440,37174,15123,30182,
2,833,20339,13640,50981,3754,45455,47517,34481,28894,41875,29474,6933,38710,32810,37974,15906,48380,46312,44675,38824,38620,37349,18276,1791,740,18263,3864,532,47853,14399,36954,36150,42924,26013,4343,212,32110,29513,48503,16596,10216,26986,18859,367,19328,5912,7352,33678,19034,10419,12713,1284,1345,6748,13447,42813,6588,1214,48345,1275,17010,10158,9148,644,40116,17368,11609,1274,20596,12379,14849,15523,19726,13356,33837,15111,11936,823,12545,22211,
3,833,20339,13640,50981,3754,45455,47517,34481,28894,41875,29474,6933,38710,32810,37974,15906,48380,46312,44675,38824,38620,37349,18276,1791,740,18263,3864,532,47853,14399,36954,36150,42924,26013,4343,212,32110,29513,48503,16596,14383,34068,8321,9143,11690,44366,2931,15733,1167,18716,2649,5750,1320,10198,7140,7332,1886,4266,1420,23223,43251,40683,548,2436,1432,7725,9571,8156,23646,19605,5164,4120,20981,7160,17678,15023,18182,31759,149,16240,
4,833,20339,13640,50981,3754,45455,47517,34481,28894,41875,29474,6933,38710,32810,37974,15906,48380,46312,44675,38824,38620,37349,18276,1791,740,18263,3864,532,47853,14399,36954,36150,42924,26013,4343,212,32110,29513,48503,16596,3995,3150,2718,3628,13703,39115,21356,15651,3348,20751,2104,4983,15530,24673,6190,15218,9780,11091,3774,1807,42950,881,44920,926,4613,23606,7594,14550,6186,35619,4125,2044,2543,2930,23799,8302,38891,28932,149,30097,
5,833,20339,13640,50981,3754,45455,47517,34481,28894,41875,29474,6933,38710,32810,37974,15906,48380,46312,44675,38824,38620,37349,18276,1791,740,18263,3864,532,47853,14399,36954,36150,42924,26013,4343,212,32110,29513,48503,16596,16070,24911,7104,18733,15923,19518,7328,9385,8086,7950,15908,8018,43774,12312,14129,25677,2595,15692,6911,12414,19002,3562,12637,42846,33217,6264,31442,16076,7787,36700,30644,20209,11786,24432,16490,1955,5727,26529,149,18604,
6,833,20339,13640,50981,3754,45455,47517,34481,28894,41875,29474,6933,38710,32810,37974,15906,48380,46312,44675,38824,38620,37349,18276,1791,740,18263,3864,532,47853,14399,36954,36150,42924,26013,4343,212,32110,29513,48503,16596,12418,1711,5361,30989,18606,42835,3669,4829,31972,21415,888,29656,43159,13670,1969,12741,1180,2755,2236,5303,1665,53392,7357,12184,16825,37587,1667,231,19367,18551,35286,36344,5000,14152,683,32535,3416,3760,149,15004,
7,833,20339,13640,50981,3754,45455,47517,34481,28894,41875,29474,6933,38710,32810,37974,15906,48380,46312,44675,38824,38620,37349,18276,1791,740,18263,3864,532,47853,14399,36954,36150,42924,26013,4343,212,32110,29513,48503,16596,4191,22953,27978,18628,5542,14276,3669,4607,4192,29991,4363,23904,9103,19003,16586,4403,27801,13853,8254,28472,23497,24536,12864,28866,7908,5840,16539,231,12712,10367,1961,17531,6098,34224,4220,2804,16257,1780,20018,3912,
8,833,20339,13640,50981,3754,45455,47517,34481,28894,41875,29474,6933,38710,32810,37974,15906,48380,46312,44675,38824,38620,37349,18276,1791,740,18263,3864,532,47853,14399,36954,36150,42924,26013,4343,212,32110,29513,48503,16596,602,5606,27490,15503,34953,549,1268,9230,11084,15462,4149,34561,48702,5168,20708,12877,20854,15131,730,27436,3553,21347,44792,11484,1926,959,2696,231,537,7104,12173,3980,15773,12708,33641,1122,5649,1780,9151,13558,
9,833,20339,13640,50981,3754,45455,47517,34481,28894,41875,29474,6933,38710,32810,37974,15906,48380,46312,44675,38824,38620,37349,18276,1791,740,18263,3864,532,47853,14399,36954,36150,42924,26013,4343,212,32110,29513,48503,16596,12100,3647,696,38398,16660,8406,4744,1409,3373,39985,17349,3276,6948,11597,1730,4646,20812,11393,28698,13456,27888,15565,29940,47953,25595,4361,1609,38560,6780,5114,10290,4609,9129,1232,3784,21433,23611,2108,43312,15527,
10,833,20339,13640,50981,3754,45455,47517,34481,28894,41875,29474,6933,38710,32810,37974,15906,48380,46312,44675,38824,38620,37349,18276,1791,740,18263,3864,532,47853,14399,36954,36150,42924,26013,4343,212,32110,29513,48503,16596,27681,16116,13199,28048,4375,14729,37842,1409,3291,23321,46173,3114,7568,8377,8623,4949,2513,7039,10387,44683,17060,16334,6586,15580,9313,24511,20631,24481,10253,6342,37443,1104,8466,19609,17495,37794,27229,5210,7962,22028,
11,833,20339,13640,50981,3754,45455,47517,34481,28894,41875,29474,6933,38710,32810,37974,15906,48380,46312,44675,38824,38620,37349,18276,1791,740,18263,3864,532,47853,14399,36954,36150,42924,26013,4343,212,32110,29513,48503,16596,21511,36147,450,6877,497,1332,1605,22717,30242,13716,22120,3183,6864,17099,32739,9774,8415,2710,4217,2164,17060,50276,12948,11571,2003,2713,13890,595,17207,2709,18765,20068,1741,13679,12268,3760,6642,993,14286,6558,
12,833,20339,13640,50981,3754,45455,47517,34481,28894,41875,29474,6933,38710,32810,37974,15906,48380,46312,44675,38824,38620,37349,18276,1791,740,18263,3864,532,47853,14399,36954,36150,42924,26013,4343,212,32110,29513,48503,16596,31187,15211,17871,19914,6363,43177,11829,11872,7447,26966,28360,21083,14498,1055,3841,1861,10558,1937,5682,814,13486,29752,2071,18985,35975,25297,14128,5902,2287,16811,6871,9608,19972,35624,21568,5876,19358,10995,6033,13757,
13,833,20339,13640,50981,3754,45455,47517,34481,28894,41875,29474,6933,38710,32810,37974,15906,48380,46312,44675,38824,38620,37349,18276,1791,740,18263,3864,532,47853,14399,36954,36150,42924,26013,4343,212,32110,29513,48503,16596,14334,8386,44320,41277,1873,716,27246,27475,3931,38895,30232,4299,5676,11781,11889,780,23993,20366,4122,28141,19044,32849,12686,20111,13167,4372,4710,4785,29817,16177,24465,30835,42526,38505,8331,5832,7653,14097,49274,3083,
14,833,20339,13640,50981,3754,45455,47517,34481,28894,41875,29474,6933,38710,32810,37974,15906,48380,46312,44675,38824,38620,37349,18276,1791,740,18263,3864,532,47853,14399,36954,36150,42924,26013,4343,212,32110,29513,48503,16596,3354,7555,6644,495,29857,716,898,40006,34270,27903,24229,40055,35761,23642,11889,22664,4770,24981,3359,25268,5914,11900,29231,29758,35721,4416,9533,12848,26046,22691,41745,23678,14328,16927,2932,47036,8191,2297,35295,12067,
15,833,20339,13640,50981,3754,45455,47517,34481,28894,41875,29474,6933,38710,32810,37974,15906,48380,46312,44675,38824,38620,37349,18276,1791,740,18263,3864,532,47853,14399,36954,36150,42924,26013,4343,212,32110,29513,48503,16596,16905,29710,8434,14561,12130,29763,1740,14401,8170,28750,2869,4542,21696,21280,23416,1679,34560,2511,10575,8974,17115,38237,6504,24646,29628,26973,4800,16406,7178,31281,26654,5636,29918,9318,6301,18584,45400,7379,12953,24621,
16,833,20339,13640,50981,3754,45455,47517,34481,28894,41875,29474,6933,38710,32810,37974,15906,48380,46312,44675,38824,38620,37349,18276,1791,740,18263,3864,532,47853,14399,36954,36150,42924,26013,4343,212,32110,29513,48503,16596,7235,21301,25028,3875,3485,2256,17042,280,12371,4775,19742,2718,1746,11156,47590,2150,6846,32264,8136,3185,22991,30383,27443,14429,12474,37528,14124,1706,5124,14485,28558,15420,13399,34915,30081,17551,22864,15120,26159,28430,
17,833,20339,13640,50981,3754,45455,47517,34481,28894,41875,29474,6933,38710,32810,37974,15906,48380,46312,44675,38824,38620,37349,18276,1791,740,18263,3864,532,47853,14399,36954,36150,42924,26013,4343,212,32110,29513,48503,16596,38483,2027,34813,18792,16794,35506,14370,280,16715,22398,10250,17711,4171,17164,1355,4557,14840,2032,2068,28019,14746,49753,35771,27749,29177,23728,16290,18961,3729,341,25011,5365,3785,4920,1142,11708,22364,37594,14913,1801,
18,833,20339,13640,50981,3754,45455,47517,34481,28894,41875,29474,6933,38710,32810,37974,15906,48380,46312,44675,38824,38620,37349,18276,1791,740,18263,3864,532,47853,14399,36954,36150,42924,26013,4343,212,32110,29513,48503,16596,4631,12350,1714,1283,10400,10356,8911,280,1444,7815,13622,16988,28007,31892,1355,4557,5350,3156,23623,27452,7540,28107,10622,13432,41297,3846,18957,15898,11231,341,9926,6698,2271,29201,14248,1768,25361,10814,4401,16491,
19,833,20339,13640,50981,3754,45455,47517,34481,28894,41875,29474,6933,38710,32810,37974,15906,48380,46312,44675,38824,38620,37349,18276,1791,740,18263,3864,532,47853,14399,36954,36150,42924,26013,4343,212,32110,29513,48503,16596,17877,15926,38538,5781,544,11485,38274,280,2436,5958,25633,10364,30179,16262,43097,30525,23472,16076,17700,1750,3906,51389,19366,11731,10845,28790,5362,19914,31349,2038,8911,25218,7683,22525,5998,7900,6340,9293,581,3443,
20,833,20339,13640,50981,3754,45455,47517,34481,28894,41875,29474,6933,38710,32810,37974,15906,48380,46312,44675,38824,38620,37349,18276,1791,740,18263,3864,532,47853,14399,36954,36150,42924,26013,4343,212,32110,29513,48503,16596,735,15000,25452,14839,9733,35307,2413,32015,14356,6730,25813,496,7063,11053,37252,4510,17271,8202,7089,13288,20710,20014,20147,22483,8030,15248,4043,35888,4941,12379,3448,36536,1537,18236,4426,8908,2302,23615,5551,8995,
21,833,20339,13640,50981,3754,45455,47517,34481,28894,41875,29474,6933,38710,32810,37974,15906,48380,46312,44675,38824,38620,37349,18276,1791,740,18263,3864,532,47853,14399,36954,36150,42924,26013,4343,212,32110,29513,48503,16596,13712,2388,1524,8544,9789,24869,2282,10392,13646,9231,5519,15999,6722,26941,19303,39049,1156,6353,12599,3510,47007,24345,11222,17510,573,20657,9801,19366,3223,6511,22321,8845,8796,3933,38518,7742,2302,28400,2450,1132,
22,833,20339,13640,50981,3754,45455,47517,34481,28894,41875,29474,6933,38710,32810,37974,15906,48380,46312,44675,38824,38620,37349,18276,1791,740,18263,3864,532,47853,14399,36954,36150,42924,26013,4343,212,32110,29513,48503,16596,4450,34438,7711,2668,2791,7811,7562,10527,9163,11391,9464,22595,6712,6172,33118,5157,1612,21075,18244,4504,16472,22794,7138,12681,38919,22199,9870,16488,1840,18353,36550,11494,26864,22834,24644,14732,13872,3856,24962,8774,
23,833,20339,13640,50981,3754,45455,47517,34481,28894,41875,29474,6933,38710,32810,37974,15906,48380,46312,44675,38824,38620,37349,18276,1791,740,18263,3864,532,47853,14399,36954,36150,42924,26013,4343,212,32110,29513,48503,16596,6318,32077,16608,2940,15143,7717,18882,23936,28369,613,14496,3177,2500,38211,43509,6569,12687,26539,175,4904,15060,19426,575,40659,18590,2625,10053,10720,37365,4596,7924,1007,9188,25934,38548,17366,20980,29068,25814,15609,
24,833,20339,13640,50981,3754,45455,47517,34481,28894,41875,29474,6933,38710,32810,37974,15906,48380,46312,44675,38824,38620,37349,18276,1791,740,18263,3864,532,47853,14399,36954,36150,42924,26013,4343,212,32110,29513,48503,16596,22706,17015,1048,17969,21670,159,16831,28962,11716,15578,1394,28363,3554,27862,47702,6618,8747,38637,19818,12097,22885,35645,1872,11349,27464,44813,8451,8772,5442,12871,4726,32762,1718,2858,26568,8009,778,21493,8002,7538,
25,833,20339,13640,50981,3754,45455,47517,34481,28894,41875,29474,6933,38710,32810,37974,15906,48380,46312,44675,38824,38620,37349,18276,1791,740,18263,3864,532,47853,14399,36954,36150,42924,26013,4343,212,32110,29513,48503,16596,4533,13449,2563,10609,35105,50402,6280,14300,7201,1733,17133,38887,4259,9259,10558,10289,20513,24647,31150,7941,4896,23059,5628,24542,12871,15802,3395,3171,7135,22352,5843,31243,35016,15306,10469,4825,2778,21719,44766,32111,
26,833,20339,13640,50981,3754,45455,47517,34481,28894,41875,29474,6933,38710,32810,37974,15906,48380,46312,44675,38824,38620,37349,18276,1791,740,18263,3864,532,47853,14399,36954,36150,42924,26013,4343,212,32110,29513,48503,16596,28743,11804,4718,18575,4192,764,10899,16201,3494,8372,455,6333,34515,26669,10558,9824,6672,478,8442,2674,2670,10036,1973,32445,19838,14641,3585,1215,14804,10070,5195,16065,4848,2632,49841,22881,15009,37060,32234,1780,
27,833,20339,13640,50981,3754,45455,47517,34481,28894,41875,29474,6933,38710,32810,37974,15906,48380,46312,44675,38824,38620,37349,18276,1791,740,18263,3864,532,47853,14399,36954,36150,42924,26013,4343,212,32110,29513,48503,16596,2935,33550,4352,18575,29040,3455,30860,16995,761,8301,15687,15009,13815,42271,51926,18684,43386,33605,3620,32260,9209,10036,17208,19980,704,7874,7365,14488,7104,827,36811,20350,6272,3819,11719,9275,21416,24396,18260,29205,
28,833,20339,13640,50981,3754,45455,47517,34481,28894,41875,29474,6933,38710,32810,37974,15906,48380,46312,44675,38824,38620,37349,18276,1791,740,18263,3864,532,47853,14399,36954,36150,42924,26013,4343,212,32110,29513,48503,16596,3941,26633,1719,9272,3137,2424,5962,18745,14690,16235,11230,4810,24571,6060,53390,10399,3148,32969,4739,31263,15674,30574,12232,14412,2639,40512,9339,11390,21483,4203,3105,15837,8038,13442,18520,2823,14973,1308,6498,23326,
29,833,20339,13640,50981,3754,45455,47517,34481,28894,41875,29474,6933,38710,32810,37974,15906,48380,46312,44675,38824,38620,37349,18276,1791,740,18263,3864,532,47853,14399,36954,36150,42924,26013,4343,212,32110,29513,48503,16596,2704,40047,19662,36044,12513,1630,4634,13962,3616,6690,37167,25421,8673,6669,38743,371,9724,19350,4739,15538,678,48635,34524,16023,2383,1181,5124,1780,3406,817,20116,22789,8020,20968,15408,27539,2712,1308,1688,34674,
30,833,20339,13640,50981,3754,45455,47517,34481,28894,41875,29474,6933,38710,32810,37974,15906,48380,46312,44675,38824,38620,37349,18276,1791,740,18263,3864,532,47853,14399,36954,36150,42924,26013,4343,212,32110,29513,48503,16596,2472,12160,1424,1071,4749,10634,11788,18364,5918,32250,24457,162,1866,12392,23825,15465,8077,14908,8157,16122,678,28118,20234,35332,38806,9727,3344,20898,5076,15577,3402,30035,1917,22298,31397,3385,17168,30384,4170,16391,
31,833,20339,13640,50981,3754,45455,47517,34481,28894,41875,29474,6933,38710,32810,37974,15906,48380,46312,44675,38824,38620,37349,18276,1791,740,18263,3864,532,47853,14399,36954,36150,42924,26013,4343,212,32110,29513,48503,16596,13203,33600,17628,4091,16241,9513,8870,14533,31518,46044,9994,8649,61,693,18892,23991,4356,18216,15318,702,678,40649,34866,13574,19143,21516,2349,25958,36765,20206,5594,40724,19362,22384,30756,40710,34097,7444,16065,1535,
32,833,20339,13640,50981,3754,45455,47517,34481,28894,41875,29474,6933,38710,32810,37974,15906,48380,46312,44675,38824,38620,37349,18276,1791,740,18263,3864,532,47853,14399,36954,36150,42924,26013,4343,212,32110,29513,48503,16596,13536,12532,5421,24942,596,685,30895,17201,6409,2392,30763,22113,45310,9216,20741,22248,438,40235,26011,2240,10504,30116,5855,19569,7212,3957,11742,9596,31069,6026,18994,9882,24307,17627,20232,15613,14555,25228,1642,25022,
33,833,20339,13640,50981,3754,45455,47517,34481,28894,41875,29474,6933,38710,32810,37974,15906,48380,46312,44675,38824,38620,37349,18276,1791,740,18263,3864,532,47853,14399,36954,36150,42924,26013,4343,212,32110,29513,48503,16596,41618,13723,11953,1722,18922,6343,1719,21672,3259,4367,17146,4085,13315,472,44853,26992,476,14434,4664,26171,17606,21728,16488,38510,8780,19278,24182,20401,14214,11157,10959,20377,20796,3853,51370,2524,8399,824,1624,11074,
34,833,20339,13640,50981,3754,45455,47517,34481,28894,41875,29474,6933,38710,32810,37974,15906,48380,46312,44675,38824,38620,37349,18276,1791,740,18263,3864,532,47853,14399,36954,36150,42924,26013,4343,212,32110,29513,48503,16596,47143,21275,27234,17561,16345,6806,29597,39079,17077,7783,3571,6266,26310,6088,10807,8412,581,10733,12972,13753,53474,13403,21243,38537,31023,5748,382,4679,13996,2063,17702,11996,20656,633,14765,11555,10915,28729,4613,1077,
35,833,20339,13640,50981,3754,45455,47517,34481,28894,41875,29474,6933,38710,32810,37974,15906,48380,46312,44675,38824,38620,37349,18276,1791,740,18263,3864,532,47853,14399,36954,36150,42924,26013,4343,212,32110,29513,48503,16596,17809,26220,32171,12150,5208,13473,9562,37369,42290,22328,29896,5742,15745,861,10807,5551,523,16858,4116,37306,10578,14631,1342,46713,15480,27820,7894,12657,44724,27096,19125,5750,15265,3299,19413,8013,14882,3505,8992,5280,
36,833,20339,13640,50981,3754,45455,47517,34481,28894,41875,29474,6933,38710,32810,37974,15906,48380,46312,44675,38824,38620,37349,18276,1791,740,18263,3864,532,47853,14399,36954,36150,42924,26013,4343,212,32110,29513,48503,16596,16668,11814,20232,2875,1533,8558,21805,14131,4682,6540,4645,12413,13850,33338,20046,20497,15210,11873,6038,18472,46998,16689,17026,10940,23581,24496,5453,11724,30922,26167,16018,29130,43637,18345,18070,991,4764,35792,7300,32496,
37,833,20339,13640,50981,3754,45455,47517,34481,28894,41875,29474,6933,38710,32810,37974,15906,48380,46312,44675,38824,38620,37349,18276,1791,740,18263,3864,532,47853,14399,36954,36150,42924,26013,4343,212,32110,29513,48503,16596,5392,18265,2791,3241,2734,25880,788,13688,10424,31503,25644,35131,35631,9390,23603,20952,20868,18669,3552,29381,15926,27202,4701,31882,37329,23489,25148,16955,9396,23473,4147,8121,8871,1144,55718,14785,10949,20795,2988,10130,
38,833,20339,13640,50981,3754,45455,47517,34481,28894,41875,29474,6933,38710,32810,37974,15906,48380,46312,44675,38824,38620,37349,18276,1791,740,18263,3864,532,47853,14399,36954,36150,42924,26013,4343,212,32110,29513,48503,16596,19553,13368,2808,3272,11105,2212,34305,25353,12676,22147,27913,7885,32634,15920,18544,18717,6884,14682,4378,3159,22925,23586,8590,23092,20866,6152,16699,40177,21296,39811,7739,25586,17495,1089,23334,32791,21404,5581,149,13093,
39,833,20339,13640,50981,3754,45455,47517,34481,28894,41875,29474,6933,38710,32810,37974,15906,48380,46312,44675,38824,38620,37349,18276,1791,740,18263,3864,532,47853,14399,36954,36150,42924,26013,4343,212,32110,29513,48503,16596,7432,20348,18796,3272,2181,7072,6400,25470,6460,8963,28024,16710,14265,8053,25515,35108,26538,13670,18653,29932,17437,12660,19569,20548,19549,47751,4685,31733,3376,14932,42317,3194,8934,14876,29435,7611,11349,4714,149,28687,
40,833,20339,13640,50981,3754,45455,47517,34481,28894,41875,29474,6933,38710,32810,37974,15906,48380,46312,44675,38824,38620,37349,18276,1791,740,18263,3864,532,47853,14399,36954,36150,42924,26013,4343,212,32110,29513,48503,16596,2097,10771,9625,33185,14004,18531,19839,20462,2344,5778,33362,11410,12542,25125,33745,18378,580,22759,43829,3652,21364,10575,14177,14250,18607,2538,2606,45348,10820,20005,19545,15319,1001,12215,35970,2948,9619,24112,50838,47166,
41,833,20339,13640,50981,3754,45455,47517,34481,28894,41875,29474,6933,38710,32810,37974,15906,48380,46312,44675,38824,38620,37349,18276,1791,740,18263,3864,532,47853,14399,36954,36150,42924,26013,4343,212,32110,29513,48503,16596,44636,16741,2995,19135,23611,1376,7688,17543,7181,28013,28960,21531,25445,5285,20557,780,19895,34180,32799,15570,17213,11081,6540,24749,2778,14348,2330,7993,40298,21571,21768,8733,928,20040,51621,38938,2369,3907,14976,14748,
42,833,20339,13640,50981,3754,45455,47517,34481,28894,41875,29474,6933,38710,32810,37974,15906,48380,46312,44675,38824,38620,37349,18276,1791,740,18263,3864,532,47853,14399,36954,36150,42924,26013,4343,212,32110,29513,48503,16596,10622,18638,5998,28235,11741,2859,33650,14837,13482,16125,14025,21596,34793,2143,27554,16768,7103,19222,16764,13131,17804,53028,31388,33830,24765,4330,4648,3799,6133,1044,2242,34896,45555,6515,25466,24939,29506,657,37860,12989,
43,833,20339,13640,50981,3754,45455,47517,34481,28894,41875,29474,6933,38710,32810,37974,15906,48380,46312,44675,38824,38620,37349,18276,1791,740,18263,3864,532,47853,14399,36954,36150,42924,26013,4343,212,32110,29513,48503,16596,39932,17522,16922,1831,25249,9540,896,41200,18171,2789,28274,2916,17782,2143,14640,15804,35266,36595,6676,9892,20310,25858,10730,16686,10381,15903,5101,6034,40886,27145,5543,8028,2283,7815,22345,18152,461,657,15133,10324,
44,833,20339,13640,50981,3754,45455,47517,34481,28894,41875,29474,6933,38710,32810,37974,15906,48380,46312,44675,38824,38620,37349,18276,1791,740,18263,3864,532,47853,14399,36954,36150,42924,26013,4343,212,32110,29513,48503,16596,9042,13725,8755,31914,7668,4284,7275,10798,1257,3707,23999,2422,34515,5999,51964,14093,26458,12799,5050,3962,14662,12162,11395,12303,40847,9917,5049,37811,16916,19063,340,25843,2283,1482,32553,7488,26449,7886,14551,4946,
45,833,20339,13640,50981,3754,45455,47517,34481,28894,41875,29474,6933,38710,32810,37974,15906,48380,46312,44675,38824,38620,37349,18276,1791,740,18263,3864,532,47853,14399,36954,36150,42924,26013,4343,212,32110,29513,48503,16596,28606,13920,2282,12628,29791,15997,32707,18574,465,8800,23078,19159,13823,7581,18992,40958,5460,22159,12497,18710,21005,12094,15279,19496,11792,6811,25792,1133,3714,13575,18356,9559,4651,10286,12429,10168,9344,14899,35831,4946,
46,833,20339,13640,50981,3754,45455,47517,34481,28894,41875,29474,6933,38710,32810,37974,15906,48380,46312,44675,38824,38620,37349,18276,1791,740,18263,3864,532,47853,14399,36954,36150,42924,26013,4343,212,32110,29513,48503,16596,3038,40312,771,4233,11061,29427,25296,29270,9789,2154,5143,1889,14404,3599,16473,28687,35696,11496,7574,3591,22757,55248,8965,12323,7205,12833,7176,1133,9984,45614,10404,27830,20901,1945,51211,4108,1013,26114,12981,37787,
47,833,20339,13640,50981,3754,45455,47517,34481,28894,41875,29474,6933,38710,32810,37974,15906,48380,46312,44675,38824,38620,37349,18276,1791,740,18263,3864,532,47853,14399,36954,36150,42924,26013,4343,212,32110,29513,48503,16596,3038,12770,23648,10618,47564,10195,11083,17165,27781,13103,1237,2140,29136,9655,11276,15584,13944,11453,20837,3811,43678,12044,14571,48303,31671,10245,7131,11267,38274,29409,3177,2065,20901,17411,35802,18386,29864,8077,35207,12343,
48,833,20339,13640,50981,3754,45455,47517,34481,28894,41875,29474,6933,38710,32810,37974,15906,48380,46312,44675,38824,38620,37349,18276,1791,740,18263,3864,532,47853,14399,36954,36150,42924,26013,4343,212,32110,29513,48503,16596,21573,32109,38230,25374,24878,27875,22283,40943,38000,36952,6958,15783,33627,448,20541,11051,2257,43904,10327,5244,21966,19894,18623,39717,1241,814,19866,4694,4022,15721,27034,21087,35732,1166,50922,5731,4861,13176,14277,62,
49,833,20339,13640,50981,3754,45455,47517,34481,28894,41875,29474,6933,38710,32810,37974,15906,48380,46312,44675,38824,38620,37349,18276,1791,740,18263,3864,532,47853,14399,36954,36150,42924,26013,4343,212,32110,29513,48503,16596,3925,14194,2497,1114,6364,19849,7301,21577,31230,15823,1789,48334,12409,2025,22941,5666,3354,30457,11688,26559,22118,50096,6826,34997,8547,814,29655,23858,1682,10231,267,38058,33465,3451,17300,14034,33430,2263,11224,62,
50,833,20339,13640,50981,3754,45455,47517,34481,28894,41875,29474,6933,38710,32810,37974,15906,48380,46312,44675,38824,38620,37349,18276,1791,740,18263,3864,532,47853,14399,36954,36150,42924,26013,4343,212,32110,29513,48503,16596,7005,38560,15935,45480,3959,8217,1301,12848,20975,14198,28666,15084,11582,10783,15781,16918,3503,36081,2352,13224,12374,11093,30570,14391,600,9670,22627,5968,3424,22541,27334,27767,6790,3284,14190,17129,16282,1072,44274,62,
51,833,20339,13640,50981,3754,45455,47517,34481,28894,41875,29474,6933,38710,32810,37974,15906,48380,46312,44675,38824,38620,37349,18276,1791,740,18263,3864,532,47853,14399,36954,36150,42924,26013,4343,212,32110,29513,48503,16596,22042,10850,39133,23004,14720,154,21700,10706,3870,6094,6553,3178,55645,3546,12156,2046,14123,26281,7413,12070,22729,30424,15964,12993,5584,13008,16284,19156,21114,36985,22653,2823,40995,19579,24805,12632,41497,1072,12836,40902,
52,833,20339,13640,50981,3754,45455,47517,34481,28894,41875,29474,6933,38710,32810,37974,15906,48380,46312,44675,38824,38620,37349,18276,1791,740,18263,3864,532,47853,14399,36954,36150,42924,26013,4343,212,32110,29513,48503,16596,21527,22350,36902,8821,36033,154,22497,11565,36225,40845,5519,3047,15300,11938,22771,2545,95,16781,7349,18736,10699,21583,1818,12755,10837,1790,4328,24318,3690,17146,15989,21635,289,24389,20064,5067,6089,5112,11137,13644,
53,833,20339,13640,50981,3754,45455,47517,34481,28894,41875,29474,6933,38710,32810,37974,15906,48380,46312,44675,38824,38620,37349,18276,1791,740,18263,3864,532,47853,14399,36954,36150,42924,26013,4343,212,32110,29513,48503,16596,40802,10405,31059,11686,1061,37937,23760,20126,12136,9230,31035,27896,37282,3331,11986,6151,32285,29717,30954,3233,14553,28587,3535,20863,35364,9545,11600,13248,35569,12947,22339,1841,56194,492,19025,30945,17759,3632,48842,10187,
54,833,20339,13640,50981,3754,45455,47517,34481,28894,41875,29474,6933,38710,32810,37974,15906,48380,46312,44675,38824,38620,37349,18276,1791,740,18263,3864,532,47853,14399,36954,36150,42924,26013,4343,212,32110,29513,48503,16596,2566,14244,10640,13100,633,446,5787,24137,15588,3821,847,22147,12609,5160,12163,34404,16820,14926,8672,14883,17983,13387,26253,31261,15633,12067,17547,10709,8851,40571,20705,1781,13787,41498,19492,1360,4904,474,38620,56798,
55,833,20339,13640,50981,3754,45455,47517,34481,28894,41875,29474,6933,38710,32810,37974,15906,48380,46312,44675,38824,38620,37349,18276,1791,740,18263,3864,532,47853,14399,36954,36150,42924,26013,4343,212,32110,29513,48503,16596,18516,12515,37860,5044,34816,5792,31922,14157,1926,2719,33913,24348,13201,30137,25815,15966,12189,13962,422,1357,14649,15014,32312,39197,30752,1669,2955,3176,8851,19388,3608,12733,47447,28203,19456,3604,11250,14155,16704,14946,
56,833,20339,13640,50981,3754,45455,47517,34481,28894,41875,29474,6933,38710,32810,37974,15906,48380,46312,44675,38824,38620,37349,18276,1791,740,18263,3864,532,47853,14399,36954,36150,42924,26013,4343,212,32110,29513,48503,16596,4673,23479,14757,16405,1007,4561,20030,47654,233,2765,34783,3925,24005,45858,42532,3766,14748,13973,5860,31880,21124,25007,2689,15784,145,19473,3124,2074,41473,37060,32940,10668,20629,18257,10820,21701,1406,4711,20050,43881,
57,833,20339,13640,50981,3754,45455,47517,34481,28894,41875,29474,6933,38710,32810,37974,15906,48380,46312,44675,38824,38620,37349,18276,1791,740,18263,3864,532,47853,14399,36954,36150,42924,26013,4343,212,32110,29513,48503,16596,7325,34770,13434,6344,2452,363,513,20781,30030,19298,16758,1431,17063,40193,18270,4201,27172,26095,21025,36106,26215,25007,13868,24465,145,30262,3908,4227,37975,47437,20473,20150,14064,3432,12907,30296,1214,21684,10375,17068,
58,833,20339,13640,50981,3754,45455,47517,34481,28894,41875,29474,6933,38710,32810,37974,15906,48380,46312,44675,38824,38620,37349,18276,1791,740,18263,3864,532,47853,14399,36954,36150,42924,26013,4343,212,32110,29513,48503,16596,20574,18658,7464,22534,29706,46080,57703,55424,22842,13532,39031,20610,13668,5715,25989,954,19106,20086,5625,13215,13855,24237,15937,17216,145,3966,11123,14928,4403,13262,1732,33420,18226,19533,13344,19336,44067,18043,15200,10477,
59,833,20339,13640,50981,3754,45455,47517,34481,28894,41875,29474,6933,38710,32810,37974,15906,48380,46312,44675,38824,38620,37349,18276,1791,740,18263,3864,532,47853,14399,36954,36150,42924,26013,4343,212,32110,29513,48503,16596,914,25738,12415,2378,25461,15320,38716,42988,15109,42223,12354,12797,13668,17709,16714,23548,37654,11051,2322,1576,35719,45806,8296,18243,20502,12507,12292,40304,22616,12044,13522,23947,38124,39008,11306,21863,32959,23690,13025,12521,
60,833,20339,13640,50981,3754,45455,47517,34481,28894,41875,29474,6933,38710,32810,37974,15906,48380,46312,44675,38824,38620,37349,18276,1791,740,18263,3864,532,47853,14399,36954,36150,42924,26013,4343,212,32110,29513,48503,16596,914,25000,7879,1814,7812,5494,11480,39580,13006,14661,2378,13846,20134,29034,47949,8343,30825,15629,4701,4607,11570,16895,22766,36866,27664,28065,18681,27193,9856,12150,21099,32954,28690,4502,46251,37347,7622,3467,23965,22366,
61,833,20339,13640,50981,3754,45455,47517,34481,28894,41875,29474,6933,38710,32810,37974,15906,48380,46312,44675,38824,38620,37349,18276,1791,740,18263,3864,532,47853,14399,36954,36150,42924,26013,4343,212,32110,29513,48503,16596,8320,19131,7390,6838,13025,1394,45953,16443,16272,25916,11781,1233,13818,12021,14962,8415,15379,18995,8820,10130,13040,20434,5615,20026,14927,26156,29756,4611,15808,13397,14761,5700,18543,6753,15031,1982,1310,4158,28179,24088,
62,833,20339,13640,50981,3754,45455,47517,34481,28894,41875,29474,6933,38710,32810,37974,15906,48380,46312,44675,38824,38620,37349,18276,1791,740,18263,3864,532,47853,14399,36954,36150,42924,26013,4343,212,32110,29513,48503,16596,1356,22202,1540,1818,14467,38242,10375,32926,11489,13789,30648,8461,10169,6932,13174,2183,17190,10843,2868,10456,11242,21863,2983,24513,18502,3303,8329,24769,23818,17575,16240,3004,31910,41897,35119,7981,24204,26866,13884,48726,
63,833,20339,13640,50981,3754,45455,47517,34481,28894,41875,29474,6933,38710,32810,37974,15906,48380,46312,44675,38824,38620,37349,18276,1791,740,18263,3864,532,47853,14399,36954,36150,42924,26013,4343,212,32110,29513,48503,16596,23543,10676,24570,19039,33415,46167,27906,24365,12453,10917,3195,18322,39875,13388,16290,2183,46247,15120,24778,20420,29185,25696,41904,43013,29890,9860,18958,35393,21207,13027,7370,1452,23000,24786,47250,7136,19252,33516,32517,21001,
64,833,20339,13640,50981,3754,45455,47517,34481,28894,41875,29474,6933,38710,32810,37974,15906,48380,46312,44675,38824,38620,37349,18276,1791,740,18263,3864,532,47853,14399,36954,36150,42924,26013,4343,212,32110,29513,48503,16596,9766,28078,1934,1075,12751,578,18650,19989,20100,29749,18222,29395,50827,5010,20509,765,15071,19078,12043,13921,10917,30410,1406,33690,20719,6378,28840,10770,7857,10587,15991,374,17619,28555,23410,19556,3329,23310,12009,11915,
65,833,20339,13640,50981,3754,45455,47517,34481,28894,41875,29474,6933,38710,32810,37974,15906,48380,46312,44675,38824,38620,37349,18276,1791,740,18263,3864,532,47853,14399,36954,36150,42924,26013,4343,212,32110,29513,48503,16596,18410,36034,9730,32566,14772,7215,17274,10846,26926,19172,4088,22708,30979,44686,24260,15311,32713,25309,5235,8427,22731,17652,40008,14837,12885,7544,26266,21199,15238,14953,19167,34294,13141,18761,21127,11886,3035,34535,16055,14188,
66,833,20339,13640,50981,3754,45455,47517,34481,28894,41875,29474,6933,38710,32810,37974,15906,48380,46312,44675,38824,38620,37349,18276,1791,740,18263,3864,532,47853,14399,36954,36150,42924,26013,4343,212,32110,29513,48503,16596,928,27178,3859,29317,7056,412,13292,32430,54528,34731,11557,11605,19368,469,16161,4956,13963,14365,8516,7877,12451,18243,10284,13032,14687,28227,6732,24503,15071,13370,35025,374,13670,20251,11746,21725,1595,11724,37267,11219,
67,833,20339,13640,50981,3754,45455,47517,34481,28894,41875,29474,6933,38710,32810,37974,15906,48380,46312,44675,38824,38620,37349,18276,1791,740,18263,3864,532,47853,14399,36954,36150,42924,26013,4343,212,32110,29513,48503,16596,8881,43110,3195,683,589,759,17142,12037,18902,16289,2035,19631,19140,27515,12663,15416,16248,39810,336,6144,11340,12349,15568,18561,12817,10018,1854,21490,9943,41474,6422,36635,17325,4700,29727,12800,19572,16069,16603,58600,
68,833,20339,13640,50981,3754,45455,47517,34481,28894,41875,29474,6933,38710,32810,37974,15906,48380,46312,44675,38824,38620,37349,18276,1791,740,18263,3864,532,47853,14399,36954,36150,42924,26013,4343,212,32110,29513,48503,16596,7327,47803,17063,13830,19370,26309,19758,30147,15457,13142,41779,6194,10537,21785,42180,2368,20443,22205,22220,4357,19580,41970,15766,35268,12622,1410,11387,18354,965,17723,1985,4246,20569,490,14164,52226,22167,11356,10544,15841,
69,833,20339,13640,50981,3754,45455,47517,34481,28894,41875,29474,6933,38710,32810,37974,15906,48380,46312,44675,38824,38620,37349,18276,1791,740,18263,3864,532,47853,14399,36954,36150,42924,26013,4343,212,32110,29513,48503,16596,12854,13555,19595,32317,13606,9668,17648,35400,10234,12892,17571,8387,56291,22860,23543,1525,24374,10903,5631,7232,20822,16063,6122,27384,12831,11324,18670,19921,1151,12794,7078,4246,18757,12555,22564,11950,7594,19555,17836,12675,
70,833,20339,13640,50981,3754,45455,47517,34481,28894,41875,29474,6933,38710,32810,37974,15906,48380,46312,44675,38824,38620,37349,18276,1791,740,18263,3864,532,47853,14399,36954,36150,42924,26013,4343,212,32110,29513,48503,16596,31963,23731,24614,27097,27771,14274,32764,52078,15355,35845,2927,31737,12663,42147,20107,444,11569,20025,5631,8668,12671,12982,11137,13212,22654,3212,25058,10875,550,13789,2929,1742,13803,5488,34340,28725,19747,16667,44421,24704,
71,833,20339,13640,50981,3754,45455,47517,34481,28894,41875,29474,6933,38710,32810,37974,15906,48380,46312,44675,38824,38620,37349,18276,1791,740,18263,3864,532,47853,14399,36954,36150,42924,26013,4343,212,32110,29513,48503,16596,21226,30065,24183,24743,3161,24736,13180,25952,49681,10406,9799,4105,25313,21026,22294,29515,50759,18151,3710,7080,39063,35900,30305,14774,26973,7224,43103,10875,11725,11832,21382,20740,16823,14000,55146,11291,6967,1532,13421,14590,
72,833,20339,13640,50981,3754,45455,47517,34481,28894,41875,29474,6933,38710,32810,37974,15906,48380,46312,44675,38824,38620,37349,18276,1791,740,18263,3864,532,47853,14399,36954,36150,42924,26013,4343,212,32110,29513,48503,16596,12933,30022,28869,11021,14004,43447,60908,16886,25371,12889,2546,17381,41608,10662,24352,2638,17855,15038,3356,10674,46773,34129,4158,14132,12295,18930,2850,12950,14878,18904,3671,19436,19629,30006,12337,10234,12012,12590,47061,20129,
73,833,20339,13640,50981,3754,45455,47517,34481,28894,41875,29474,6933,38710,32810,37974,15906,48380,46312,44675,38824,38620,37349,18276,1791,740,18263,3864,532,47853,14399,36954,36150,42924,26013,4343,212,32110,29513,48503,16596,22446,26889,11915,25949,7353,33142,37358,14165,12603,19568,4712,7553,20466,39290,37343,40574,56203,44100,3012,10674,15979,26506,15401,13446,13706,22862,458,18623,32149,13605,13477,1405,16984,27491,14822,10234,14960,40502,19984,34153,
74,833,20339,13640,50981,3754,45455,47517,34481,28894,41875,29474,6933,38710,32810,37974,15906,48380,46312,44675,38824,38620,37349,18276,1791,740,18263,3864,532,47853,14399,36954,36150,42924,26013,4343,212,32110,29513,48503,16596,3084,16485,1731,14319,8209,7640,14250,29133,15892,18802,4661,13501,15353,14030,25010,3131,22241,42097,16575,10674,19853,18540,3378,10840,39037,4247,9398,20222,1743,16725,28473,10671,18498,3515,38596,10234,17732,2890,18733,21850,
75,833,20339,13640,50981,3754,45455,47517,34481,28894,41875,29474,6933,38710,32810,37974,15906,48380,46312,44675,38824,38620,37349,18276,1791,740,18263,3864,532,47853,14399,36954,36150,42924,26013,4343,212,32110,29513,48503,16596,3457,16150,25646,22081,7491,18738,25733,19691,14946,47512,18574,3418,12267,15136,17232,21323,15001,12517,11484,22857,21979,33068,21337,21184,19369,12703,8128,17417,12692,41420,1598,31888,27939,17769,33312,10234,8687,14237,18733,17795,
76,833,20339,13640,50981,3754,45455,47517,34481,28894,41875,29474,6933,38710,32810,37974,15906,48380,46312,44675,38824,38620,37349,18276,1791,740,18263,3864,532,47853,14399,36954,36150,42924,26013,4343,212,32110,29513,48503,16596,15749,10858,431,18401,3316,7055,33273,56516,54433,17176,12330,8136,33074,24459,12999,19233,45971,35645,19500,29128,42728,11935,6112,11116,14138,23811,8222,16017,4049,13813,18349,13859,17938,10295,15126,10183,18910,23704,12004,16839,
77,833,20339,13640,50981,3754,45455,47517,34481,28894,41875,29474,6933,38710,32810,37974,15906,48380,46312,44675,38824,38620,37349,18276,1791,740,18263,3864,532,47853,14399,36954,36150,42924,26013,4343,212,32110,29513,48503,16596,6096,12857,18038,15246,33332,4459,54172,17889,12471,13500,3441,4945,17837,27165,36875,8356,34201,36888,2068,26537,20195,11078,10447,10316,14954,41851,7512,28366,9228,25727,4442,10894,11920,3228,51598,10183,33683,1807,33969,28123,
78,833,20339,13640,50981,3754,45455,47517,34481,28894,41875,29474,6933,38710,32810,37974,15906,48380,46312,44675,38824,38620,37349,18276,1791,740,18263,3864,532,47853,14399,36954,36150,42924,26013,4343,212,32110,29513,48503,16596,17691,11134,18330,39173,36268,1482,19816,13346,29744,13150,3572,10842,25532,48542,36875,12998,22561,11718,11723,43200,54101,34082,29637,10316,16951,13622,23792,14804,14128,14764,113,9717,31284,35715,50663,10183,20242,13359,10757,46480,
79,833,20339,13640,50981,3754,45455,47517,34481,28894,41875,29474,6933,38710,32810,37974,15906,48380,46312,44675,38824,38620,37349,18276,1791,740,18263,3864,532,47853,14399,36954,36150,42924,26013,4343,212,32110,29513,48503,16596,44162,11480,14155,18443,4313,1549,11349,29924,22163,22438,10784,13084,43508,14599,11829,9032,32390,24473,10433,11518,11197,25055,2239,10316,20984,6181,6592,13889,34985,27639,113,518,18735,16825,23094,10183,17908,26050,51565,21755,
80,833,20339,13640,50981,3754,45455,47517,34481,28894,41875,29474,6933,38710,32810,37974,15906,48380,46312,44675,38824,38620,37349,18276,1791,740,18263,3864,532,47853,14399,36954,36150,42924,26013,4343,212,32110,29513,48503,16596,1472,11480,12438,16833,3410,3210,23511,21386,20905,32806,2719,3086,12815,19298,23608,36074,13742,50383,17798,26446,30036,49527,4792,50955,39613,7349,16030,20758,902,47656,5968,9346,21757,884,12140,10183,681,3915,34107,33387,
81,833,20339,13640,50981,3754,45455,47517,34481,28894,41875,29474,6933,38710,32810,37974,15906,48380,46312,44675,38824,38620,37349,18276,1791,740,18263,3864,532,47853,14399,36954,36150,42924,26013,4343,212,32110,29513,48503,16596,6843,25288,50094,24716,3404,44731,26373,21189,16023,26223,29051,7302,42659,23908,34576,10399,20481,15197,12142,16372,31713,56871,1482,10429,46049,5951,38531,13185,1079,25032,33391,4801,11260,884,11221,12349,12196,29793,22855,14869,
82,833,20339,13640,50981,3754,45455,47517,34481,28894,41875,29474,6933,38710,32810,37974,15906,48380,46312,44675,38824,38620,37349,18276,1791,740,18263,3864,532,47853,14399,36954,36150,42924,26013,4343,212,32110,29513,48503,16596,208,34369,17014,33149,4703,25580,15821,38732,27531,11645,14800,433,38164,26766,16457,7496,38087,16537,22174,30888,23769,22920,23351,48364,24434,9538,17389,11227,31432,25822,27269,14833,11364,3316,18274,38706,16652,2679,42467,21387,
83,833,20339,13640,50981,3754,45455,47517,34481,28894,41875,29474,6933,38710,32810,37974,15906,48380,46312,44675,38824,38620,37349,18276,1791,740,18263,3864,532,47853,14399,36954,36150,42924,26013,4343,212,32110,29513,48503,16596,24510,20506,19914,24496,3933,3861,15867,41459,25566,19603,14372,13479,11218,11315,12027,27099,33358,13187,25649,11300,13325,10305,2390,15576,25697,1561,39432,26930,4665,32921,27374,25384,46025,19770,32740,17635,16652,31199,51029,17072,
84,833,20339,13640,50981,3754,45455,47517,34481,28894,41875,29474,6933,38710,32810,37974,15906,48380,46312,44675,38824,38620,37349,18276,1791,740,18263,3864,532,47853,14399,36954,36150,42924,26013,4343,212,32110,29513,48503,16596,12046,25765,28705,20928,24817,28067,22702,19494,10584,11780,1036,5745,26315,33760,36598,20543,15656,12572,848,54682,12175,11128,2390,48022,20739,19757,3699,18052,32858,11364,4556,5590,13120,4612,36502,30235,808,36982,21745,54985,
85,833,20339,13640,50981,3754,45455,47517,34481,28894,41875,29474,6933,38710,32810,37974,15906,48380,46312,44675,38824,38620,37349,18276,1791,740,18263,3864,532,47853,14399,36954,36150,42924,26013,4343,212,32110,29513,48503,16596,52800,16439,54398,18386,9454,14301,38426,41853,15450,37705,21429,20007,23154,17598,18314,20468,11134,13752,3924,25839,19283,26471,8776,12423,28725,4002,3004,47561,1244,17755,426,13990,23614,35581,17633,21912,31730,6846,34874,18492,
86,833,20339,13640,50981,3754,45455,47517,34481,28894,41875,29474,6933,38710,32810,37974,15906,48380,46312,44675,38824,38620,37349,18276,1791,740,18263,3864,532,47853,14399,36954,36150,42924,26013,4343,212,32110,29513,48503,16596,43696,34523,20881,24989,6873,6961,14838,17884,13781,11142,2934,650,22441,13147,24055,5607,37411,16883,28268,17844,32616,21397,2554,58769,15897,3716,38089,19434,7927,13571,14039,1640,14601,34317,30843,38383,4332,4524,40610,12310,
87,833,20339,13640,50981,3754,45455,47517,34481,28894,41875,29474,6933,38710,32810,37974,15906,48380,46312,44675,38824,38620,37349,18276,1791,740,18263,3864,532,47853,14399,36954,36150,42924,26013,4343,212,32110,29513,48503,16596,12064,45059,11519,12353,19791,38723,14302,10373,31828,21085,20297,30569,11189,31930,11463,25235,12449,35886,13837,53738,16321,18092,23749,16600,24045,5263,4246,57540,11991,12339,33186,15202,19778,30814,20337,55351,2256,18840,35186,12716,
88,833,20339,13640,50981,3754,45455,47517,34481,28894,41875,29474,6933,38710,32810,37974,15906,48380,46312,44675,38824,38620,37349,18276,1791,740,18263,3864,532,47853,14399,36954,36150,42924,26013,4343,212,32110,29513,48503,16596,14177,19263,17764,13891,3779,47034,33869,48887,28904,15149,34282,3542,29756,15505,31914,27352,17275,20873,2272,12198,40563,17153,13533,44653,24637,7697,21181,10166,796,37924,1533,475,40301,1874,26891,13730,11088,3211,11103,21131,
89,833,20339,13640,50981,3754,45455,47517,34481,28894,41875,29474,6933,38710,32810,37974,15906,48380,46312,44675,38824,38620,37349,18276,1791,740,18263,3864,532,47853,14399,36954,36150,42924,26013,4343,212,32110,29513,48503,16596,20656,21788,35547,37253,11441,336,45883,46206,37935,28939,5692,18406,43345,29559,10427,5577,16476,10627,23537,26593,24791,14174,2712,15880,11373,10822,2911,12417,16703,39156,19301,43878,14260,27171,18249,41652,8177,3211,15226,28831,
90,833,20339,13640,50981,3754,45455,47517,34481,28894,41875,29474,6933,38710,32810,37974,15906,48380,46312,44675,38824,38620,37349,18276,1791,740,18263,3864,532,47853,14399,36954,36150,42924,26013,4343,212,32110,29513,48503,16596,15983,27966,10909,37963,11578,15680,37595,11160,32248,27946,15379,1232,20019,11279,17503,31309,23472,56196,49594,10869,13348,41689,25584,13411,18989,1424,7211,12988,21197,21555,669,26325,17635,33183,47155,18320,6404,30058,27583,11099,
91,833,20339,13640,50981,3754,45455,47517,34481,28894,41875,29474,6933,38710,32810,37974,15906,48380,46312,44675,38824,38620,37349,18276,1791,740,18263,3864,532,47853,14399,36954,36150,42924,26013,4343,212,32110,29513,48503,16596,35222,23090,14750,16890,9015,19560,11610,38460,14812,30698,35536,39364,10989,28194,29641,11497,25211,40969,20223,10869,38777,10550,8122,16176,38462,21959,6531,11917,15193,23953,40754,17302,17615,1860,22560,18745,31967,17724,14362,13008,
92,833,20339,13640,50981,3754,45455,47517,34481,28894,41875,29474,6933,38710,32810,37974,15906,48380,46312,44675,38824,38620,37349,18276,1791,740,18263,3864,532,47853,14399,36954,36150,42924,26013,4343,212,32110,29513,48503,16596,27792,12567,35925,34597,18545,5528,14501,11537,48519,24196,2314,20806,51132,12082,24778,16369,31507,11461,18190,10745,21983,19892,19841,13177,16888,28108,8722,14312,15222,12130,29408,6764,11927,13635,10999,48339,24265,10459,45690,24067,
93,833,20339,13640,50981,3754,45455,47517,34481,28894,41875,29474,6933,38710,32810,37974,15906,48380,46312,44675,38824,38620,37349,18276,1791,740,18263,3864,532,47853,14399,36954,36150,42924,26013,4343,212,32110,29513,48503,16596,26238,17057,11326,18688,5720,31100,34443,17453,17626,21050,2727,22194,19478,23955,12043,41286,10245,27955,13248,15921,13793,25253,19277,17678,24149,30520,17498,16405,11057,31370,4418,6866,12041,1128,10388,18000,6051,22280,39906,41558,
94,833,20339,13640,50981,3754,45455,47517,34481,28894,41875,29474,6933,38710,32810,37974,15906,48380,46312,44675,38824,38620,37349,18276,1791,740,18263,3864,532,47853,14399,36954,36150,42924,26013,4343,212,32110,29513,48503,16596,13947,33338,23315,16344,20577,3909,11944,32866,24064,12200,56313,17813,15462,25525,54523,21037,13981,25752,54887,15521,35232,23719,1254,11350,22923,4946,1997,12293,34913,45518,2562,35309,21367,23366,59044,51953,13499,15032,12359,13787,
95,833,20339,13640,50981,3754,45455,47517,34481,28894,41875,29474,6933,38710,32810,37974,15906,48380,46312,44675,38824,38620,37349,18276,1791,740,18263,3864,532,47853,14399,36954,36150,42924,26013,4343,212,32110,29513,48503,16596,22932,27045,35244,30520,16543,651,11944,37658,34028,11959,14550,11639,13102,32396,20713,19875,33203,13310,31737,23458,26315,15520,5090,15632,12941,8026,21414,31659,3722,15497,21004,17229,38690,8379,22769,34364,35144,6478,11146,42734,
96,833,20339,13640,50981,3754,45455,47517,34481,28894,41875,29474,6933,38710,32810,37974,15906,48380,46312,44675,38824,38620,37349,18276,1791,740,18263,3864,532,47853,14399,36954,36150,42924,26013,4343,212,32110,29513,48503,16596,38925,20032,30120,13913,17669,11446,30439,27796,29143,15685,36417,32308,11442,25869,10372,38220,32136,25681,10234,14118,42651,41065,8060,13120,14937,5530,4501,17478,860,12269,32225,6358,23990,31983,23567,10470,1960,4706,21421,27272,
97,833,20339,13640,50981,3754,45455,47517,34481,28894,41875,29474,6933,38710,32810,37974,15906,48380,46312,44675,38824,38620,37349,18276,1791,740,18263,3864,532,47853,14399,36954,36150,42924,26013,4343,212,32110,29513,48503,16596,15184,12856,18382,18573,33096,45602,14207,25314,28840,45135,21371,5292,32668,11880,30612,11480,46276,13516,49921,30664,36708,10613,2705,11905,53176,7016,11411,16776,23807,15740,6863,3161,30342,29105,11954,56728,15078,34298,26681,16700,
98,833,20339,13640,50981,3754,45455,47517,34481,28894,41875,29474,6933,38710,32810,37974,15906,48380,46312,44675,38824,38620,37349,18276,1791,740,18263,3864,532,47853,14399,36954,36150,42924,26013,4343,212,32110,29513,48503,16596,31197,17839,22828,52400,19855,23961,27120,25531,11945,12092,12623,10474,24048,11880,19967,39746,50285,15393,25373,14077,23417,16205,7731,26075,18157,23926,20858,12560,4381,12931,24943,3876,10380,14172,17069,10951,5495,3535,15894,40605,
99,833,20339,13640,50981,3754,45455,47517,34481,28894,41875,29474,6933,38710,32810,37974,15906,48380,46312,44675,38824,38620,37349,18276,1791,740,18263,3864,532,47853,14399,36954,36150,42924,26013,4343,212,32110,29513,48503,16596,27671,12011,11042,38962,3014,1862,30306,46841,18975,17401,23812,16849,12716,33228,49913,13012,13794,18775,15073,40592,25885,14262,5023,36407,11644,7613,6345,48710,3531,16590,17005,26067,33215,12612,14731,28601,5495,18228,15770,10202,
100,833,20339,13640,50981,3754,45455,47517,34481,28894,41875,29474,6933,38710,32810,37974,15906,48380,46312,44675,38824,38620,37349,18276,1791,740,18263,3864,532,47853,14399,36954,36150,42924,26013,4343,212,32110,29513,48503,16596,16791,55448,40739,33619,503,26292,12240,16592,24314,38915,15059,29011,44470,17931,18436,16354,12618,54042,14670,28556,13648,26441,1092,28156,18558,4122,26826,23365,5208,50898,23424,4075,23095,34319,49061,45256,4062,9402,11966,23988,
