1,36459,46360,13954,41412,43503,15710,28641,6096,41561,31896,48819,36159,35511,8842,6129,30512,9187,17211,44283,1547,19972,37380,48525,46215,9092,26906,10613,37297,9751,41956,24431,40668,31267,47963,23753,42376,26778,13684,30515,39013,8255,5032,34065,13325,38782,45383,42519,45891,29464,48384,44551,42904,29449,43398,23717,45134,9971,1732,8621,44638,48058,17237,12129,40379,42119,37958,42117,38712,41578,1924,6347,5600,1403,3155,43503,41761,42271,35564,32289,31740,
2,1403,1403,1547,1403,1732,1547,1547,1924,1077,1613,7995,316,3312,914,988,2956,2095,1455,991,1171,3623,1128,253,2010,778,1496,1550,1433,788,639,1716,8204,6461,4477,404,2026,726,359,1421,1574,31571,26014,28197,11672,22112,8822,7289,27547,14469,3380,20006,18038,35089,40916,34364,26759,25257,22543,40898,15883,2049,33424,22432,2386,15259,2275,14496,21273,27423,930,7699,834,34435,2811,27412,146,10446,40523,3181,5162,
3,146,146,253,146,253,316,359,253,5147,988,316,1240,6844,6844,5218,1547,174,621,856,1636,621,1593,1119,253,2423,7500,1499,253,5305,404,639,1289,1547,2227,3253,947,639,2238,3364,5924,2800,29520,56734,23388,12480,32424,2644,170,20893,1114,4885,19724,146,15442,146,20384,357,7313,30775,20382,653,253,29394,25895,7274,29406,43991,146,7382,38602,17173,39937,46470,27241,46417,5380,656,3890,9471,47714,
4,146,146,146,146,146,146,146,146,146,656,4548,316,146,170,146,146,174,146,771,1180,146,146,146,253,170,1089,1220,2171,1944,916,3186,357,1220,2292,716,146,146,146,357,3272,44962,146,1063,30575,146,146,22383,146,27385,11888,17207,1589,146,146,21721,4617,6204,2626,14543,47884,53342,42904,26326,17273,44185,20617,60117,49342,36730,18893,44130,33575,146,10242,146,19539,5724,146,21405,146,
5,146,146,146,146,146,146,146,146,3887,146,146,146,146,146,146,146,1470,146,146,146,146,19291,146,146,146,146,146,146,146,146,146,146,146,146,146,146,146,146,146,2074,15816,45677,146,38855,13526,9975,44575,52748,146,146,27706,51612,41494,56506,146,10882,146,46258,146,146,146,4848,19225,146,146,146,14140,146,56529,146,146,20470,18255,47230,8451,146,29250,54543,32054,146,
6,146,146,146,146,146,146,146,146,146,15454,146,146,146,146,146,146,146,146,146,146,146,146,146,146,146,146,146,146,19144,146,146,146,146,146,146,17992,146,146,146,15454,146,146,15345,12245,58782,50924,41840,146,146,31576,14261,146,33920,35356,11584,18390,146,43878,146,2303,55833,146,49494,34396,57195,33844,41189,146,146,146,19901,25375,146,60011,146,146,146,43000,146,24857,
7,146,146,146,146,146,146,146,146,146,146,19144,146,146,146,146,2994,146,146,146,146,146,146,146,2994,5307,146,146,146,146,146,5307,5307,2994,146,1798,10406,1798,146,146,146,146,146,146,146,42006,25101,28914,44496,146,146,146,146,26914,17138,28122,146,38968,146,146,23322,52571,56819,19530,146,39423,55206,146,146,146,146,146,146,146,18882,54900,146,146,146,146,146,
8,146,146,146,146,146,146,146,146,146,146,146,146,146,146,146,1864,146,146,146,146,146,146,146,146,6974,146,6974,146,146,146,146,6974,146,146,146,146,146,146,146,146,60834,146,53946,12258,27342,23347,146,14077,32487,146,146,33128,19225,146,52311,46780,41182,29361,44686,11979,146,18542,56558,146,146,146,26561,146,16816,53640,146,146,146,60572,17280,146,32100,146,56264,24886,
9,146,146,146,146,146,146,146,146,146,146,146,146,146,146,146,146,146,146,7180,146,146,146,146,3711,146,146,146,146,146,146,1989,146,146,146,146,146,146,146,146,146,29949,146,30965,146,146,30467,146,46617,146,31199,16675,146,28719,146,46690,55769,18342,146,146,146,146,14835,146,146,36197,38504,51101,30127,146,146,146,54510,50832,32984,61074,19375,146,54343,14327,45628,
10,146,146,146,146,146,146,146,146,146,146,146,146,146,146,146,146,14225,19961,146,14225,146,146,146,146,146,146,17212,14225,146,146,146,146,146,146,146,146,1056,146,146,146,28156,21269,23222,146,53098,22274,146,146,48430,43961,146,47993,14226,146,146,22916,30634,56358,32651,146,146,47161,146,47990,146,146,39675,146,54470,28295,146,25632,45351,146,146,37998,58943,146,49292,146,
11,146,146,146,146,146,146,146,146,146,146,146,146,146,146,20148,146,146,146,146,146,11804,146,146,19224,146,146,146,6256,2124,19224,146,146,146,146,19224,146,146,146,19224,8079,146,146,38612,22554,146,38564,146,146,146,146,51497,37360,146,146,146,146,32473,55157,16450,2340,26862,5233,6851,146,41673,18113,146,146,35914,47755,15833,51753,23390,146,146,146,40223,146,41217,146,
12,146,146,146,146,146,146,146,146,146,146,146,146,146,146,146,146,146,146,146,146,146,146,146,3170,146,146,146,146,146,146,146,146,146,146,146,146,146,146,146,146,31953,24422,146,10887,146,146,146,146,13016,41957,15455,146,146,43879,17838,146,50565,35532,146,43046,18414,146,37729,44380,33751,146,146,146,34702,40758,146,23290,13043,15817,19616,146,146,146,146,146,
13,146,146,146,146,146,146,146,146,10874,146,146,146,146,146,146,146,146,146,14243,146,146,146,146,146,146,146,146,146,146,146,146,146,146,146,146,146,146,306,146,146,146,50877,146,4731,146,146,56921,2469,146,23204,19668,952,146,7043,20677,146,146,38614,10357,18782,146,146,14361,47216,146,146,146,50141,52901,10386,59433,146,146,52468,146,18999,146,146,146,30439,
14,146,146,146,146,146,146,146,146,146,22338,146,146,21264,146,146,146,146,146,21264,146,22338,2223,146,146,146,22338,146,2448,146,146,146,21264,146,146,146,146,146,146,2448,146,59300,146,146,53906,13117,13419,146,55131,58956,16544,26468,43526,16437,58457,146,146,28991,146,146,55109,12692,2694,146,146,52126,146,146,146,47849,146,146,3052,146,17004,62034,146,57116,15282,52712,27569,
15,146,146,146,146,146,146,146,146,146,146,146,146,146,146,146,146,146,146,146,146,146,146,146,146,146,146,146,146,146,146,146,146,146,146,146,146,146,146,146,146,146,146,61372,29635,38495,146,146,37798,22915,59380,47410,41919,35615,146,53393,26066,39316,146,57191,42888,22452,51857,146,146,53454,36322,146,146,21527,146,146,22499,40082,54905,146,53173,52154,146,146,146,
16,146,146,146,146,146,146,146,146,146,146,146,17392,146,26303,146,146,146,146,11579,8586,13769,146,146,146,146,146,13677,8586,146,146,146,146,146,146,26303,146,146,146,146,146,12910,16421,41762,146,146,146,146,22832,16760,146,18415,42499,20181,14150,39612,146,29883,36151,18615,11047,146,2135,14720,146,25285,146,146,17759,14337,34763,61807,42173,146,14153,146,146,45025,11952,146,24636,
17,146,146,146,146,146,146,146,146,146,146,146,146,146,146,146,146,146,146,146,146,146,146,146,146,146,146,146,146,146,146,146,146,146,146,146,146,146,146,146,146,13117,17562,146,146,47063,146,146,146,146,17228,40964,146,146,15999,51746,30556,53360,48752,21305,146,146,146,51059,27951,146,146,33508,52185,146,146,12622,146,12180,51983,51912,59384,58814,146,49396,146,
18,146,146,146,146,146,146,146,146,146,146,146,146,146,146,146,146,146,146,12829,146,12829,146,146,146,146,146,146,146,146,12829,146,11500,146,12829,146,146,146,146,146,146,146,146,43184,16025,146,22905,146,56697,17609,28511,32982,146,25502,59333,30357,39733,146,146,146,28471,146,146,57332,146,17493,57471,146,10721,42788,146,29756,58181,146,146,146,49924,146,18744,6732,10675,
19,146,146,146,146,146,146,146,146,146,146,146,146,146,24063,7545,146,13133,146,146,146,146,146,146,146,5346,18098,146,146,146,146,146,146,11118,146,146,146,146,146,146,146,146,52598,60438,146,146,146,146,146,13215,24487,15942,5004,16459,57186,27922,52378,146,146,30409,146,146,33380,146,146,31096,39151,28519,28890,57374,58969,146,44891,33176,42489,146,146,146,146,146,146,
20,146,146,146,146,146,146,146,146,146,146,146,146,146,146,146,146,146,30650,146,146,146,146,3356,146,146,146,146,3356,146,11985,146,146,146,146,8794,146,146,3356,146,2202,37189,43247,48073,25592,25610,146,146,16471,146,146,146,59669,13987,12239,50791,23144,146,44375,12561,52842,146,11020,3264,146,146,146,146,35164,146,146,146,54937,146,146,49865,146,146,146,41511,146,
21,146,146,146,146,146,146,146,146,146,146,146,146,10357,3442,146,146,146,146,146,146,146,146,146,146,146,146,146,146,146,146,146,146,146,146,3442,146,146,146,146,146,14808,45235,146,14270,48502,9987,146,23759,146,47087,19753,43882,146,146,26908,146,46569,40743,55771,146,28671,9822,146,5258,13396,44137,146,12958,53355,51946,36029,41059,55101,20323,26952,146,146,146,36297,57903,
22,146,146,146,146,146,146,146,146,146,146,146,146,146,146,146,146,146,146,146,146,146,146,146,146,146,146,146,146,146,146,146,146,146,146,146,146,146,146,146,146,16533,146,13226,146,146,11810,60327,146,27859,47755,146,146,146,44607,40047,54765,11325,146,146,146,51025,53434,16407,37820,55772,58857,46990,34290,45237,146,48866,146,146,146,20153,49525,146,53750,146,60041,
23,146,146,146,146,146,146,146,146,146,146,146,146,146,146,146,146,146,146,146,146,146,146,146,146,146,146,146,146,146,146,146,146,146,146,146,16797,146,146,146,146,15896,146,146,41575,146,36742,146,59887,37869,146,146,38850,146,32440,146,17059,24683,146,146,20109,146,146,17753,52575,14346,146,47711,53134,146,52525,55655,13144,146,146,43909,146,32261,15786,30729,56441,
24,146,146,146,146,146,146,146,146,146,146,146,146,146,146,146,146,146,146,146,146,146,146,146,146,146,146,2519,27180,8195,146,10900,146,146,146,146,146,146,27180,146,146,146,18881,26965,26602,19211,50110,146,146,146,25620,38228,146,146,146,29838,28789,44320,6582,20087,20621,48740,53394,45789,25667,1806,146,57230,26276,50369,4700,36097,146,146,16557,28227,44007,13160,146,146,35516,
25,146,146,146,146,146,146,146,146,146,146,146,146,146,146,146,146,146,146,146,146,146,146,146,146,146,146,146,146,146,146,146,146,146,146,146,146,146,146,146,146,146,54799,10323,146,30363,146,146,146,146,50181,56973,146,146,50654,146,146,146,33289,59362,33729,48940,146,146,47315,146,28136,146,43512,44369,146,146,16972,51614,55499,16117,146,54010,16720,146,146,
26,146,146,146,146,146,146,146,146,146,146,146,146,146,146,146,146,146,146,146,146,146,146,23839,146,146,146,146,146,205,11830,146,146,146,146,146,146,11830,146,205,146,146,146,26220,11744,37956,146,146,23558,146,146,2910,146,146,60206,146,146,30381,146,20703,29731,146,18261,146,46398,146,146,146,146,42957,146,47420,42579,11830,1497,146,25890,45990,146,146,21289,
27,146,146,146,146,146,146,146,146,146,146,146,146,146,146,146,146,146,146,146,146,146,146,146,146,6667,146,146,146,146,146,146,146,146,146,146,146,146,146,146,146,7981,146,18037,34255,45260,40440,1537,59885,3022,146,47061,14330,55031,54465,146,146,146,146,38439,146,37988,31666,14403,27043,2850,146,51754,43715,146,58677,54265,21610,146,51673,10916,146,27035,51094,146,20832,
28,146,146,146,146,146,146,146,146,8285,146,146,14441,146,146,146,146,146,146,146,3022,14441,146,146,146,146,146,146,146,146,146,146,146,146,13766,146,146,146,14441,146,146,21126,56844,146,17777,15988,146,36496,12132,58292,146,146,43579,54005,29143,146,45074,26755,146,146,22861,146,146,146,146,22191,56578,2211,55306,146,36228,146,146,45707,146,35022,25838,21518,44546,11470,34056,
29,146,146,146,146,146,146,146,146,146,146,146,146,146,146,146,146,146,146,146,146,146,146,146,146,146,146,146,146,146,146,146,146,146,146,146,146,146,146,146,146,57519,146,33452,42711,146,10462,146,146,33264,146,56845,146,44938,146,146,146,43214,36354,146,146,48352,146,146,146,39660,27908,59355,146,146,146,146,146,25822,36962,146,146,146,146,40136,146,
30,146,146,146,146,146,146,146,146,9376,4546,146,14386,146,146,146,146,146,146,4546,146,146,146,146,146,146,146,146,146,4546,146,27303,146,146,146,146,146,146,146,146,146,146,59028,51028,27755,6875,146,39033,27391,42667,23529,37621,146,16692,146,12178,146,146,146,274,12347,44032,23900,146,26337,22511,16414,146,43046,146,57994,38334,146,146,58011,33518,146,32556,18710,3623,32503,
31,146,146,146,146,146,146,146,146,146,146,146,146,146,146,146,146,146,146,146,146,146,146,146,146,146,146,146,146,146,146,146,146,146,146,146,146,146,146,10215,146,24737,29841,146,146,47869,146,15130,14807,40845,50869,146,146,54843,32524,146,10254,34909,17539,146,146,146,43039,57111,15425,146,10215,146,146,55121,146,146,146,146,27511,146,14345,13184,146,12457,56722,
32,146,146,146,146,146,146,146,146,146,146,146,146,4727,146,146,146,146,146,146,146,146,146,146,146,146,146,146,12262,146,146,146,3066,146,146,146,146,146,146,146,146,10029,20078,146,146,26001,146,146,146,24630,42551,20511,146,146,146,46013,36515,146,50643,11364,60896,22579,12955,146,146,146,146,18905,35059,146,146,146,47956,18350,60229,146,146,15173,37447,146,47598,
33,146,146,146,146,146,146,146,146,146,146,146,146,146,146,146,146,146,146,146,146,146,146,146,146,146,146,146,146,146,146,146,146,146,146,146,146,146,146,787,146,146,43652,146,146,146,58341,33617,146,57583,146,146,55743,146,146,146,146,25492,57395,8188,19406,146,146,48976,146,52724,35991,19481,53418,37143,57019,146,10696,53196,10955,146,146,146,38323,37194,146,
34,146,146,146,146,146,146,146,146,146,146,146,146,146,146,146,146,146,1969,146,146,146,146,146,146,146,146,146,146,146,146,146,146,146,146,146,146,146,146,146,146,46139,146,146,13270,54880,146,146,27570,59127,13260,24413,11520,23337,30611,146,46110,44489,146,19905,146,146,49527,146,54242,44927,146,23597,146,14368,146,146,42667,10993,146,146,21803,57489,15505,146,146,
35,146,146,146,146,146,146,146,146,146,9415,146,146,146,146,146,146,14934,146,146,146,3618,146,146,146,146,146,146,146,146,146,146,146,146,146,146,146,146,146,3618,146,146,146,30976,146,146,146,52179,27072,37063,146,146,39883,146,51267,146,9836,146,14515,146,41894,17591,45814,146,49195,146,25786,146,1194,44192,24089,146,146,146,31295,146,146,30632,146,146,146,
36,146,146,146,146,146,146,146,146,146,146,146,146,146,146,146,146,146,146,146,146,146,146,5842,146,146,146,146,146,146,146,146,5842,146,146,146,14816,146,146,146,146,52103,17408,146,146,56827,41173,146,146,24698,1376,146,146,30572,55334,50311,146,25506,32349,39243,54348,16361,146,146,146,146,146,53339,146,24691,41961,19821,50388,146,146,37531,10055,55438,146,146,27679,
37,146,146,146,146,146,146,146,146,3564,9708,146,146,146,146,146,146,146,146,20653,146,146,146,146,146,146,146,146,146,146,146,146,146,146,146,20653,146,146,146,19827,146,146,46575,146,3109,35433,146,41561,146,51172,146,146,146,24667,29631,146,55612,146,51520,146,39196,146,146,146,59302,146,17249,35061,146,37501,56961,22211,29397,43958,52169,47065,146,146,1882,5852,146,
38,146,146,146,146,146,146,146,146,146,146,146,146,9300,146,146,9300,146,146,146,146,146,23294,146,146,146,146,10955,146,146,25171,146,146,146,146,146,12841,5668,146,146,146,146,14287,11570,24135,14185,16788,146,40352,22003,31145,26828,46320,146,26728,146,41856,146,22311,12476,51428,40631,57152,54030,16992,13525,146,51488,54183,56381,16537,46558,17269,51844,29225,58487,146,146,11010,146,10249,
39,146,146,146,146,146,146,146,146,146,146,146,24049,146,146,146,146,146,146,146,146,146,146,146,12573,146,12573,146,146,146,146,146,146,146,146,146,146,146,146,146,146,146,41506,34049,146,146,146,54229,146,146,20458,39420,13331,146,42720,24244,51204,146,146,46404,39943,146,146,42805,47827,21212,146,49248,51365,43512,146,146,42993,54839,146,25715,146,45219,62180,146,146,
40,146,146,146,146,146,146,146,146,146,10989,146,26607,146,146,146,146,15481,146,4445,18102,146,10989,146,10647,11404,4445,146,146,146,146,146,146,146,146,146,26607,146,18102,4445,146,20747,146,146,54894,146,146,24093,146,146,146,146,24828,146,29743,146,30211,36442,29823,35738,146,28530,31841,146,13256,146,146,146,26973,146,21462,146,36934,54302,23455,33613,24393,19961,43180,40277,758,
41,146,146,146,146,146,146,146,146,146,146,146,146,146,146,146,146,146,146,146,146,146,146,146,146,146,146,10400,146,146,146,146,146,146,146,146,18935,146,146,146,146,55044,56669,146,146,32085,146,31657,41170,146,41333,8180,146,19826,50971,146,12600,54115,55415,146,146,53298,10915,146,146,41577,146,51690,146,39584,13587,146,146,12615,59400,146,52145,54351,146,28547,12834,
42,146,146,146,146,146,146,146,146,146,146,146,10278,146,146,146,146,146,146,146,146,146,146,146,146,146,146,146,146,146,4133,146,146,146,146,146,146,146,146,146,146,146,49459,10357,15785,34097,15659,28751,35642,146,146,52434,57209,57370,22452,55271,49029,47187,51892,42762,8203,47892,37828,38859,146,3298,146,146,25591,11232,41724,45547,146,146,146,146,146,36416,146,54385,146,
43,146,146,146,146,146,146,146,146,146,146,146,146,146,146,146,146,146,1150,146,146,146,146,1150,146,146,12417,146,146,146,146,12417,146,146,146,146,146,146,146,146,146,1091,146,146,146,26966,35370,25906,146,42433,146,31169,146,4478,44041,146,29017,146,146,54701,57695,48179,146,146,60782,48723,32577,12346,32980,1214,27826,146,146,25921,146,53960,38421,48727,12417,14628,322,
44,146,146,146,146,146,146,146,146,146,146,24908,146,146,146,146,146,23242,146,146,146,146,146,146,146,146,146,23242,146,146,146,146,146,146,146,24908,146,146,146,146,146,13804,146,20764,48836,58498,12187,146,146,146,38648,146,146,37645,25474,42543,146,146,146,146,21660,55227,15058,56181,38043,19279,29458,6283,20253,38991,42850,32530,146,60096,146,34428,5990,146,146,19494,146,
45,146,146,146,146,146,146,146,146,146,146,146,146,146,146,146,146,146,146,146,8683,146,146,12493,6729,146,146,146,146,146,146,146,6729,146,146,146,146,146,146,146,146,146,146,146,146,146,43763,14095,49270,33125,30652,146,40569,17293,12028,50128,14659,20586,52739,146,50957,146,30335,55837,57912,57970,60440,146,48257,44993,46231,19179,146,146,146,146,146,51842,146,16793,146,
46,146,146,146,146,146,146,146,146,146,146,146,18482,146,146,146,146,146,146,146,146,146,146,146,21197,146,146,146,146,146,146,146,146,146,146,21197,146,146,21197,146,146,146,8949,146,146,29443,46153,146,146,146,146,17476,146,16157,39322,146,16093,146,146,40599,146,12416,24921,29371,146,44377,146,44695,14240,146,146,43959,34995,146,12597,146,146,146,50389,146,59619,
47,146,146,146,146,146,146,146,146,146,146,146,11430,146,146,146,146,146,146,146,25094,146,11430,146,146,146,146,146,146,146,146,146,25094,146,25094,146,146,146,146,25094,146,50836,146,146,538,146,55326,146,19292,146,23276,146,29569,35845,146,146,146,146,146,51015,19476,10929,18108,20438,12661,53979,1239,14445,146,146,15920,146,146,146,51143,146,56128,50016,58339,5297,4604,
48,146,146,146,146,146,146,146,146,146,146,146,146,146,3847,146,146,146,146,146,146,3847,146,146,146,146,146,2494,8798,146,146,146,146,146,146,146,27037,146,146,146,146,146,14808,5015,146,146,15295,35965,146,146,146,146,46553,146,32028,146,146,29062,146,146,146,13561,146,48627,49564,52211,23885,17897,146,146,36100,13081,146,146,146,47781,146,146,146,146,146,
49,146,146,146,146,146,146,146,146,146,146,146,146,146,22211,146,146,146,11362,146,146,146,146,146,146,146,146,146,146,22211,11362,146,146,146,146,146,146,146,146,146,146,146,26044,146,56941,146,37304,146,25244,11095,146,6948,28485,55589,60730,11452,146,19610,44234,146,24758,146,10530,146,55501,54777,146,50534,146,146,146,146,146,18201,146,146,45183,146,146,146,31674,
50,146,146,146,146,146,146,146,146,146,146,1369,146,146,146,146,146,146,146,146,18931,146,146,146,146,146,146,146,146,146,146,146,146,146,146,146,146,146,146,146,146,55633,146,146,146,37972,146,146,146,146,45188,146,51560,146,34726,30338,146,57779,146,42104,146,59910,26632,50989,146,53901,43934,146,146,47531,146,146,33214,53137,56358,146,14954,60877,146,146,146,
51,146,146,146,146,146,146,146,146,146,146,146,146,26351,146,146,146,146,146,146,146,146,146,146,146,146,146,146,146,5591,146,146,146,146,146,146,146,146,146,146,146,47339,54704,146,146,30743,49386,146,146,28224,29062,30108,52767,146,146,146,50038,49162,30499,146,146,146,23844,26519,146,30018,146,21233,14043,49518,53822,146,55290,28715,56836,37226,146,146,10688,26467,146,
52,146,146,146,146,146,146,146,146,146,146,146,146,146,146,146,146,146,146,146,146,146,146,146,146,146,146,146,146,146,11358,745,146,146,146,146,146,146,146,146,146,6883,24102,36093,60207,146,146,146,55895,48532,53502,146,146,56783,13616,58651,15321,10560,22197,18500,146,17930,21413,42275,146,19438,45804,57681,12681,46397,36685,146,601,146,146,146,146,22899,33425,146,146,
53,146,146,146,146,146,146,146,146,146,146,146,146,146,10794,146,2419,146,146,146,146,146,146,146,146,146,146,146,146,146,146,146,146,146,146,146,146,146,146,146,146,146,146,146,7981,146,146,146,146,146,11747,49155,28086,146,29928,146,52837,31747,146,146,18602,31504,17180,13542,53218,49521,146,54701,41881,47952,146,48600,146,146,146,146,29382,11833,10496,57793,34359,
54,146,146,146,146,146,146,146,146,146,146,146,146,146,146,146,146,146,146,146,146,146,146,146,146,146,146,10722,146,146,11561,146,146,146,146,146,146,146,146,146,146,14803,30508,47425,146,11212,50435,27879,146,11373,10719,42379,369,146,146,5773,53672,146,20471,146,60454,13862,57172,42008,57431,146,146,58760,56864,146,44585,43573,146,206,47938,146,33102,146,39914,146,45848,
55,146,146,146,146,146,146,146,146,24985,146,146,146,146,146,146,21992,146,19619,146,3519,146,146,146,146,146,146,146,146,146,146,146,146,146,146,24985,16438,146,146,21188,146,57940,1987,39721,146,146,33109,146,146,146,22615,22485,20793,146,146,48294,13315,146,11818,43523,57591,50897,146,146,146,15247,56036,146,21975,146,52250,33353,21800,55513,146,17800,11994,32802,56261,25940,11102,
56,146,146,146,146,146,146,146,146,146,146,146,146,146,146,146,146,146,146,146,146,146,146,146,146,146,146,146,146,146,146,146,146,146,146,146,146,146,146,146,146,146,146,31816,49489,44666,146,146,23449,146,146,146,40473,50144,146,146,146,14970,146,28846,54018,146,45466,146,54371,25321,56780,146,146,146,146,54109,146,146,146,146,55047,40311,17405,55737,58685,
57,146,146,146,146,146,146,146,146,146,146,11957,146,146,146,146,146,146,146,146,146,146,146,146,146,146,146,146,146,146,11957,146,146,146,146,146,146,146,146,146,146,34402,146,16729,146,146,146,146,146,47760,30591,146,146,146,45649,41286,37126,19280,146,47533,31400,40460,146,146,19824,45377,18487,146,146,50971,55170,32057,146,146,146,146,146,49929,146,45970,33858,
58,146,146,146,146,146,146,146,146,146,146,146,146,146,16346,146,146,146,4771,4771,146,146,146,146,146,146,146,19726,146,146,146,146,146,146,146,146,146,13780,146,3945,146,29810,4388,45801,57282,146,146,49384,146,53990,50740,30500,26471,146,146,10679,146,146,35539,146,51547,146,36701,20897,15764,27579,146,414,146,146,4370,59936,11507,146,146,146,60540,146,146,146,146,
59,146,146,146,146,146,146,146,146,146,146,146,146,146,146,146,146,146,146,146,146,146,146,146,146,146,146,146,146,10301,146,146,146,146,146,146,146,146,146,146,146,46782,146,14976,146,146,58225,49722,146,43642,57949,146,21029,146,146,146,146,146,11169,146,146,48231,146,146,146,146,146,53162,38811,5196,146,55716,146,146,14086,27250,146,146,146,146,49500,
60,146,146,146,146,146,146,146,146,146,146,146,146,146,146,146,146,12013,146,146,23089,146,146,20832,146,146,146,146,146,146,146,11440,146,146,146,146,146,146,12013,146,146,46521,146,38493,146,146,12203,18442,146,35325,23564,17054,34259,146,146,49001,146,146,146,41925,146,19480,146,26448,146,13384,146,146,146,59207,57825,146,146,146,61122,44166,37235,42657,146,33787,45241,
61,146,146,146,146,146,146,146,146,13283,146,146,146,146,146,146,146,146,146,146,146,146,146,146,146,13283,146,146,146,146,146,146,146,146,146,146,146,146,146,146,146,12116,41705,146,32158,3812,40225,13489,146,58223,13900,58235,146,20441,29734,28750,146,29170,37442,61011,37877,146,146,146,21851,12334,30030,146,1709,26067,146,146,30088,33944,48007,8580,146,16859,146,56134,10410,
62,146,146,146,146,146,146,146,146,146,4432,146,11403,146,146,146,146,146,146,146,146,146,146,146,146,146,146,146,11271,146,146,146,146,146,7267,146,146,7267,23761,146,146,30136,23372,2481,146,11902,15174,146,5347,146,23765,51308,15215,59178,57984,146,146,146,146,146,18885,146,146,54847,31254,11382,146,47601,39262,1555,146,32800,13696,146,146,146,60396,14563,11676,49144,146,
63,146,146,146,146,146,146,146,146,146,146,146,146,146,146,146,146,146,146,146,146,146,146,146,146,146,146,146,146,146,146,146,146,146,146,146,146,146,146,146,146,51548,40440,146,16559,23632,58266,18644,37945,29407,44122,146,37987,146,146,33459,146,10671,38113,146,40416,146,5142,146,146,146,43618,146,59580,146,17674,146,146,146,46615,13811,146,19432,11925,28756,23667,
64,146,146,146,146,146,146,146,146,146,146,146,146,146,146,146,146,11045,146,146,146,146,146,146,146,146,146,146,146,146,146,146,146,146,146,146,146,146,146,146,146,40170,8735,146,146,146,21414,10435,31937,146,15685,56664,146,55870,146,48770,5882,146,12552,36051,33378,146,39157,146,39590,1841,146,45158,30380,146,43833,41223,146,146,15870,146,24599,146,13222,146,27199,
65,146,146,146,146,146,146,146,146,2476,146,146,146,146,2476,146,16235,146,13255,146,146,146,146,146,146,146,146,146,146,146,146,146,146,146,146,146,146,146,16235,146,146,146,146,146,12414,35366,45853,20959,14574,146,146,58266,146,146,14043,14902,16623,34843,28713,52765,13245,146,36197,24196,146,146,146,146,146,146,26499,146,146,23892,146,146,146,30185,15868,146,146,
66,146,146,146,146,146,146,146,146,146,146,146,146,26844,146,146,146,146,146,146,146,146,146,146,146,146,146,146,146,146,146,146,146,146,146,146,146,146,146,146,146,146,146,146,19708,59161,33152,14216,146,146,51953,12579,146,146,18026,146,146,146,146,146,58510,146,146,146,49770,146,146,48693,146,58292,146,59577,10801,10252,146,17548,53263,146,146,146,12540,
67,146,146,146,146,146,146,146,146,146,146,146,146,146,146,146,146,146,146,146,146,146,146,146,146,146,146,146,146,146,11058,146,146,146,146,146,146,146,146,146,146,146,146,48801,39198,33909,146,56172,40544,146,36117,146,146,146,30573,26547,20386,15175,146,146,46327,146,146,41232,146,11479,146,53671,52919,146,146,25263,146,20542,146,146,146,146,20247,53097,146,
68,146,146,146,146,146,146,146,146,146,146,146,146,146,146,146,146,11883,146,26580,146,146,146,146,146,17928,146,146,146,17928,146,11883,11165,146,17928,146,146,146,146,146,146,33941,146,146,146,146,146,32005,146,16149,22860,39131,146,146,33918,146,58333,53242,13826,12495,50780,146,146,146,18678,11759,146,49894,146,11582,21208,10935,17365,20822,22717,1621,48059,146,19140,146,146,
69,146,146,146,146,146,146,146,146,12870,146,146,12187,146,12870,146,146,146,146,146,146,146,146,12756,146,146,146,12981,146,146,146,146,146,146,146,146,146,12870,146,7109,146,21166,146,146,146,146,16254,16683,146,146,46434,47420,14799,53009,13589,43494,146,146,46510,18469,146,146,146,146,146,44612,41098,27344,146,56415,34892,20878,38110,146,146,146,146,146,146,29417,13637,
70,146,146,146,146,146,146,146,146,146,146,146,146,19163,146,146,146,146,146,146,146,146,146,146,146,146,146,146,19163,146,146,146,146,146,146,146,146,146,14342,19676,146,146,146,15495,146,45880,56993,146,42097,8547,146,10062,146,146,23097,146,23069,146,146,20813,57057,146,146,18098,146,146,146,53664,18160,48820,146,15763,58997,41517,146,47076,146,60813,57402,146,50115,
71,146,146,146,146,146,146,146,146,146,146,146,146,146,146,146,146,146,146,146,146,146,146,146,146,146,146,146,8618,146,146,146,146,146,146,146,146,146,146,146,146,56567,146,15627,29333,38476,23262,49595,19490,15243,146,146,38679,146,146,146,146,12246,146,146,10995,12883,12792,1408,35487,146,16838,49285,58657,56671,54456,146,14417,42592,146,46790,146,10925,146,146,146,
72,146,146,146,146,146,146,146,146,146,146,146,146,146,19018,146,146,146,146,146,146,146,146,146,146,146,146,19018,146,146,146,19018,1665,1665,146,146,146,1665,146,146,146,5970,8744,146,49461,21129,146,51225,146,53393,146,146,54889,34221,59749,28788,32009,146,146,146,146,22725,26269,24761,146,146,18087,29740,54559,54701,16882,18057,11763,146,146,37290,54896,47558,15408,48771,26732,
73,146,146,146,146,146,146,146,146,146,146,146,146,146,146,146,146,146,146,146,146,146,146,146,146,146,146,146,146,146,146,146,146,146,146,146,146,146,146,146,146,146,146,37888,50685,146,16980,37390,146,21147,31473,146,56978,53811,56386,53932,146,20335,146,31372,47504,31215,39043,47148,26717,57364,12027,146,20286,31600,28079,17531,9440,43205,49655,29328,18174,146,30905,146,146,
74,146,146,146,146,146,146,146,146,146,146,146,146,146,146,146,146,146,146,146,146,146,13134,146,146,146,146,146,146,146,146,146,146,13780,7712,146,16425,10527,146,146,146,146,146,21518,47013,7135,146,37492,50402,146,14697,146,28523,23359,56599,30316,26515,1113,51330,146,47453,146,17479,24056,146,54586,30828,16104,12233,146,11632,51699,55465,23434,15761,146,13914,56731,28651,25038,146,
75,146,146,146,146,146,146,146,146,9212,146,146,146,146,146,146,146,146,146,146,146,146,146,146,9212,146,146,146,146,146,146,146,146,146,146,146,146,146,19888,146,146,146,13372,35122,57160,45478,146,12577,21627,19985,60635,146,146,146,146,146,146,146,146,51779,25063,55663,57683,57310,146,44129,146,146,146,146,146,22765,146,146,30292,16986,59522,23668,1390,146,35057,
76,146,146,146,146,146,146,146,146,20861,146,12209,146,2555,146,146,146,146,146,26816,146,146,146,146,146,146,146,146,146,146,146,1475,146,146,2631,146,146,146,146,146,8089,146,2360,146,146,488,33306,146,56277,146,146,12916,34014,24629,13482,15715,146,17161,21209,146,40232,39374,30140,36537,146,146,146,56924,10490,1508,12828,239,146,52651,14329,23760,146,33361,16034,16404,146,
77,146,146,146,146,146,146,146,146,146,146,146,146,146,146,146,146,146,146,146,146,146,146,146,146,146,146,146,146,146,146,146,146,146,146,146,146,146,146,146,146,146,37170,146,146,146,146,16185,146,146,51121,37915,146,15977,146,146,146,146,38550,32244,28148,146,20017,44045,37168,146,31353,146,146,57759,32125,146,146,11184,43393,29014,53970,56160,146,57210,146,
78,146,146,146,146,146,146,146,146,146,146,146,146,146,146,146,146,146,146,146,146,146,146,146,146,146,146,146,146,146,146,146,146,146,146,146,146,146,146,146,146,54342,146,146,146,146,55781,146,16968,16531,146,36530,27150,36464,16336,146,146,55229,50388,146,12191,53161,12847,146,41580,146,146,146,146,146,146,146,37328,54664,146,52990,15111,146,146,21443,146,
79,146,146,146,146,146,146,146,146,146,146,146,146,146,146,146,146,146,146,146,146,146,146,146,146,146,146,146,146,146,146,146,146,146,18876,146,146,146,146,146,146,58033,146,146,146,33740,58449,55654,27364,146,146,10882,146,18744,146,41160,18110,146,18994,146,15758,36624,28998,10737,146,31000,146,146,49319,146,51455,146,33187,50135,16191,47706,55816,146,23512,58620,146,
80,146,146,146,146,146,146,146,146,146,146,146,146,146,146,146,146,146,146,146,146,146,146,146,146,146,146,146,146,146,146,146,146,146,146,146,146,146,146,146,146,146,19822,12940,146,59135,55682,23527,43432,146,146,32788,146,20697,43219,22970,20962,146,146,146,146,146,146,45980,47479,146,146,146,146,18908,146,47319,146,146,37694,146,146,21445,55146,50899,56313,
81,146,146,146,146,146,146,146,146,1963,146,4711,146,146,146,4711,146,1963,146,146,146,146,146,146,146,146,146,15920,146,146,146,146,146,146,146,146,146,146,146,4711,146,27435,146,55873,26577,146,56572,41248,146,146,146,146,28014,146,146,7843,20045,146,35039,146,29329,30379,146,146,24159,51598,146,146,146,48113,29651,146,18641,12817,146,11549,146,35782,146,39720,146,
82,146,146,146,146,146,146,146,146,146,146,146,146,146,146,146,146,146,146,146,146,146,146,7244,146,146,146,146,146,146,146,146,146,146,146,146,146,146,146,146,146,6724,40592,42621,48797,58702,50317,25224,31624,10738,146,14787,54538,146,146,40658,146,10719,12834,22265,16139,146,146,47177,146,26958,146,39632,146,13526,146,50425,146,4337,165,22695,146,29292,8202,52881,25585,
83,146,146,146,146,146,146,146,146,146,146,146,146,146,146,5151,146,146,146,146,146,146,11060,146,146,146,146,146,13555,146,146,146,146,146,146,146,11060,146,146,146,146,146,146,146,146,146,146,41076,146,44010,146,46417,38114,146,26719,57225,47360,146,146,36800,146,146,56870,146,146,146,146,146,146,46740,146,3035,146,55419,49330,22945,15107,25937,17501,47185,146,
84,146,146,146,146,146,146,146,146,146,146,146,146,146,146,146,146,146,16479,146,146,146,146,146,146,146,146,146,146,146,146,146,146,146,146,146,146,7227,146,7227,146,18233,14684,10351,52396,6392,146,146,146,32653,146,18464,146,146,146,12864,22591,146,146,146,9594,27314,53597,146,3000,27163,11053,18909,36004,4988,146,146,146,47746,26595,1440,11838,56242,11865,146,55011,
85,146,146,146,146,146,146,146,146,146,14031,146,146,146,146,146,146,146,146,14031,8021,146,13607,146,146,146,146,146,146,146,146,146,146,146,146,146,14031,146,146,146,146,43674,146,146,146,58883,24414,37192,146,34132,56370,2326,146,23420,40741,40557,146,146,146,146,48425,146,34405,17799,55680,146,146,13120,30432,43744,29983,146,146,146,50991,1749,146,146,146,146,34638,
86,146,146,146,146,146,146,146,146,20735,146,146,146,146,22742,146,146,146,146,146,146,146,22742,146,146,146,146,146,6129,146,146,146,146,15549,146,146,2884,146,146,146,146,8951,146,21981,37682,146,11452,30266,44466,146,17431,41707,51288,146,27459,16929,45803,37626,11838,146,146,31445,53326,146,32913,16185,146,17684,146,146,146,59070,146,15985,146,25893,46155,146,33040,146,45075,
87,146,146,146,146,146,146,146,146,146,146,146,146,146,146,146,146,146,146,146,146,146,146,146,146,146,146,146,146,146,146,146,146,146,146,146,146,146,146,146,146,27300,10748,48973,146,30304,11596,146,53457,146,146,58381,146,11711,33481,15642,146,146,40353,146,24993,146,146,146,13086,146,2972,35941,19984,20213,146,146,146,49284,28345,146,146,27322,146,43346,55544,
88,146,146,146,146,146,146,146,146,146,146,146,19159,15099,15099,146,146,146,146,146,146,146,146,146,146,146,146,146,146,146,146,146,146,146,146,146,12075,146,146,146,146,53349,17441,13627,51307,50224,41759,146,146,40356,19134,16135,9113,42645,46068,41209,54371,41419,49100,36874,146,20941,22003,31546,146,146,32751,146,40308,146,146,146,29402,28130,24666,146,30730,146,36653,38259,27239,
89,146,146,146,146,146,146,146,146,146,146,9674,146,146,146,146,9674,146,146,146,146,146,146,146,146,146,146,146,146,9674,146,146,146,146,146,146,146,146,146,146,146,50714,10325,146,10884,146,31846,40986,146,24380,146,146,146,23204,38086,146,29185,49522,53556,52189,146,146,37803,33033,52386,146,146,26569,146,43196,23001,146,146,19613,146,146,146,146,146,146,146,
90,146,146,146,146,146,146,146,146,11217,146,13333,146,146,146,146,146,146,976,10800,146,146,11098,146,146,146,976,146,146,146,146,146,146,146,13333,146,146,146,976,146,146,146,10341,55351,36721,57401,47394,146,53711,146,50120,36283,146,53605,40336,16770,57722,50877,146,38705,146,146,22701,146,22709,146,146,14061,146,47088,35096,53018,7030,146,146,146,146,146,44357,27130,55710,
91,146,146,146,146,146,146,146,146,146,146,146,146,146,146,146,146,146,146,146,146,146,146,146,146,146,146,146,146,146,146,146,146,146,146,146,146,146,146,146,146,146,56791,146,47265,51350,146,146,146,146,146,49431,146,146,12163,146,25929,56094,16959,43703,146,146,146,146,22553,146,46288,30456,146,146,10411,33769,146,18776,56018,35280,146,60690,146,146,31172,
92,146,146,146,146,146,146,146,146,146,146,146,146,146,146,146,146,146,146,146,146,146,146,146,146,146,146,146,146,146,146,146,146,146,146,146,146,385,146,146,146,23394,39781,42161,146,146,39225,146,55484,146,146,146,28826,146,39636,60254,370,52174,146,14159,27253,52449,146,146,51359,55062,146,41957,52843,25395,146,146,48124,146,33088,21723,146,146,146,25768,146,
93,146,146,146,146,146,146,146,146,22551,146,146,146,146,146,146,146,146,146,146,26159,146,146,146,146,146,146,146,146,146,146,146,146,146,146,146,146,146,146,146,146,57235,18390,13545,14892,46748,146,146,146,29119,55042,146,56489,146,20311,52678,30397,146,54607,37870,146,146,44883,29145,15576,146,25279,146,51074,146,146,146,146,32165,56461,52640,11263,19521,146,146,57739,
94,146,146,146,146,146,146,146,146,146,146,146,10783,146,146,146,146,146,17072,146,146,146,146,1454,146,146,146,146,146,146,146,146,146,1454,146,146,146,146,10783,146,146,41563,42380,31330,454,146,52930,26971,146,22135,27737,9679,51361,22884,146,49702,146,146,146,59848,32494,18429,5328,42925,42160,33786,41736,146,55504,146,56791,39601,21175,146,32029,56840,10909,22239,4341,12885,146,
95,146,146,146,146,146,146,146,146,146,146,146,146,146,146,146,146,146,146,146,146,146,146,146,146,146,146,146,146,146,146,146,146,146,146,146,146,146,146,146,146,146,10111,146,146,146,24168,52715,146,26125,146,146,146,146,146,48268,146,14551,39155,146,146,19983,146,69539,45504,146,146,146,54436,43054,146,55196,146,53026,54039,46425,146,50794,30922,53344,28761,
96,146,146,146,146,146,146,146,146,146,146,146,146,146,146,146,8583,146,146,14587,146,146,146,146,8583,11496,146,146,146,146,146,146,146,146,146,146,146,146,146,146,146,146,146,45692,146,22663,53354,40628,10653,51472,37067,27062,146,146,146,41927,27703,11213,18455,146,146,146,46344,50146,26203,33103,19493,146,58369,146,16954,146,50254,39050,146,11746,39683,38282,52439,47960,21400,
97,146,146,146,146,146,146,146,146,146,146,146,146,146,146,146,146,146,146,146,146,146,146,146,146,146,146,146,146,146,146,146,146,146,146,146,146,146,146,146,146,146,146,49004,146,146,35462,146,146,146,146,146,35574,146,146,38481,28535,146,146,30795,146,15269,46527,49404,18710,52858,146,13727,146,56833,146,53591,146,29615,56964,55483,146,146,25214,146,12211,
98,146,146,146,146,146,146,146,146,146,146,146,146,146,146,5852,146,146,146,146,146,146,146,146,146,5852,5852,146,146,146,146,146,146,146,146,146,146,146,146,146,146,28514,53134,146,146,43216,146,146,146,47891,146,146,146,146,146,54352,26389,146,146,46774,12162,146,55913,46902,146,22580,21026,12961,146,146,146,32009,32972,44247,146,146,31714,47797,146,146,146,
99,146,146,146,146,146,146,146,146,1726,146,11773,146,146,146,16793,146,146,146,146,11773,16793,146,146,146,146,146,146,146,146,146,11773,146,146,146,146,146,146,146,146,146,52378,146,146,40248,146,28635,24596,21544,54785,146,146,146,146,2618,146,15715,146,146,17865,146,24482,146,25136,28906,54631,146,146,46132,146,43778,36992,146,3190,61087,41272,10887,57738,146,146,39067,
100,146,146,146,146,146,146,146,146,146,146,146,146,146,7990,146,146,146,146,146,146,146,10813,10813,146,6073,16927,146,146,146,146,10813,146,146,146,10813,146,146,146,146,1685,57199,146,146,55565,146,22675,11496,50163,29270,22286,146,35206,49360,146,2591,7041,28378,27707,55421,13199,30134,2687,29701,146,153,10574,24194,22005,146,50859,146,47865,22964,53524,146,18650,146,146,146,146,
