1,82,6958,38875,22385,4017,17115,43864,10093,32380,44955,35884,45893,32296,49056,6448,31106,36969,24,39230,43719,24,43761,8415,44705,29873,27770,47199,43743,17182,32861,43219,39209,34086,5528,21655,31988,2467,1020,26383,36909,10789,45948,1892,15201,46295,1436,40256,1205,7309,42747,28948,46695,21049,7546,33012,46423,35728,16756,24286,3942,29821,38619,44680,18927,2088,28329,10459,28985,41768,21386,5716,49148,2182,25073,40951,3131,8612,46331,49090,3296,
2,82,6958,38875,22385,4017,17115,43864,10093,32380,44955,35884,45893,32296,49056,6448,31106,36969,24,39230,43719,24,43761,8415,44705,29873,27770,47199,43743,17182,32861,43219,39209,34086,5528,21655,31988,2467,1020,26383,36909,2651,11223,1538,1447,4480,1031,7554,41665,1994,18639,17935,631,5621,1950,11475,4488,2769,3463,8398,7412,714,1269,3974,29694,991,33998,4437,20488,20153,34427,13718,448,9209,13793,21918,1653,1959,22485,12196,7224,
3,82,6958,38875,22385,4017,17115,43864,10093,32380,44955,35884,45893,32296,49056,6448,31106,36969,24,39230,43719,24,43761,8415,44705,29873,27770,47199,43743,17182,32861,43219,39209,34086,5528,21655,31988,2467,1020,26383,36909,2309,5501,29049,13409,12626,26599,12359,12876,18837,22665,30124,22081,15543,2494,2840,12675,12493,49068,6368,26514,7741,9571,4411,26298,5597,2124,3347,7061,8274,12214,10968,10755,9636,5188,3990,4926,9255,9110,7928,2310,
4,82,6958,38875,22385,4017,17115,43864,10093,32380,44955,35884,45893,32296,49056,6448,31106,36969,24,39230,43719,24,43761,8415,44705,29873,27770,47199,43743,17182,32861,43219,39209,34086,5528,21655,31988,2467,1020,26383,36909,692,23860,10439,1377,20197,28166,5241,3533,25215,16030,11220,7962,1386,12192,29148,13113,35280,31233,417,25511,19289,415,3661,27209,16264,3061,14470,27997,12238,2154,17197,23864,9850,13517,25490,27148,40057,10245,32921,11978,
5,82,6958,38875,22385,4017,17115,43864,10093,32380,44955,35884,45893,32296,49056,6448,31106,36969,24,39230,43719,24,43761,8415,44705,29873,27770,47199,43743,17182,32861,43219,39209,34086,5528,21655,31988,2467,1020,26383,36909,5693,8129,34320,5919,1370,49445,11385,397,1545,7234,17237,23608,1047,10199,5266,20906,3619,26273,178,34452,5946,1179,128,21226,41230,6339,5623,10272,45591,6225,3377,5546,8209,2157,11188,1702,35224,18012,32553,376,
6,82,6958,38875,22385,4017,17115,43864,10093,32380,44955,35884,45893,32296,49056,6448,31106,36969,24,39230,43719,24,43761,8415,44705,29873,27770,47199,43743,17182,32861,43219,39209,34086,5528,21655,31988,2467,1020,26383,36909,15335,33916,28196,251,2178,14484,4495,9850,37680,3775,4178,1908,12786,35303,2213,41835,1105,42862,58233,29751,8659,2772,25160,424,8398,23345,29376,20839,12647,25249,12604,2300,8831,2119,1739,14416,38158,20862,7916,376,
7,82,6958,38875,22385,4017,17115,43864,10093,32380,44955,35884,45893,32296,49056,6448,31106,36969,24,39230,43719,24,43761,8415,44705,29873,27770,47199,43743,17182,32861,43219,39209,34086,5528,21655,31988,2467,1020,26383,36909,41723,19340,13524,50259,16452,16193,3114,2981,6859,10375,18238,1073,1333,23588,8522,2700,814,13941,11284,10565,5200,2772,12283,34455,2241,23362,20421,34417,44344,5568,584,2028,3187,7129,11467,8354,18135,37168,582,3226,
8,82,6958,38875,22385,4017,17115,43864,10093,32380,44955,35884,45893,32296,49056,6448,31106,36969,24,39230,43719,24,43761,8415,44705,29873,27770,47199,43743,17182,32861,43219,39209,34086,5528,21655,31988,2467,1020,26383,36909,829,1104,4015,14198,36577,33916,18253,4520,42106,5399,37204,102,21398,14618,28588,8267,33131,52295,13018,12810,705,43749,22369,8605,38964,1280,1537,3790,3560,3767,5974,18971,14467,19952,1024,54089,14304,3913,17040,6311,
9,82,6958,38875,22385,4017,17115,43864,10093,32380,44955,35884,45893,32296,49056,6448,31106,36969,24,39230,43719,24,43761,8415,44705,29873,27770,47199,43743,17182,32861,43219,39209,34086,5528,21655,31988,2467,1020,26383,36909,37385,12279,36294,21246,990,31863,28128,7239,20275,10628,5143,102,18646,27094,37851,7046,19171,16625,23377,34928,36006,25770,30196,8028,9432,2507,18059,34461,15079,11797,7010,23033,6506,7696,1024,51541,864,28869,16104,11303,
10,82,6958,38875,22385,4017,17115,43864,10093,32380,44955,35884,45893,32296,49056,6448,31106,36969,24,39230,43719,24,43761,8415,44705,29873,27770,47199,43743,17182,32861,43219,39209,34086,5528,21655,31988,2467,1020,26383,36909,1089,7054,27728,24257,2251,16912,5118,14055,26290,29784,14022,102,5652,8134,8804,22586,8185,21016,27541,2310,2206,27628,32034,10407,22580,2822,43882,17289,37568,33548,1259,450,15784,3389,3324,11448,13899,18317,1490,28036,
11,82,6958,38875,22385,4017,17115,43864,10093,32380,44955,35884,45893,32296,49056,6448,31106,36969,24,39230,43719,24,43761,8415,44705,29873,27770,47199,43743,17182,32861,43219,39209,34086,5528,21655,31988,2467,1020,26383,36909,2178,1300,8646,24272,7123,20856,7590,23488,9522,8074,9178,22621,19524,4613,30847,18077,25135,34835,15356,18292,19176,15708,25118,37901,750,10987,12886,12279,3159,35340,40822,10272,1234,9151,35031,11448,42,235,18793,6053,
12,82,6958,38875,22385,4017,17115,43864,10093,32380,44955,35884,45893,32296,49056,6448,31106,36969,24,39230,43719,24,43761,8415,44705,29873,27770,47199,43743,17182,32861,43219,39209,34086,5528,21655,31988,2467,1020,26383,36909,9729,1455,37446,52322,33800,13352,26662,11318,16441,15934,9178,22769,36897,4133,1761,11075,3963,33810,15356,7103,5774,22312,24734,12747,20395,37410,18184,10971,21549,7678,178,6966,12698,28133,4010,17832,37423,45904,19327,26672,
13,82,6958,38875,22385,4017,17115,43864,10093,32380,44955,35884,45893,32296,49056,6448,31106,36969,24,39230,43719,24,43761,8415,44705,29873,27770,47199,43743,17182,32861,43219,39209,34086,5528,21655,31988,2467,1020,26383,36909,6045,15113,33900,13262,3832,11901,4904,37184,7861,2605,17137,42275,3443,4231,26859,45287,5170,14031,13417,5007,43032,34243,47281,27196,20081,15437,23735,18084,16901,37670,178,5966,6065,38719,20991,29937,14503,23998,607,15881,
14,82,6958,38875,22385,4017,17115,43864,10093,32380,44955,35884,45893,32296,49056,6448,31106,36969,24,39230,43719,24,43761,8415,44705,29873,27770,47199,43743,17182,32861,43219,39209,34086,5528,21655,31988,2467,1020,26383,36909,2080,37033,5421,14797,3828,13171,17480,1059,25854,302,16359,11749,4249,1499,34580,21310,26679,24826,12674,6436,13263,3133,22434,5413,24193,34098,31528,23658,1657,4819,34392,1828,16568,2547,2504,43851,5133,18000,22523,37725,
15,82,6958,38875,22385,4017,17115,43864,10093,32380,44955,35884,45893,32296,49056,6448,31106,36969,24,39230,43719,24,43761,8415,44705,29873,27770,47199,43743,17182,32861,43219,39209,34086,5528,21655,31988,2467,1020,26383,36909,35040,754,8031,28138,31060,38011,22865,1119,17920,5379,2768,21073,38530,1796,24836,35338,551,48677,39620,29407,38592,21460,15047,36942,22875,6837,3299,27579,469,32065,14582,37385,27562,18160,29566,12331,2924,36680,38974,7642,
16,82,6958,38875,22385,4017,17115,43864,10093,32380,44955,35884,45893,32296,49056,6448,31106,36969,24,39230,43719,24,43761,8415,44705,29873,27770,47199,43743,17182,32861,43219,39209,34086,5528,21655,31988,2467,1020,26383,36909,36121,10738,11376,39272,36027,32186,13346,20674,1674,12942,3033,36316,33695,6875,24778,745,22547,37468,24522,48911,1776,31545,16361,27342,13557,24723,15256,15987,469,832,25163,2916,670,11801,9961,14891,36493,37335,46204,24864,
17,82,6958,38875,22385,4017,17115,43864,10093,32380,44955,35884,45893,32296,49056,6448,31106,36969,24,39230,43719,24,43761,8415,44705,29873,27770,47199,43743,17182,32861,43219,39209,34086,5528,21655,31988,2467,1020,26383,36909,13071,3853,2929,30930,16686,12445,3400,10299,30964,18326,2932,44847,39613,26568,32682,745,1902,11838,19084,1824,39110,44625,40584,31171,22171,3262,48362,8632,31396,16104,22388,9458,1732,42982,2881,30087,27383,27921,12096,29944,
18,82,6958,38875,22385,4017,17115,43864,10093,32380,44955,35884,45893,32296,49056,6448,31106,36969,24,39230,43719,24,43761,8415,44705,29873,27770,47199,43743,17182,32861,43219,39209,34086,5528,21655,31988,2467,1020,26383,36909,15538,3181,7295,29661,28014,12449,3463,24340,22922,33851,33296,12055,1541,30744,16025,45400,32115,39372,13545,28915,5024,150,13263,22427,12066,15186,15748,4543,20531,13824,11191,15461,6264,33370,2881,24218,6385,13110,1512,338,
19,82,6958,38875,22385,4017,17115,43864,10093,32380,44955,35884,45893,32296,49056,6448,31106,36969,24,39230,43719,24,43761,8415,44705,29873,27770,47199,43743,17182,32861,43219,39209,34086,5528,21655,31988,2467,1020,26383,36909,44419,3475,5646,20430,9836,12449,20035,21294,30365,5138,1880,16758,43424,736,1518,34964,2545,33598,13715,29463,19772,1671,16083,2205,37612,6119,37565,1787,49233,6626,41849,14135,8161,29536,8919,12807,15591,28429,2272,338,
20,82,6958,38875,22385,4017,17115,43864,10093,32380,44955,35884,45893,32296,49056,6448,31106,36969,24,39230,43719,24,43761,8415,44705,29873,27770,47199,43743,17182,32861,43219,39209,34086,5528,21655,31988,2467,1020,26383,36909,22187,17277,9748,18650,30968,29995,8071,2172,12345,29427,20676,11171,5757,41242,5787,3490,22691,15888,43175,33928,4278,3035,37291,1514,12616,2242,1779,8513,932,8197,12138,6729,39297,37155,5367,22869,1519,45842,1698,10883,
21,82,6958,38875,22385,4017,17115,43864,10093,32380,44955,35884,45893,32296,49056,6448,31106,36969,24,39230,43719,24,43761,8415,44705,29873,27770,47199,43743,17182,32861,43219,39209,34086,5528,21655,31988,2467,1020,26383,36909,45799,27878,16903,42559,15292,10408,25669,6860,3856,19666,5086,27286,29842,24665,2258,13098,31566,35143,13042,784,27415,896,16393,4016,11729,1631,1338,2277,8803,2525,13413,19266,31991,1072,49799,30710,22879,36066,785,23337,
22,82,6958,38875,22385,4017,17115,43864,10093,32380,44955,35884,45893,32296,49056,6448,31106,36969,24,39230,43719,24,43761,8415,44705,29873,27770,47199,43743,17182,32861,43219,39209,34086,5528,21655,31988,2467,1020,26383,36909,42198,12943,8193,21953,5581,10408,5652,10011,2710,1717,29190,39675,13278,26653,6333,6220,703,44921,15454,8159,18685,3004,11632,4948,56524,35685,4730,18877,7072,4613,27786,5589,11900,6385,16897,26113,20468,11802,447,11269,
23,82,6958,38875,22385,4017,17115,43864,10093,32380,44955,35884,45893,32296,49056,6448,31106,36969,24,39230,43719,24,43761,8415,44705,29873,27770,47199,43743,17182,32861,43219,39209,34086,5528,21655,31988,2467,1020,26383,36909,30939,19849,12104,10324,34583,22736,14543,38442,22757,31504,19065,16149,7918,10942,24216,14879,12356,39802,20744,8023,26999,45420,19561,2366,11214,42176,1306,1894,14350,27876,35462,20278,30717,34702,3241,37139,25191,34339,35962,754,
24,82,6958,38875,22385,4017,17115,43864,10093,32380,44955,35884,45893,32296,49056,6448,31106,36969,24,39230,43719,24,43761,8415,44705,29873,27770,47199,43743,17182,32861,43219,39209,34086,5528,21655,31988,2467,1020,26383,36909,15013,1174,18019,22162,13117,19613,33777,28950,1089,38080,2077,34148,4092,16817,20650,23302,22440,22905,12589,839,22111,13395,17784,34035,20496,19051,2131,27502,3639,16293,29106,25391,10741,3827,13885,40223,35865,24648,34247,9168,
25,82,6958,38875,22385,4017,17115,43864,10093,32380,44955,35884,45893,32296,49056,6448,31106,36969,24,39230,43719,24,43761,8415,44705,29873,27770,47199,43743,17182,32861,43219,39209,34086,5528,21655,31988,2467,1020,26383,36909,29114,7338,2796,13726,48191,13405,29330,9107,29119,12202,30139,20129,4196,39702,12670,1860,14683,31393,39071,827,20089,16512,39349,22327,12665,19368,1849,42280,15963,23923,10796,2553,35489,8261,1142,11455,36265,19034,22835,1487,
26,82,6958,38875,22385,4017,17115,43864,10093,32380,44955,35884,45893,32296,49056,6448,31106,36969,24,39230,43719,24,43761,8415,44705,29873,27770,47199,43743,17182,32861,43219,39209,34086,5528,21655,31988,2467,1020,26383,36909,47656,2528,2451,23189,33310,31914,18848,1629,3135,3279,33651,51704,22009,179,33438,18724,11463,20188,25726,12934,36038,16374,19622,25246,12347,37548,1849,13139,10316,5633,10796,37618,22184,14675,9005,14464,1287,15476,24369,3935,
27,82,6958,38875,22385,4017,17115,43864,10093,32380,44955,35884,45893,32296,49056,6448,31106,36969,24,39230,43719,24,43761,8415,44705,29873,27770,47199,43743,17182,32861,43219,39209,34086,5528,21655,31988,2467,1020,26383,36909,34972,5316,23590,23097,19291,11987,21915,9197,10959,1478,9892,20557,5524,7874,18292,17020,49705,26271,20309,306,6909,37024,51102,11276,46658,29183,28254,26691,2829,4556,18324,2450,7028,31588,8553,27992,7275,17136,43386,9187,
28,82,6958,38875,22385,4017,17115,43864,10093,32380,44955,35884,45893,32296,49056,6448,31106,36969,24,39230,43719,24,43761,8415,44705,29873,27770,47199,43743,17182,32861,43219,39209,34086,5528,21655,31988,2467,1020,26383,36909,12793,35811,29290,41634,7764,17573,5034,3026,1045,12339,26722,10628,330,8610,22910,7762,14266,40659,24490,34049,17509,12123,48722,24354,57169,14496,4975,3436,6722,17140,12843,23296,3788,3830,24494,24460,7432,44345,27942,22041,
29,82,6958,38875,22385,4017,17115,43864,10093,32380,44955,35884,45893,32296,49056,6448,31106,36969,24,39230,43719,24,43761,8415,44705,29873,27770,47199,43743,17182,32861,43219,39209,34086,5528,21655,31988,2467,1020,26383,36909,35435,1172,1457,23309,2978,23376,5040,1035,1748,23135,12597,28578,35895,16409,4450,5328,16551,38343,14120,34473,15655,14477,11381,10206,17767,21666,5274,442,9414,20236,19693,2804,859,19510,28993,28529,11378,24033,13010,6998,
30,82,6958,38875,22385,4017,17115,43864,10093,32380,44955,35884,45893,32296,49056,6448,31106,36969,24,39230,43719,24,43761,8415,44705,29873,27770,47199,43743,17182,32861,43219,39209,34086,5528,21655,31988,2467,1020,26383,36909,20396,9238,37181,20123,30487,28457,733,11279,991,18828,5986,22035,31278,1406,1295,7992,10903,12624,26400,25488,3555,33934,10846,1491,12992,19366,15988,9886,14123,11006,40565,9817,10248,2407,2451,12707,16150,39663,26615,11628,
31,82,6958,38875,22385,4017,17115,43864,10093,32380,44955,35884,45893,32296,49056,6448,31106,36969,24,39230,43719,24,43761,8415,44705,29873,27770,47199,43743,17182,32861,43219,39209,34086,5528,21655,31988,2467,1020,26383,36909,23511,34658,1552,19849,4512,31471,6395,6909,22502,1453,7968,17456,26856,22954,29120,15644,33190,29130,10818,13685,36358,24330,45420,7298,11412,15154,27506,1805,41646,20409,14311,40021,4569,24593,6405,16863,7589,16980,33473,18469,
32,82,6958,38875,22385,4017,17115,43864,10093,32380,44955,35884,45893,32296,49056,6448,31106,36969,24,39230,43719,24,43761,8415,44705,29873,27770,47199,43743,17182,32861,43219,39209,34086,5528,21655,31988,2467,1020,26383,36909,10655,20060,9071,26895,7152,12087,30933,57259,12349,8288,11455,51157,11633,29533,10548,21429,30592,23461,12514,24751,23962,25386,48586,13888,11412,33227,1569,1714,23576,2976,21620,11831,10906,16099,1931,19024,15693,55270,15580,18559,
33,82,6958,38875,22385,4017,17115,43864,10093,32380,44955,35884,45893,32296,49056,6448,31106,36969,24,39230,43719,24,43761,8415,44705,29873,27770,47199,43743,17182,32861,43219,39209,34086,5528,21655,31988,2467,1020,26383,36909,45329,32709,1539,33957,10139,21579,28118,27326,2876,16946,2065,10206,22303,41390,13557,5046,17410,47880,19470,7464,4291,56150,13661,13261,12399,27783,4298,3970,25882,24802,22657,31984,34335,24889,2232,12867,29706,11758,13401,8685,
34,82,6958,38875,22385,4017,17115,43864,10093,32380,44955,35884,45893,32296,49056,6448,31106,36969,24,39230,43719,24,43761,8415,44705,29873,27770,47199,43743,17182,32861,43219,39209,34086,5528,21655,31988,2467,1020,26383,36909,47273,16224,4996,50034,24406,22133,31014,26337,7876,9228,6644,12117,17707,5530,1864,13657,13733,24482,33052,361,6061,13233,21179,29881,32786,14799,7329,7241,4635,16186,37388,2893,1009,14637,25014,16049,26905,14158,49870,8376,
35,82,6958,38875,22385,4017,17115,43864,10093,32380,44955,35884,45893,32296,49056,6448,31106,36969,24,39230,43719,24,43761,8415,44705,29873,27770,47199,43743,17182,32861,43219,39209,34086,5528,21655,31988,2467,1020,26383,36909,11146,2037,10442,19508,21699,31316,31358,22518,4832,3944,4337,13754,24860,20860,21411,26277,13451,10684,27910,262,5276,15818,11067,12327,30880,14583,1114,15182,7019,22549,12779,7948,4962,39274,31664,18255,20112,40879,12619,11337,
36,82,6958,38875,22385,4017,17115,43864,10093,32380,44955,35884,45893,32296,49056,6448,31106,36969,24,39230,43719,24,43761,8415,44705,29873,27770,47199,43743,17182,32861,43219,39209,34086,5528,21655,31988,2467,1020,26383,36909,18746,29269,16633,20935,3965,28621,19864,27688,7949,19466,17110,12576,28062,37286,24521,5084,41596,14882,39011,14544,25649,18853,17087,10183,33516,18213,330,3915,1120,11112,18781,10285,20072,23218,3538,14959,31437,16197,11127,5301,
37,82,6958,38875,22385,4017,17115,43864,10093,32380,44955,35884,45893,32296,49056,6448,31106,36969,24,39230,43719,24,43761,8415,44705,29873,27770,47199,43743,17182,32861,43219,39209,34086,5528,21655,31988,2467,1020,26383,36909,14342,14759,3600,11678,10440,22950,9845,30021,17502,31615,12829,31984,14140,8039,6454,7587,58557,30043,21479,14756,3954,18957,16183,3848,16557,17269,7733,4758,10242,7393,33589,7132,23617,15074,31500,16425,4915,11155,27068,39475,
38,82,6958,38875,22385,4017,17115,43864,10093,32380,44955,35884,45893,32296,49056,6448,31106,36969,24,39230,43719,24,43761,8415,44705,29873,27770,47199,43743,17182,32861,43219,39209,34086,5528,21655,31988,2467,1020,26383,36909,20591,21466,6644,23217,2458,35229,26600,30064,13532,9960,33346,10578,16448,3269,1751,20008,32543,17257,33229,27261,12909,24577,15037,1780,16788,14824,7053,8390,1134,12863,23876,14785,1410,15748,5770,20553,1370,26551,19968,6111,
39,82,6958,38875,22385,4017,17115,43864,10093,32380,44955,35884,45893,32296,49056,6448,31106,36969,24,39230,43719,24,43761,8415,44705,29873,27770,47199,43743,17182,32861,43219,39209,34086,5528,21655,31988,2467,1020,26383,36909,17596,23322,13076,27836,13903,36842,2222,11404,20234,11906,12779,13528,11157,17991,13552,20506,11939,24041,19131,35910,26564,28259,15261,42057,12537,14496,12936,41967,23664,4723,33846,29644,13508,49237,6334,29769,39810,12361,15327,23645,
40,82,6958,38875,22385,4017,17115,43864,10093,32380,44955,35884,45893,32296,49056,6448,31106,36969,24,39230,43719,24,43761,8415,44705,29873,27770,47199,43743,17182,32861,43219,39209,34086,5528,21655,31988,2467,1020,26383,36909,44109,27510,26802,13099,19956,13870,11128,11294,853,10866,1167,11530,26142,38542,30665,1759,11696,13027,17995,11219,20404,19024,36354,1541,11778,35780,29177,15052,9480,765,35928,7751,7316,11078,5395,22698,7350,24463,25261,4276,
41,82,6958,38875,22385,4017,17115,43864,10093,32380,44955,35884,45893,32296,49056,6448,31106,36969,24,39230,43719,24,43761,8415,44705,29873,27770,47199,43743,17182,32861,43219,39209,34086,5528,21655,31988,2467,1020,26383,36909,17343,30248,29722,14360,1744,15784,30778,27623,37292,8001,7250,17442,13500,23927,12212,18090,29603,10024,10852,42533,4595,35194,22125,29200,21564,26803,10878,1995,21669,26022,18091,695,8513,15495,13289,15484,19178,16091,43064,17861,
42,82,6958,38875,22385,4017,17115,43864,10093,32380,44955,35884,45893,32296,49056,6448,31106,36969,24,39230,43719,24,43761,8415,44705,29873,27770,47199,43743,17182,32861,43219,39209,34086,5528,21655,31988,2467,1020,26383,36909,12900,24403,2264,32676,47392,14119,7959,15947,12748,45691,271,16283,17062,21348,13753,1678,25194,10024,12277,7358,21657,29173,28946,9914,17883,39357,3161,32522,3124,246,29581,17223,9555,23370,6103,13104,9154,23451,27800,9626,
43,82,6958,38875,22385,4017,17115,43864,10093,32380,44955,35884,45893,32296,49056,6448,31106,36969,24,39230,43719,24,43761,8415,44705,29873,27770,47199,43743,17182,32861,43219,39209,34086,5528,21655,31988,2467,1020,26383,36909,30726,1340,16908,37779,2644,11426,2366,28553,23838,2836,1583,14928,20204,13082,432,4763,30149,10024,11615,6768,24313,15883,35709,20453,20808,36037,13527,38512,774,246,21763,40074,45844,14636,309,17258,5575,16782,10381,11453,
44,82,6958,38875,22385,4017,17115,43864,10093,32380,44955,35884,45893,32296,49056,6448,31106,36969,24,39230,43719,24,43761,8415,44705,29873,27770,47199,43743,17182,32861,43219,39209,34086,5528,21655,31988,2467,1020,26383,36909,40327,1340,2549,13689,34575,35914,1242,13132,27934,3646,18141,17375,12424,4893,49246,8245,39768,52568,11448,55616,9314,15535,29827,25307,12884,22607,18907,14685,8081,246,13542,39347,4869,45477,48721,14507,23036,30806,56263,9796,
45,82,6958,38875,22385,4017,17115,43864,10093,32380,44955,35884,45893,32296,49056,6448,31106,36969,24,39230,43719,24,43761,8415,44705,29873,27770,47199,43743,17182,32861,43219,39209,34086,5528,21655,31988,2467,1020,26383,36909,15067,3787,11733,13689,29429,29028,10377,10024,9983,12447,31577,24755,20533,3874,50729,6339,13255,18085,16251,39239,3303,21486,52969,1775,19188,14351,961,28355,5555,52529,10329,2440,13447,14780,53116,52131,13977,11467,35153,674,
46,82,6958,38875,22385,4017,17115,43864,10093,32380,44955,35884,45893,32296,49056,6448,31106,36969,24,39230,43719,24,43761,8415,44705,29873,27770,47199,43743,17182,32861,43219,39209,34086,5528,21655,31988,2467,1020,26383,36909,13758,3922,38029,35253,8981,16568,23197,50893,5162,20249,19767,17953,11096,24898,10481,7179,18237,13957,17935,26553,5380,16781,15316,32435,25787,16315,11436,31092,20055,29596,38871,12693,2382,14937,41950,36100,4241,24675,38639,858,
47,82,6958,38875,22385,4017,17115,43864,10093,32380,44955,35884,45893,32296,49056,6448,31106,36969,24,39230,43719,24,43761,8415,44705,29873,27770,47199,43743,17182,32861,43219,39209,34086,5528,21655,31988,2467,1020,26383,36909,10613,3958,6936,10263,27578,13989,7807,52130,4272,17801,739,13481,13952,20768,38149,29438,18182,20700,17464,39923,4042,32177,25795,2113,17876,22080,18297,17670,23571,28138,34878,2128,2424,15142,16015,31557,16157,19470,15866,7916,
48,82,6958,38875,22385,4017,17115,43864,10093,32380,44955,35884,45893,32296,49056,6448,31106,36969,24,39230,43719,24,43761,8415,44705,29873,27770,47199,43743,17182,32861,43219,39209,34086,5528,21655,31988,2467,1020,26383,36909,41682,24711,775,29436,1571,35946,15595,19992,1477,9296,7003,11544,20690,23479,31373,31517,44961,10736,25086,28752,18992,25219,27330,37419,12105,31443,21333,27959,542,28790,21952,8718,26571,21497,23003,13406,46910,15046,36241,9003,
49,82,6958,38875,22385,4017,17115,43864,10093,32380,44955,35884,45893,32296,49056,6448,31106,36969,24,39230,43719,24,43761,8415,44705,29873,27770,47199,43743,17182,32861,43219,39209,34086,5528,21655,31988,2467,1020,26383,36909,35076,10154,31929,36225,829,15485,2002,44187,456,2093,24035,11544,20166,13746,11163,25422,40341,27745,12587,12929,2667,12122,32454,233,18685,13606,18770,43549,10866,16448,42903,5312,11870,45470,37467,22218,10446,41956,22542,840,
50,82,6958,38875,22385,4017,17115,43864,10093,32380,44955,35884,45893,32296,49056,6448,31106,36969,24,39230,43719,24,43761,8415,44705,29873,27770,47199,43743,17182,32861,43219,39209,34086,5528,21655,31988,2467,1020,26383,36909,45457,6456,26185,35673,12211,11186,8411,40363,22063,3266,6758,16152,14636,2819,35535,4694,22274,22213,19930,25308,10019,26848,33769,22261,10229,24937,913,15320,6012,14407,10245,10600,8814,35875,27808,69565,40424,13473,26972,18894,
51,82,6958,38875,22385,4017,17115,43864,10093,32380,44955,35884,45893,32296,49056,6448,31106,36969,24,39230,43719,24,43761,8415,44705,29873,27770,47199,43743,17182,32861,43219,39209,34086,5528,21655,31988,2467,1020,26383,36909,16391,4300,4763,20377,10775,11186,1955,13332,6463,23998,883,27851,38164,7050,16153,11624,31221,13093,25248,14426,19150,21763,11412,8070,10229,11349,7893,7684,15671,14037,17520,28820,8130,39821,50783,21540,32498,26948,24400,5256,
52,82,6958,38875,22385,4017,17115,43864,10093,32380,44955,35884,45893,32296,49056,6448,31106,36969,24,39230,43719,24,43761,8415,44705,29873,27770,47199,43743,17182,32861,43219,39209,34086,5528,21655,31988,2467,1020,26383,36909,22093,15580,26773,12833,22650,28461,2510,18460,745,20021,9914,49123,15563,42818,51328,3260,27067,46769,23040,46101,1779,13364,11449,6136,17168,20189,4476,19573,5295,42263,17429,29142,27557,12180,16831,17471,820,15860,20609,2524,
53,82,6958,38875,22385,4017,17115,43864,10093,32380,44955,35884,45893,32296,49056,6448,31106,36969,24,39230,43719,24,43761,8415,44705,29873,27770,47199,43743,17182,32861,43219,39209,34086,5528,21655,31988,2467,1020,26383,36909,10605,2077,24280,12694,13517,32500,57544,15890,7106,18599,18258,48742,17500,23172,31534,7073,17730,20836,23758,22383,15957,14020,28020,16200,28131,29092,28372,2308,23452,18504,40503,29317,6929,14679,40441,44210,1851,33793,13219,13341,
54,82,6958,38875,22385,4017,17115,43864,10093,32380,44955,35884,45893,32296,49056,6448,31106,36969,24,39230,43719,24,43761,8415,44705,29873,27770,47199,43743,17182,32861,43219,39209,34086,5528,21655,31988,2467,1020,26383,36909,12249,7556,4125,13715,11667,21244,42353,18693,21957,2477,37834,35767,16154,11469,32560,48756,13397,28165,13745,32404,31428,15598,16641,3766,22464,16074,14304,6944,2209,49834,10273,28448,3837,33162,24487,17955,23795,50947,16545,15600,
55,82,6958,38875,22385,4017,17115,43864,10093,32380,44955,35884,45893,32296,49056,6448,31106,36969,24,39230,43719,24,43761,8415,44705,29873,27770,47199,43743,17182,32861,43219,39209,34086,5528,21655,31988,2467,1020,26383,36909,19393,5521,5616,25970,27489,27526,36941,24833,5797,7836,12304,12289,11202,10275,28645,23623,29922,14768,57020,23170,206,25167,15703,2204,51550,20556,14820,10873,12564,11093,10273,15151,17728,10231,10842,12462,14757,50155,52300,5240,
56,82,6958,38875,22385,4017,17115,43864,10093,32380,44955,35884,45893,32296,49056,6448,31106,36969,24,39230,43719,24,43761,8415,44705,29873,27770,47199,43743,17182,32861,43219,39209,34086,5528,21655,31988,2467,1020,26383,36909,25357,36817,2647,25294,17684,27479,28165,15999,32516,1335,181,24485,13564,4753,33189,14736,21712,42983,42883,37424,27425,14562,13928,40626,29389,30969,581,29881,5208,10331,35079,7423,997,14388,24792,29219,16610,14578,26846,3918,
57,82,6958,38875,22385,4017,17115,43864,10093,32380,44955,35884,45893,32296,49056,6448,31106,36969,24,39230,43719,24,43761,8415,44705,29873,27770,47199,43743,17182,32861,43219,39209,34086,5528,21655,31988,2467,1020,26383,36909,18368,22761,3533,14107,4262,20566,45439,50998,496,18168,181,18957,44442,886,14848,14875,42720,23338,17876,26658,44326,10697,21189,39294,10988,26652,49663,2427,18801,38606,38364,2983,40483,15688,17424,11151,16610,12900,50761,40814,
58,82,6958,38875,22385,4017,17115,43864,10093,32380,44955,35884,45893,32296,49056,6448,31106,36969,24,39230,43719,24,43761,8415,44705,29873,27770,47199,43743,17182,32861,43219,39209,34086,5528,21655,31988,2467,1020,26383,36909,32846,28844,2237,15044,2018,12409,57007,10442,22859,936,22255,29182,16878,44213,25486,13439,19213,13239,31795,11099,11319,54877,33993,5477,43973,17755,10132,16150,2438,35591,12068,22783,13684,10831,28552,16701,2784,42909,49057,1979,
59,82,6958,38875,22385,4017,17115,43864,10093,32380,44955,35884,45893,32296,49056,6448,31106,36969,24,39230,43719,24,43761,8415,44705,29873,27770,47199,43743,17182,32861,43219,39209,34086,5528,21655,31988,2467,1020,26383,36909,28573,6209,1175,28735,10333,29618,16510,55095,9962,15816,11404,43165,10159,7373,42658,13426,31237,16353,13090,28229,19807,15630,16061,15288,12057,23966,18702,32574,6620,18011,55638,27306,17564,13394,24112,32842,4218,12155,14871,18112,
60,82,6958,38875,22385,4017,17115,43864,10093,32380,44955,35884,45893,32296,49056,6448,31106,36969,24,39230,43719,24,43761,8415,44705,29873,27770,47199,43743,17182,32861,43219,39209,34086,5528,21655,31988,2467,1020,26383,36909,15515,2894,11711,13497,31689,14722,19691,21191,12895,1352,18750,19551,10159,3103,12211,38494,42706,19853,11610,11118,15929,21774,14037,1489,45855,18035,6579,18481,3636,12160,21702,14626,19281,13394,21684,36876,1388,24163,35579,5760,
61,82,6958,38875,22385,4017,17115,43864,10093,32380,44955,35884,45893,32296,49056,6448,31106,36969,24,39230,43719,24,43761,8415,44705,29873,27770,47199,43743,17182,32861,43219,39209,34086,5528,21655,31988,2467,1020,26383,36909,24315,4718,17685,28210,23468,10288,36167,30605,16234,2489,23448,21386,30271,5522,37799,26542,16577,19095,38087,37049,26410,48631,15279,1249,16044,22810,42078,6465,1375,14913,15025,27107,30915,20118,22521,12220,13102,16267,17769,9919,
62,82,6958,38875,22385,4017,17115,43864,10093,32380,44955,35884,45893,32296,49056,6448,31106,36969,24,39230,43719,24,43761,8415,44705,29873,27770,47199,43743,17182,32861,43219,39209,34086,5528,21655,31988,2467,1020,26383,36909,20490,1655,14118,25011,2683,36846,12087,17581,21308,5791,15989,14256,33175,19224,44703,18136,11560,13232,59217,34203,17619,11705,26748,3775,24283,24880,3727,743,3411,45253,20175,11006,13307,23187,42087,48576,18048,16599,12298,7958,
63,82,6958,38875,22385,4017,17115,43864,10093,32380,44955,35884,45893,32296,49056,6448,31106,36969,24,39230,43719,24,43761,8415,44705,29873,27770,47199,43743,17182,32861,43219,39209,34086,5528,21655,31988,2467,1020,26383,36909,24426,6746,3851,15753,4948,17721,12125,27095,35098,19060,15381,17389,11767,5867,37729,14652,12247,51468,40881,14990,11851,43870,39067,3398,20980,19803,7999,13630,869,40779,17228,17094,31450,18776,12630,34735,21078,28837,21991,28518,
64,82,6958,38875,22385,4017,17115,43864,10093,32380,44955,35884,45893,32296,49056,6448,31106,36969,24,39230,43719,24,43761,8415,44705,29873,27770,47199,43743,17182,32861,43219,39209,34086,5528,21655,31988,2467,1020,26383,36909,50102,3480,15065,23261,2085,12631,38882,17999,1706,10113,31061,12406,16445,3511,19067,10917,13029,16567,45373,34567,37383,10683,33044,3860,51066,18274,26136,6006,15299,10976,55284,316,29671,28298,23126,20547,4639,29481,14892,13649,
65,82,6958,38875,22385,4017,17115,43864,10093,32380,44955,35884,45893,32296,49056,6448,31106,36969,24,39230,43719,24,43761,8415,44705,29873,27770,47199,43743,17182,32861,43219,39209,34086,5528,21655,31988,2467,1020,26383,36909,59067,13470,35173,29379,16372,14650,42091,17999,33787,4180,54745,13039,39805,2173,23581,15168,15610,14857,33490,20658,11747,10824,24108,3349,12154,39451,4831,12748,4388,12866,47698,8285,28101,28313,30420,12203,6905,30079,13303,1651,
66,82,6958,38875,22385,4017,17115,43864,10093,32380,44955,35884,45893,32296,49056,6448,31106,36969,24,39230,43719,24,43761,8415,44705,29873,27770,47199,43743,17182,32861,43219,39209,34086,5528,21655,31988,2467,1020,26383,36909,21138,1432,2742,12389,4925,32715,39700,18888,5163,28848,16171,23956,13915,16910,10755,21931,11052,46495,15705,20225,18490,34358,22787,1277,34117,33505,1366,35619,21753,38491,23947,29348,11969,28015,36012,30417,12778,12997,23491,12448,
67,82,6958,38875,22385,4017,17115,43864,10093,32380,44955,35884,45893,32296,49056,6448,31106,36969,24,39230,43719,24,43761,8415,44705,29873,27770,47199,43743,17182,32861,43219,39209,34086,5528,21655,31988,2467,1020,26383,36909,21611,25417,35341,10351,6331,42102,22423,30817,23423,7669,13982,14828,18381,799,48810,49560,17718,30064,39210,12114,55667,15386,40120,6399,28681,11494,1059,15523,16802,11496,12306,2686,30948,13647,17941,31874,1346,15242,31008,35849,
68,82,6958,38875,22385,4017,17115,43864,10093,32380,44955,35884,45893,32296,49056,6448,31106,36969,24,39230,43719,24,43761,8415,44705,29873,27770,47199,43743,17182,32861,43219,39209,34086,5528,21655,31988,2467,1020,26383,36909,13379,24319,24525,39576,32311,12801,54101,14805,12379,1800,39326,23459,12015,14800,16410,33686,42280,14126,19353,18134,15008,25233,27530,20208,12483,28456,11465,1356,5623,16313,22048,16141,35825,12830,11288,27032,42,28953,17543,7237,
69,82,6958,38875,22385,4017,17115,43864,10093,32380,44955,35884,45893,32296,49056,6448,31106,36969,24,39230,43719,24,43761,8415,44705,29873,27770,47199,43743,17182,32861,43219,39209,34086,5528,21655,31988,2467,1020,26383,36909,12016,1370,16187,12308,37926,39059,23869,34470,28354,16226,22318,47739,19259,10686,13293,36548,10103,31023,49776,11636,19980,24370,12935,3318,18488,31808,22840,45764,9005,14519,16621,23756,46148,32032,25123,13977,31772,27643,13293,10775,
70,82,6958,38875,22385,4017,17115,43864,10093,32380,44955,35884,45893,32296,49056,6448,31106,36969,24,39230,43719,24,43761,8415,44705,29873,27770,47199,43743,17182,32861,43219,39209,34086,5528,21655,31988,2467,1020,26383,36909,12145,22293,12956,40737,5977,23897,53869,28076,2048,4342,32894,13512,22342,23253,31095,22171,55467,11490,12337,10731,51802,20151,16037,20341,12500,16967,10308,39458,5105,12559,14632,34165,17156,16541,41854,18992,36424,37899,16424,4651,
71,82,6958,38875,22385,4017,17115,43864,10093,32380,44955,35884,45893,32296,49056,6448,31106,36969,24,39230,43719,24,43761,8415,44705,29873,27770,47199,43743,17182,32861,43219,39209,34086,5528,21655,31988,2467,1020,26383,36909,36057,24371,3348,16588,39953,26946,15075,10104,14099,526,23281,18778,10572,11352,42116,18864,33448,25446,15882,25697,24640,22565,15566,3722,16494,17219,2839,2427,3094,14686,43832,4285,21791,10507,10654,48076,23817,13307,17523,18108,
72,82,6958,38875,22385,4017,17115,43864,10093,32380,44955,35884,45893,32296,49056,6448,31106,36969,24,39230,43719,24,43761,8415,44705,29873,27770,47199,43743,17182,32861,43219,39209,34086,5528,21655,31988,2467,1020,26383,36909,12676,4589,17770,10187,3461,26018,27671,40960,28857,1420,17368,11578,37802,22015,11857,20727,35830,10946,13225,13742,12910,23703,28291,962,11213,14034,17566,25475,2885,30654,38551,26081,21691,10507,27655,13216,16350,18625,14192,3582,
73,82,6958,38875,22385,4017,17115,43864,10093,32380,44955,35884,45893,32296,49056,6448,31106,36969,24,39230,43719,24,43761,8415,44705,29873,27770,47199,43743,17182,32861,43219,39209,34086,5528,21655,31988,2467,1020,26383,36909,14873,43965,4149,34273,19603,12435,11661,36287,5236,27939,16729,11251,43233,5008,52039,19619,16247,33962,13132,50616,16975,18584,43450,5895,20809,45425,9689,16444,3816,26746,23829,3371,33981,43201,27495,29454,38919,20359,12333,2549,
74,82,6958,38875,22385,4017,17115,43864,10093,32380,44955,35884,45893,32296,49056,6448,31106,36969,24,39230,43719,24,43761,8415,44705,29873,27770,47199,43743,17182,32861,43219,39209,34086,5528,21655,31988,2467,1020,26383,36909,41555,40029,11508,36914,28913,19794,15711,30255,15801,1210,41230,26472,43639,4452,17710,12632,34181,10765,26092,12761,15497,10521,27571,6604,40072,13207,33596,30681,7478,21991,19212,5963,16251,30120,42042,12186,20152,38203,17725,7154,
75,82,6958,38875,22385,4017,17115,43864,10093,32380,44955,35884,45893,32296,49056,6448,31106,36969,24,39230,43719,24,43761,8415,44705,29873,27770,47199,43743,17182,32861,43219,39209,34086,5528,21655,31988,2467,1020,26383,36909,22747,36838,24259,32724,38401,36115,11557,17004,4669,43687,43108,30164,26148,1953,36314,10226,28301,26363,42942,38009,12572,55388,14116,33140,10187,37410,7172,36720,29520,12587,35760,9840,16560,28991,23645,27049,36254,38126,17725,7102,
76,82,6958,38875,22385,4017,17115,43864,10093,32380,44955,35884,45893,32296,49056,6448,31106,36969,24,39230,43719,24,43761,8415,44705,29873,27770,47199,43743,17182,32861,43219,39209,34086,5528,21655,31988,2467,1020,26383,36909,22747,4442,16082,36159,21709,13622,21031,11271,4693,17156,14306,29319,30689,355,21183,13399,14567,14388,12922,40057,31808,21976,55053,1408,10187,12734,34405,2409,11100,13909,41899,7391,27255,26850,12104,26093,10767,10427,15522,18857,
77,82,6958,38875,22385,4017,17115,43864,10093,32380,44955,35884,45893,32296,49056,6448,31106,36969,24,39230,43719,24,43761,8415,44705,29873,27770,47199,43743,17182,32861,43219,39209,34086,5528,21655,31988,2467,1020,26383,36909,28177,6154,3619,38040,23181,12384,43102,16865,15607,26726,40593,30448,13611,47758,18764,16877,44596,21785,18870,32407,22116,22650,11201,13621,19366,25004,26868,22427,1469,28583,17968,6096,22825,30956,28583,31038,24660,13411,12570,6211,
78,82,6958,38875,22385,4017,17115,43864,10093,32380,44955,35884,45893,32296,49056,6448,31106,36969,24,39230,43719,24,43761,8415,44705,29873,27770,47199,43743,17182,32861,43219,39209,34086,5528,21655,31988,2467,1020,26383,36909,11949,4453,22677,21548,2648,39194,10735,38412,5421,11505,23692,10705,12904,32346,15767,12239,38775,30526,17554,39788,38424,31955,18102,1806,19845,39321,39305,4323,5575,41843,22776,889,16322,37817,14271,11273,45419,11139,30231,1324,
79,82,6958,38875,22385,4017,17115,43864,10093,32380,44955,35884,45893,32296,49056,6448,31106,36969,24,39230,43719,24,43761,8415,44705,29873,27770,47199,43743,17182,32861,43219,39209,34086,5528,21655,31988,2467,1020,26383,36909,16750,17580,9940,14817,373,18650,28117,34632,12775,17699,37175,10705,20691,13857,10477,34786,55111,15482,44086,26470,27567,14754,41274,2903,29485,22402,32222,8725,20035,22154,20933,41530,19796,21076,21489,22443,13340,13075,13300,23157,
80,82,6958,38875,22385,4017,17115,43864,10093,32380,44955,35884,45893,32296,49056,6448,31106,36969,24,39230,43719,24,43761,8415,44705,29873,27770,47199,43743,17182,32861,43219,39209,34086,5528,21655,31988,2467,1020,26383,36909,25914,8567,24754,21289,27410,19146,12881,12169,3719,28253,32048,24795,18340,44343,33778,12424,22367,15008,30691,12663,12614,27509,24885,41948,47299,19716,2402,1631,2771,12910,35844,32174,13174,18017,27898,15334,36341,12936,21112,15923,
81,82,6958,38875,22385,4017,17115,43864,10093,32380,44955,35884,45893,32296,49056,6448,31106,36969,24,39230,43719,24,43761,8415,44705,29873,27770,47199,43743,17182,32861,43219,39209,34086,5528,21655,31988,2467,1020,26383,36909,40526,24826,24923,24466,24772,10975,23967,16619,18345,30558,12698,12967,24082,13055,11765,19030,28219,14321,39480,10726,44874,34601,13876,15022,13242,14702,2402,22542,49658,16708,33383,55817,17855,11166,12275,33221,20278,50148,16137,11700,
82,82,6958,38875,22385,4017,17115,43864,10093,32380,44955,35884,45893,32296,49056,6448,31106,36969,24,39230,43719,24,43761,8415,44705,29873,27770,47199,43743,17182,32861,43219,39209,34086,5528,21655,31988,2467,1020,26383,36909,14570,1940,14926,16489,11139,47694,13146,21191,13317,29717,39301,49617,27402,47948,12443,43685,15435,10748,11946,24117,32666,44293,43229,2236,49911,22028,6962,1062,13172,15403,27596,12622,24913,38306,10623,19308,27725,46445,21804,36740,
83,82,6958,38875,22385,4017,17115,43864,10093,32380,44955,35884,45893,32296,49056,6448,31106,36969,24,39230,43719,24,43761,8415,44705,29873,27770,47199,43743,17182,32861,43219,39209,34086,5528,21655,31988,2467,1020,26383,36909,42232,17716,11118,21820,22818,16208,34287,30917,4379,12915,38543,35022,27279,14376,23489,11965,39007,17552,25733,40233,12656,15912,34358,1404,34236,24876,6362,15201,20214,16348,31804,19212,16910,48549,23960,29685,11050,14326,18109,956,
84,82,6958,38875,22385,4017,17115,43864,10093,32380,44955,35884,45893,32296,49056,6448,31106,36969,24,39230,43719,24,43761,8415,44705,29873,27770,47199,43743,17182,32861,43219,39209,34086,5528,21655,31988,2467,1020,26383,36909,20004,12585,18446,35210,630,22040,18897,52120,19344,10767,36545,25815,24731,33303,17852,27491,14307,26260,22250,10917,14409,24457,15714,17721,18672,31108,13336,10055,12484,32075,35487,19077,35485,25324,17675,17023,11050,28623,15434,2387,
85,82,6958,38875,22385,4017,17115,43864,10093,32380,44955,35884,45893,32296,49056,6448,31106,36969,24,39230,43719,24,43761,8415,44705,29873,27770,47199,43743,17182,32861,43219,39209,34086,5528,21655,31988,2467,1020,26383,36909,25852,26907,7927,20150,2257,17835,10616,13081,23137,54415,17988,34568,20771,48911,10024,36457,42416,21838,13729,20610,15160,36138,11454,7543,39258,44556,1777,1128,11971,25076,18032,13663,22417,47419,21510,44297,10858,31272,10935,30734,
86,82,6958,38875,22385,4017,17115,43864,10093,32380,44955,35884,45893,32296,49056,6448,31106,36969,24,39230,43719,24,43761,8415,44705,29873,27770,47199,43743,17182,32861,43219,39209,34086,5528,21655,31988,2467,1020,26383,36909,28769,1107,16063,23791,9920,14032,27772,38814,25860,30624,33199,18513,18956,37772,58903,48360,13909,11906,20226,14383,17334,10940,15787,4605,14167,27496,5247,7615,20637,16958,17643,26409,10624,13502,36843,46136,31703,11469,30903,44009,
87,82,6958,38875,22385,4017,17115,43864,10093,32380,44955,35884,45893,32296,49056,6448,31106,36969,24,39230,43719,24,43761,8415,44705,29873,27770,47199,43743,17182,32861,43219,39209,34086,5528,21655,31988,2467,1020,26383,36909,11627,4664,16639,12074,15482,14684,18759,15229,5760,19573,33303,43420,15967,38420,12214,14588,13611,11906,10755,17235,34620,19501,27883,13391,11094,16892,22407,7128,12129,35499,29172,23130,58124,27343,13793,15256,13146,39655,14706,5557,
88,82,6958,38875,22385,4017,17115,43864,10093,32380,44955,35884,45893,32296,49056,6448,31106,36969,24,39230,43719,24,43761,8415,44705,29873,27770,47199,43743,17182,32861,43219,39209,34086,5528,21655,31988,2467,1020,26383,36909,47978,34562,1726,14523,9357,48609,14482,52545,6331,11453,13685,25282,14543,17300,15839,18685,13611,29129,10954,27924,28896,36784,27809,9231,32848,25405,2597,6379,14306,11730,11234,35891,23215,24448,39275,20914,10818,18790,38082,36913,
89,82,6958,38875,22385,4017,17115,43864,10093,32380,44955,35884,45893,32296,49056,6448,31106,36969,24,39230,43719,24,43761,8415,44705,29873,27770,47199,43743,17182,32861,43219,39209,34086,5528,21655,31988,2467,1020,26383,36909,24708,3542,3122,48341,43282,33467,10227,13665,4309,38445,16113,49964,23953,19031,11851,27150,41102,29129,20683,41856,37416,13147,21689,5074,16416,44288,28789,9936,32134,10757,10829,36216,33427,46280,43263,56104,17262,12542,15547,27997,
90,82,6958,38875,22385,4017,17115,43864,10093,32380,44955,35884,45893,32296,49056,6448,31106,36969,24,39230,43719,24,43761,8415,44705,29873,27770,47199,43743,17182,32861,43219,39209,34086,5528,21655,31988,2467,1020,26383,36909,39514,483,12313,52239,33709,46919,48057,18722,37772,25669,22389,10442,19302,11995,49287,45678,24527,12627,19322,11728,10645,14668,55156,14650,13712,31283,23929,22595,19162,29568,19784,10302,25976,16930,13951,12578,11278,23106,19443,12865,
91,82,6958,38875,22385,4017,17115,43864,10093,32380,44955,35884,45893,32296,49056,6448,31106,36969,24,39230,43719,24,43761,8415,44705,29873,27770,47199,43743,17182,32861,43219,39209,34086,5528,21655,31988,2467,1020,26383,36909,20342,699,16341,14138,13569,51018,12921,11264,7805,26023,35308,13301,18278,38307,16398,17424,46300,13470,33327,40818,30420,13288,15452,4811,19777,15426,8547,1459,11276,43672,10628,19956,12026,15895,22050,21781,11278,27592,32917,9284,
92,82,6958,38875,22385,4017,17115,43864,10093,32380,44955,35884,45893,32296,49056,6448,31106,36969,24,39230,43719,24,43761,8415,44705,29873,27770,47199,43743,17182,32861,43219,39209,34086,5528,21655,31988,2467,1020,26383,36909,14115,11187,5072,31064,10261,48148,31163,48351,8327,12855,15887,19241,20476,13248,13898,35380,11215,11339,12575,20616,22468,21411,16862,1666,15054,15337,2614,28941,57280,18581,41584,24914,27902,22549,57921,33030,21700,24622,15424,24619,
93,82,6958,38875,22385,4017,17115,43864,10093,32380,44955,35884,45893,32296,49056,6448,31106,36969,24,39230,43719,24,43761,8415,44705,29873,27770,47199,43743,17182,32861,43219,39209,34086,5528,21655,31988,2467,1020,26383,36909,10624,17999,2297,26407,28680,15132,11270,27920,14102,21783,38375,42040,35403,14399,19056,19589,22326,37373,13424,40976,24383,35660,15001,16721,23481,16820,30943,14325,11676,11436,54820,25460,12672,22971,30791,17940,13965,19665,19559,29306,
94,82,6958,38875,22385,4017,17115,43864,10093,32380,44955,35884,45893,32296,49056,6448,31106,36969,24,39230,43719,24,43761,8415,44705,29873,27770,47199,43743,17182,32861,43219,39209,34086,5528,21655,31988,2467,1020,26383,36909,42214,4291,6865,12145,19005,29566,38890,20115,8926,41008,41217,41086,14643,17454,14011,17190,16650,17065,11841,13460,48470,25904,19503,25994,16828,39227,40077,8253,28925,14909,17789,19588,22244,19816,13960,34036,15704,10574,32115,1711,
95,82,6958,38875,22385,4017,17115,43864,10093,32380,44955,35884,45893,32296,49056,6448,31106,36969,24,39230,43719,24,43761,8415,44705,29873,27770,47199,43743,17182,32861,43219,39209,34086,5528,21655,31988,2467,1020,26383,36909,31078,7004,34766,25597,10223,37858,29645,16438,17795,14229,10748,31370,13146,25818,12238,44696,35864,42121,33488,12261,32869,23400,23075,34974,10776,32886,18205,29518,42741,34599,24811,23385,13406,16505,15900,12274,19143,23802,11841,11307,
96,82,6958,38875,22385,4017,17115,43864,10093,32380,44955,35884,45893,32296,49056,6448,31106,36969,24,39230,43719,24,43761,8415,44705,29873,27770,47199,43743,17182,32861,43219,39209,34086,5528,21655,31988,2467,1020,26383,36909,24936,13999,11706,25607,3990,53421,14154,25440,2493,12369,14283,36455,26773,17975,32187,12621,33851,11551,22587,20729,29676,20163,21871,4152,13418,20553,35261,3387,11791,19526,27313,50654,41593,29975,23737,57015,12304,15018,16513,23373,
97,82,6958,38875,22385,4017,17115,43864,10093,32380,44955,35884,45893,32296,49056,6448,31106,36969,24,39230,43719,24,43761,8415,44705,29873,27770,47199,43743,17182,32861,43219,39209,34086,5528,21655,31988,2467,1020,26383,36909,10763,3460,44855,30816,11091,13760,13298,37485,34942,20782,50367,20684,46526,28933,31556,33563,13833,44476,16609,20382,32878,26285,17218,16667,53773,18968,12638,1573,21252,38398,37820,11729,43587,48427,11394,25467,13448,45597,13414,6659,
98,82,6958,38875,22385,4017,17115,43864,10093,32380,44955,35884,45893,32296,49056,6448,31106,36969,24,39230,43719,24,43761,8415,44705,29873,27770,47199,43743,17182,32861,43219,39209,34086,5528,21655,31988,2467,1020,26383,36909,17864,15220,16149,13644,4773,15429,27041,35291,595,40089,10902,17967,35730,31989,19844,12308,11380,21771,41390,19218,15995,24248,15247,17028,14729,12594,57026,31973,29801,34068,24969,12376,19098,11446,48980,11559,32420,56140,17574,30272,
99,82,6958,38875,22385,4017,17115,43864,10093,32380,44955,35884,45893,32296,49056,6448,31106,36969,24,39230,43719,24,43761,8415,44705,29873,27770,47199,43743,17182,32861,43219,39209,34086,5528,21655,31988,2467,1020,26383,36909,25459,5570,1349,31174,21910,26812,16729,31158,45148,10832,12762,19615,38148,16923,28663,12308,15597,22403,42365,13785,17680,11356,13853,176,11135,31536,39961,39608,18439,10654,13721,19534,10763,50928,26858,21273,27843,13836,20150,26510,
100,82,6958,38875,22385,4017,17115,43864,10093,32380,44955,35884,45893,32296,49056,6448,31106,36969,24,39230,43719,24,43761,8415,44705,29873,27770,47199,43743,17182,32861,43219,39209,34086,5528,21655,31988,2467,1020,26383,36909,14814,26477,9909,12868,2103,26812,15024,37473,41336,23676,21479,41252,14919,10168,31655,25585,40508,19469,50073,20273,29865,17368,20250,956,12989,21200,28643,4193,16005,11049,15547,12008,13248,15313,36940,18621,16081,30200,39026,31861,
