1,5228,47441,40207,43189,23266,38597,1572,34617,7945,14665,30157,7605,31759,17060,16749,42007,41850,20393,46799,33768,
2,1572,1572,1511,1363,1662,2332,6109,455,11740,434,314,314,12199,2108,13326,4036,2871,651,7184,40724,
3,314,314,1967,314,314,434,314,314,314,314,314,314,2649,314,1572,314,314,434,19695,7961,
4,314,314,314,314,314,314,314,314,314,314,314,314,314,314,314,314,434,314,779,38298,
5,314,314,314,314,314,314,314,314,314,314,314,314,314,314,314,314,314,314,17453,34809,
6,314,314,314,314,314,314,314,314,314,314,314,314,314,314,314,314,314,314,8118,47624,
7,314,314,314,1187,314,314,314,314,314,314,314,314,314,314,314,314,314,314,1584,4186,
8,314,314,314,314,314,314,314,314,314,314,314,314,314,314,314,314,314,314,41816,2006,
9,314,314,314,314,314,314,314,314,314,314,314,314,314,314,314,314,314,314,16251,23009,
10,314,314,314,314,314,314,314,314,314,314,314,314,314,314,314,314,314,314,30742,22809,
11,314,314,314,314,314,314,314,314,314,314,314,314,314,314,314,314,314,314,20366,314,
12,314,314,314,314,314,314,314,314,314,314,314,314,314,314,314,314,314,314,28332,22631,
13,314,314,314,314,314,314,314,314,314,314,314,314,314,314,314,314,314,314,12101,3766,
14,314,314,314,314,314,314,314,314,314,314,314,314,314,314,314,314,314,314,35958,11785,
15,314,314,314,314,314,314,314,314,314,314,314,314,314,314,314,314,314,314,314,13092,
16,314,314,314,314,314,314,314,314,314,314,314,314,314,314,314,314,314,314,4719,314,
17,314,314,314,314,314,314,314,314,314,314,314,314,314,314,314,314,314,314,9022,4524,
18,314,314,314,314,314,314,314,314,314,314,314,314,314,314,314,314,314,314,26426,314,
19,314,314,314,314,314,314,314,314,314,314,314,314,314,314,314,314,314,314,56666,9006,
20,314,314,314,314,314,314,314,314,314,314,314,314,314,314,314,314,314,314,36691,9027,
21,314,314,314,314,314,314,314,314,314,314,314,314,314,314,314,314,314,314,25570,14317,
22,314,314,314,314,314,314,314,314,314,314,314,314,314,314,314,314,314,314,3324,314,
23,314,314,314,314,314,314,314,314,314,314,314,314,314,314,314,314,314,314,28983,8837,
24,314,314,314,314,314,314,314,314,314,314,314,314,314,314,314,314,314,314,6889,17995,
25,314,314,314,314,314,314,314,314,314,314,314,314,314,314,314,314,314,314,59186,40364,
26,314,314,314,314,314,314,314,314,314,314,314,314,314,6909,314,314,314,314,7722,314,
27,314,314,314,314,314,314,314,314,314,314,314,314,314,314,314,314,314,314,1354,15976,
28,314,314,314,314,314,314,314,314,314,314,314,314,314,314,314,314,314,314,314,20861,
29,314,314,314,314,314,314,314,314,314,314,314,314,314,314,314,314,314,314,14147,314,
30,314,314,314,314,314,314,314,314,314,314,314,314,314,314,314,314,314,314,314,47853,
31,314,314,314,314,314,314,314,314,314,314,314,314,314,314,314,314,314,314,314,11893,
32,314,314,314,314,314,314,314,314,314,314,314,314,314,314,314,314,314,314,3353,314,
33,314,314,314,314,314,314,314,314,314,314,314,314,314,314,314,314,314,314,314,314,
34,314,314,314,314,314,314,314,314,314,314,314,314,314,314,314,314,314,314,49271,314,
35,314,314,314,314,314,314,314,314,314,314,314,314,314,314,314,314,314,314,2563,21721,
36,314,314,314,314,314,314,314,314,314,314,314,314,314,314,314,314,314,314,2668,33606,
37,314,314,314,314,314,314,314,314,314,314,314,314,314,314,314,314,314,314,16411,7414,
38,314,314,314,314,314,314,314,314,314,314,314,314,314,314,314,314,314,314,24812,28892,
39,314,314,314,314,314,314,314,314,314,314,314,314,314,314,314,314,314,314,314,14421,
40,314,314,314,314,314,314,314,314,314,314,314,314,314,314,314,314,314,314,44578,314,
41,314,314,314,314,314,314,314,314,314,314,314,314,314,314,314,314,314,314,19840,39245,
42,314,314,314,314,314,314,314,314,314,314,314,314,314,314,314,314,314,314,314,2291,
43,314,314,314,314,314,314,314,314,314,314,314,314,314,314,314,314,314,314,32837,12940,
44,314,314,314,314,314,314,314,314,314,314,314,314,314,314,314,314,314,314,314,9657,
45,314,314,314,314,314,314,314,314,314,314,314,314,314,314,314,314,314,314,25091,9307,
46,314,314,314,314,314,314,314,314,314,314,314,314,314,314,314,314,314,314,7888,39990,
47,314,314,314,314,314,314,314,314,314,314,314,314,314,314,314,314,314,314,314,314,
48,314,314,314,314,314,314,314,314,314,314,314,314,314,314,314,314,314,314,20380,8005,
49,314,314,314,314,314,314,314,314,314,314,314,314,314,314,314,314,314,314,779,314,
50,314,314,314,314,314,314,314,314,314,314,314,314,314,314,314,314,314,314,1329,910,
51,314,314,314,314,314,314,314,314,314,314,314,314,314,314,314,314,314,314,44995,22328,
52,314,314,314,314,314,314,314,314,314,314,314,314,314,314,314,314,314,314,314,36753,
53,314,314,314,314,314,314,314,314,314,314,314,314,314,314,314,314,314,314,33201,47825,
54,314,314,314,314,314,314,314,314,314,314,314,314,314,314,314,314,314,314,314,8234,
55,314,314,314,314,314,314,314,314,314,314,314,314,314,314,314,314,314,314,1049,47256,
56,314,314,314,314,314,314,314,314,314,314,314,314,314,314,314,314,314,314,8397,24857,
57,314,314,314,314,314,314,314,314,314,314,314,314,314,314,314,314,314,314,314,34261,
58,314,314,314,314,314,314,314,314,314,314,314,314,314,314,314,314,314,314,36316,7752,
59,314,314,314,314,314,314,314,314,314,314,314,314,314,314,314,314,314,314,28274,12744,
60,314,314,314,314,314,314,314,314,314,314,314,314,314,314,314,314,314,314,8323,31550,
61,314,314,314,314,314,314,314,314,314,7207,314,314,314,314,314,314,314,314,314,26369,
62,314,314,314,314,314,314,314,314,314,314,314,314,314,314,314,314,314,314,21331,28878,
63,314,314,314,314,314,314,314,314,314,314,314,314,314,314,314,314,314,314,942,314,
64,314,314,314,314,314,314,314,314,314,314,314,314,314,314,314,314,314,314,25422,12195,
65,314,314,314,314,314,314,314,314,235,314,314,314,314,314,314,314,314,314,42523,18298,
66,235,314,314,235,314,314,314,314,314,314,314,314,314,314,314,314,314,314,3134,36156,
67,235,235,235,314,235,235,314,314,235,314,235,235,314,314,235,314,314,314,16876,31734,
68,235,235,235,235,235,235,235,314,235,235,314,235,6442,235,235,314,235,235,52416,15305,
69,235,235,235,235,235,235,235,235,235,235,235,235,235,235,235,235,235,235,12687,55042,
70,235,235,235,235,235,235,235,12526,235,235,235,235,235,235,235,235,235,235,235,6967,
71,235,235,235,235,235,235,235,235,235,235,235,235,235,235,235,235,235,235,6573,235,
72,235,235,235,235,235,235,235,235,235,235,235,235,235,235,235,235,235,235,10086,6428,
73,235,235,235,235,235,235,235,235,235,235,235,235,235,235,235,235,235,235,6055,4129,
74,235,235,235,235,235,235,235,235,235,235,235,235,235,235,235,235,235,235,8502,49863,
75,235,235,235,235,235,235,235,235,235,235,235,235,235,235,235,235,235,235,235,519,
76,235,235,235,235,235,235,235,235,235,235,235,235,235,235,235,235,235,235,235,11353,
77,235,235,235,235,235,235,235,235,235,235,235,235,235,235,235,235,235,235,19896,235,
78,235,235,235,235,235,235,235,235,235,235,235,235,235,235,235,235,235,235,235,1622,
79,235,235,235,235,235,235,235,235,235,235,235,235,235,235,235,235,235,235,27070,650,
80,235,235,235,235,235,235,235,235,235,235,235,235,235,235,235,235,235,235,22781,20850,
81,235,235,235,235,235,235,235,235,235,235,235,235,235,235,235,235,235,235,24325,10309,
82,235,235,235,235,235,235,235,235,235,235,235,235,235,235,235,235,235,235,15074,1131,
83,235,235,235,235,235,235,235,235,235,235,235,235,235,235,235,235,235,235,4858,12897,
84,235,235,235,235,235,235,235,235,235,235,235,235,235,235,235,235,235,235,18601,55698,
85,235,235,235,235,235,235,235,235,235,235,235,235,235,235,235,235,235,235,235,40675,
86,235,235,235,235,235,235,235,235,235,235,235,235,235,235,235,235,235,235,9762,10814,
87,235,235,235,235,235,235,235,235,235,235,235,235,235,235,235,235,235,235,15320,28390,
88,235,235,235,235,235,235,235,235,235,235,235,235,235,235,235,235,235,235,5242,14334,
89,235,235,235,235,235,235,235,235,235,235,235,235,235,235,235,235,235,235,30791,1066,
90,235,235,235,235,235,235,235,235,235,235,235,235,235,235,235,235,235,235,10081,28744,
91,235,235,235,235,235,235,235,235,235,235,235,235,235,235,235,235,235,235,59396,20395,
92,235,235,235,13038,235,235,235,235,235,235,235,235,235,235,235,235,235,235,468,235,
93,235,235,235,235,235,235,235,235,235,235,235,235,235,235,235,235,235,235,45518,20824,
94,235,235,235,235,235,235,235,235,235,235,235,235,235,235,235,235,235,235,23816,50248,
95,235,235,235,235,235,235,235,235,235,235,235,235,235,235,235,235,235,235,20543,15023,
96,235,235,235,235,235,235,235,235,235,235,235,235,235,235,235,235,235,235,7852,235,
97,235,235,235,235,235,235,235,235,235,235,235,235,235,235,235,235,235,235,3322,45627,
98,235,235,235,235,235,235,235,235,235,235,235,235,235,235,235,235,235,235,46749,28387,
99,235,235,235,235,235,235,235,235,235,235,235,235,235,235,235,235,235,235,53659,54103,
100,235,235,235,235,235,235,235,235,235,235,235,235,235,235,235,235,235,235,235,16209,
101,235,235,235,235,235,235,235,235,235,235,235,235,235,235,235,235,235,235,235,6699,
102,235,235,235,235,235,235,235,235,235,235,235,235,235,235,235,235,235,235,36893,20858,
103,235,235,235,235,235,235,235,235,235,235,235,235,235,235,235,235,235,235,6513,14435,
104,235,235,235,235,235,235,235,235,235,235,235,235,235,235,235,235,235,235,5973,5346,
105,235,235,235,235,235,235,235,235,235,235,235,235,235,235,235,235,235,235,9625,46525,
106,235,235,235,235,235,235,235,235,235,235,235,235,235,235,235,235,235,235,56631,8341,
107,235,235,235,235,235,235,235,235,235,235,235,235,235,235,235,235,17588,235,29060,6065,
108,235,235,235,235,235,235,235,235,235,235,235,235,235,235,235,235,235,235,235,235,
109,235,235,235,235,235,235,235,235,235,235,235,235,235,235,235,235,235,235,19077,235,
110,235,235,235,235,235,235,235,235,235,235,235,235,235,235,235,235,235,235,2075,14040,
111,235,235,235,235,235,235,235,235,235,235,235,235,235,235,235,235,235,235,41737,4122,
112,235,235,235,235,235,235,235,235,235,235,235,235,235,235,235,235,235,235,10929,23557,
113,235,235,235,235,235,235,235,235,235,235,235,235,235,235,235,235,235,235,235,31874,
114,235,235,235,235,235,235,235,235,235,235,235,235,235,235,235,235,235,235,235,23037,
115,235,235,235,235,235,235,235,235,235,235,235,235,235,235,235,235,235,235,3168,57424,
116,235,235,235,235,235,235,235,235,235,235,235,235,235,235,235,235,235,235,17698,35314,
117,235,235,235,235,235,235,235,235,235,235,235,235,235,235,235,235,235,235,5623,235,
118,235,235,235,235,235,235,235,235,235,235,235,235,235,235,235,235,235,235,235,235,
119,235,235,235,235,235,235,235,235,235,235,235,235,235,235,235,235,235,235,14841,19030,
120,235,235,235,235,235,235,235,235,235,235,235,235,235,235,235,235,235,235,7697,235,
121,235,235,235,235,235,235,235,235,235,235,235,235,235,235,235,235,235,235,23851,29135,
122,235,235,235,235,235,235,235,235,235,235,235,235,235,235,235,235,235,235,19582,41626,
123,235,235,235,235,235,235,235,235,235,235,235,235,235,235,235,235,235,235,235,38678,
124,235,235,235,235,235,235,235,235,235,235,235,235,235,235,235,235,235,235,22068,235,
125,235,235,235,235,235,235,235,235,235,235,235,235,235,235,235,235,235,235,353,52277,
126,235,235,235,235,235,235,235,235,235,235,235,235,235,235,235,235,235,235,58192,9873,
127,235,235,235,235,235,235,235,235,235,235,235,235,235,4268,235,235,235,235,235,235,
128,235,235,235,235,235,235,235,235,235,235,235,235,235,235,235,235,235,235,30902,31550,
129,235,235,235,235,235,235,235,235,235,235,235,235,235,235,235,235,235,235,9504,12827,
130,235,235,235,235,235,235,235,235,235,235,235,235,235,235,235,235,235,235,29742,235,
131,235,235,235,235,235,235,235,235,235,235,235,235,235,235,235,235,235,235,4185,235,
132,235,235,235,235,235,235,235,235,235,235,235,235,235,235,235,235,235,235,7258,14477,
133,235,235,235,235,235,235,235,235,235,235,235,235,235,235,235,235,235,235,9171,235,
134,235,235,235,235,235,235,235,235,235,235,235,235,235,235,235,235,235,235,27319,38450,
135,235,235,235,235,235,235,235,235,235,235,235,235,235,235,235,235,235,235,12765,518,
136,235,235,235,235,235,235,235,235,235,235,235,235,235,235,235,235,235,235,17504,3939,
137,235,235,235,235,235,235,235,235,235,235,235,235,235,235,235,235,235,235,6016,2852,
138,235,235,235,235,235,235,235,235,235,235,235,235,235,235,235,235,235,235,41786,6089,
139,235,235,235,235,235,235,235,235,235,235,235,235,235,235,235,235,235,235,15180,14749,
140,235,235,235,235,235,235,235,235,235,235,235,235,235,235,235,235,235,235,56063,235,
141,235,235,235,235,235,235,235,235,235,235,235,235,235,235,235,235,235,235,1515,22718,
142,235,235,235,235,235,235,235,235,235,235,235,235,235,235,235,235,235,235,5332,15808,
143,235,235,235,235,235,235,235,235,235,235,235,235,235,235,235,235,235,235,28942,38618,
144,235,235,235,235,235,235,235,235,235,235,2976,235,235,235,235,235,235,235,235,19029,
145,235,235,235,235,235,235,235,235,235,235,235,235,235,235,235,235,235,235,23880,3677,
146,235,235,235,235,235,235,235,235,235,235,235,235,235,235,235,235,235,235,14561,8896,
147,235,235,235,235,235,235,235,235,235,235,235,235,235,235,235,235,3635,235,29228,15951,
148,235,235,235,235,235,235,235,235,235,235,235,235,235,235,235,235,235,235,19875,10224,
149,235,235,235,235,235,235,235,235,235,235,235,235,235,235,235,235,235,235,5031,235,
150,235,235,235,235,235,235,235,235,235,235,235,235,235,235,235,235,235,235,38361,33139,
151,235,235,235,235,235,235,235,235,235,235,235,235,235,235,235,235,235,235,4238,4055,
152,235,235,235,235,235,235,235,235,235,235,235,235,235,235,235,235,235,235,235,47278,
153,235,235,235,235,235,235,235,235,235,235,235,235,235,235,235,235,235,235,235,24697,
154,235,235,235,235,235,235,235,235,235,235,235,235,235,235,235,235,235,235,34464,28815,
155,235,235,235,235,235,235,235,235,235,235,235,235,235,235,235,235,235,235,3110,19298,
156,235,235,235,235,235,235,235,235,235,235,235,235,235,235,235,235,235,235,42338,12513,
157,235,235,235,235,235,235,235,235,235,235,235,235,235,235,235,235,235,235,10430,55399,
158,235,235,235,235,235,235,235,235,235,235,235,235,235,235,235,235,235,235,31407,5123,
159,235,235,235,235,235,235,235,235,235,235,235,235,235,235,235,235,235,235,41676,59178,
160,235,235,235,235,235,235,235,235,235,235,235,235,235,235,235,235,235,235,27352,45346,
161,235,235,235,235,235,235,235,235,235,235,235,1547,235,235,235,235,235,235,235,235,
162,235,235,235,235,235,235,235,235,235,235,235,235,235,235,235,235,235,235,43040,21946,
163,235,235,235,235,235,235,235,235,235,235,235,235,235,235,235,235,235,235,20535,14537,
164,235,235,235,235,235,235,235,235,235,235,235,235,235,235,235,235,235,235,57317,13563,
165,235,235,235,235,235,235,235,235,235,235,235,235,235,235,235,235,235,235,235,235,
166,235,235,235,235,235,235,235,235,235,235,235,235,235,235,235,235,235,235,30778,34834,
167,235,235,235,235,235,235,13439,235,235,235,235,235,235,235,235,235,235,235,21122,22884,
168,235,235,235,235,235,235,235,235,235,235,235,235,235,6155,235,235,235,235,6921,3153,
169,235,235,235,235,235,235,235,235,235,235,235,235,235,235,235,235,235,235,24304,23888,
170,235,235,235,235,235,235,235,235,235,235,235,235,235,235,235,235,235,235,10666,6117,
171,235,235,235,235,235,235,235,235,235,235,235,235,235,235,235,235,235,235,3296,13529,
172,235,235,235,235,235,235,235,235,235,235,235,235,235,235,235,235,235,235,21224,48917,
173,235,235,235,235,235,235,235,235,235,235,235,235,235,235,235,235,235,235,235,11280,
174,235,235,235,235,235,235,235,235,235,235,235,235,235,235,235,235,235,235,1084,235,
175,235,235,235,235,235,235,235,235,235,235,235,235,235,235,235,235,235,235,49167,20137,
176,235,235,235,235,235,235,235,235,235,235,235,235,235,235,235,235,235,235,235,235,
177,235,235,235,235,235,235,235,235,235,235,235,235,235,235,235,235,235,235,11517,235,
178,235,235,235,235,235,235,235,235,235,235,235,235,235,235,235,235,235,235,57894,18606,
179,235,235,235,235,235,235,235,235,235,235,235,235,235,235,235,235,235,235,1160,2889,
180,235,235,235,235,235,235,235,235,235,235,235,235,235,235,235,235,235,235,34843,2643,
181,235,235,235,235,235,235,235,235,235,235,235,235,235,235,235,235,235,235,33656,31150,
182,235,235,235,235,235,235,235,235,235,235,235,235,235,10786,235,235,235,235,235,12535,
183,235,235,235,235,235,235,235,235,235,235,235,235,235,235,235,235,235,235,59170,16673,
184,235,235,235,235,235,235,235,235,235,235,235,235,235,235,235,235,235,235,55213,30461,
185,235,235,235,235,235,235,235,235,235,235,235,235,235,235,235,235,235,235,18967,26436,
186,235,235,235,235,235,7196,235,235,235,235,235,7196,235,7196,235,235,235,235,235,44224,
187,235,235,235,235,235,235,235,235,235,235,235,235,235,235,235,235,235,235,974,5860,
188,235,235,235,235,235,235,235,235,235,235,235,235,235,235,235,235,235,235,235,28368,
189,235,235,235,235,235,235,235,235,235,235,235,235,235,235,235,235,235,235,8256,27780,
190,235,235,235,235,235,235,235,235,235,235,235,235,235,235,235,235,235,235,56354,235,
191,235,235,235,235,235,235,235,235,235,12950,235,235,235,235,235,235,235,235,16644,35871,
192,235,235,235,235,235,235,235,235,235,235,235,235,235,235,235,235,235,235,16010,13730,
193,235,235,235,235,235,235,235,235,235,235,235,235,235,235,235,235,235,235,13999,235,
194,235,235,235,235,235,235,235,235,235,235,235,235,235,235,235,235,235,235,6009,10103,
195,235,235,235,235,235,235,235,235,235,235,235,235,235,235,235,235,235,235,20288,7289,
196,235,235,235,235,235,235,235,235,235,235,235,235,235,235,235,235,235,235,31113,23001,
197,235,235,235,235,235,235,235,235,235,235,235,235,235,235,235,235,235,235,19710,235,
198,235,235,235,235,235,235,235,235,235,235,235,235,235,235,235,235,235,235,270,9603,
199,235,235,235,235,235,235,235,235,235,235,235,235,235,235,235,235,235,235,6679,11032,
200,235,235,235,235,235,235,235,235,235,235,235,235,235,235,235,235,235,235,3682,11254,
201,235,235,235,235,235,235,235,235,235,235,235,235,235,235,235,235,235,235,235,23504,
202,235,235,235,235,235,235,235,235,235,235,235,235,235,235,235,235,235,235,21877,235,
203,235,235,235,235,235,235,235,235,235,235,235,235,235,235,235,235,235,235,45981,42330,
204,235,235,235,235,235,235,235,235,235,235,235,235,235,235,235,235,235,235,13402,5511,
205,235,235,235,235,235,235,235,235,235,235,235,235,235,235,235,235,235,235,53017,15020,
206,235,235,235,235,235,235,235,235,235,235,235,235,235,235,235,235,235,235,235,10183,
207,235,235,235,235,235,235,235,235,235,235,235,235,235,235,235,235,235,235,35976,4154,
208,235,235,235,235,235,235,235,235,235,235,235,235,235,235,235,235,235,235,36032,4140,
209,235,235,235,235,235,235,235,235,235,235,235,235,235,235,235,235,235,235,52631,31506,
210,235,235,235,235,235,235,235,235,235,235,235,235,235,235,235,235,235,235,1484,235,
211,235,235,235,235,235,235,235,235,235,235,235,235,235,235,235,235,235,235,235,9758,
212,235,235,235,235,235,235,235,235,235,235,235,235,235,235,235,235,235,235,37900,7379,
213,235,235,235,235,235,235,235,235,235,235,235,235,235,235,235,235,235,235,37106,30973,
214,235,235,235,235,235,235,235,235,235,235,235,235,235,235,235,235,235,235,19361,29308,
215,235,235,235,235,235,235,235,235,235,235,235,235,235,235,235,235,235,235,41232,235,
216,235,235,235,235,235,235,235,235,235,235,235,235,235,235,235,235,235,235,235,7538,
217,235,235,235,235,235,235,235,235,235,235,235,235,235,235,235,235,235,235,235,31803,
218,235,235,235,235,235,235,235,235,235,235,235,235,235,235,235,235,235,235,37284,26105,
219,235,235,235,235,235,235,235,5068,235,235,235,235,235,235,235,235,235,235,7078,38168,
220,235,235,235,235,235,235,235,235,235,235,235,235,235,235,235,235,235,235,4355,17444,
221,235,235,235,235,235,235,235,235,235,235,235,235,235,235,235,235,235,235,33052,28377,
222,235,235,235,235,235,235,235,235,235,235,235,235,235,235,235,235,235,235,17992,17947,
223,235,235,235,235,235,235,235,235,235,235,235,235,235,235,235,235,235,235,1239,52115,
224,235,235,235,235,235,235,235,235,235,235,235,235,235,235,235,235,235,235,45889,36724,
225,235,235,3400,235,235,235,235,235,235,235,235,235,235,235,235,235,235,235,21599,235,
226,235,235,235,235,235,235,235,235,235,235,235,235,235,235,235,235,235,235,24729,32781,
227,235,235,235,235,235,235,235,235,235,235,235,235,235,235,235,235,235,235,6330,15778,
228,235,235,235,235,235,235,235,235,235,235,235,235,235,235,235,235,235,235,5111,27183,
229,235,235,235,235,235,235,235,235,235,235,235,235,235,235,235,235,235,235,9002,235,
230,235,235,235,235,235,235,235,235,235,235,235,235,235,235,235,235,235,235,56437,20713,
231,235,235,235,235,235,235,235,235,235,235,235,235,235,235,235,235,235,235,11967,6307,
232,235,235,235,235,235,235,235,235,235,235,235,235,235,235,235,235,235,235,31170,37767,
233,235,235,235,235,235,235,235,235,235,235,235,235,235,235,235,235,235,235,57631,8314,
234,235,235,235,235,235,235,235,235,235,235,235,235,235,235,235,235,235,235,31492,39820,
235,235,235,235,235,235,235,235,235,235,235,235,235,235,235,235,235,235,235,46493,9934,
236,235,235,235,235,235,235,235,235,235,235,235,235,235,235,235,235,235,235,11205,29174,
237,235,235,235,235,235,235,235,235,235,235,235,235,235,235,235,235,235,235,6019,235,
238,235,235,235,235,235,235,235,235,235,235,235,235,235,235,235,235,235,235,59833,6622,
239,235,235,235,235,235,235,235,235,235,235,235,235,235,235,235,235,235,235,13000,31487,
240,235,235,235,235,235,235,235,235,235,235,235,235,235,235,235,235,235,235,39279,4329,
241,235,235,235,235,235,235,235,235,235,235,235,235,235,235,235,235,235,235,26957,7162,
242,235,235,235,235,235,235,235,235,235,235,235,235,235,235,235,235,235,235,16711,37949,
243,235,235,235,235,235,235,235,235,235,235,235,235,1133,235,235,235,235,235,41433,587,
244,235,235,235,235,235,235,235,235,235,235,235,235,235,235,235,235,235,235,235,59047,
245,235,235,235,235,235,235,235,235,235,235,235,235,235,235,235,235,235,235,8597,4043,
246,235,235,235,235,235,235,235,235,235,235,235,235,235,235,235,235,235,235,11766,235,
247,235,235,235,235,235,235,235,235,235,235,235,235,235,235,235,235,235,235,25882,5251,
248,235,235,235,235,235,235,235,235,235,235,235,235,235,235,235,235,235,235,11660,235,
249,235,235,235,235,235,235,235,235,235,235,235,235,235,235,235,235,235,235,1766,12244,
250,235,235,235,235,235,235,235,235,235,235,235,235,235,235,235,235,235,235,16136,13157,
251,235,235,235,235,235,235,235,235,235,235,235,235,235,235,235,235,235,235,22273,9368,
252,235,235,235,235,235,235,235,235,235,235,235,235,235,235,235,235,235,235,235,13113,
253,235,235,235,235,235,235,235,235,235,235,235,235,235,235,235,235,235,235,44308,2541,
254,235,235,235,235,235,235,235,235,235,235,235,235,235,235,235,235,235,235,10769,25297,
255,235,235,235,235,235,235,235,235,235,235,235,235,235,235,235,235,235,235,235,13054,
256,235,235,235,235,235,235,235,235,235,235,235,235,235,235,235,235,235,235,235,6740,
257,235,235,235,235,235,235,235,235,235,235,235,235,235,235,235,235,235,235,235,52721,
258,235,235,235,235,235,235,235,235,235,235,235,235,235,235,235,235,235,235,235,35916,
259,235,235,235,235,235,235,235,235,235,235,235,235,235,235,235,235,235,235,3863,235,
260,235,235,235,235,235,235,235,235,235,235,235,235,235,235,235,235,235,235,12590,235,
261,235,235,235,235,235,235,235,235,235,235,235,235,235,235,235,235,235,235,2366,3663,
262,235,235,235,235,235,235,235,235,235,235,235,235,235,235,235,235,235,235,25929,235,
263,235,235,235,235,235,235,235,235,235,235,235,235,235,235,235,235,235,235,51695,235,
264,235,235,235,235,235,235,235,235,235,235,235,235,235,235,235,235,235,235,21206,25958,
265,235,235,235,235,235,235,235,235,235,235,235,235,235,235,235,235,235,235,3812,50719,
266,235,235,235,235,235,235,235,235,235,235,235,235,235,235,235,235,235,235,4441,235,
267,235,235,235,235,235,235,235,235,235,235,235,235,235,235,235,235,235,235,20493,235,
268,235,235,235,235,235,235,235,235,235,235,235,235,235,235,235,235,235,235,45366,45277,
269,235,235,235,235,235,235,235,235,235,235,235,235,235,235,235,235,235,235,19185,25426,
270,235,235,235,235,235,235,235,235,235,235,235,235,235,235,235,235,235,235,16690,18294,
271,235,235,235,235,235,235,235,235,235,235,235,235,235,235,235,235,235,235,9169,24933,
272,235,235,235,235,235,235,235,235,235,235,235,235,235,235,235,235,235,235,30626,11575,
273,235,235,235,235,235,235,235,235,235,235,235,235,235,235,235,235,235,235,51902,9585,
274,235,235,235,235,235,235,235,235,235,235,235,235,235,235,235,235,235,235,10491,235,
275,235,235,235,235,235,235,235,235,235,235,235,235,235,235,235,235,235,235,235,50958,
276,235,235,235,235,235,235,235,235,235,235,235,235,235,235,235,235,235,235,7366,52013,
277,235,235,235,235,235,235,235,235,235,235,235,235,235,235,235,235,235,235,235,235,
278,235,235,235,235,235,235,235,235,235,235,235,235,235,235,235,235,235,235,17713,788,
279,235,235,235,235,235,235,235,235,235,235,235,235,235,235,235,235,235,235,235,58885,
280,235,235,235,235,235,235,235,235,235,235,235,235,235,235,235,235,235,235,24761,3194,
281,235,235,235,235,235,235,235,235,235,235,235,235,235,235,235,235,235,235,235,34714,
282,235,235,235,235,235,235,235,235,235,235,235,235,235,235,235,235,235,235,235,2652,
283,235,235,235,235,235,235,235,235,235,235,235,235,235,235,235,235,235,235,28877,20893,
284,235,235,235,235,235,235,235,235,235,235,235,235,235,235,235,235,235,235,641,235,
285,235,235,235,235,235,235,235,235,235,235,235,235,235,235,235,235,235,235,50383,59684,
286,235,235,235,235,235,235,235,235,235,235,235,235,235,235,235,235,235,235,761,15782,
287,235,235,235,235,235,235,235,235,235,5080,235,235,235,235,235,235,235,235,34992,235,
288,235,235,235,235,235,235,235,235,235,235,235,235,235,235,235,235,235,235,31307,235,
289,235,235,235,235,235,235,235,235,235,235,235,235,235,235,235,235,235,235,38463,11339,
290,235,235,235,235,235,235,235,235,235,235,235,235,235,235,235,235,235,235,19043,235,
291,235,235,235,235,235,235,235,235,235,235,235,235,235,235,235,235,235,235,27803,235,
292,235,235,235,235,235,235,235,235,235,235,235,235,235,235,235,235,235,235,29256,18161,
293,235,235,235,235,235,235,235,235,235,235,235,235,235,235,235,235,235,235,774,235,
294,235,235,235,235,235,235,235,235,235,235,235,235,235,235,235,235,235,235,24097,37206,
295,235,235,235,235,235,235,235,235,235,235,235,235,235,235,235,235,235,235,15260,235,
296,235,235,235,235,235,235,235,235,235,235,235,235,235,235,235,235,235,235,235,46335,
297,235,235,235,235,235,235,235,235,235,235,235,235,235,235,235,235,235,235,13950,235,
298,235,235,235,235,235,235,235,235,235,235,235,235,235,235,235,235,235,235,17419,16898,
299,235,235,235,235,235,235,235,235,235,235,235,235,235,235,235,235,235,235,15552,44608,
300,235,235,235,235,235,235,235,235,235,235,235,235,235,235,235,235,235,235,34356,18290,
301,235,235,235,235,235,7733,235,235,235,235,235,235,235,235,235,235,235,235,22434,8809,
302,235,235,235,235,235,235,235,235,235,235,235,235,8997,235,235,235,235,235,38799,57317,
303,235,235,235,235,235,235,235,235,235,235,235,235,235,235,235,235,235,235,22151,12376,
304,235,235,235,235,235,235,235,235,235,235,235,784,235,235,235,235,235,235,36790,11923,
305,235,235,235,235,235,235,235,235,235,235,235,235,235,235,235,235,235,235,52356,13096,
306,235,235,235,235,235,235,235,235,235,235,235,235,235,235,235,235,235,235,235,4367,
307,235,235,235,235,235,235,235,235,235,235,235,235,235,235,235,235,235,235,43912,28258,
308,235,235,235,235,235,235,235,235,235,235,235,235,235,235,235,235,235,235,22908,45652,
309,235,235,235,235,235,235,235,235,235,235,235,235,235,235,235,235,235,235,1234,2528,
310,235,235,235,235,235,235,235,235,235,235,235,235,235,235,235,235,235,235,12183,13366,
311,235,235,235,235,235,235,235,235,235,235,235,235,235,235,235,235,235,235,24346,2678,
312,235,235,235,235,235,235,235,235,235,235,235,235,235,235,235,235,235,235,1244,44039,
313,235,235,235,235,235,235,235,235,235,235,235,235,235,235,235,235,235,235,6680,18513,
314,235,235,235,235,235,235,235,235,235,235,235,235,235,235,235,235,235,235,3132,4826,
315,235,235,235,235,235,235,235,235,235,235,235,235,235,235,235,235,235,235,28703,16728,
316,235,235,235,235,235,235,235,235,235,235,235,235,235,235,235,235,608,235,2796,18399,
317,235,235,235,235,235,235,235,235,235,235,235,235,235,235,235,235,235,235,13787,24966,
318,235,235,6032,6032,235,235,235,235,235,235,235,235,235,235,235,235,235,235,10564,15794,
319,235,235,235,235,235,235,235,235,235,235,235,235,235,235,235,235,235,235,41448,5445,
320,235,235,235,235,235,235,235,235,235,235,235,235,235,235,235,235,235,235,34179,34547,
321,235,235,235,235,235,235,235,235,235,235,235,235,235,235,235,235,235,235,13731,29874,
322,235,235,235,235,235,235,235,235,235,235,235,235,235,235,235,235,235,235,39341,6792,
323,235,235,235,235,235,235,235,235,235,235,235,235,235,235,235,235,235,235,23050,40325,
324,235,235,235,235,235,235,235,235,235,235,235,235,235,235,235,235,235,235,3816,13639,
325,235,235,235,235,235,235,235,235,235,235,235,235,235,235,235,235,235,235,235,53385,
326,235,235,235,235,235,235,235,235,235,235,235,235,235,235,235,235,235,235,33437,235,
327,235,235,235,235,235,235,235,235,235,235,235,235,235,235,235,235,235,235,23431,17841,
328,235,235,235,235,235,235,235,4803,235,235,235,235,235,235,235,235,235,235,235,23440,
329,235,235,235,235,235,235,235,235,235,235,235,235,235,235,235,235,235,235,6689,33219,
330,235,235,235,235,235,235,235,235,235,235,235,235,235,235,235,235,235,235,10703,11012,
331,235,235,235,235,1652,235,235,235,235,235,235,235,235,235,235,235,235,235,55804,57040,
332,235,235,235,235,235,235,235,235,235,235,235,235,235,235,235,235,235,235,601,10382,
333,235,235,235,235,235,235,235,235,235,235,235,235,235,235,235,235,235,235,10377,44789,
334,235,235,235,235,235,235,235,235,235,235,235,235,235,235,235,235,235,235,43878,617,
335,235,235,235,235,235,235,235,235,235,235,235,235,235,235,235,235,235,235,59378,4679,
336,235,235,235,235,235,235,20295,235,235,235,235,235,235,235,235,235,235,235,235,235,
337,235,235,235,235,235,235,235,235,235,235,235,235,235,235,235,235,235,235,11108,3796,
338,235,235,235,235,235,235,235,235,235,235,235,235,235,235,235,235,235,235,45379,13292,
339,235,235,235,235,235,235,235,235,235,235,235,235,235,235,235,235,235,235,20774,890,
340,235,235,235,235,235,235,235,235,235,235,235,235,235,235,235,235,235,235,235,8234,
341,235,235,235,235,235,235,235,235,235,235,235,235,235,235,235,235,235,235,4070,735,
342,235,235,235,235,235,235,235,235,235,235,235,235,235,235,235,235,235,235,22545,25899,
343,235,235,235,235,235,235,235,235,235,235,235,235,235,235,235,235,235,235,20361,3138,
344,235,235,235,235,235,235,235,235,235,235,235,235,235,235,235,235,235,235,235,1615,
345,235,235,235,235,235,235,235,235,235,235,235,235,235,235,235,235,235,235,37695,235,
346,235,235,235,235,235,235,235,235,235,235,235,235,235,235,235,235,235,235,24294,6801,
347,235,235,235,235,235,235,235,235,235,235,235,235,235,235,235,235,235,235,23089,18783,
348,235,235,235,235,235,235,235,235,235,235,235,235,235,235,235,235,235,235,7978,20802,
349,235,235,235,235,235,235,235,235,235,235,235,235,235,235,235,235,235,235,59438,15561,
350,235,235,235,235,235,235,235,235,235,235,235,235,235,235,235,235,235,235,2342,944,
351,235,235,235,235,235,235,235,235,235,235,235,235,235,235,235,235,235,235,6333,3474,
352,235,235,235,235,235,235,235,235,235,235,235,235,235,235,235,235,235,235,14552,235,
353,235,235,235,235,235,235,235,235,235,235,235,235,235,235,235,235,235,235,38607,6620,
354,235,235,235,235,235,235,235,235,235,235,235,235,235,235,235,235,235,235,18344,5615,
355,235,235,235,235,235,235,235,235,235,235,235,235,235,235,235,235,235,235,50144,33814,
356,235,235,235,235,235,235,235,235,4691,235,235,235,235,235,235,235,235,235,5566,5140,
357,235,235,235,235,235,235,235,235,235,235,235,235,235,235,235,235,235,235,53110,22474,
358,235,235,235,235,235,235,235,235,235,235,235,235,235,235,235,235,235,235,9302,235,
359,235,235,235,235,235,235,235,235,235,235,235,235,235,235,235,235,235,235,23846,26376,
360,235,235,235,235,235,235,235,235,235,235,235,235,235,235,235,235,235,235,42348,16695,
361,235,235,235,235,235,235,235,235,235,235,235,235,235,235,235,235,235,235,47986,235,
362,235,235,11733,235,235,235,235,235,235,235,235,235,235,235,235,235,235,235,30681,235,
363,235,235,235,235,235,235,235,235,235,235,235,235,235,235,235,235,235,235,37688,8897,
364,235,235,235,235,235,235,235,235,235,235,235,235,235,235,235,235,235,235,46258,45766,
365,235,235,235,235,235,235,235,11303,235,235,235,235,235,7180,235,235,235,235,47870,9770,
366,235,235,235,235,235,235,235,235,235,235,235,235,235,235,235,235,235,235,7966,1257,
367,235,235,235,235,235,235,235,235,235,235,235,235,235,235,235,235,235,235,8347,8506,
368,235,235,235,235,235,235,235,235,235,235,235,235,235,235,235,235,235,235,7015,54636,
369,235,235,235,235,235,235,235,235,235,235,235,235,235,235,235,235,235,235,23334,23115,
370,235,235,235,235,235,235,235,235,235,235,235,235,235,235,235,235,235,235,24967,235,
371,235,235,235,235,235,235,235,235,235,235,235,235,235,235,235,235,235,235,5862,50994,
372,235,235,235,235,235,235,235,235,235,235,235,235,235,235,235,235,235,235,9003,51355,
373,235,235,235,235,235,235,235,235,235,235,235,235,235,235,235,235,235,235,43804,14728,
374,235,235,235,235,235,235,235,235,235,235,235,235,235,235,235,235,235,235,36706,831,
375,235,235,235,235,235,235,235,235,235,235,235,235,235,235,235,235,235,235,1598,17142,
376,235,235,235,235,235,235,235,235,235,235,235,235,235,235,235,235,235,235,33908,6455,
377,235,235,235,235,235,235,235,235,235,235,235,235,235,235,235,235,235,235,11229,30557,
378,235,235,235,235,235,235,235,235,235,235,235,235,235,235,235,235,235,235,40492,2981,
379,235,235,235,235,235,235,235,235,235,235,235,235,235,235,235,235,235,235,45898,1117,
380,235,235,235,235,235,235,235,235,235,235,235,235,235,235,235,235,235,7614,235,235,
381,235,235,235,235,235,235,235,235,235,235,235,235,235,235,235,235,235,235,235,1417,
382,235,235,235,235,235,235,235,235,235,235,235,235,235,235,235,235,235,235,4121,25269,
383,235,235,235,235,235,235,235,235,235,235,235,235,235,235,235,235,235,235,53080,1282,
384,235,235,235,235,235,235,235,235,235,235,235,235,235,235,235,235,235,235,6530,235,
385,235,235,235,235,235,235,235,235,235,235,235,235,235,235,235,235,235,235,17555,34276,
386,235,235,235,235,235,235,235,235,235,235,235,235,235,235,235,235,235,235,26601,48313,
387,235,235,235,235,235,235,235,235,235,235,235,235,235,235,235,235,235,235,10077,53166,
388,235,235,235,235,235,235,235,235,235,235,7603,235,235,235,235,235,235,235,43341,36748,
389,235,235,235,235,235,235,235,235,235,235,235,235,235,235,235,235,235,235,42150,35408,
390,235,235,235,235,235,235,235,235,235,235,235,235,235,235,235,235,235,235,235,235,
391,235,235,235,235,235,235,235,235,235,235,235,235,235,235,235,235,235,235,47745,4541,
392,235,235,235,235,235,235,235,235,235,235,235,235,235,235,235,235,235,9703,38951,27428,
393,235,235,235,235,235,235,235,235,235,235,235,235,235,235,235,235,235,235,29719,29583,
394,235,235,235,235,235,235,235,235,235,235,235,235,235,235,235,235,235,235,31578,235,
395,235,235,235,235,235,235,235,235,235,235,235,235,235,235,235,235,235,235,13887,235,
396,235,235,235,235,235,235,235,235,235,235,235,235,235,235,235,235,235,235,54336,235,
397,235,235,235,235,235,235,235,235,235,235,235,235,235,235,235,235,235,235,235,12247,
398,235,235,235,235,235,235,235,235,235,235,235,235,235,235,235,235,235,235,18058,235,
399,235,235,235,235,235,235,235,235,235,235,235,235,235,235,235,235,235,235,235,18178,
400,235,235,235,235,235,235,235,235,235,235,235,235,235,235,235,235,235,235,18858,235,
401,235,235,235,235,235,235,235,235,235,235,235,235,235,235,235,235,235,235,7432,14189,
402,235,235,235,235,235,235,235,235,235,235,235,235,235,235,235,235,235,235,235,235,
403,235,235,235,235,235,235,235,235,235,235,235,235,235,235,235,235,235,235,2039,43683,
404,235,235,235,235,235,235,235,235,235,235,235,235,235,235,235,235,235,235,23655,40786,
405,235,235,235,235,235,235,235,235,235,235,235,235,235,235,235,235,235,235,34906,19679,
406,235,235,235,235,235,235,235,235,235,235,235,235,235,235,235,235,235,235,52309,51719,
407,235,235,235,235,235,235,235,235,235,235,235,235,235,235,235,235,235,235,235,42029,
408,235,235,235,235,235,235,235,235,235,235,235,235,235,235,235,235,235,235,48861,23237,
409,235,235,235,235,235,235,235,235,235,235,235,235,235,235,235,4879,235,235,33094,3468,
410,235,235,235,235,235,235,235,235,235,235,235,235,235,235,235,235,235,235,15526,10857,
411,235,235,235,235,235,235,235,235,235,235,235,235,235,235,235,235,235,235,34257,17007,
412,235,235,235,235,235,235,235,235,235,235,235,235,235,235,235,235,235,235,15060,46533,
413,235,235,235,235,235,235,235,235,235,235,235,235,235,235,235,235,235,235,34613,235,
414,235,235,235,235,235,235,235,235,235,235,235,235,235,235,235,235,235,235,41564,2240,
415,235,235,235,235,235,235,235,235,235,235,235,235,235,235,235,235,235,235,35374,27219,
416,235,235,235,235,235,235,235,235,235,235,235,235,235,235,235,235,235,235,32000,10324,
417,235,235,235,235,235,235,235,235,235,235,235,235,235,235,235,235,235,235,235,235,
418,235,235,235,235,235,235,235,235,235,235,235,235,235,235,235,235,235,235,52477,235,
419,235,235,235,235,235,235,235,235,235,235,235,235,235,235,235,235,235,235,235,12168,
420,235,235,235,235,235,235,235,235,235,235,235,235,235,235,235,235,235,235,46474,14735,
421,235,235,235,235,235,235,235,235,235,235,235,235,235,235,235,235,235,235,7865,3952,
422,235,235,235,235,235,235,235,235,235,235,235,235,235,235,235,235,235,235,46659,9117,
423,235,235,235,235,235,235,235,235,235,235,235,235,235,235,235,235,235,235,1618,235,
424,235,235,235,235,235,235,235,235,235,235,235,235,235,235,235,235,235,235,235,9046,
425,235,235,235,235,235,235,235,235,235,235,235,235,235,235,235,235,235,235,20454,6339,
426,235,235,235,235,235,235,235,235,235,235,235,235,235,235,235,235,235,235,1849,29977,
427,235,235,235,235,235,235,235,235,235,235,235,235,235,235,235,235,235,235,11026,29541,
428,235,235,235,235,235,235,235,235,235,235,235,235,235,235,235,235,235,235,37738,235,
429,235,235,235,235,235,235,235,235,235,235,235,235,235,235,235,235,235,235,41605,14773,
430,235,235,235,235,235,235,235,235,235,235,235,235,235,235,235,235,235,235,235,2335,
431,235,235,235,235,235,235,235,235,235,235,235,235,235,235,235,235,235,235,51224,12953,
432,235,235,235,235,235,235,235,235,235,235,235,235,235,235,235,235,235,235,8704,1012,
433,235,235,235,235,235,235,235,235,235,235,235,235,235,235,235,235,235,235,235,29460,
434,235,235,235,235,235,235,235,235,235,235,235,235,235,235,235,235,235,235,20872,17611,
435,235,235,235,235,235,235,235,235,235,235,235,235,235,235,235,235,235,235,52903,40160,
436,235,235,235,235,235,235,235,235,235,235,235,235,235,235,235,235,235,235,16038,30723,
437,235,235,235,235,235,235,235,235,235,235,235,235,235,235,235,235,235,235,16016,1541,
438,235,235,235,235,235,235,235,235,235,235,235,235,235,235,235,235,235,235,54018,8394,
439,235,235,235,235,235,235,235,235,235,235,235,235,235,235,235,235,235,235,21339,36849,
440,235,235,235,235,235,235,235,235,235,235,235,235,235,235,235,235,235,235,17421,40355,
441,235,235,235,235,235,235,235,235,235,235,235,235,235,235,235,4391,235,235,21117,22144,
442,235,235,235,235,235,235,235,235,235,235,235,235,235,235,235,235,235,235,11747,22815,
443,235,235,235,235,235,235,235,235,235,235,235,235,235,235,235,235,235,235,11980,57241,
444,235,235,235,235,235,18301,235,18301,235,235,235,235,235,235,235,235,235,235,17196,27086,
445,235,235,235,235,235,235,235,235,235,235,235,235,235,235,235,235,235,235,20251,9384,
446,235,235,235,235,235,235,235,235,235,235,235,235,235,235,235,235,235,235,235,40774,
447,235,235,235,235,235,235,235,235,235,235,235,235,235,235,235,235,235,235,235,235,
448,235,235,235,235,235,235,235,235,235,235,235,235,235,235,235,235,235,235,17335,672,
449,235,235,235,235,235,235,235,235,235,235,235,235,235,235,235,235,235,235,33906,3443,
450,235,235,235,235,235,235,235,235,235,235,235,235,235,235,235,235,235,235,19312,30964,
451,235,235,235,235,235,235,235,235,235,235,235,235,235,235,235,235,235,235,15343,45775,
452,235,235,5324,235,235,235,235,235,235,235,235,235,235,235,235,5324,235,235,24983,9570,
453,235,235,235,235,235,235,235,235,235,235,235,235,235,235,235,235,235,235,1633,452,
454,235,235,235,235,235,235,235,235,235,235,235,235,235,235,235,235,235,235,29966,49407,
455,235,235,235,235,235,235,235,235,235,235,235,235,235,235,235,235,235,235,30256,235,
456,235,235,235,235,235,235,235,235,235,235,235,235,235,235,235,235,235,235,235,14671,
457,235,235,235,235,235,235,235,235,235,235,235,235,235,235,235,235,235,235,15961,7819,
458,235,235,235,447,235,235,235,235,235,235,235,235,235,235,235,235,235,235,14096,708,
459,235,235,235,235,235,235,235,235,235,235,235,235,235,235,235,235,235,235,21444,8099,
460,235,235,235,235,235,235,235,235,235,235,235,235,235,235,235,235,235,235,4469,24668,
461,235,235,235,235,235,235,235,235,235,235,235,235,235,235,235,235,235,235,18289,15273,
462,235,235,235,235,235,235,235,235,235,235,235,235,235,235,235,235,235,235,235,235,
463,235,235,235,235,235,235,235,235,235,235,235,235,235,235,235,235,235,235,14847,1230,
464,235,235,235,235,235,235,235,235,235,235,235,235,235,235,235,235,235,235,31941,235,
465,235,235,235,235,235,235,235,235,235,235,235,235,235,235,235,235,235,235,11983,20527,
466,235,235,235,235,235,235,235,235,235,235,235,235,235,235,235,12489,235,235,36070,34544,
467,235,235,235,235,235,235,235,235,235,235,235,235,235,235,235,235,235,235,60492,5487,
468,235,235,235,235,235,235,235,235,235,235,235,235,235,235,235,235,235,235,8331,27733,
469,235,235,235,235,235,235,235,235,235,235,235,235,235,235,235,235,235,235,27635,235,
470,235,235,235,235,235,235,235,235,235,235,235,235,235,235,235,235,235,235,49724,16235,
471,235,235,235,235,235,235,235,235,235,235,235,235,235,235,235,235,235,235,22607,4659,
472,235,235,235,235,235,235,235,235,235,235,235,235,235,235,235,235,235,235,25911,29111,
473,235,235,235,235,235,235,235,235,235,235,235,235,235,235,235,235,235,235,11301,8802,
474,235,235,235,235,235,235,235,235,235,235,235,235,235,235,235,235,235,235,1068,1565,
475,235,235,235,235,235,235,235,235,235,235,235,235,235,235,235,235,235,235,5851,18443,
476,235,235,235,235,235,235,235,235,235,235,235,235,235,235,235,235,235,235,7578,22726,
477,235,235,235,235,235,1650,235,235,235,235,235,235,235,235,235,235,235,235,20579,235,
478,235,235,235,235,235,235,235,235,235,235,235,235,235,235,235,235,235,235,55702,12846,
479,235,235,235,235,235,235,235,235,235,235,235,235,235,235,235,235,235,235,13377,28174,
480,235,235,235,235,235,235,235,235,235,235,235,235,235,235,235,235,235,235,9666,18109,
481,235,235,235,235,235,235,235,235,235,235,235,235,235,235,235,235,235,235,6689,10858,
482,235,235,235,235,235,235,235,235,235,235,235,235,235,235,235,235,235,235,13839,235,
483,235,235,235,235,235,235,235,235,235,235,235,235,235,235,235,235,235,235,40279,235,
484,235,235,235,235,235,235,235,235,235,235,235,235,235,235,235,235,235,235,15522,17645,
485,235,235,235,235,235,235,235,235,235,235,235,235,235,235,235,235,235,235,1043,318,
486,235,235,235,235,235,235,235,235,235,235,235,235,235,235,235,235,235,235,46847,19939,
487,235,235,235,235,235,235,235,235,235,235,235,235,235,235,235,235,235,235,49632,24263,
488,235,235,235,235,235,235,235,235,235,235,235,235,235,235,235,235,235,235,25806,235,
489,235,235,235,235,235,235,235,235,235,235,235,235,235,235,235,235,235,235,27406,13344,
490,235,235,235,235,235,235,235,235,235,235,235,235,235,235,235,235,235,235,1536,51333,
491,235,235,235,235,235,235,235,235,235,235,235,235,235,235,235,235,235,235,4066,48220,
492,235,235,235,235,235,235,235,235,235,235,235,235,235,235,235,235,235,235,6896,44103,
493,235,235,235,235,235,235,235,235,235,235,235,235,235,235,235,235,235,235,235,56425,
494,235,235,235,235,235,235,235,235,235,235,235,235,235,6729,235,235,235,235,18656,30304,
495,235,235,235,235,235,235,235,235,235,235,14339,235,235,235,235,235,235,235,22807,43838,
496,235,235,235,235,235,235,235,235,235,235,235,235,235,235,235,235,235,235,784,19519,
497,235,235,235,235,235,235,235,235,235,235,235,235,235,235,235,235,235,235,19513,3872,
498,235,235,235,235,235,235,235,235,235,235,235,235,235,235,235,235,235,235,19040,235,
499,235,235,235,235,235,235,235,235,235,235,235,235,235,235,235,235,235,235,15566,50466,
500,235,235,235,235,235,235,235,235,235,235,235,235,235,235,235,235,235,235,45180,4725,
501,235,235,235,235,235,235,235,235,235,235,235,235,235,235,235,235,235,235,8522,36735,
502,235,235,235,235,235,235,235,235,235,235,235,235,235,235,235,235,235,235,24050,2451,
503,235,235,6255,235,235,235,235,235,235,235,235,235,235,235,235,235,235,235,21711,42619,
504,235,235,235,235,235,235,235,235,235,235,235,235,235,235,235,235,235,235,45323,25114,
505,235,235,235,235,235,235,235,235,235,235,235,235,235,235,235,235,235,235,34483,35133,
506,235,235,235,235,235,235,235,235,235,235,235,235,235,235,235,235,235,235,43247,42169,
507,235,235,235,235,235,235,235,235,235,235,235,235,235,235,235,235,235,235,13325,25339,
508,235,235,235,235,235,235,235,235,235,235,235,235,235,235,235,235,235,235,37855,235,
509,235,235,235,235,235,235,235,235,235,235,235,235,235,235,235,235,235,235,58607,18137,
510,235,235,235,235,235,235,235,235,235,235,235,235,235,235,235,235,235,235,43740,10749,
511,235,235,235,235,235,235,235,235,235,2986,235,235,235,235,235,235,235,235,13981,10409,
512,235,235,235,235,235,235,235,235,235,235,235,235,235,235,235,235,235,235,235,235,
513,235,235,235,235,235,235,235,235,235,235,235,235,235,235,235,235,235,235,235,753,
514,235,235,235,235,235,235,235,235,235,235,235,235,235,235,235,235,235,235,52578,1909,
515,235,235,235,235,235,235,235,235,235,235,235,235,235,235,235,235,235,235,33145,8213,
516,235,235,235,235,235,235,235,235,235,235,235,3812,235,235,235,235,235,235,235,235,
517,235,235,235,235,235,235,235,235,235,235,235,235,235,235,235,235,235,235,43454,36651,
518,235,235,235,235,235,235,235,235,235,235,235,235,235,235,235,235,235,235,1432,14171,
519,235,235,235,235,235,235,235,235,235,235,235,235,235,235,235,235,235,235,21831,6256,
520,235,235,235,235,235,235,235,235,235,235,235,235,235,235,235,235,235,235,26129,24739,
521,235,235,235,235,235,235,235,235,235,235,235,235,235,235,235,235,235,235,21258,5562,
522,235,235,235,235,235,235,235,235,235,235,235,235,235,235,235,235,235,235,38743,235,
523,235,235,235,235,235,235,235,235,235,235,235,235,235,235,235,235,235,235,32537,235,
524,235,235,235,235,235,235,235,235,235,235,235,235,235,235,235,235,235,235,3922,46433,
525,235,235,235,235,235,235,235,235,235,235,235,235,235,235,235,235,235,235,235,36400,
526,235,235,235,235,235,235,235,235,235,235,235,235,235,235,235,235,235,235,235,235,
527,235,235,235,235,235,235,235,235,235,235,235,235,235,235,235,235,235,235,5091,25080,
528,235,235,235,235,235,235,235,235,235,235,235,235,235,235,235,235,235,235,22717,38709,
529,235,235,235,235,235,235,235,235,3685,235,235,235,235,235,235,235,235,235,4382,235,
530,235,235,235,235,235,235,235,235,235,235,235,235,235,235,235,235,235,235,13211,1600,
531,235,235,235,235,235,235,235,235,235,235,235,235,235,235,235,235,235,235,23874,2772,
532,235,235,235,235,235,235,235,235,235,235,235,235,235,235,235,235,235,235,15837,235,
533,235,235,235,235,235,235,235,235,235,235,235,235,235,235,235,235,235,235,17699,22415,
534,235,235,235,235,235,235,235,235,235,235,235,235,235,235,235,235,235,235,40318,4387,
535,235,235,235,235,235,235,235,235,235,235,235,235,235,235,235,235,235,235,25294,36011,
536,235,235,235,235,235,235,235,235,235,235,235,235,235,235,235,235,235,235,38202,235,
537,235,235,235,235,235,235,235,235,235,235,235,235,235,235,235,235,235,235,6013,34076,
538,235,235,235,235,235,235,235,235,235,235,235,235,235,235,235,235,235,235,24040,11284,
539,235,235,235,235,235,235,235,235,235,235,235,235,235,235,235,235,235,235,29984,18106,
540,235,235,235,235,235,235,235,235,235,235,235,235,235,235,235,235,235,235,15643,11259,
541,235,235,235,235,235,235,235,235,235,235,235,235,235,235,235,235,235,235,39954,15625,
542,235,235,235,235,235,235,235,235,235,235,235,235,235,235,235,235,235,235,15162,16398,
543,235,235,235,235,235,235,235,235,235,235,235,235,235,235,235,235,235,235,4268,12227,
544,235,235,235,235,235,235,235,235,235,235,235,235,235,235,235,235,235,235,235,45572,
545,235,235,235,235,235,235,235,235,235,235,235,235,235,235,235,235,235,235,34702,15730,
546,235,235,235,235,235,235,235,235,235,235,235,235,235,235,235,235,235,235,378,21770,
547,235,235,235,235,235,235,235,235,235,235,235,235,235,235,235,235,235,235,36983,14077,
548,235,235,235,235,235,235,235,235,235,235,235,235,235,235,235,235,235,235,19186,5946,
549,235,235,235,235,235,235,235,235,235,235,235,235,235,235,235,235,235,235,15670,1865,
550,235,235,235,235,235,235,235,235,235,235,235,235,235,235,235,235,235,235,16383,33130,
551,235,235,235,235,235,235,235,235,235,235,235,235,235,235,235,235,235,235,7411,235,
552,235,235,235,235,235,235,235,235,235,235,235,235,235,235,235,235,235,235,42894,235,
553,235,235,235,235,235,235,235,235,235,235,235,235,235,235,235,235,235,235,41766,30822,
554,235,235,235,235,235,235,2875,235,235,235,235,235,235,235,235,235,235,235,2920,38161,
555,235,235,235,235,235,235,235,235,235,235,235,235,235,235,235,235,235,235,6101,2236,
556,235,235,235,235,235,235,235,235,235,235,235,235,235,235,235,235,235,235,14353,235,
557,235,235,235,235,235,235,235,235,235,235,235,235,235,235,235,235,235,235,6824,24462,
558,235,235,235,235,235,235,235,235,235,235,235,235,235,235,235,235,235,235,2560,29036,
559,235,235,235,235,235,235,235,235,235,235,235,235,235,235,235,235,235,235,12397,26274,
560,235,235,235,235,235,235,235,235,235,235,235,235,235,235,235,235,235,235,235,37737,
561,235,235,235,235,235,235,235,235,235,235,235,235,235,235,235,235,235,235,44897,25161,
562,235,235,235,235,235,235,235,235,235,235,235,235,235,235,235,235,235,235,12622,235,
563,235,235,235,235,235,235,235,235,235,235,235,235,235,235,235,235,235,235,31339,33553,
564,235,235,235,235,235,235,235,235,235,235,235,235,235,235,235,235,235,235,16363,33433,
565,235,235,235,235,235,235,235,235,235,235,235,235,235,235,235,235,235,235,27811,235,
566,235,235,235,235,235,235,235,235,235,235,235,235,235,235,235,235,235,235,21295,35909,
567,235,235,235,235,235,235,235,235,235,235,235,235,235,235,235,235,235,235,47392,39295,
568,235,235,235,235,235,235,235,235,235,235,235,235,235,235,235,235,235,235,235,42149,
569,235,235,235,235,235,235,235,235,235,235,235,235,235,235,235,235,235,235,52353,235,
570,235,235,235,235,235,235,235,235,235,235,235,235,235,235,235,235,235,235,9530,30978,
571,235,235,235,235,235,235,235,7786,235,235,235,235,235,235,235,235,235,235,1358,30845,
572,235,235,235,235,235,235,235,235,235,235,235,235,235,235,235,235,235,235,235,235,
573,235,235,235,235,235,235,235,235,235,235,235,235,235,235,235,235,235,235,17812,3657,
574,235,235,235,235,235,235,235,235,235,235,235,235,235,235,235,235,235,235,7865,9223,
575,235,235,235,235,235,235,235,235,235,235,235,235,235,235,235,235,235,235,59300,21146,
576,235,235,235,235,235,235,235,235,235,235,235,235,235,235,235,235,235,235,235,235,
577,235,235,235,235,235,235,235,235,235,235,235,235,235,235,235,235,235,235,18248,1969,
578,235,235,235,235,235,235,235,235,235,235,235,235,235,235,235,235,235,235,3390,27684,
579,235,235,235,235,235,235,235,235,235,235,235,235,235,1193,235,235,235,235,3518,3610,
580,235,235,235,235,235,235,235,235,235,235,235,235,235,235,235,235,235,235,13972,235,
581,235,235,235,235,235,235,235,235,15303,235,235,235,235,235,235,235,235,235,21069,12769,
582,235,235,235,235,235,235,235,235,235,235,235,235,235,235,235,235,235,235,4973,31518,
583,235,235,235,235,235,235,235,235,235,235,235,235,235,235,235,235,235,235,235,235,
584,235,235,235,235,235,235,235,235,235,235,235,235,235,235,235,235,235,235,24802,29116,
585,235,235,235,235,235,235,235,235,235,235,235,235,235,235,235,235,235,235,9756,3237,
586,235,235,235,235,235,235,235,235,235,235,235,235,235,235,235,235,235,235,55188,235,
587,235,235,235,235,235,235,235,235,235,235,235,235,235,235,235,235,235,235,235,235,
588,235,235,235,235,235,235,235,235,235,235,235,235,235,235,235,235,235,235,19522,14086,
589,235,235,235,235,235,235,235,235,235,235,235,235,235,235,235,235,235,235,56869,11400,
590,235,235,235,235,235,235,235,235,235,235,235,235,235,235,235,235,235,235,44342,18874,
591,235,235,235,235,235,235,235,235,235,235,235,235,235,235,235,235,235,235,39100,235,
592,235,235,235,235,235,235,235,10821,235,235,235,235,235,235,235,235,235,235,5401,235,
593,235,235,235,235,235,235,235,235,235,235,235,235,235,235,235,235,235,235,235,235,
594,235,235,235,235,235,235,235,235,235,235,235,235,235,235,235,235,235,235,22144,5184,
595,235,235,235,235,235,235,235,235,235,235,235,235,235,235,235,235,235,235,235,43135,
596,235,235,235,235,235,235,235,235,235,235,235,235,235,235,235,235,235,235,235,15706,
597,235,235,235,235,235,235,235,235,235,235,235,235,235,235,235,235,235,235,16070,12729,
598,235,235,235,235,235,235,235,235,235,235,235,235,235,235,235,235,235,235,235,3095,
599,235,235,235,235,235,235,235,235,235,235,235,235,235,235,235,235,235,235,235,235,
600,235,235,235,235,235,235,235,235,235,235,235,235,235,235,235,235,235,235,19259,30063,
601,235,235,235,235,235,235,235,235,235,235,235,235,235,235,235,235,235,235,17139,53064,
602,235,235,235,235,235,235,235,3185,6914,235,235,235,235,235,235,235,235,235,33095,20603,
603,235,235,235,235,235,235,235,235,235,235,235,235,235,235,235,235,235,235,59676,4147,
604,235,235,235,235,235,235,235,235,235,235,235,235,235,235,235,235,235,235,22175,21251,
605,235,235,235,235,235,235,235,235,235,235,235,235,235,235,235,235,235,235,23462,7848,
606,235,235,235,235,235,235,235,235,235,235,235,235,235,235,235,235,235,235,28675,235,
607,235,235,235,235,235,235,235,235,235,235,235,235,235,235,235,235,235,235,235,11589,
608,235,235,235,235,235,235,235,235,235,235,235,235,235,235,235,235,235,235,27950,3355,
609,235,235,235,235,235,235,235,235,235,235,235,235,235,235,235,235,235,235,235,30837,
610,235,235,235,235,235,235,235,235,235,235,235,235,235,235,235,235,235,235,21569,2226,
611,235,235,235,235,235,235,235,235,235,235,235,235,235,235,235,235,235,235,14018,53900,
612,235,235,235,235,235,235,235,235,235,235,235,235,235,235,235,235,235,235,36849,23957,
613,235,235,235,235,235,235,235,235,235,235,235,235,235,235,235,235,235,235,31275,28965,
614,235,235,235,235,235,235,235,235,235,235,235,235,235,235,235,235,235,235,50372,235,
615,235,235,235,235,235,235,235,235,235,235,235,235,235,235,235,235,235,235,9902,48262,
616,235,235,235,235,235,235,235,235,235,235,235,235,235,235,235,235,235,235,27559,2021,
617,235,235,235,235,235,235,235,235,235,235,235,235,235,235,235,235,235,235,14329,28819,
618,235,235,235,235,235,235,235,235,235,235,235,235,235,235,235,235,235,235,235,43897,
619,235,235,235,235,235,235,235,235,235,235,235,235,235,235,235,235,235,235,24297,23166,
620,235,235,235,235,235,235,235,235,235,235,235,235,235,235,235,235,235,235,21661,14699,
621,235,235,235,235,235,235,235,235,235,235,235,235,235,235,235,235,235,235,1224,235,
622,235,235,235,235,235,235,235,235,235,235,235,235,235,235,235,235,235,235,17548,1842,
623,235,235,235,235,235,235,235,235,235,235,235,235,235,235,235,235,235,235,235,18390,
624,235,235,235,235,235,235,235,235,235,235,235,235,235,235,235,235,235,235,9085,235,
625,235,235,235,235,235,235,235,235,235,235,235,235,235,235,235,235,235,235,12659,20770,
626,235,235,235,235,235,235,235,235,235,2279,235,235,235,235,235,235,235,235,41783,39561,
627,235,235,235,235,235,235,235,235,235,235,235,235,235,235,235,235,235,235,6476,235,
628,235,235,235,235,235,235,235,235,235,235,235,235,235,235,235,235,235,235,34638,46533,
629,235,235,235,235,235,235,235,235,235,235,235,235,235,235,235,235,235,235,54370,40689,
630,235,235,235,235,235,235,235,235,235,235,235,235,235,235,235,235,235,235,235,235,
631,235,235,235,235,235,235,235,235,235,235,235,235,235,235,235,235,235,235,235,8279,
632,235,235,235,235,235,235,235,235,235,235,235,235,235,235,235,235,235,235,41874,27463,
633,235,235,235,235,235,235,235,235,235,235,235,235,235,235,235,235,235,235,41781,8071,
634,235,235,235,235,235,235,235,235,235,235,235,235,235,235,235,235,235,235,235,43661,
635,235,235,235,235,235,235,235,235,235,235,235,235,235,235,235,235,235,235,30397,44679,
636,235,235,235,235,235,235,235,235,235,235,235,235,235,235,235,235,235,235,10741,9870,
637,235,235,235,235,235,235,235,235,235,235,235,235,235,235,235,235,235,235,49210,19812,
638,235,235,2819,235,235,235,235,235,235,235,235,235,235,235,235,235,235,235,16820,5329,
639,235,235,235,235,235,235,235,235,235,235,235,235,235,235,235,235,235,235,7439,27573,
640,235,235,235,235,235,235,235,235,235,235,235,235,235,235,235,235,235,235,26110,950,
641,235,235,235,235,235,235,235,235,235,235,235,235,235,235,235,235,235,235,43944,10741,
642,235,235,235,235,235,235,235,235,235,235,235,235,235,235,235,235,235,235,13921,737,
643,235,235,235,235,235,235,235,235,235,235,235,235,235,235,235,235,235,235,5109,6311,
644,235,235,235,235,235,235,235,235,235,235,235,235,235,235,235,235,235,235,1025,25434,
645,235,235,235,235,235,235,235,235,235,235,235,235,235,235,235,235,235,235,235,36474,
646,235,235,235,235,235,235,235,235,235,235,235,235,235,235,235,235,235,235,17277,27125,
647,235,235,235,235,235,235,235,235,235,235,235,235,235,235,235,235,235,235,38921,235,
648,235,235,235,235,235,235,235,235,235,235,235,235,235,235,235,235,235,235,3112,5439,
649,235,235,235,235,235,235,235,235,235,235,235,235,235,235,235,235,235,235,235,235,
650,235,235,235,235,235,235,235,235,235,235,235,235,235,235,235,235,235,235,2793,46846,
651,235,235,235,235,235,235,235,235,235,235,235,235,235,235,235,235,235,235,4157,11514,
652,235,235,235,235,235,235,235,235,235,235,235,235,235,235,235,235,235,235,25768,2092,
653,235,235,235,235,235,235,235,235,235,235,235,235,235,235,235,235,235,235,36412,235,
654,235,235,235,235,235,235,235,235,235,235,235,235,235,235,235,235,235,235,13591,22949,
655,235,235,235,235,235,235,235,235,235,235,235,235,235,235,235,235,235,235,8672,57599,
656,235,235,235,235,235,235,235,235,235,235,235,235,235,235,235,235,235,235,35611,13467,
657,235,235,235,235,235,235,235,235,235,16706,235,235,235,235,235,235,235,235,21395,55431,
658,235,235,235,235,235,235,235,235,235,235,235,235,235,2158,235,235,235,235,235,37792,
659,235,235,235,235,235,235,235,235,235,235,235,235,235,235,235,235,235,235,35425,44238,
660,235,235,235,235,235,235,235,235,235,235,235,235,235,235,235,235,235,235,28908,38985,
661,235,235,235,235,235,235,235,235,5704,235,235,235,235,235,235,235,235,235,235,12956,
662,235,235,235,235,235,822,235,235,235,235,235,235,235,235,235,235,235,235,34820,34908,
663,235,235,235,235,235,235,235,235,235,235,235,235,235,235,235,235,235,235,16412,6636,
664,235,235,235,235,235,235,235,235,235,235,235,235,235,235,235,235,235,235,235,4267,
665,235,235,235,235,235,235,235,235,235,235,235,235,235,235,235,235,235,235,235,6058,
666,235,235,235,235,235,235,235,235,235,235,235,235,235,235,235,235,235,235,47845,1370,
667,235,235,235,235,235,235,235,235,235,235,235,235,235,235,235,235,235,235,14012,23782,
668,235,235,235,235,235,235,235,235,235,235,235,235,235,235,235,235,235,235,21617,49422,
669,235,235,235,235,235,235,235,235,235,235,235,235,235,235,235,235,235,235,44186,5171,
670,235,235,235,235,235,235,235,235,235,235,235,235,235,235,235,235,235,235,23355,27078,
671,235,235,235,235,235,235,235,235,235,235,235,235,235,235,235,235,235,235,235,23737,
672,235,235,235,235,235,235,235,235,235,235,235,235,235,235,235,235,235,235,30138,19928,
673,235,235,235,235,235,235,235,235,235,235,235,235,235,235,235,235,235,235,235,53894,
674,235,235,235,235,235,235,235,235,235,235,235,235,235,235,235,15601,235,235,46959,235,
675,235,235,235,235,235,235,235,235,235,235,235,235,235,235,235,235,235,235,15525,28426,
676,235,235,235,235,235,235,235,235,235,235,235,235,235,235,235,235,235,235,6215,37906,
677,235,235,235,235,235,235,235,235,235,235,235,235,235,235,235,235,235,235,10694,13606,
678,235,235,235,235,235,235,235,235,235,235,235,235,235,235,235,235,235,235,24699,10194,
679,235,235,235,235,235,235,235,235,235,235,235,235,235,235,235,235,235,235,45321,32573,
680,235,235,235,235,235,235,235,235,235,11888,235,235,235,235,11888,235,235,235,4604,9899,
681,235,235,235,235,235,235,235,235,235,235,235,235,235,235,235,235,235,235,11382,8858,
682,235,235,235,235,235,235,235,235,235,235,235,235,235,235,235,235,235,235,42583,3407,
683,235,235,235,235,235,235,235,235,235,235,235,235,235,235,235,235,235,235,36974,235,
684,235,235,235,235,235,235,235,235,235,235,235,235,235,235,235,235,235,235,26377,16093,
685,235,235,235,235,235,235,235,235,235,235,235,235,235,235,235,235,235,235,235,14202,
686,235,235,235,235,235,235,235,235,235,235,235,235,235,235,235,235,235,235,11761,2360,
687,235,235,235,235,235,235,235,235,235,235,235,235,235,235,235,235,235,235,4668,14989,
688,235,235,235,235,235,235,235,235,235,235,235,235,235,235,235,235,235,235,50131,18041,
689,235,235,235,235,235,235,235,235,235,235,235,235,235,235,235,235,235,235,32332,15038,
690,235,235,235,235,235,235,235,235,235,235,235,235,235,235,235,235,235,235,31114,338,
691,235,235,235,235,235,235,235,235,235,235,235,235,235,235,235,235,235,235,7662,12258,
692,235,235,235,235,235,235,235,235,235,235,235,235,235,235,235,235,235,235,34498,23751,
693,235,235,235,235,235,235,235,235,235,235,235,235,235,235,235,235,235,235,235,21435,
694,235,235,235,235,235,235,235,235,235,235,235,235,235,235,235,235,235,235,21702,6877,
695,235,235,235,235,235,235,235,235,235,235,235,235,235,235,235,235,235,235,36180,235,
696,235,235,235,235,235,235,235,3298,235,235,235,235,235,235,235,235,235,235,15417,49266,
697,235,235,235,235,235,235,235,235,235,235,235,235,235,235,235,235,235,235,6247,24514,
698,235,235,235,235,235,235,235,235,235,235,235,235,235,235,235,235,235,235,35944,31752,
699,235,235,235,235,235,235,235,235,235,235,235,235,235,235,235,235,235,235,27352,4932,
700,235,235,235,235,235,235,235,235,235,235,6532,235,235,235,235,235,235,235,235,235,
701,235,235,235,235,235,235,235,235,235,235,235,235,235,235,235,235,235,235,235,989,
702,235,235,235,235,235,235,235,235,235,235,235,235,235,235,235,235,235,235,3968,29290,
703,235,235,235,235,235,235,235,235,235,235,235,235,235,235,235,235,235,235,12274,8850,
704,235,235,235,235,235,235,235,235,235,235,235,235,235,235,235,235,235,235,800,45398,
705,235,235,235,235,235,235,235,235,235,235,235,235,235,235,235,235,235,235,235,43118,
706,235,235,235,235,235,235,235,235,235,235,235,235,235,235,235,235,235,235,44775,32775,
707,235,235,235,235,235,235,235,235,235,235,235,235,235,235,235,235,235,235,54129,235,
708,235,235,235,235,235,235,235,235,235,235,235,235,235,235,235,235,235,235,235,26850,
709,235,235,235,235,235,235,235,235,235,235,235,235,235,235,235,235,235,235,11910,18453,
710,235,235,235,235,235,235,235,235,235,235,235,235,235,235,235,235,235,235,235,235,
711,235,235,235,235,235,235,235,235,235,235,235,235,235,235,235,235,235,235,9835,10122,
712,235,235,235,235,235,235,235,235,235,235,235,235,235,235,235,235,235,235,235,27630,
713,235,235,235,235,235,235,235,235,235,235,235,235,235,235,235,235,235,235,35446,19085,
714,235,235,235,235,235,235,235,235,235,235,235,235,235,235,235,235,235,235,27887,17999,
715,235,235,235,235,235,235,235,235,235,235,235,235,45285,235,235,235,235,235,32382,235,
716,235,235,235,235,235,235,235,235,235,235,235,235,235,235,235,235,235,235,2136,34780,
717,235,235,235,235,235,235,235,235,235,235,235,235,235,235,235,235,235,235,42851,27463,
718,235,235,2502,235,235,235,235,235,235,235,235,235,235,235,235,235,235,235,4131,235,
719,235,235,235,235,235,235,235,235,235,235,235,235,235,235,235,235,235,235,12623,35027,
720,235,235,235,235,235,235,235,235,235,235,235,235,235,235,235,235,235,235,59525,12514,
721,235,235,235,235,235,235,235,235,235,235,235,235,235,235,235,235,235,235,35214,11929,
722,235,235,235,235,235,235,235,2815,235,235,2815,235,235,235,235,235,235,235,4441,36950,
723,235,235,235,235,235,235,235,235,235,235,235,235,235,235,235,235,235,235,235,5496,
724,235,235,235,235,235,235,235,235,235,235,235,235,235,235,235,235,235,235,22640,15977,
725,235,235,235,235,235,235,235,235,235,235,235,235,235,235,235,235,235,235,14461,5443,
726,235,235,235,235,235,235,235,235,235,235,235,235,235,235,235,235,235,235,7027,37592,
727,235,235,235,235,235,235,235,235,235,235,235,6123,235,235,235,235,235,235,49697,34015,
728,235,235,235,235,235,235,235,235,235,235,235,235,235,235,235,235,235,235,9021,235,
729,235,235,235,235,235,235,235,235,235,235,235,235,235,235,235,235,235,235,33166,2887,
730,235,235,235,235,235,235,235,235,235,235,235,235,235,235,235,235,235,235,235,35937,
731,235,235,235,235,235,235,235,235,235,235,235,235,235,235,235,235,235,235,46377,27401,
732,235,235,235,235,235,235,235,235,235,235,235,235,235,235,235,235,235,235,12375,21564,
733,235,235,235,235,235,235,235,235,235,235,235,235,235,235,235,235,235,235,6680,18633,
734,235,235,235,235,235,235,235,235,235,235,235,235,235,235,235,235,235,235,15864,1058,
735,235,235,235,235,235,235,235,235,235,235,235,235,235,235,235,235,235,235,17844,49439,
736,235,235,235,235,235,235,235,235,235,235,235,235,235,235,235,235,235,235,235,9369,
737,235,235,235,235,235,235,235,235,235,235,235,235,235,235,235,235,235,235,14907,235,
738,235,235,235,235,235,235,235,235,235,235,235,235,235,235,235,235,235,235,5080,46759,
739,235,235,235,235,235,235,235,235,235,235,235,235,235,235,235,235,235,235,1822,46307,
740,235,235,235,235,235,235,235,235,235,235,235,235,235,235,235,235,235,235,48525,10215,
741,235,235,235,235,235,235,235,235,235,235,235,235,235,235,235,235,235,235,19890,48012,
742,235,235,235,235,235,235,235,235,235,235,235,235,235,235,235,235,235,235,17988,42339,
743,235,235,235,235,235,235,235,235,235,235,235,235,235,235,235,235,235,235,21592,21920,
744,235,235,235,235,235,235,235,235,235,235,235,235,235,235,235,235,235,235,17038,16360,
745,235,235,235,235,235,235,235,235,235,235,235,235,235,235,235,235,235,235,29354,54265,
746,235,235,235,235,235,235,235,235,235,235,235,235,235,235,235,235,235,235,235,28309,
747,235,235,235,235,235,235,235,235,235,235,235,235,235,235,235,235,235,235,10398,235,
748,235,235,235,235,235,235,235,235,235,235,235,235,235,235,235,235,235,235,16713,30971,
749,235,235,235,235,235,235,235,235,235,235,235,235,235,235,235,235,235,235,235,15558,
750,235,235,235,235,235,235,235,235,235,235,235,235,235,235,235,235,235,235,24641,7138,
751,235,235,235,235,235,235,235,235,235,235,235,235,235,235,235,235,235,235,235,8780,
752,235,235,235,235,235,235,235,235,235,235,235,235,235,235,235,235,235,235,2116,38382,
753,235,235,235,235,235,235,235,235,235,235,235,235,235,235,235,235,235,235,23780,41675,
754,235,235,235,235,235,235,235,235,235,235,235,235,235,235,235,235,235,235,44259,17956,
755,235,235,235,235,235,235,235,235,235,235,235,235,235,235,235,235,235,235,31841,1776,
756,235,235,235,235,235,235,235,235,235,235,235,235,235,235,235,235,235,235,17704,16889,
757,235,235,235,235,235,235,235,235,235,235,235,235,235,235,235,235,235,235,23100,24038,
758,235,235,235,235,235,235,235,235,235,235,235,235,235,235,235,235,235,235,34893,3226,
759,235,235,235,235,235,235,235,235,235,235,235,235,235,235,235,235,235,235,1789,235,
760,235,235,235,235,235,235,235,235,235,235,235,235,235,235,235,235,235,235,31562,712,
761,235,235,235,235,235,235,235,235,235,235,235,235,235,235,235,235,235,235,27078,28332,
762,235,235,235,235,235,235,235,235,235,235,235,235,235,235,235,235,235,235,18452,11817,
763,235,235,235,235,235,235,235,235,235,235,235,235,235,235,235,235,235,235,24358,41883,
764,235,235,235,235,235,235,235,235,235,235,235,235,235,235,235,235,235,235,3167,11061,
765,235,235,235,235,235,235,235,235,235,235,235,235,235,235,235,235,235,235,24686,913,
766,235,235,235,235,235,235,235,235,235,235,235,235,235,235,235,235,235,235,8399,44382,
767,235,235,235,235,235,235,235,235,235,235,235,235,235,235,235,235,235,235,24641,10734,
768,235,235,235,235,235,235,235,235,235,235,235,235,235,235,235,235,235,235,235,21531,
769,235,235,235,235,235,235,235,235,235,235,235,235,235,235,235,235,235,235,734,19618,
770,235,235,235,235,235,235,235,235,235,235,235,235,235,235,235,235,235,235,235,20585,
771,235,235,235,235,235,235,235,235,235,235,235,235,235,235,235,235,235,235,2293,10022,
772,235,235,235,235,235,235,235,235,235,235,235,235,235,235,235,235,235,235,34333,235,
773,235,235,235,235,235,235,235,235,235,235,235,235,235,235,235,235,235,235,45652,2068,
774,235,235,235,235,235,235,235,235,235,235,235,235,235,235,235,235,235,235,41434,235,
775,235,235,235,4260,235,235,235,235,235,235,235,235,235,4260,235,235,235,235,20218,15722,
776,235,235,235,235,235,235,235,235,235,235,235,235,235,235,235,235,235,235,53388,57659,
777,235,235,235,235,235,235,235,235,235,235,235,235,235,235,235,235,235,235,32749,4784,
778,235,235,235,235,235,235,235,235,235,235,235,235,235,235,235,235,235,235,235,18374,
779,235,235,235,235,235,235,235,235,235,235,235,235,235,235,235,235,235,235,1965,46613,
780,235,235,235,235,235,235,235,235,235,2700,2700,235,235,235,235,235,235,235,12633,35322,
781,235,235,235,235,235,235,235,235,235,235,235,235,235,235,235,235,235,235,235,4640,
782,235,235,235,235,235,235,235,235,235,235,235,235,235,235,235,235,235,235,25857,49432,
783,235,235,235,235,235,235,235,235,235,235,235,235,235,235,235,235,235,235,10052,12764,
784,235,235,235,235,235,235,235,235,235,235,235,235,235,235,235,235,235,235,235,1422,
785,235,235,235,235,235,235,235,235,235,235,235,235,235,235,235,235,235,235,21978,3419,
786,235,235,235,235,235,235,235,235,235,235,235,235,235,235,235,235,235,235,18831,32387,
787,235,235,235,235,235,235,235,235,235,235,235,235,235,235,235,235,235,235,71398,16395,
788,235,235,235,235,235,235,235,235,235,235,235,235,235,235,235,235,235,235,6287,50049,
789,235,235,235,235,235,235,3241,235,235,235,235,235,235,235,235,235,235,235,13274,235,
790,235,235,235,235,235,235,235,235,235,235,235,235,235,235,235,235,235,235,48764,1446,
791,235,235,235,235,235,235,235,235,235,235,235,235,17212,235,235,235,235,235,42520,235,
792,235,235,235,235,235,235,235,235,235,235,235,235,235,235,235,235,235,235,235,5448,
793,235,235,235,235,235,235,235,235,235,235,235,235,235,235,235,235,235,235,907,40348,
794,235,235,235,235,235,235,235,235,235,235,235,235,235,235,235,235,235,235,27099,33664,
795,235,235,235,235,235,235,235,235,235,235,235,235,235,235,235,235,235,235,26519,10275,
796,235,235,235,235,235,235,235,235,235,235,235,235,235,235,235,235,235,235,10651,235,
797,235,235,235,235,235,235,235,235,235,235,235,235,235,235,235,235,235,235,235,6300,
798,235,235,235,235,235,235,235,235,235,235,235,235,235,235,235,235,235,235,17197,2342,
799,235,235,235,235,235,235,235,235,235,235,235,235,235,235,235,235,235,235,34843,235,
800,235,235,235,235,235,235,235,235,235,235,235,235,235,235,235,235,235,235,25288,3745,
801,235,235,235,235,235,235,235,235,235,235,235,235,235,235,235,235,235,235,5944,5594,
802,235,235,235,235,235,235,235,235,235,235,235,235,235,235,235,235,235,235,235,11895,
803,235,235,235,235,235,235,235,235,235,235,235,235,235,235,235,235,235,235,19675,9979,
804,235,235,235,235,235,235,235,235,235,235,235,235,235,235,235,235,235,235,25150,235,
805,235,235,235,235,235,235,235,235,235,235,235,235,235,235,235,235,235,235,6200,42506,
806,235,235,235,235,235,235,235,235,235,235,235,235,235,235,235,235,235,235,1036,22405,
807,235,235,235,235,235,235,235,235,235,235,235,235,235,235,235,235,235,235,235,21079,
808,235,235,235,235,235,235,235,235,235,235,235,235,235,235,235,235,235,235,19890,24332,
809,235,235,235,235,235,235,235,235,900,235,235,235,235,235,235,235,235,235,2220,1100,
810,235,235,235,235,235,235,235,235,235,235,235,235,235,235,235,235,235,235,48767,18175,
811,235,235,235,235,235,235,235,235,235,235,235,235,235,235,235,235,235,235,59475,44461,
812,235,235,235,235,235,235,235,235,235,235,235,235,235,235,235,235,235,235,11359,3967,
813,235,235,235,235,235,235,235,235,235,235,235,235,235,235,235,235,235,235,6570,1109,
814,235,235,235,235,235,235,235,235,235,235,235,235,235,235,235,235,235,235,33406,235,
815,235,235,235,235,235,235,235,235,235,235,235,235,235,235,235,235,235,235,8947,18162,
816,235,235,235,235,235,235,235,235,235,235,235,235,235,235,235,235,235,235,31196,41095,
817,235,235,235,235,235,235,235,235,235,235,235,235,235,235,235,235,235,235,235,11818,
818,235,235,235,235,235,235,235,235,235,235,235,235,235,235,235,235,235,235,38180,25548,
819,235,235,235,235,235,235,235,235,235,235,235,235,235,235,235,235,235,235,31567,51478,
820,235,235,235,235,235,235,235,235,235,235,235,235,235,235,235,235,235,235,24030,3872,
821,235,235,235,235,4303,235,235,235,235,235,235,235,235,235,235,235,235,235,235,4722,
822,235,235,235,235,235,235,235,235,235,235,235,235,235,235,235,235,235,235,6069,42580,
823,235,235,235,235,235,235,235,235,235,235,235,235,235,235,235,235,235,235,16604,46465,
824,235,235,235,235,235,235,235,235,235,235,235,235,235,235,235,235,235,235,235,54369,
825,235,235,235,235,235,235,235,235,235,235,235,235,235,235,235,235,235,235,10683,235,
826,235,235,235,235,235,235,235,235,235,235,235,235,235,235,235,235,235,235,235,17720,
827,235,235,235,235,235,235,235,235,235,235,235,235,235,235,235,235,235,235,235,17721,
828,235,235,235,235,235,235,235,235,235,235,235,235,235,235,235,235,235,235,5997,29061,
829,235,235,235,235,235,235,235,1189,235,235,235,235,235,235,235,235,235,235,53958,6965,
830,235,235,235,235,235,235,235,235,235,235,235,235,235,235,235,235,235,235,50284,18541,
831,235,235,235,235,235,235,235,235,235,235,235,235,235,235,235,235,235,235,37265,36917,
832,235,235,235,235,235,235,235,235,235,235,235,235,235,235,235,235,235,235,11471,12621,
833,235,235,235,235,235,235,235,235,235,235,235,235,235,235,235,235,235,235,12031,8037,
834,235,235,235,235,235,235,235,235,235,235,235,235,235,235,235,235,235,235,28272,26736,
835,235,235,235,235,235,235,235,235,235,235,235,235,6228,235,235,235,235,235,29097,235,
836,235,235,235,235,235,235,235,235,235,235,235,235,235,235,235,235,235,235,34154,39234,
837,235,235,235,235,235,235,235,235,235,235,235,235,235,235,235,235,235,235,2022,235,
838,235,235,235,235,235,235,235,235,235,235,235,235,235,235,235,235,235,235,39471,47556,
839,235,235,235,235,235,235,235,235,235,235,235,235,235,235,235,235,235,235,10206,2262,
840,235,235,235,235,235,235,235,235,235,235,235,235,235,235,235,235,235,235,40399,24592,
841,235,235,235,235,235,235,235,235,235,235,235,235,235,235,235,235,235,235,58983,235,
842,235,235,235,235,235,235,235,235,235,235,235,235,235,235,235,235,235,235,6290,235,
843,235,235,235,235,235,235,235,235,235,235,235,235,235,235,235,235,235,235,235,28366,
844,235,235,235,235,235,235,235,235,235,235,235,235,235,235,235,235,235,235,235,21520,
845,235,235,235,235,235,235,235,235,235,235,235,235,235,235,235,235,235,235,235,26504,
846,235,235,235,235,235,235,235,235,235,235,235,235,235,235,235,235,235,235,235,235,
847,235,235,235,235,235,235,235,235,235,235,235,235,235,235,235,235,235,235,7684,28859,
848,235,235,235,235,235,235,235,4114,235,235,235,235,235,235,3835,235,235,235,23145,29347,
849,235,235,235,235,235,235,235,235,235,235,235,235,235,235,235,235,235,235,24903,235,
850,235,235,235,235,235,235,235,235,235,235,235,235,235,235,235,235,235,235,35504,27878,
851,235,235,235,235,235,235,4946,235,235,235,235,235,235,235,235,235,235,235,235,8797,
852,235,235,235,235,235,235,235,235,235,235,235,235,235,235,235,235,235,235,7558,49422,
853,235,235,235,235,235,235,235,235,235,1459,235,1069,235,235,235,235,235,1459,31658,20667,
854,235,235,235,235,235,235,235,235,235,235,235,235,235,235,625,235,235,235,49101,8532,
855,235,235,235,235,235,235,235,235,235,235,235,235,235,235,235,235,235,11361,4622,30814,
856,235,235,235,235,235,235,235,235,235,235,235,235,235,235,235,235,235,235,50806,11266,
857,235,235,235,235,235,235,235,235,235,235,235,235,235,235,235,235,235,235,17410,31691,
858,235,235,235,235,235,235,235,235,235,235,235,235,235,235,235,235,235,235,235,12917,
859,235,235,235,235,235,235,235,235,235,235,235,235,235,235,235,235,235,235,3623,235,
860,235,235,235,235,235,235,235,235,235,235,235,235,235,235,235,235,235,235,5287,25772,
861,235,235,235,235,235,235,235,235,235,235,235,235,235,235,235,235,235,235,31389,4951,
862,235,235,235,235,235,235,235,235,235,235,235,235,235,235,235,235,235,235,235,235,
863,235,235,235,235,235,235,235,235,235,235,235,235,235,235,235,235,235,235,13214,235,
864,235,235,235,235,235,235,235,235,235,235,235,235,235,235,235,235,235,235,31838,40139,
865,235,235,235,235,235,235,235,235,235,235,235,235,235,235,235,235,235,235,3947,12215,
866,235,235,235,235,235,235,235,235,235,235,235,235,235,235,235,235,235,235,57987,5635,
867,235,235,235,235,235,235,235,235,235,235,235,235,6788,235,235,235,235,235,160,4338,
868,160,235,235,235,235,235,235,235,235,235,160,160,235,160,160,235,235,235,235,3540,
869,160,160,235,160,235,235,235,160,160,235,160,160,160,235,160,235,235,160,9064,235,
870,160,160,160,160,160,160,160,160,160,160,160,160,160,160,160,235,160,160,26081,160,
871,160,160,160,160,160,160,160,160,160,160,160,160,160,160,160,160,160,160,54987,13758,
872,160,160,160,160,160,160,160,160,160,160,160,160,160,160,160,160,160,160,21659,37436,
873,160,160,160,160,160,160,160,160,160,160,160,160,160,160,160,160,160,160,36733,160,
874,160,160,160,160,160,160,160,160,160,160,160,160,160,160,160,160,160,160,3045,26090,
875,160,160,160,160,160,160,160,160,160,160,160,160,160,160,160,160,160,160,36610,44205,
876,160,160,160,160,160,160,160,160,160,160,160,160,160,160,160,160,160,160,53958,17396,
877,160,160,160,160,160,160,160,160,160,160,160,160,160,160,160,160,160,160,160,9753,
878,160,160,160,160,160,160,160,160,160,160,160,160,160,160,160,160,160,160,160,55047,
879,160,160,160,160,160,160,160,160,160,160,160,160,160,160,160,160,160,160,10124,6273,
880,160,160,160,160,160,160,160,160,160,160,160,160,160,160,160,160,160,160,33495,28815,
881,160,160,160,160,160,160,160,160,160,160,160,160,160,160,160,160,160,160,40994,47660,
882,160,160,160,160,160,160,160,160,160,160,160,160,160,160,160,160,160,160,35391,34555,
883,160,160,160,160,160,160,160,160,160,160,160,160,160,160,160,160,160,160,4765,6020,
884,160,160,160,160,160,160,160,160,160,160,160,160,160,160,160,160,160,160,26783,35921,
885,160,160,160,160,160,160,160,160,160,160,160,160,160,160,160,160,160,160,160,160,
886,160,160,160,160,160,160,160,160,160,160,160,160,160,160,160,160,160,160,53034,16250,
887,160,160,160,160,160,160,160,160,160,160,160,160,160,160,160,160,160,160,160,45151,
888,160,160,160,160,160,160,160,160,160,160,160,160,160,160,160,160,160,160,5723,1849,
889,160,160,160,160,160,160,160,160,160,160,160,160,160,160,160,160,160,160,20595,18036,
890,160,160,160,160,160,160,160,160,160,160,160,160,160,160,160,160,160,160,39611,10982,
891,160,160,160,160,160,160,160,160,160,160,160,160,160,160,160,160,160,160,160,53149,
892,160,160,160,160,160,160,160,160,160,160,160,160,160,160,160,160,160,160,13241,15747,
893,160,160,160,160,160,160,160,160,160,160,160,160,160,160,160,160,160,160,1027,43615,
894,160,160,160,160,160,160,160,160,160,160,160,160,160,160,160,160,160,160,51806,4176,
895,160,160,160,160,160,160,160,160,160,160,160,160,160,6832,160,160,160,160,18540,160,
896,160,160,160,160,160,160,160,160,160,160,160,160,160,160,160,160,160,160,40960,42382,
897,160,160,160,160,160,160,160,160,160,160,160,160,160,160,160,160,160,160,57404,49573,
898,160,160,160,160,160,160,160,160,160,160,160,160,12499,160,160,160,160,160,36066,160,
899,160,160,160,160,160,160,160,160,160,160,160,160,160,160,160,160,160,160,18762,2450,
900,160,160,160,160,160,160,160,160,160,160,160,160,160,160,160,160,160,160,2948,42893,
901,160,160,160,160,160,160,160,160,160,160,160,160,160,160,160,160,160,160,160,59142,
902,160,160,160,160,160,160,160,160,160,160,160,160,160,160,160,160,160,160,160,49768,
903,160,160,160,160,160,160,160,160,160,160,160,160,160,160,160,160,160,160,29536,18058,
904,160,160,160,160,160,160,160,160,160,160,160,160,160,160,160,160,160,160,43140,24021,
905,160,160,160,160,160,160,160,160,160,160,160,160,160,160,160,160,160,160,18731,21436,
906,160,160,160,160,160,160,160,160,160,160,160,160,160,160,160,160,160,160,55495,7173,
907,160,160,160,160,160,160,160,160,160,160,160,160,160,160,160,160,160,160,24622,24629,
908,160,160,160,160,160,160,160,160,160,160,160,160,160,160,160,160,6864,160,160,160,
909,160,160,160,160,160,160,160,160,160,160,160,160,160,160,160,160,160,160,15721,37142,
910,160,160,160,160,160,160,160,160,160,160,160,160,160,160,160,160,160,160,31408,608,
911,160,160,160,160,160,160,160,160,160,160,160,160,160,160,160,160,160,160,160,24527,
912,160,160,160,160,160,160,160,160,160,160,160,160,160,160,160,160,160,160,38282,160,
913,160,160,160,160,160,160,160,160,160,160,160,160,160,160,160,160,160,160,11381,21968,
914,160,160,160,160,160,160,160,160,160,160,160,160,160,160,160,160,160,160,35848,18697,
915,160,160,160,160,160,160,160,160,160,160,160,160,160,160,160,160,160,160,42783,1661,
916,160,160,160,160,160,160,160,160,160,160,160,160,160,160,160,160,160,160,26316,24216,
917,160,160,160,160,160,160,160,160,160,160,160,160,160,160,160,160,160,160,33702,32284,
918,160,160,160,160,160,160,160,160,160,160,160,160,160,160,160,160,160,160,24836,13059,
919,160,160,160,160,160,160,160,160,160,160,160,160,160,160,160,160,160,160,25954,45318,
920,160,160,160,160,160,160,160,160,160,160,160,160,160,160,160,160,160,160,32868,44823,
921,160,160,160,160,160,160,160,160,160,160,160,160,6887,160,160,160,160,427,44001,30450,
922,160,160,160,160,160,160,160,160,160,160,160,160,160,160,160,160,160,160,160,160,
923,160,160,160,160,160,160,160,160,160,160,160,160,160,160,160,160,160,160,160,5236,
924,160,160,160,160,160,160,160,160,160,160,160,160,160,160,160,160,160,160,160,18361,
925,160,160,160,160,160,160,160,160,160,160,160,160,160,160,160,160,160,160,53090,25042,
926,160,160,160,160,160,160,160,160,160,160,160,160,160,160,160,160,160,160,39728,36674,
927,160,160,160,160,160,160,160,160,160,160,160,160,160,160,160,160,160,160,53881,24530,
928,160,160,160,160,160,160,160,160,160,160,160,160,160,160,160,160,160,160,51480,160,
929,160,160,160,160,160,160,160,160,160,160,160,160,160,160,160,160,160,160,42682,4516,
930,160,160,160,160,160,160,160,160,18338,160,160,160,160,160,160,160,160,160,160,23656,
931,160,160,160,160,160,160,160,160,160,160,160,160,160,160,160,160,160,160,56014,33435,
932,160,160,160,160,160,160,160,160,160,160,160,160,160,160,160,160,160,160,41969,14073,
933,160,160,160,160,160,160,160,160,160,160,160,160,160,160,160,160,160,160,33187,45802,
934,160,160,160,160,160,160,160,160,160,160,160,160,160,160,160,160,160,160,160,49635,
935,160,160,160,160,160,160,160,160,160,160,160,160,160,160,160,160,160,160,5521,29085,
936,160,160,160,160,160,160,160,160,160,160,160,160,160,160,160,160,160,160,43844,34621,
937,160,160,160,160,160,160,160,160,160,160,160,160,160,160,160,160,160,160,42283,160,
938,160,160,160,160,160,160,160,160,160,160,160,160,160,160,160,160,160,160,12569,33291,
939,160,160,160,160,160,160,160,160,160,160,160,160,160,160,160,160,160,160,43491,28787,
940,160,160,160,160,160,160,160,160,160,160,160,160,160,160,160,160,160,160,44004,14946,
941,160,160,160,160,160,160,160,160,160,160,160,160,160,160,160,160,160,160,160,35144,
942,160,160,160,160,160,160,160,160,160,160,160,160,160,160,160,160,160,160,44178,160,
943,160,160,160,160,160,160,160,160,160,160,160,160,160,160,160,160,160,160,57247,36091,
944,160,160,160,160,160,160,160,160,160,15066,160,160,160,160,160,160,160,160,518,46964,
945,160,160,160,160,160,160,160,160,160,160,160,160,160,160,160,160,160,160,1954,160,
946,160,160,160,160,160,160,160,160,160,160,160,160,160,160,160,160,160,160,46798,22545,
947,160,160,160,160,160,160,160,160,160,160,160,160,160,160,160,160,160,160,23891,2192,
948,160,160,160,160,160,160,160,160,160,160,160,160,160,160,160,160,160,160,15360,35195,
949,160,160,160,160,160,160,160,160,160,160,160,160,160,160,160,160,160,160,160,29200,
950,160,160,160,160,160,160,160,160,160,160,160,160,160,160,160,160,160,160,160,160,
951,160,160,160,160,160,160,160,160,160,160,160,160,160,160,160,160,160,160,10056,26127,
952,160,160,160,160,160,160,160,160,160,160,160,160,160,160,160,160,160,160,12704,160,
953,160,160,160,160,160,160,160,160,160,160,160,160,160,160,160,160,160,160,43888,160,
954,160,160,160,160,160,160,160,160,160,160,160,160,160,160,160,160,160,160,25961,24977,
955,160,160,160,160,160,160,160,160,160,160,160,160,160,160,160,160,160,160,160,160,
956,160,160,160,160,160,160,160,160,160,160,160,160,160,160,160,160,160,160,12585,160,
957,160,160,160,160,160,160,160,160,160,160,160,160,160,160,160,160,160,160,58131,160,
958,160,160,160,160,160,160,5661,160,160,160,160,160,160,160,160,160,160,160,24739,45561,
959,160,160,160,160,160,160,160,160,160,160,160,160,160,160,160,160,160,160,3477,25690,
960,160,160,160,160,160,160,160,160,160,160,160,160,160,160,160,160,160,160,47046,160,
961,160,160,160,160,160,160,160,160,160,160,160,160,160,160,160,160,160,160,37572,18817,
962,160,160,160,160,160,160,160,160,160,160,160,160,160,160,160,160,160,160,3473,160,
963,160,160,160,160,160,160,160,160,160,160,160,160,160,160,160,160,160,160,8958,27681,
964,160,160,160,160,160,160,160,160,160,160,160,160,160,160,160,160,160,160,272,23796,
965,160,160,160,160,160,160,160,160,160,160,160,160,160,160,160,160,160,160,160,160,
966,160,160,160,160,160,160,160,160,160,160,160,160,160,160,160,160,160,160,37435,34542,
967,160,160,160,160,160,11897,160,160,160,160,160,160,160,160,160,160,160,160,18336,8581,
968,160,160,160,160,160,160,160,160,160,160,160,160,160,160,160,160,160,160,160,160,
969,160,160,160,160,160,160,160,160,160,160,160,160,160,160,160,160,160,160,5760,36347,
970,160,160,160,160,160,160,160,160,160,160,160,160,160,160,160,160,160,160,29369,29876,
971,160,160,160,160,160,160,160,160,160,160,160,160,160,160,160,160,160,160,3364,36989,
972,160,160,160,160,160,160,160,160,160,160,160,160,160,160,160,160,160,160,42016,160,
973,160,160,160,160,160,160,160,160,160,160,160,160,160,160,160,160,160,160,33535,23492,
974,160,160,160,160,160,160,160,160,160,160,160,160,160,160,160,160,160,160,53486,28519,
975,160,160,160,160,160,160,160,160,160,160,160,160,160,160,160,160,160,160,3647,12599,
976,160,160,160,160,160,160,160,160,160,160,160,160,160,160,160,160,160,160,48066,53126,
977,160,160,160,160,160,160,160,160,21825,160,160,21825,160,160,160,160,160,160,160,29919,
978,160,160,160,160,160,160,160,160,160,160,160,160,160,160,160,160,160,160,1415,52482,
979,160,160,160,160,160,160,160,160,160,160,160,160,160,160,160,160,160,160,160,20417,
980,160,160,160,160,160,160,160,160,160,160,160,160,160,160,160,160,160,160,47205,35493,
981,160,160,160,160,160,160,160,160,160,160,160,160,160,160,160,160,160,160,32259,41333,
982,160,160,160,160,160,160,160,160,160,160,160,160,160,160,160,160,160,160,160,160,
983,160,160,160,160,160,160,160,160,160,160,160,160,160,160,160,160,160,160,160,41214,
984,160,160,160,160,160,160,160,160,160,160,160,160,160,160,160,160,160,160,160,32154,
985,160,160,160,160,160,160,160,160,160,160,160,160,160,160,160,160,160,160,160,160,
986,160,160,160,160,160,160,160,160,160,160,160,160,160,160,160,160,160,160,48710,42103,
987,160,160,160,160,160,160,160,160,160,160,160,160,160,160,160,160,160,160,25798,2804,
988,160,160,160,160,160,160,160,160,160,160,160,160,160,160,160,160,160,160,33933,43760,
989,160,160,160,160,160,160,160,160,160,160,160,160,160,160,160,160,160,160,160,160,
990,160,160,160,160,160,160,160,160,160,160,160,160,160,160,160,160,160,160,21066,8020,
991,160,160,160,160,160,160,160,160,160,160,160,160,160,160,160,160,160,160,18459,45836,
992,160,160,160,160,160,160,160,160,160,160,160,160,160,160,160,160,160,160,48836,160,
993,160,160,160,160,160,160,160,160,160,160,160,160,160,160,160,160,160,160,38336,21570,
994,160,160,160,160,160,160,160,160,160,160,160,160,160,160,160,160,160,160,11995,8099,
995,160,160,160,160,160,160,160,160,160,160,160,160,160,160,160,160,160,160,160,53887,
996,160,160,160,160,160,160,160,160,160,160,160,160,160,160,160,160,160,160,56194,51424,
997,160,160,160,160,160,160,160,160,160,160,160,160,160,160,160,160,160,160,50764,160,
998,160,160,160,160,160,160,160,160,160,160,160,160,160,160,160,160,160,160,160,25570,
999,160,160,160,160,160,160,160,160,160,160,160,160,2993,160,160,160,160,160,23981,44010,
1000,160,160,160,1573,160,160,160,160,160,160,160,160,160,160,160,160,160,160,160,35984,
