1,19892,44275,44560,11557,27433,47568,24353,33326,15732,6366,45336,46669,7211,41264,31701,36782,49462,35303,21260,45029,13636,34092,17124,12219,47075,45433,46736,15217,39303,47328,35505,43180,5551,8934,32599,48959,48121,36778,2868,18555,30327,49239,23978,17946,13707,8167,40955,18958,42693,39557,7363,28362,44765,40079,14291,46137,25694,1277,11749,47910,39033,9867,29981,34557,26746,39848,4632,32216,3140,27554,29626,43886,22528,21486,24211,25369,37046,36962,26341,42233,
2,19892,44275,44560,11557,27433,47568,24353,33326,15732,6366,45336,46669,7211,41264,31701,36782,49462,35303,21260,45029,13636,34092,17124,12219,47075,45433,46736,15217,39303,47328,35505,43180,5551,8934,32599,48959,48121,36778,2868,18555,30327,49239,23978,17946,13707,8167,40955,18958,42693,39557,7363,28362,44765,40079,14291,46137,25694,1277,11749,47910,39033,9867,29981,34557,26746,39848,4632,32216,3140,27554,29626,43886,4823,8252,36803,15941,15570,5791,19664,14750,
3,19892,44275,44560,11557,27433,47568,24353,33326,15732,6366,45336,46669,7211,41264,31701,36782,49462,35303,21260,45029,13636,34092,17124,12219,47075,45433,46736,15217,39303,47328,35505,43180,5551,8934,32599,48959,48121,36778,2868,18555,30327,49239,23978,17946,13707,8167,40955,18958,42693,39557,7363,28362,44765,40079,14291,46137,25694,1277,11749,47910,39033,9867,29981,34557,26746,39848,4632,32216,3140,27554,29626,43886,5715,18282,19185,15019,23239,11455,15470,37422,
4,19892,44275,44560,11557,27433,47568,24353,33326,15732,6366,45336,46669,7211,41264,31701,36782,49462,35303,21260,45029,13636,34092,17124,12219,47075,45433,46736,15217,39303,47328,35505,43180,5551,8934,32599,48959,48121,36778,2868,18555,30327,49239,23978,17946,13707,8167,40955,18958,42693,39557,7363,28362,44765,40079,14291,46137,25694,1277,11749,47910,39033,9867,29981,34557,26746,39848,4632,32216,3140,27554,29626,43886,24823,15161,14777,19080,14691,37241,20299,17930,
5,19892,44275,44560,11557,27433,47568,24353,33326,15732,6366,45336,46669,7211,41264,31701,36782,49462,35303,21260,45029,13636,34092,17124,12219,47075,45433,46736,15217,39303,47328,35505,43180,5551,8934,32599,48959,48121,36778,2868,18555,30327,49239,23978,17946,13707,8167,40955,18958,42693,39557,7363,28362,44765,40079,14291,46137,25694,1277,11749,47910,39033,9867,29981,34557,26746,39848,4632,32216,3140,27554,29626,43886,1835,14005,5935,15422,12634,5163,3161,23153,
6,19892,44275,44560,11557,27433,47568,24353,33326,15732,6366,45336,46669,7211,41264,31701,36782,49462,35303,21260,45029,13636,34092,17124,12219,47075,45433,46736,15217,39303,47328,35505,43180,5551,8934,32599,48959,48121,36778,2868,18555,30327,49239,23978,17946,13707,8167,40955,18958,42693,39557,7363,28362,44765,40079,14291,46137,25694,1277,11749,47910,39033,9867,29981,34557,26746,39848,4632,32216,3140,27554,29626,43886,4040,15127,7946,28353,10776,487,19617,3471,
7,19892,44275,44560,11557,27433,47568,24353,33326,15732,6366,45336,46669,7211,41264,31701,36782,49462,35303,21260,45029,13636,34092,17124,12219,47075,45433,46736,15217,39303,47328,35505,43180,5551,8934,32599,48959,48121,36778,2868,18555,30327,49239,23978,17946,13707,8167,40955,18958,42693,39557,7363,28362,44765,40079,14291,46137,25694,1277,11749,47910,39033,9867,29981,34557,26746,39848,4632,32216,3140,27554,29626,43886,2936,19605,1842,43747,1103,46391,28445,21122,
8,19892,44275,44560,11557,27433,47568,24353,33326,15732,6366,45336,46669,7211,41264,31701,36782,49462,35303,21260,45029,13636,34092,17124,12219,47075,45433,46736,15217,39303,47328,35505,43180,5551,8934,32599,48959,48121,36778,2868,18555,30327,49239,23978,17946,13707,8167,40955,18958,42693,39557,7363,28362,44765,40079,14291,46137,25694,1277,11749,47910,39033,9867,29981,34557,26746,39848,4632,32216,3140,27554,29626,43886,39660,21700,18676,3881,21980,2268,5336,20920,
9,19892,44275,44560,11557,27433,47568,24353,33326,15732,6366,45336,46669,7211,41264,31701,36782,49462,35303,21260,45029,13636,34092,17124,12219,47075,45433,46736,15217,39303,47328,35505,43180,5551,8934,32599,48959,48121,36778,2868,18555,30327,49239,23978,17946,13707,8167,40955,18958,42693,39557,7363,28362,44765,40079,14291,46137,25694,1277,11749,47910,39033,9867,29981,34557,26746,39848,4632,32216,3140,27554,29626,43886,2019,18808,18952,21200,17676,18604,8480,10659,
10,19892,44275,44560,11557,27433,47568,24353,33326,15732,6366,45336,46669,7211,41264,31701,36782,49462,35303,21260,45029,13636,34092,17124,12219,47075,45433,46736,15217,39303,47328,35505,43180,5551,8934,32599,48959,48121,36778,2868,18555,30327,49239,23978,17946,13707,8167,40955,18958,42693,39557,7363,28362,44765,40079,14291,46137,25694,1277,11749,47910,39033,9867,29981,34557,26746,39848,4632,32216,3140,27554,29626,43886,2019,5754,3158,5712,15464,28073,19174,17271,
11,19892,44275,44560,11557,27433,47568,24353,33326,15732,6366,45336,46669,7211,41264,31701,36782,49462,35303,21260,45029,13636,34092,17124,12219,47075,45433,46736,15217,39303,47328,35505,43180,5551,8934,32599,48959,48121,36778,2868,18555,30327,49239,23978,17946,13707,8167,40955,18958,42693,39557,7363,28362,44765,40079,14291,46137,25694,1277,11749,47910,39033,9867,29981,34557,26746,39848,4632,32216,3140,27554,29626,43886,16456,16380,16246,38799,19790,5945,30216,38009,
12,19892,44275,44560,11557,27433,47568,24353,33326,15732,6366,45336,46669,7211,41264,31701,36782,49462,35303,21260,45029,13636,34092,17124,12219,47075,45433,46736,15217,39303,47328,35505,43180,5551,8934,32599,48959,48121,36778,2868,18555,30327,49239,23978,17946,13707,8167,40955,18958,42693,39557,7363,28362,44765,40079,14291,46137,25694,1277,11749,47910,39033,9867,29981,34557,26746,39848,4632,32216,3140,27554,29626,43886,24749,20802,8335,3198,9353,10745,14464,8556,
13,19892,44275,44560,11557,27433,47568,24353,33326,15732,6366,45336,46669,7211,41264,31701,36782,49462,35303,21260,45029,13636,34092,17124,12219,47075,45433,46736,15217,39303,47328,35505,43180,5551,8934,32599,48959,48121,36778,2868,18555,30327,49239,23978,17946,13707,8167,40955,18958,42693,39557,7363,28362,44765,40079,14291,46137,25694,1277,11749,47910,39033,9867,29981,34557,26746,39848,4632,32216,3140,27554,29626,43886,36957,2028,28279,3544,2131,26404,2062,5169,
14,19892,44275,44560,11557,27433,47568,24353,33326,15732,6366,45336,46669,7211,41264,31701,36782,49462,35303,21260,45029,13636,34092,17124,12219,47075,45433,46736,15217,39303,47328,35505,43180,5551,8934,32599,48959,48121,36778,2868,18555,30327,49239,23978,17946,13707,8167,40955,18958,42693,39557,7363,28362,44765,40079,14291,46137,25694,1277,11749,47910,39033,9867,29981,34557,26746,39848,4632,32216,3140,27554,29626,43886,1591,32598,739,14922,24824,19148,2220,9540,
15,19892,44275,44560,11557,27433,47568,24353,33326,15732,6366,45336,46669,7211,41264,31701,36782,49462,35303,21260,45029,13636,34092,17124,12219,47075,45433,46736,15217,39303,47328,35505,43180,5551,8934,32599,48959,48121,36778,2868,18555,30327,49239,23978,17946,13707,8167,40955,18958,42693,39557,7363,28362,44765,40079,14291,46137,25694,1277,11749,47910,39033,9867,29981,34557,26746,39848,4632,32216,3140,27554,29626,43886,10267,4177,739,5448,15990,26096,11428,6810,
16,19892,44275,44560,11557,27433,47568,24353,33326,15732,6366,45336,46669,7211,41264,31701,36782,49462,35303,21260,45029,13636,34092,17124,12219,47075,45433,46736,15217,39303,47328,35505,43180,5551,8934,32599,48959,48121,36778,2868,18555,30327,49239,23978,17946,13707,8167,40955,18958,42693,39557,7363,28362,44765,40079,14291,46137,25694,1277,11749,47910,39033,9867,29981,34557,26746,39848,4632,32216,3140,27554,29626,43886,11647,981,1184,18397,29440,27466,5289,11928,
17,19892,44275,44560,11557,27433,47568,24353,33326,15732,6366,45336,46669,7211,41264,31701,36782,49462,35303,21260,45029,13636,34092,17124,12219,47075,45433,46736,15217,39303,47328,35505,43180,5551,8934,32599,48959,48121,36778,2868,18555,30327,49239,23978,17946,13707,8167,40955,18958,42693,39557,7363,28362,44765,40079,14291,46137,25694,1277,11749,47910,39033,9867,29981,34557,26746,39848,4632,32216,3140,27554,29626,43886,13450,981,4785,1430,20287,17894,43717,5088,
18,19892,44275,44560,11557,27433,47568,24353,33326,15732,6366,45336,46669,7211,41264,31701,36782,49462,35303,21260,45029,13636,34092,17124,12219,47075,45433,46736,15217,39303,47328,35505,43180,5551,8934,32599,48959,48121,36778,2868,18555,30327,49239,23978,17946,13707,8167,40955,18958,42693,39557,7363,28362,44765,40079,14291,46137,25694,1277,11749,47910,39033,9867,29981,34557,26746,39848,4632,32216,3140,27554,29626,43886,12324,668,17841,11086,22002,4091,4630,25132,
19,19892,44275,44560,11557,27433,47568,24353,33326,15732,6366,45336,46669,7211,41264,31701,36782,49462,35303,21260,45029,13636,34092,17124,12219,47075,45433,46736,15217,39303,47328,35505,43180,5551,8934,32599,48959,48121,36778,2868,18555,30327,49239,23978,17946,13707,8167,40955,18958,42693,39557,7363,28362,44765,40079,14291,46137,25694,1277,11749,47910,39033,9867,29981,34557,26746,39848,4632,32216,3140,27554,29626,43886,33730,13356,14703,1666,33004,6853,5785,27997,
20,19892,44275,44560,11557,27433,47568,24353,33326,15732,6366,45336,46669,7211,41264,31701,36782,49462,35303,21260,45029,13636,34092,17124,12219,47075,45433,46736,15217,39303,47328,35505,43180,5551,8934,32599,48959,48121,36778,2868,18555,30327,49239,23978,17946,13707,8167,40955,18958,42693,39557,7363,28362,44765,40079,14291,46137,25694,1277,11749,47910,39033,9867,29981,34557,26746,39848,4632,32216,3140,27554,29626,43886,8454,26044,18552,9151,409,5508,28506,10432,
21,19892,44275,44560,11557,27433,47568,24353,33326,15732,6366,45336,46669,7211,41264,31701,36782,49462,35303,21260,45029,13636,34092,17124,12219,47075,45433,46736,15217,39303,47328,35505,43180,5551,8934,32599,48959,48121,36778,2868,18555,30327,49239,23978,17946,13707,8167,40955,18958,42693,39557,7363,28362,44765,40079,14291,46137,25694,1277,11749,47910,39033,9867,29981,34557,26746,39848,4632,32216,3140,27554,29626,43886,12388,35000,32632,841,35564,6863,1284,7348,
22,19892,44275,44560,11557,27433,47568,24353,33326,15732,6366,45336,46669,7211,41264,31701,36782,49462,35303,21260,45029,13636,34092,17124,12219,47075,45433,46736,15217,39303,47328,35505,43180,5551,8934,32599,48959,48121,36778,2868,18555,30327,49239,23978,17946,13707,8167,40955,18958,42693,39557,7363,28362,44765,40079,14291,46137,25694,1277,11749,47910,39033,9867,29981,34557,26746,39848,4632,32216,3140,27554,29626,43886,35281,4699,18341,13547,3654,1981,3302,3450,
23,19892,44275,44560,11557,27433,47568,24353,33326,15732,6366,45336,46669,7211,41264,31701,36782,49462,35303,21260,45029,13636,34092,17124,12219,47075,45433,46736,15217,39303,47328,35505,43180,5551,8934,32599,48959,48121,36778,2868,18555,30327,49239,23978,17946,13707,8167,40955,18958,42693,39557,7363,28362,44765,40079,14291,46137,25694,1277,11749,47910,39033,9867,29981,34557,26746,39848,4632,32216,3140,27554,29626,43886,31575,33015,14008,19819,17012,13483,3956,3139,
24,19892,44275,44560,11557,27433,47568,24353,33326,15732,6366,45336,46669,7211,41264,31701,36782,49462,35303,21260,45029,13636,34092,17124,12219,47075,45433,46736,15217,39303,47328,35505,43180,5551,8934,32599,48959,48121,36778,2868,18555,30327,49239,23978,17946,13707,8167,40955,18958,42693,39557,7363,28362,44765,40079,14291,46137,25694,1277,11749,47910,39033,9867,29981,34557,26746,39848,4632,32216,3140,27554,29626,43886,4555,7024,5288,28780,13541,4252,46037,3496,
25,19892,44275,44560,11557,27433,47568,24353,33326,15732,6366,45336,46669,7211,41264,31701,36782,49462,35303,21260,45029,13636,34092,17124,12219,47075,45433,46736,15217,39303,47328,35505,43180,5551,8934,32599,48959,48121,36778,2868,18555,30327,49239,23978,17946,13707,8167,40955,18958,42693,39557,7363,28362,44765,40079,14291,46137,25694,1277,11749,47910,39033,9867,29981,34557,26746,39848,4632,32216,3140,27554,29626,43886,41789,6529,5341,7983,12787,30530,28890,12575,
26,19892,44275,44560,11557,27433,47568,24353,33326,15732,6366,45336,46669,7211,41264,31701,36782,49462,35303,21260,45029,13636,34092,17124,12219,47075,45433,46736,15217,39303,47328,35505,43180,5551,8934,32599,48959,48121,36778,2868,18555,30327,49239,23978,17946,13707,8167,40955,18958,42693,39557,7363,28362,44765,40079,14291,46137,25694,1277,11749,47910,39033,9867,29981,34557,26746,39848,4632,32216,3140,27554,29626,43886,12987,6572,7112,6718,22195,15023,33295,18933,
27,19892,44275,44560,11557,27433,47568,24353,33326,15732,6366,45336,46669,7211,41264,31701,36782,49462,35303,21260,45029,13636,34092,17124,12219,47075,45433,46736,15217,39303,47328,35505,43180,5551,8934,32599,48959,48121,36778,2868,18555,30327,49239,23978,17946,13707,8167,40955,18958,42693,39557,7363,28362,44765,40079,14291,46137,25694,1277,11749,47910,39033,9867,29981,34557,26746,39848,4632,32216,3140,27554,29626,43886,5226,1275,47760,7439,34397,4543,2490,20350,
28,19892,44275,44560,11557,27433,47568,24353,33326,15732,6366,45336,46669,7211,41264,31701,36782,49462,35303,21260,45029,13636,34092,17124,12219,47075,45433,46736,15217,39303,47328,35505,43180,5551,8934,32599,48959,48121,36778,2868,18555,30327,49239,23978,17946,13707,8167,40955,18958,42693,39557,7363,28362,44765,40079,14291,46137,25694,1277,11749,47910,39033,9867,29981,34557,26746,39848,4632,32216,3140,27554,29626,43886,12457,4288,14024,26224,25874,1318,3229,3042,
29,19892,44275,44560,11557,27433,47568,24353,33326,15732,6366,45336,46669,7211,41264,31701,36782,49462,35303,21260,45029,13636,34092,17124,12219,47075,45433,46736,15217,39303,47328,35505,43180,5551,8934,32599,48959,48121,36778,2868,18555,30327,49239,23978,17946,13707,8167,40955,18958,42693,39557,7363,28362,44765,40079,14291,46137,25694,1277,11749,47910,39033,9867,29981,34557,26746,39848,4632,32216,3140,27554,29626,43886,29361,10276,4196,11267,31118,1174,3962,30304,
30,19892,44275,44560,11557,27433,47568,24353,33326,15732,6366,45336,46669,7211,41264,31701,36782,49462,35303,21260,45029,13636,34092,17124,12219,47075,45433,46736,15217,39303,47328,35505,43180,5551,8934,32599,48959,48121,36778,2868,18555,30327,49239,23978,17946,13707,8167,40955,18958,42693,39557,7363,28362,44765,40079,14291,46137,25694,1277,11749,47910,39033,9867,29981,34557,26746,39848,4632,32216,3140,27554,29626,43886,41329,8816,28896,2686,31904,9548,25777,7061,
31,19892,44275,44560,11557,27433,47568,24353,33326,15732,6366,45336,46669,7211,41264,31701,36782,49462,35303,21260,45029,13636,34092,17124,12219,47075,45433,46736,15217,39303,47328,35505,43180,5551,8934,32599,48959,48121,36778,2868,18555,30327,49239,23978,17946,13707,8167,40955,18958,42693,39557,7363,28362,44765,40079,14291,46137,25694,1277,11749,47910,39033,9867,29981,34557,26746,39848,4632,32216,3140,27554,29626,43886,4923,14977,38356,36637,7163,11847,2367,30438,
32,19892,44275,44560,11557,27433,47568,24353,33326,15732,6366,45336,46669,7211,41264,31701,36782,49462,35303,21260,45029,13636,34092,17124,12219,47075,45433,46736,15217,39303,47328,35505,43180,5551,8934,32599,48959,48121,36778,2868,18555,30327,49239,23978,17946,13707,8167,40955,18958,42693,39557,7363,28362,44765,40079,14291,46137,25694,1277,11749,47910,39033,9867,29981,34557,26746,39848,4632,32216,3140,27554,29626,43886,10189,32394,45933,14058,35170,20451,21581,27948,
33,19892,44275,44560,11557,27433,47568,24353,33326,15732,6366,45336,46669,7211,41264,31701,36782,49462,35303,21260,45029,13636,34092,17124,12219,47075,45433,46736,15217,39303,47328,35505,43180,5551,8934,32599,48959,48121,36778,2868,18555,30327,49239,23978,17946,13707,8167,40955,18958,42693,39557,7363,28362,44765,40079,14291,46137,25694,1277,11749,47910,39033,9867,29981,34557,26746,39848,4632,32216,3140,27554,29626,43886,7802,32701,2905,19381,34386,2297,45463,23695,
34,19892,44275,44560,11557,27433,47568,24353,33326,15732,6366,45336,46669,7211,41264,31701,36782,49462,35303,21260,45029,13636,34092,17124,12219,47075,45433,46736,15217,39303,47328,35505,43180,5551,8934,32599,48959,48121,36778,2868,18555,30327,49239,23978,17946,13707,8167,40955,18958,42693,39557,7363,28362,44765,40079,14291,46137,25694,1277,11749,47910,39033,9867,29981,34557,26746,39848,4632,32216,3140,27554,29626,43886,14758,21110,1613,12883,1266,1428,2121,7334,
35,19892,44275,44560,11557,27433,47568,24353,33326,15732,6366,45336,46669,7211,41264,31701,36782,49462,35303,21260,45029,13636,34092,17124,12219,47075,45433,46736,15217,39303,47328,35505,43180,5551,8934,32599,48959,48121,36778,2868,18555,30327,49239,23978,17946,13707,8167,40955,18958,42693,39557,7363,28362,44765,40079,14291,46137,25694,1277,11749,47910,39033,9867,29981,34557,26746,39848,4632,32216,3140,27554,29626,43886,503,20765,1613,4414,9438,23144,9478,33674,
36,19892,44275,44560,11557,27433,47568,24353,33326,15732,6366,45336,46669,7211,41264,31701,36782,49462,35303,21260,45029,13636,34092,17124,12219,47075,45433,46736,15217,39303,47328,35505,43180,5551,8934,32599,48959,48121,36778,2868,18555,30327,49239,23978,17946,13707,8167,40955,18958,42693,39557,7363,28362,44765,40079,14291,46137,25694,1277,11749,47910,39033,9867,29981,34557,26746,39848,4632,32216,3140,27554,29626,43886,11408,17870,2162,17523,4347,411,13896,8149,
37,19892,44275,44560,11557,27433,47568,24353,33326,15732,6366,45336,46669,7211,41264,31701,36782,49462,35303,21260,45029,13636,34092,17124,12219,47075,45433,46736,15217,39303,47328,35505,43180,5551,8934,32599,48959,48121,36778,2868,18555,30327,49239,23978,17946,13707,8167,40955,18958,42693,39557,7363,28362,44765,40079,14291,46137,25694,1277,11749,47910,39033,9867,29981,34557,26746,39848,4632,32216,3140,27554,29626,43886,13824,1053,7588,24234,12536,56256,28068,4073,
38,19892,44275,44560,11557,27433,47568,24353,33326,15732,6366,45336,46669,7211,41264,31701,36782,49462,35303,21260,45029,13636,34092,17124,12219,47075,45433,46736,15217,39303,47328,35505,43180,5551,8934,32599,48959,48121,36778,2868,18555,30327,49239,23978,17946,13707,8167,40955,18958,42693,39557,7363,28362,44765,40079,14291,46137,25694,1277,11749,47910,39033,9867,29981,34557,26746,39848,4632,32216,3140,27554,29626,43886,6960,2972,919,5471,2391,16705,13241,3906,
39,19892,44275,44560,11557,27433,47568,24353,33326,15732,6366,45336,46669,7211,41264,31701,36782,49462,35303,21260,45029,13636,34092,17124,12219,47075,45433,46736,15217,39303,47328,35505,43180,5551,8934,32599,48959,48121,36778,2868,18555,30327,49239,23978,17946,13707,8167,40955,18958,42693,39557,7363,28362,44765,40079,14291,46137,25694,1277,11749,47910,39033,9867,29981,34557,26746,39848,4632,32216,3140,27554,29626,43886,3854,3318,11588,3483,2714,28215,16172,11921,
40,19892,44275,44560,11557,27433,47568,24353,33326,15732,6366,45336,46669,7211,41264,31701,36782,49462,35303,21260,45029,13636,34092,17124,12219,47075,45433,46736,15217,39303,47328,35505,43180,5551,8934,32599,48959,48121,36778,2868,18555,30327,49239,23978,17946,13707,8167,40955,18958,42693,39557,7363,28362,44765,40079,14291,46137,25694,1277,11749,47910,39033,9867,29981,34557,26746,39848,4632,32216,3140,27554,29626,43886,1037,4410,28281,17121,19813,28215,10029,24600,
41,19892,44275,44560,11557,27433,47568,24353,33326,15732,6366,45336,46669,7211,41264,31701,36782,49462,35303,21260,45029,13636,34092,17124,12219,47075,45433,46736,15217,39303,47328,35505,43180,5551,8934,32599,48959,48121,36778,2868,18555,30327,49239,23978,17946,13707,8167,40955,18958,42693,39557,7363,28362,44765,40079,14291,46137,25694,1277,11749,47910,39033,9867,29981,34557,26746,39848,4632,32216,3140,27554,29626,43886,1799,4291,17427,28449,954,37905,16380,9047,
42,19892,44275,44560,11557,27433,47568,24353,33326,15732,6366,45336,46669,7211,41264,31701,36782,49462,35303,21260,45029,13636,34092,17124,12219,47075,45433,46736,15217,39303,47328,35505,43180,5551,8934,32599,48959,48121,36778,2868,18555,30327,49239,23978,17946,13707,8167,40955,18958,42693,39557,7363,28362,44765,40079,14291,46137,25694,1277,11749,47910,39033,9867,29981,34557,26746,39848,4632,32216,3140,27554,29626,43886,3982,20580,28484,45470,10135,13456,7561,16352,
43,19892,44275,44560,11557,27433,47568,24353,33326,15732,6366,45336,46669,7211,41264,31701,36782,49462,35303,21260,45029,13636,34092,17124,12219,47075,45433,46736,15217,39303,47328,35505,43180,5551,8934,32599,48959,48121,36778,2868,18555,30327,49239,23978,17946,13707,8167,40955,18958,42693,39557,7363,28362,44765,40079,14291,46137,25694,1277,11749,47910,39033,9867,29981,34557,26746,39848,4632,32216,3140,27554,29626,43886,11489,20337,10556,37724,12239,22839,7328,1115,
44,19892,44275,44560,11557,27433,47568,24353,33326,15732,6366,45336,46669,7211,41264,31701,36782,49462,35303,21260,45029,13636,34092,17124,12219,47075,45433,46736,15217,39303,47328,35505,43180,5551,8934,32599,48959,48121,36778,2868,18555,30327,49239,23978,17946,13707,8167,40955,18958,42693,39557,7363,28362,44765,40079,14291,46137,25694,1277,11749,47910,39033,9867,29981,34557,26746,39848,4632,32216,3140,27554,29626,43886,812,18302,37793,23086,42082,15012,19273,2379,
45,19892,44275,44560,11557,27433,47568,24353,33326,15732,6366,45336,46669,7211,41264,31701,36782,49462,35303,21260,45029,13636,34092,17124,12219,47075,45433,46736,15217,39303,47328,35505,43180,5551,8934,32599,48959,48121,36778,2868,18555,30327,49239,23978,17946,13707,8167,40955,18958,42693,39557,7363,28362,44765,40079,14291,46137,25694,1277,11749,47910,39033,9867,29981,34557,26746,39848,4632,32216,3140,27554,29626,43886,19746,772,26304,24759,1459,10841,18513,21017,
46,19892,44275,44560,11557,27433,47568,24353,33326,15732,6366,45336,46669,7211,41264,31701,36782,49462,35303,21260,45029,13636,34092,17124,12219,47075,45433,46736,15217,39303,47328,35505,43180,5551,8934,32599,48959,48121,36778,2868,18555,30327,49239,23978,17946,13707,8167,40955,18958,42693,39557,7363,28362,44765,40079,14291,46137,25694,1277,11749,47910,39033,9867,29981,34557,26746,39848,4632,32216,3140,27554,29626,43886,11028,40654,3910,18021,10840,10575,14471,17220,
47,19892,44275,44560,11557,27433,47568,24353,33326,15732,6366,45336,46669,7211,41264,31701,36782,49462,35303,21260,45029,13636,34092,17124,12219,47075,45433,46736,15217,39303,47328,35505,43180,5551,8934,32599,48959,48121,36778,2868,18555,30327,49239,23978,17946,13707,8167,40955,18958,42693,39557,7363,28362,44765,40079,14291,46137,25694,1277,11749,47910,39033,9867,29981,34557,26746,39848,4632,32216,3140,27554,29626,43886,15323,3015,9452,8382,1730,24923,6784,14965,
48,19892,44275,44560,11557,27433,47568,24353,33326,15732,6366,45336,46669,7211,41264,31701,36782,49462,35303,21260,45029,13636,34092,17124,12219,47075,45433,46736,15217,39303,47328,35505,43180,5551,8934,32599,48959,48121,36778,2868,18555,30327,49239,23978,17946,13707,8167,40955,18958,42693,39557,7363,28362,44765,40079,14291,46137,25694,1277,11749,47910,39033,9867,29981,34557,26746,39848,4632,32216,3140,27554,29626,43886,15918,2296,15010,38160,10076,31902,5653,14220,
49,19892,44275,44560,11557,27433,47568,24353,33326,15732,6366,45336,46669,7211,41264,31701,36782,49462,35303,21260,45029,13636,34092,17124,12219,47075,45433,46736,15217,39303,47328,35505,43180,5551,8934,32599,48959,48121,36778,2868,18555,30327,49239,23978,17946,13707,8167,40955,18958,42693,39557,7363,28362,44765,40079,14291,46137,25694,1277,11749,47910,39033,9867,29981,34557,26746,39848,4632,32216,3140,27554,29626,43886,1516,2296,6221,6034,10076,13604,17917,1649,
50,19892,44275,44560,11557,27433,47568,24353,33326,15732,6366,45336,46669,7211,41264,31701,36782,49462,35303,21260,45029,13636,34092,17124,12219,47075,45433,46736,15217,39303,47328,35505,43180,5551,8934,32599,48959,48121,36778,2868,18555,30327,49239,23978,17946,13707,8167,40955,18958,42693,39557,7363,28362,44765,40079,14291,46137,25694,1277,11749,47910,39033,9867,29981,34557,26746,39848,4632,32216,3140,27554,29626,43886,4503,6517,3185,4720,19908,15968,278,2501,
51,19892,44275,44560,11557,27433,47568,24353,33326,15732,6366,45336,46669,7211,41264,31701,36782,49462,35303,21260,45029,13636,34092,17124,12219,47075,45433,46736,15217,39303,47328,35505,43180,5551,8934,32599,48959,48121,36778,2868,18555,30327,49239,23978,17946,13707,8167,40955,18958,42693,39557,7363,28362,44765,40079,14291,46137,25694,1277,11749,47910,39033,9867,29981,34557,26746,39848,4632,32216,3140,27554,29626,43886,2045,7001,36471,25734,20347,11630,278,13889,
52,19892,44275,44560,11557,27433,47568,24353,33326,15732,6366,45336,46669,7211,41264,31701,36782,49462,35303,21260,45029,13636,34092,17124,12219,47075,45433,46736,15217,39303,47328,35505,43180,5551,8934,32599,48959,48121,36778,2868,18555,30327,49239,23978,17946,13707,8167,40955,18958,42693,39557,7363,28362,44765,40079,14291,46137,25694,1277,11749,47910,39033,9867,29981,34557,26746,39848,4632,32216,3140,27554,29626,43886,19866,736,6536,42444,30244,12497,24672,5441,
53,19892,44275,44560,11557,27433,47568,24353,33326,15732,6366,45336,46669,7211,41264,31701,36782,49462,35303,21260,45029,13636,34092,17124,12219,47075,45433,46736,15217,39303,47328,35505,43180,5551,8934,32599,48959,48121,36778,2868,18555,30327,49239,23978,17946,13707,8167,40955,18958,42693,39557,7363,28362,44765,40079,14291,46137,25694,1277,11749,47910,39033,9867,29981,34557,26746,39848,4632,32216,3140,27554,29626,43886,2796,2502,18477,20646,13688,31751,21874,7783,
54,19892,44275,44560,11557,27433,47568,24353,33326,15732,6366,45336,46669,7211,41264,31701,36782,49462,35303,21260,45029,13636,34092,17124,12219,47075,45433,46736,15217,39303,47328,35505,43180,5551,8934,32599,48959,48121,36778,2868,18555,30327,49239,23978,17946,13707,8167,40955,18958,42693,39557,7363,28362,44765,40079,14291,46137,25694,1277,11749,47910,39033,9867,29981,34557,26746,39848,4632,32216,3140,27554,29626,43886,11655,20797,30246,10395,31193,10853,25851,24441,
55,19892,44275,44560,11557,27433,47568,24353,33326,15732,6366,45336,46669,7211,41264,31701,36782,49462,35303,21260,45029,13636,34092,17124,12219,47075,45433,46736,15217,39303,47328,35505,43180,5551,8934,32599,48959,48121,36778,2868,18555,30327,49239,23978,17946,13707,8167,40955,18958,42693,39557,7363,28362,44765,40079,14291,46137,25694,1277,11749,47910,39033,9867,29981,34557,26746,39848,4632,32216,3140,27554,29626,43886,12177,17060,2704,22329,13541,17552,3847,13204,
56,19892,44275,44560,11557,27433,47568,24353,33326,15732,6366,45336,46669,7211,41264,31701,36782,49462,35303,21260,45029,13636,34092,17124,12219,47075,45433,46736,15217,39303,47328,35505,43180,5551,8934,32599,48959,48121,36778,2868,18555,30327,49239,23978,17946,13707,8167,40955,18958,42693,39557,7363,28362,44765,40079,14291,46137,25694,1277,11749,47910,39033,9867,29981,34557,26746,39848,4632,32216,3140,27554,29626,43886,18361,10697,904,32552,13264,22703,17043,2054,
57,19892,44275,44560,11557,27433,47568,24353,33326,15732,6366,45336,46669,7211,41264,31701,36782,49462,35303,21260,45029,13636,34092,17124,12219,47075,45433,46736,15217,39303,47328,35505,43180,5551,8934,32599,48959,48121,36778,2868,18555,30327,49239,23978,17946,13707,8167,40955,18958,42693,39557,7363,28362,44765,40079,14291,46137,25694,1277,11749,47910,39033,9867,29981,34557,26746,39848,4632,32216,3140,27554,29626,43886,34543,1063,14109,30561,14338,10783,3645,5379,
58,19892,44275,44560,11557,27433,47568,24353,33326,15732,6366,45336,46669,7211,41264,31701,36782,49462,35303,21260,45029,13636,34092,17124,12219,47075,45433,46736,15217,39303,47328,35505,43180,5551,8934,32599,48959,48121,36778,2868,18555,30327,49239,23978,17946,13707,8167,40955,18958,42693,39557,7363,28362,44765,40079,14291,46137,25694,1277,11749,47910,39033,9867,29981,34557,26746,39848,4632,32216,3140,27554,29626,43886,4198,28748,1061,3254,27568,15973,4181,30286,
59,19892,44275,44560,11557,27433,47568,24353,33326,15732,6366,45336,46669,7211,41264,31701,36782,49462,35303,21260,45029,13636,34092,17124,12219,47075,45433,46736,15217,39303,47328,35505,43180,5551,8934,32599,48959,48121,36778,2868,18555,30327,49239,23978,17946,13707,8167,40955,18958,42693,39557,7363,28362,44765,40079,14291,46137,25694,1277,11749,47910,39033,9867,29981,34557,26746,39848,4632,32216,3140,27554,29626,43886,4198,1102,25123,16325,14967,13951,19479,39732,
60,19892,44275,44560,11557,27433,47568,24353,33326,15732,6366,45336,46669,7211,41264,31701,36782,49462,35303,21260,45029,13636,34092,17124,12219,47075,45433,46736,15217,39303,47328,35505,43180,5551,8934,32599,48959,48121,36778,2868,18555,30327,49239,23978,17946,13707,8167,40955,18958,42693,39557,7363,28362,44765,40079,14291,46137,25694,1277,11749,47910,39033,9867,29981,34557,26746,39848,4632,32216,3140,27554,29626,43886,6166,25563,3662,9669,17961,45082,31062,9325,
61,19892,44275,44560,11557,27433,47568,24353,33326,15732,6366,45336,46669,7211,41264,31701,36782,49462,35303,21260,45029,13636,34092,17124,12219,47075,45433,46736,15217,39303,47328,35505,43180,5551,8934,32599,48959,48121,36778,2868,18555,30327,49239,23978,17946,13707,8167,40955,18958,42693,39557,7363,28362,44765,40079,14291,46137,25694,1277,11749,47910,39033,9867,29981,34557,26746,39848,4632,32216,3140,27554,29626,43886,6166,12581,20384,1193,26451,23380,3433,2869,
62,19892,44275,44560,11557,27433,47568,24353,33326,15732,6366,45336,46669,7211,41264,31701,36782,49462,35303,21260,45029,13636,34092,17124,12219,47075,45433,46736,15217,39303,47328,35505,43180,5551,8934,32599,48959,48121,36778,2868,18555,30327,49239,23978,17946,13707,8167,40955,18958,42693,39557,7363,28362,44765,40079,14291,46137,25694,1277,11749,47910,39033,9867,29981,34557,26746,39848,4632,32216,3140,27554,29626,43886,10566,30645,9500,19186,20797,25441,10973,33635,
63,19892,44275,44560,11557,27433,47568,24353,33326,15732,6366,45336,46669,7211,41264,31701,36782,49462,35303,21260,45029,13636,34092,17124,12219,47075,45433,46736,15217,39303,47328,35505,43180,5551,8934,32599,48959,48121,36778,2868,18555,30327,49239,23978,17946,13707,8167,40955,18958,42693,39557,7363,28362,44765,40079,14291,46137,25694,1277,11749,47910,39033,9867,29981,34557,26746,39848,4632,32216,3140,27554,29626,43886,2059,5532,20541,18425,16752,15386,21653,19890,
64,19892,44275,44560,11557,27433,47568,24353,33326,15732,6366,45336,46669,7211,41264,31701,36782,49462,35303,21260,45029,13636,34092,17124,12219,47075,45433,46736,15217,39303,47328,35505,43180,5551,8934,32599,48959,48121,36778,2868,18555,30327,49239,23978,17946,13707,8167,40955,18958,42693,39557,7363,28362,44765,40079,14291,46137,25694,1277,11749,47910,39033,9867,29981,34557,26746,39848,4632,32216,3140,27554,29626,43886,34838,10570,4633,20313,20293,31367,12045,31619,
65,19892,44275,44560,11557,27433,47568,24353,33326,15732,6366,45336,46669,7211,41264,31701,36782,49462,35303,21260,45029,13636,34092,17124,12219,47075,45433,46736,15217,39303,47328,35505,43180,5551,8934,32599,48959,48121,36778,2868,18555,30327,49239,23978,17946,13707,8167,40955,18958,42693,39557,7363,28362,44765,40079,14291,46137,25694,1277,11749,47910,39033,9867,29981,34557,26746,39848,4632,32216,3140,27554,29626,43886,16433,176,20001,7693,37969,29720,13777,14661,
66,19892,44275,44560,11557,27433,47568,24353,33326,15732,6366,45336,46669,7211,41264,31701,36782,49462,35303,21260,45029,13636,34092,17124,12219,47075,45433,46736,15217,39303,47328,35505,43180,5551,8934,32599,48959,48121,36778,2868,18555,30327,49239,23978,17946,13707,8167,40955,18958,42693,39557,7363,28362,44765,40079,14291,46137,25694,1277,11749,47910,39033,9867,29981,34557,26746,39848,4632,32216,3140,27554,29626,43886,5893,43820,26522,22521,21156,10573,1568,17570,
67,19892,44275,44560,11557,27433,47568,24353,33326,15732,6366,45336,46669,7211,41264,31701,36782,49462,35303,21260,45029,13636,34092,17124,12219,47075,45433,46736,15217,39303,47328,35505,43180,5551,8934,32599,48959,48121,36778,2868,18555,30327,49239,23978,17946,13707,8167,40955,18958,42693,39557,7363,28362,44765,40079,14291,46137,25694,1277,11749,47910,39033,9867,29981,34557,26746,39848,4632,32216,3140,27554,29626,43886,22319,34380,6974,8163,44591,20848,12677,22880,
68,19892,44275,44560,11557,27433,47568,24353,33326,15732,6366,45336,46669,7211,41264,31701,36782,49462,35303,21260,45029,13636,34092,17124,12219,47075,45433,46736,15217,39303,47328,35505,43180,5551,8934,32599,48959,48121,36778,2868,18555,30327,49239,23978,17946,13707,8167,40955,18958,42693,39557,7363,28362,44765,40079,14291,46137,25694,1277,11749,47910,39033,9867,29981,34557,26746,39848,4632,32216,3140,27554,29626,43886,3339,36159,51055,25140,15748,13803,11112,35132,
69,19892,44275,44560,11557,27433,47568,24353,33326,15732,6366,45336,46669,7211,41264,31701,36782,49462,35303,21260,45029,13636,34092,17124,12219,47075,45433,46736,15217,39303,47328,35505,43180,5551,8934,32599,48959,48121,36778,2868,18555,30327,49239,23978,17946,13707,8167,40955,18958,42693,39557,7363,28362,44765,40079,14291,46137,25694,1277,11749,47910,39033,9867,29981,34557,26746,39848,4632,32216,3140,27554,29626,43886,8606,48755,20096,25862,39968,18430,2402,1429,
70,19892,44275,44560,11557,27433,47568,24353,33326,15732,6366,45336,46669,7211,41264,31701,36782,49462,35303,21260,45029,13636,34092,17124,12219,47075,45433,46736,15217,39303,47328,35505,43180,5551,8934,32599,48959,48121,36778,2868,18555,30327,49239,23978,17946,13707,8167,40955,18958,42693,39557,7363,28362,44765,40079,14291,46137,25694,1277,11749,47910,39033,9867,29981,34557,26746,39848,4632,32216,3140,27554,29626,43886,922,20962,13944,32734,17862,15321,14823,11045,
71,19892,44275,44560,11557,27433,47568,24353,33326,15732,6366,45336,46669,7211,41264,31701,36782,49462,35303,21260,45029,13636,34092,17124,12219,47075,45433,46736,15217,39303,47328,35505,43180,5551,8934,32599,48959,48121,36778,2868,18555,30327,49239,23978,17946,13707,8167,40955,18958,42693,39557,7363,28362,44765,40079,14291,46137,25694,1277,11749,47910,39033,9867,29981,34557,26746,39848,4632,32216,3140,27554,29626,43886,17223,17667,55441,21117,49763,23938,5003,4297,
72,19892,44275,44560,11557,27433,47568,24353,33326,15732,6366,45336,46669,7211,41264,31701,36782,49462,35303,21260,45029,13636,34092,17124,12219,47075,45433,46736,15217,39303,47328,35505,43180,5551,8934,32599,48959,48121,36778,2868,18555,30327,49239,23978,17946,13707,8167,40955,18958,42693,39557,7363,28362,44765,40079,14291,46137,25694,1277,11749,47910,39033,9867,29981,34557,26746,39848,4632,32216,3140,27554,29626,43886,7308,29727,24696,2450,13420,12493,4748,7310,
73,19892,44275,44560,11557,27433,47568,24353,33326,15732,6366,45336,46669,7211,41264,31701,36782,49462,35303,21260,45029,13636,34092,17124,12219,47075,45433,46736,15217,39303,47328,35505,43180,5551,8934,32599,48959,48121,36778,2868,18555,30327,49239,23978,17946,13707,8167,40955,18958,42693,39557,7363,28362,44765,40079,14291,46137,25694,1277,11749,47910,39033,9867,29981,34557,26746,39848,4632,32216,3140,27554,29626,43886,15841,11793,27099,1637,11566,12196,10668,2584,
74,19892,44275,44560,11557,27433,47568,24353,33326,15732,6366,45336,46669,7211,41264,31701,36782,49462,35303,21260,45029,13636,34092,17124,12219,47075,45433,46736,15217,39303,47328,35505,43180,5551,8934,32599,48959,48121,36778,2868,18555,30327,49239,23978,17946,13707,8167,40955,18958,42693,39557,7363,28362,44765,40079,14291,46137,25694,1277,11749,47910,39033,9867,29981,34557,26746,39848,4632,32216,3140,27554,29626,43886,25870,50614,35150,165,45049,26530,9560,8385,
75,19892,44275,44560,11557,27433,47568,24353,33326,15732,6366,45336,46669,7211,41264,31701,36782,49462,35303,21260,45029,13636,34092,17124,12219,47075,45433,46736,15217,39303,47328,35505,43180,5551,8934,32599,48959,48121,36778,2868,18555,30327,49239,23978,17946,13707,8167,40955,18958,42693,39557,7363,28362,44765,40079,14291,46137,25694,1277,11749,47910,39033,9867,29981,34557,26746,39848,4632,32216,3140,27554,29626,43886,3440,13190,16122,12036,32312,11465,43098,30949,
76,19892,44275,44560,11557,27433,47568,24353,33326,15732,6366,45336,46669,7211,41264,31701,36782,49462,35303,21260,45029,13636,34092,17124,12219,47075,45433,46736,15217,39303,47328,35505,43180,5551,8934,32599,48959,48121,36778,2868,18555,30327,49239,23978,17946,13707,8167,40955,18958,42693,39557,7363,28362,44765,40079,14291,46137,25694,1277,11749,47910,39033,9867,29981,34557,26746,39848,4632,32216,3140,27554,29626,43886,8299,48282,34484,7974,32389,38764,10552,4896,
77,19892,44275,44560,11557,27433,47568,24353,33326,15732,6366,45336,46669,7211,41264,31701,36782,49462,35303,21260,45029,13636,34092,17124,12219,47075,45433,46736,15217,39303,47328,35505,43180,5551,8934,32599,48959,48121,36778,2868,18555,30327,49239,23978,17946,13707,8167,40955,18958,42693,39557,7363,28362,44765,40079,14291,46137,25694,1277,11749,47910,39033,9867,29981,34557,26746,39848,4632,32216,3140,27554,29626,43886,3204,13542,27038,5321,13257,11278,7176,3624,
78,19892,44275,44560,11557,27433,47568,24353,33326,15732,6366,45336,46669,7211,41264,31701,36782,49462,35303,21260,45029,13636,34092,17124,12219,47075,45433,46736,15217,39303,47328,35505,43180,5551,8934,32599,48959,48121,36778,2868,18555,30327,49239,23978,17946,13707,8167,40955,18958,42693,39557,7363,28362,44765,40079,14291,46137,25694,1277,11749,47910,39033,9867,29981,34557,26746,39848,4632,32216,3140,27554,29626,43886,16446,52556,41311,21204,31113,42123,5196,8122,
79,19892,44275,44560,11557,27433,47568,24353,33326,15732,6366,45336,46669,7211,41264,31701,36782,49462,35303,21260,45029,13636,34092,17124,12219,47075,45433,46736,15217,39303,47328,35505,43180,5551,8934,32599,48959,48121,36778,2868,18555,30327,49239,23978,17946,13707,8167,40955,18958,42693,39557,7363,28362,44765,40079,14291,46137,25694,1277,11749,47910,39033,9867,29981,34557,26746,39848,4632,32216,3140,27554,29626,43886,3139,23857,16555,6207,15135,27594,6729,12051,
80,19892,44275,44560,11557,27433,47568,24353,33326,15732,6366,45336,46669,7211,41264,31701,36782,49462,35303,21260,45029,13636,34092,17124,12219,47075,45433,46736,15217,39303,47328,35505,43180,5551,8934,32599,48959,48121,36778,2868,18555,30327,49239,23978,17946,13707,8167,40955,18958,42693,39557,7363,28362,44765,40079,14291,46137,25694,1277,11749,47910,39033,9867,29981,34557,26746,39848,4632,32216,3140,27554,29626,43886,2865,13539,14384,24356,34006,17949,16375,3513,
81,19892,44275,44560,11557,27433,47568,24353,33326,15732,6366,45336,46669,7211,41264,31701,36782,49462,35303,21260,45029,13636,34092,17124,12219,47075,45433,46736,15217,39303,47328,35505,43180,5551,8934,32599,48959,48121,36778,2868,18555,30327,49239,23978,17946,13707,8167,40955,18958,42693,39557,7363,28362,44765,40079,14291,46137,25694,1277,11749,47910,39033,9867,29981,34557,26746,39848,4632,32216,3140,27554,29626,43886,8277,21629,39260,8501,15603,38017,8863,403,
82,19892,44275,44560,11557,27433,47568,24353,33326,15732,6366,45336,46669,7211,41264,31701,36782,49462,35303,21260,45029,13636,34092,17124,12219,47075,45433,46736,15217,39303,47328,35505,43180,5551,8934,32599,48959,48121,36778,2868,18555,30327,49239,23978,17946,13707,8167,40955,18958,42693,39557,7363,28362,44765,40079,14291,46137,25694,1277,11749,47910,39033,9867,29981,34557,26746,39848,4632,32216,3140,27554,29626,43886,18206,11762,12386,26797,29229,46613,12407,6504,
83,19892,44275,44560,11557,27433,47568,24353,33326,15732,6366,45336,46669,7211,41264,31701,36782,49462,35303,21260,45029,13636,34092,17124,12219,47075,45433,46736,15217,39303,47328,35505,43180,5551,8934,32599,48959,48121,36778,2868,18555,30327,49239,23978,17946,13707,8167,40955,18958,42693,39557,7363,28362,44765,40079,14291,46137,25694,1277,11749,47910,39033,9867,29981,34557,26746,39848,4632,32216,3140,27554,29626,43886,2675,50387,43342,5776,12924,30207,12018,6655,
84,19892,44275,44560,11557,27433,47568,24353,33326,15732,6366,45336,46669,7211,41264,31701,36782,49462,35303,21260,45029,13636,34092,17124,12219,47075,45433,46736,15217,39303,47328,35505,43180,5551,8934,32599,48959,48121,36778,2868,18555,30327,49239,23978,17946,13707,8167,40955,18958,42693,39557,7363,28362,44765,40079,14291,46137,25694,1277,11749,47910,39033,9867,29981,34557,26746,39848,4632,32216,3140,27554,29626,43886,23721,19223,12428,4464,14364,49852,23571,13873,
85,19892,44275,44560,11557,27433,47568,24353,33326,15732,6366,45336,46669,7211,41264,31701,36782,49462,35303,21260,45029,13636,34092,17124,12219,47075,45433,46736,15217,39303,47328,35505,43180,5551,8934,32599,48959,48121,36778,2868,18555,30327,49239,23978,17946,13707,8167,40955,18958,42693,39557,7363,28362,44765,40079,14291,46137,25694,1277,11749,47910,39033,9867,29981,34557,26746,39848,4632,32216,3140,27554,29626,43886,34264,14036,32827,1861,28488,22910,10624,22476,
86,19892,44275,44560,11557,27433,47568,24353,33326,15732,6366,45336,46669,7211,41264,31701,36782,49462,35303,21260,45029,13636,34092,17124,12219,47075,45433,46736,15217,39303,47328,35505,43180,5551,8934,32599,48959,48121,36778,2868,18555,30327,49239,23978,17946,13707,8167,40955,18958,42693,39557,7363,28362,44765,40079,14291,46137,25694,1277,11749,47910,39033,9867,29981,34557,26746,39848,4632,32216,3140,27554,29626,43886,765,17195,13955,15345,32311,44013,14851,39348,
87,19892,44275,44560,11557,27433,47568,24353,33326,15732,6366,45336,46669,7211,41264,31701,36782,49462,35303,21260,45029,13636,34092,17124,12219,47075,45433,46736,15217,39303,47328,35505,43180,5551,8934,32599,48959,48121,36778,2868,18555,30327,49239,23978,17946,13707,8167,40955,18958,42693,39557,7363,28362,44765,40079,14291,46137,25694,1277,11749,47910,39033,9867,29981,34557,26746,39848,4632,32216,3140,27554,29626,43886,24963,39337,15371,24795,39611,18619,15134,6565,
88,19892,44275,44560,11557,27433,47568,24353,33326,15732,6366,45336,46669,7211,41264,31701,36782,49462,35303,21260,45029,13636,34092,17124,12219,47075,45433,46736,15217,39303,47328,35505,43180,5551,8934,32599,48959,48121,36778,2868,18555,30327,49239,23978,17946,13707,8167,40955,18958,42693,39557,7363,28362,44765,40079,14291,46137,25694,1277,11749,47910,39033,9867,29981,34557,26746,39848,4632,32216,3140,27554,29626,43886,18941,35008,28703,38010,25871,21527,2229,7084,
89,19892,44275,44560,11557,27433,47568,24353,33326,15732,6366,45336,46669,7211,41264,31701,36782,49462,35303,21260,45029,13636,34092,17124,12219,47075,45433,46736,15217,39303,47328,35505,43180,5551,8934,32599,48959,48121,36778,2868,18555,30327,49239,23978,17946,13707,8167,40955,18958,42693,39557,7363,28362,44765,40079,14291,46137,25694,1277,11749,47910,39033,9867,29981,34557,26746,39848,4632,32216,3140,27554,29626,43886,5877,36368,11362,17073,17960,13373,51052,3731,
90,19892,44275,44560,11557,27433,47568,24353,33326,15732,6366,45336,46669,7211,41264,31701,36782,49462,35303,21260,45029,13636,34092,17124,12219,47075,45433,46736,15217,39303,47328,35505,43180,5551,8934,32599,48959,48121,36778,2868,18555,30327,49239,23978,17946,13707,8167,40955,18958,42693,39557,7363,28362,44765,40079,14291,46137,25694,1277,11749,47910,39033,9867,29981,34557,26746,39848,4632,32216,3140,27554,29626,43886,26633,35562,11080,6785,22566,30259,7076,3731,
91,19892,44275,44560,11557,27433,47568,24353,33326,15732,6366,45336,46669,7211,41264,31701,36782,49462,35303,21260,45029,13636,34092,17124,12219,47075,45433,46736,15217,39303,47328,35505,43180,5551,8934,32599,48959,48121,36778,2868,18555,30327,49239,23978,17946,13707,8167,40955,18958,42693,39557,7363,28362,44765,40079,14291,46137,25694,1277,11749,47910,39033,9867,29981,34557,26746,39848,4632,32216,3140,27554,29626,43886,20370,14967,13002,1502,13167,51041,15949,4871,
92,19892,44275,44560,11557,27433,47568,24353,33326,15732,6366,45336,46669,7211,41264,31701,36782,49462,35303,21260,45029,13636,34092,17124,12219,47075,45433,46736,15217,39303,47328,35505,43180,5551,8934,32599,48959,48121,36778,2868,18555,30327,49239,23978,17946,13707,8167,40955,18958,42693,39557,7363,28362,44765,40079,14291,46137,25694,1277,11749,47910,39033,9867,29981,34557,26746,39848,4632,32216,3140,27554,29626,43886,3157,38147,28987,18093,18218,10918,2768,22691,
93,19892,44275,44560,11557,27433,47568,24353,33326,15732,6366,45336,46669,7211,41264,31701,36782,49462,35303,21260,45029,13636,34092,17124,12219,47075,45433,46736,15217,39303,47328,35505,43180,5551,8934,32599,48959,48121,36778,2868,18555,30327,49239,23978,17946,13707,8167,40955,18958,42693,39557,7363,28362,44765,40079,14291,46137,25694,1277,11749,47910,39033,9867,29981,34557,26746,39848,4632,32216,3140,27554,29626,43886,33031,16872,15105,26559,50271,47576,12925,33574,
94,19892,44275,44560,11557,27433,47568,24353,33326,15732,6366,45336,46669,7211,41264,31701,36782,49462,35303,21260,45029,13636,34092,17124,12219,47075,45433,46736,15217,39303,47328,35505,43180,5551,8934,32599,48959,48121,36778,2868,18555,30327,49239,23978,17946,13707,8167,40955,18958,42693,39557,7363,28362,44765,40079,14291,46137,25694,1277,11749,47910,39033,9867,29981,34557,26746,39848,4632,32216,3140,27554,29626,43886,2445,28482,23130,5506,14173,12830,10026,20404,
95,19892,44275,44560,11557,27433,47568,24353,33326,15732,6366,45336,46669,7211,41264,31701,36782,49462,35303,21260,45029,13636,34092,17124,12219,47075,45433,46736,15217,39303,47328,35505,43180,5551,8934,32599,48959,48121,36778,2868,18555,30327,49239,23978,17946,13707,8167,40955,18958,42693,39557,7363,28362,44765,40079,14291,46137,25694,1277,11749,47910,39033,9867,29981,34557,26746,39848,4632,32216,3140,27554,29626,43886,13194,20196,16482,4606,17012,13682,21350,4047,
96,19892,44275,44560,11557,27433,47568,24353,33326,15732,6366,45336,46669,7211,41264,31701,36782,49462,35303,21260,45029,13636,34092,17124,12219,47075,45433,46736,15217,39303,47328,35505,43180,5551,8934,32599,48959,48121,36778,2868,18555,30327,49239,23978,17946,13707,8167,40955,18958,42693,39557,7363,28362,44765,40079,14291,46137,25694,1277,11749,47910,39033,9867,29981,34557,26746,39848,4632,32216,3140,27554,29626,43886,38727,12597,12276,28850,26547,24104,5873,27415,
97,19892,44275,44560,11557,27433,47568,24353,33326,15732,6366,45336,46669,7211,41264,31701,36782,49462,35303,21260,45029,13636,34092,17124,12219,47075,45433,46736,15217,39303,47328,35505,43180,5551,8934,32599,48959,48121,36778,2868,18555,30327,49239,23978,17946,13707,8167,40955,18958,42693,39557,7363,28362,44765,40079,14291,46137,25694,1277,11749,47910,39033,9867,29981,34557,26746,39848,4632,32216,3140,27554,29626,43886,24840,16706,38294,31104,33359,29645,2049,33805,
98,19892,44275,44560,11557,27433,47568,24353,33326,15732,6366,45336,46669,7211,41264,31701,36782,49462,35303,21260,45029,13636,34092,17124,12219,47075,45433,46736,15217,39303,47328,35505,43180,5551,8934,32599,48959,48121,36778,2868,18555,30327,49239,23978,17946,13707,8167,40955,18958,42693,39557,7363,28362,44765,40079,14291,46137,25694,1277,11749,47910,39033,9867,29981,34557,26746,39848,4632,32216,3140,27554,29626,43886,10356,13387,26686,16351,19451,34835,26735,20633,
99,19892,44275,44560,11557,27433,47568,24353,33326,15732,6366,45336,46669,7211,41264,31701,36782,49462,35303,21260,45029,13636,34092,17124,12219,47075,45433,46736,15217,39303,47328,35505,43180,5551,8934,32599,48959,48121,36778,2868,18555,30327,49239,23978,17946,13707,8167,40955,18958,42693,39557,7363,28362,44765,40079,14291,46137,25694,1277,11749,47910,39033,9867,29981,34557,26746,39848,4632,32216,3140,27554,29626,43886,20550,47571,37263,40550,19844,16853,22657,16410,
100,19892,44275,44560,11557,27433,47568,24353,33326,15732,6366,45336,46669,7211,41264,31701,36782,49462,35303,21260,45029,13636,34092,17124,12219,47075,45433,46736,15217,39303,47328,35505,43180,5551,8934,32599,48959,48121,36778,2868,18555,30327,49239,23978,17946,13707,8167,40955,18958,42693,39557,7363,28362,44765,40079,14291,46137,25694,1277,11749,47910,39033,9867,29981,34557,26746,39848,4632,32216,3140,27554,29626,43886,5229,19759,37067,34950,17419,16131,22784,13113,
