1,44751,14618,42151,13542,32420,18893,49247,36387,30664,46463,48290,38337,33465,47893,5257,42400,39857,32882,29532,47662,41243,38702,35080,24825,24827,19825,4238,43941,23656,36187,41883,42501,23405,40783,10868,26462,40151,43181,7650,47991,48482,38411,38582,9806,36197,6449,30585,6504,11345,42608,21874,28081,45066,49795,38756,44376,28899,8068,44006,19502,12389,45776,20291,16715,32204,44736,27035,19818,27321,19436,8296,4805,45626,13125,41895,26418,1409,39383,153,42212,
2,44751,14618,42151,13542,32420,18893,49247,36387,30664,46463,48290,38337,33465,47893,5257,42400,39857,32882,29532,47662,41243,38702,35080,24825,24827,19825,4238,43941,23656,36187,41883,42501,23405,40783,10868,26462,40151,43181,7650,47991,41558,2010,16841,28827,4750,563,5513,34144,14407,9132,4782,16265,31992,3643,32724,36873,11415,2785,10578,8613,2574,15834,29507,36274,8448,20341,31075,7438,1840,7073,22323,3176,25206,1313,26968,12086,11192,40050,153,5188,
3,44751,14618,42151,13542,32420,18893,49247,36387,30664,46463,48290,38337,33465,47893,5257,42400,39857,32882,29532,47662,41243,38702,35080,24825,24827,19825,4238,43941,23656,36187,41883,42501,23405,40783,10868,26462,40151,43181,7650,47991,33105,9220,9669,36085,5375,6177,5640,9305,1481,39051,4332,13136,9187,3401,5089,39712,2816,11749,5805,17612,25911,6410,11929,7402,42048,12022,30038,15817,35468,1863,19547,39568,1353,26201,29435,16082,22383,22768,46424,3511,
4,44751,14618,42151,13542,32420,18893,49247,36387,30664,46463,48290,38337,33465,47893,5257,42400,39857,32882,29532,47662,41243,38702,35080,24825,24827,19825,4238,43941,23656,36187,41883,42501,23405,40783,10868,26462,40151,43181,7650,47991,23249,6548,15531,19480,7894,2628,6498,3138,1481,17426,2680,9810,12146,3710,1979,843,30070,4525,36495,23205,4139,5040,6407,29410,912,2544,29710,18816,29394,6467,13701,37889,11019,26029,3363,48474,3348,10910,36397,2066,
5,44751,14618,42151,13542,32420,18893,49247,36387,30664,46463,48290,38337,33465,47893,5257,42400,39857,32882,29532,47662,41243,38702,35080,24825,24827,19825,4238,43941,23656,36187,41883,42501,23405,40783,10868,26462,40151,43181,7650,47991,13553,8014,14602,3304,21110,1460,12009,2310,2267,10553,4313,8632,8733,37261,20122,18285,3403,8447,5924,18610,17086,8386,23103,22013,12814,2300,932,26117,13150,5900,1911,3282,3757,1215,36445,18594,28692,7395,14950,8540,
6,44751,14618,42151,13542,32420,18893,49247,36387,30664,46463,48290,38337,33465,47893,5257,42400,39857,32882,29532,47662,41243,38702,35080,24825,24827,19825,4238,43941,23656,36187,41883,42501,23405,40783,10868,26462,40151,43181,7650,47991,14527,7700,5064,36109,1614,6186,30269,2466,2816,18029,32759,5823,14084,16760,837,13244,34459,131,10276,9140,8249,2127,1805,6757,17132,49267,18597,32731,1014,7228,44838,8506,10979,9510,2622,14232,7189,6418,15440,12230,
7,44751,14618,42151,13542,32420,18893,49247,36387,30664,46463,48290,38337,33465,47893,5257,42400,39857,32882,29532,47662,41243,38702,35080,24825,24827,19825,4238,43941,23656,36187,41883,42501,23405,40783,10868,26462,40151,43181,7650,47991,21416,5193,12814,42018,6517,11036,211,27957,20586,17660,8881,3342,19993,13585,24792,13029,16114,20998,4604,8383,14884,5796,31680,4502,2207,12620,3272,12702,620,34118,8529,42359,20975,20667,32671,2527,18986,5798,13666,14515,
8,44751,14618,42151,13542,32420,18893,49247,36387,30664,46463,48290,38337,33465,47893,5257,42400,39857,32882,29532,47662,41243,38702,35080,24825,24827,19825,4238,43941,23656,36187,41883,42501,23405,40783,10868,26462,40151,43181,7650,47991,15729,8619,13433,1537,17945,19946,4145,12839,40285,20753,6410,19568,3513,12352,4527,9318,14479,5236,28330,690,6102,873,22814,33440,33854,27972,1456,13831,14663,12752,1035,21987,3024,21483,29992,20178,8063,4977,15213,12252,
9,44751,14618,42151,13542,32420,18893,49247,36387,30664,46463,48290,38337,33465,47893,5257,42400,39857,32882,29532,47662,41243,38702,35080,24825,24827,19825,4238,43941,23656,36187,41883,42501,23405,40783,10868,26462,40151,43181,7650,47991,20880,29394,7183,21950,24519,10425,3826,5389,41793,19566,8756,501,7538,2522,5544,4778,19084,16309,6638,16571,2491,965,16735,6843,750,17425,31731,27391,8843,2763,4430,2776,366,10230,24974,3061,18190,20526,25009,9730,
10,44751,14618,42151,13542,32420,18893,49247,36387,30664,46463,48290,38337,33465,47893,5257,42400,39857,32882,29532,47662,41243,38702,35080,24825,24827,19825,4238,43941,23656,36187,41883,42501,23405,40783,10868,26462,40151,43181,7650,47991,22058,3715,2848,40172,1026,12488,15069,3462,6199,14330,2995,44555,18161,6519,5428,35812,29483,19109,4396,12018,21342,16323,20137,8588,38370,44371,21166,25417,1816,18875,46813,25790,32791,1840,24065,6146,13744,8405,38699,15953,
11,44751,14618,42151,13542,32420,18893,49247,36387,30664,46463,48290,38337,33465,47893,5257,42400,39857,32882,29532,47662,41243,38702,35080,24825,24827,19825,4238,43941,23656,36187,41883,42501,23405,40783,10868,26462,40151,43181,7650,47991,419,729,43196,19779,17142,8655,12843,6498,7161,27263,8745,35888,24350,24092,15170,44192,8832,1152,7818,4892,3345,12561,6014,3576,33642,25218,5387,29984,373,25770,5480,1631,6665,15296,4392,14748,3340,9630,13476,6254,
12,44751,14618,42151,13542,32420,18893,49247,36387,30664,46463,48290,38337,33465,47893,5257,42400,39857,32882,29532,47662,41243,38702,35080,24825,24827,19825,4238,43941,23656,36187,41883,42501,23405,40783,10868,26462,40151,43181,7650,47991,419,2287,10493,13997,13576,7718,6880,4068,9568,57472,582,29883,2707,2568,48064,19057,11796,58489,29118,4892,13483,3173,45565,11845,1584,44604,31744,42555,2009,34281,8981,40455,16389,12868,23249,2209,40437,18176,32592,10065,
13,44751,14618,42151,13542,32420,18893,49247,36387,30664,46463,48290,38337,33465,47893,5257,42400,39857,32882,29532,47662,41243,38702,35080,24825,24827,19825,4238,43941,23656,36187,41883,42501,23405,40783,10868,26462,40151,43181,7650,47991,32997,32951,5965,1954,26746,33321,1291,15002,20753,36882,21588,782,20613,4542,13118,19085,3142,42532,19110,657,10100,15153,15843,10272,740,28811,45200,9666,7539,11628,12583,1932,23055,25192,1171,31987,20450,1938,16045,11226,
14,44751,14618,42151,13542,32420,18893,49247,36387,30664,46463,48290,38337,33465,47893,5257,42400,39857,32882,29532,47662,41243,38702,35080,24825,24827,19825,4238,43941,23656,36187,41883,42501,23405,40783,10868,26462,40151,43181,7650,47991,19773,9222,17101,3175,3985,27344,40618,32496,614,15788,36028,6129,4142,4535,25322,16923,5751,41252,19110,12111,35190,38674,30782,19481,18897,23195,21016,15588,28862,22554,14147,286,1959,31980,1171,34161,4008,11760,22178,11610,
15,44751,14618,42151,13542,32420,18893,49247,36387,30664,46463,48290,38337,33465,47893,5257,42400,39857,32882,29532,47662,41243,38702,35080,24825,24827,19825,4238,43941,23656,36187,41883,42501,23405,40783,10868,26462,40151,43181,7650,47991,15550,27937,2787,7893,2840,33073,17032,6134,20648,31725,4909,6451,23632,4535,30969,44926,1184,26661,3163,5016,8965,24902,1675,33654,13538,12877,2760,1719,23699,34406,17789,18669,1909,29876,28174,11153,234,28186,38467,12536,
16,44751,14618,42151,13542,32420,18893,49247,36387,30664,46463,48290,38337,33465,47893,5257,42400,39857,32882,29532,47662,41243,38702,35080,24825,24827,19825,4238,43941,23656,36187,41883,42501,23405,40783,10868,26462,40151,43181,7650,47991,16922,4941,620,43085,1594,5952,4476,12758,27706,15077,23320,2264,29947,1596,35413,17998,27547,44027,2123,8216,32278,28208,13412,27171,9486,18790,10736,36524,2614,16748,2289,4401,1909,20004,7999,2226,48253,16921,53955,10138,
17,44751,14618,42151,13542,32420,18893,49247,36387,30664,46463,48290,38337,33465,47893,5257,42400,39857,32882,29532,47662,41243,38702,35080,24825,24827,19825,4238,43941,23656,36187,41883,42501,23405,40783,10868,26462,40151,43181,7650,47991,41101,31963,620,6033,30577,151,4476,20287,43328,55228,4120,16722,27452,4885,1928,10361,26688,14707,5248,34971,25671,3282,3790,25912,29189,25820,20623,28376,585,12181,9232,926,25533,10384,10824,23154,14181,19177,37721,6577,
18,44751,14618,42151,13542,32420,18893,49247,36387,30664,46463,48290,38337,33465,47893,5257,42400,39857,32882,29532,47662,41243,38702,35080,24825,24827,19825,4238,43941,23656,36187,41883,42501,23405,40783,10868,26462,40151,43181,7650,47991,11772,23720,946,40371,1968,23013,3107,19655,51244,35085,2030,7804,20691,10078,24377,33219,351,24537,2039,6147,14269,10599,28176,10423,2059,11702,31813,17536,15174,3724,879,7763,7661,19881,3122,4209,3437,32064,32408,36578,
19,44751,14618,42151,13542,32420,18893,49247,36387,30664,46463,48290,38337,33465,47893,5257,42400,39857,32882,29532,47662,41243,38702,35080,24825,24827,19825,4238,43941,23656,36187,41883,42501,23405,40783,10868,26462,40151,43181,7650,47991,22519,1365,20677,42713,32394,6464,27947,2703,23526,34332,12385,15074,3941,17077,3183,13610,570,12814,11925,12257,19404,3914,3243,23766,3546,13574,13578,8078,44559,4801,4811,11830,7493,4707,31166,2437,3430,2622,16643,24597,
20,44751,14618,42151,13542,32420,18893,49247,36387,30664,46463,48290,38337,33465,47893,5257,42400,39857,32882,29532,47662,41243,38702,35080,24825,24827,19825,4238,43941,23656,36187,41883,42501,23405,40783,10868,26462,40151,43181,7650,47991,18070,5210,42358,2609,25378,24670,37240,2523,25323,33914,12088,2434,774,21738,24568,10217,13837,47225,1515,2723,9186,23792,12048,15500,18948,31174,39205,33926,3550,30474,2146,7301,4956,46342,22820,30665,8087,6047,28650,690,
21,44751,14618,42151,13542,32420,18893,49247,36387,30664,46463,48290,38337,33465,47893,5257,42400,39857,32882,29532,47662,41243,38702,35080,24825,24827,19825,4238,43941,23656,36187,41883,42501,23405,40783,10868,26462,40151,43181,7650,47991,10205,20907,26802,49689,30465,22586,6743,3962,24966,11649,35690,15799,9698,2187,500,37872,41514,13870,1131,1121,11824,31497,4945,48581,2800,16283,17608,8732,1825,35741,30684,13365,4362,4209,27540,8531,2357,4947,33273,24020,
22,44751,14618,42151,13542,32420,18893,49247,36387,30664,46463,48290,38337,33465,47893,5257,42400,39857,32882,29532,47662,41243,38702,35080,24825,24827,19825,4238,43941,23656,36187,41883,42501,23405,40783,10868,26462,40151,43181,7650,47991,10205,14238,9147,23698,22738,1169,920,22866,10620,26559,10698,30570,25834,15112,56981,32025,18268,17173,32744,14130,870,4910,4499,30017,4383,10961,3916,6150,56889,13532,9673,13022,22730,9138,7016,46856,31019,6894,20422,3049,
23,44751,14618,42151,13542,32420,18893,49247,36387,30664,46463,48290,38337,33465,47893,5257,42400,39857,32882,29532,47662,41243,38702,35080,24825,24827,19825,4238,43941,23656,36187,41883,42501,23405,40783,10868,26462,40151,43181,7650,47991,10205,25083,14742,9276,5436,13914,28730,235,26433,32441,47348,9672,11164,43509,40423,12744,18381,19902,19469,1602,4900,5148,34538,2265,2934,10961,3244,34651,58705,493,45770,21723,13988,9428,9377,6771,13849,2068,26845,14061,
24,44751,14618,42151,13542,32420,18893,49247,36387,30664,46463,48290,38337,33465,47893,5257,42400,39857,32882,29532,47662,41243,38702,35080,24825,24827,19825,4238,43941,23656,36187,41883,42501,23405,40783,10868,26462,40151,43181,7650,47991,11598,16448,16738,8800,5101,1975,2163,10088,15456,41828,6646,18135,44669,3837,21294,28179,34241,24599,20111,5415,3145,34989,41947,3673,32010,12232,4308,8842,19978,21695,9072,3393,39784,30732,14889,40662,14629,8338,11549,37679,
25,44751,14618,42151,13542,32420,18893,49247,36387,30664,46463,48290,38337,33465,47893,5257,42400,39857,32882,29532,47662,41243,38702,35080,24825,24827,19825,4238,43941,23656,36187,41883,42501,23405,40783,10868,26462,40151,43181,7650,47991,10811,19012,4728,11154,34091,11398,12646,26984,12492,14211,26226,40729,16577,22333,13435,16100,629,51291,21619,7433,16657,692,2315,2709,20416,12629,5239,9027,25219,7182,37188,23681,6152,1585,1349,18456,3500,4699,17776,18470,
26,44751,14618,42151,13542,32420,18893,49247,36387,30664,46463,48290,38337,33465,47893,5257,42400,39857,32882,29532,47662,41243,38702,35080,24825,24827,19825,4238,43941,23656,36187,41883,42501,23405,40783,10868,26462,40151,43181,7650,47991,13748,899,1728,30666,13483,32084,9005,13464,49777,11197,26194,36675,19723,4603,22407,27860,6092,15459,36386,15573,12092,55099,25179,25697,15405,26925,23571,839,28536,9642,28555,12567,7481,7406,18513,10875,2686,19254,20357,41581,
27,44751,14618,42151,13542,32420,18893,49247,36387,30664,46463,48290,38337,33465,47893,5257,42400,39857,32882,29532,47662,41243,38702,35080,24825,24827,19825,4238,43941,23656,36187,41883,42501,23405,40783,10868,26462,40151,43181,7650,47991,26634,4423,33996,5537,15391,4150,9005,15351,16754,19436,1316,7111,19610,11362,17916,17729,9243,31256,23117,18930,5374,21704,3066,2168,22896,20820,540,33200,11652,28356,3230,2325,971,21642,9804,19283,11029,1870,11742,10765,
28,44751,14618,42151,13542,32420,18893,49247,36387,30664,46463,48290,38337,33465,47893,5257,42400,39857,32882,29532,47662,41243,38702,35080,24825,24827,19825,4238,43941,23656,36187,41883,42501,23405,40783,10868,26462,40151,43181,7650,47991,38159,21309,19179,6387,14141,36276,27387,24491,39591,14342,25159,14112,3691,3867,16658,15495,19816,34596,3832,1966,11826,33533,33925,2168,39961,23158,18509,2402,31276,17918,3602,23718,10832,20064,28628,9919,8528,5690,29037,392,
29,44751,14618,42151,13542,32420,18893,49247,36387,30664,46463,48290,38337,33465,47893,5257,42400,39857,32882,29532,47662,41243,38702,35080,24825,24827,19825,4238,43941,23656,36187,41883,42501,23405,40783,10868,26462,40151,43181,7650,47991,13633,21178,27358,28745,5446,30186,14902,12934,10779,48574,4169,20564,27607,15987,36526,34246,1763,35879,8546,16816,5189,17984,23346,2168,3268,13220,174,1627,17649,16025,12666,11558,30273,20064,11689,22144,15988,32108,12507,18883,
30,44751,14618,42151,13542,32420,18893,49247,36387,30664,46463,48290,38337,33465,47893,5257,42400,39857,32882,29532,47662,41243,38702,35080,24825,24827,19825,4238,43941,23656,36187,41883,42501,23405,40783,10868,26462,40151,43181,7650,47991,29008,7498,1789,30300,5446,402,20485,39940,22228,39738,10561,3031,26889,12102,13450,11070,10212,10526,1101,3696,44117,11837,14664,6307,8541,22641,7734,27798,25516,2333,1213,2565,6118,16989,32178,9065,253,33026,16588,36722,
31,44751,14618,42151,13542,32420,18893,49247,36387,30664,46463,48290,38337,33465,47893,5257,42400,39857,32882,29532,47662,41243,38702,35080,24825,24827,19825,4238,43941,23656,36187,41883,42501,23405,40783,10868,26462,40151,43181,7650,47991,29008,3989,29375,29433,6275,16166,7419,16255,10719,52483,22224,6765,12957,12102,51270,25959,1431,45939,5650,12819,683,20089,2176,24046,4488,19180,2468,7901,33287,2336,15567,885,4736,3927,906,14741,5615,1725,40607,3870,
32,44751,14618,42151,13542,32420,18893,49247,36387,30664,46463,48290,38337,33465,47893,5257,42400,39857,32882,29532,47662,41243,38702,35080,24825,24827,19825,4238,43941,23656,36187,41883,42501,23405,40783,10868,26462,40151,43181,7650,47991,18248,3077,21419,20941,26552,14483,3988,10360,46392,19134,8183,14329,7348,11475,15964,19361,4213,15163,6230,10892,22481,23971,1191,1256,4488,13353,5498,10444,14232,10770,15483,15789,21768,23671,6235,19907,34443,15709,11266,27560,
33,44751,14618,42151,13542,32420,18893,49247,36387,30664,46463,48290,38337,33465,47893,5257,42400,39857,32882,29532,47662,41243,38702,35080,24825,24827,19825,4238,43941,23656,36187,41883,42501,23405,40783,10868,26462,40151,43181,7650,47991,29778,34736,7331,854,22281,6812,2119,35069,53239,28186,12952,14810,25383,25875,12270,57782,10614,29963,13643,35253,7017,10533,1603,914,2311,42827,2651,846,32988,9189,37565,9808,3359,20616,24602,32076,1780,20030,12464,14933,
34,44751,14618,42151,13542,32420,18893,49247,36387,30664,46463,48290,38337,33465,47893,5257,42400,39857,32882,29532,47662,41243,38702,35080,24825,24827,19825,4238,43941,23656,36187,41883,42501,23405,40783,10868,26462,40151,43181,7650,47991,11063,2558,6889,38120,10252,31163,7839,20781,14031,10181,39615,172,37055,15868,29656,18639,4236,57031,6462,20749,5949,40012,10184,27430,4992,43050,38337,32009,16878,31131,41139,27697,6745,29011,7977,5484,1780,7282,18864,7691,
35,44751,14618,42151,13542,32420,18893,49247,36387,30664,46463,48290,38337,33465,47893,5257,42400,39857,32882,29532,47662,41243,38702,35080,24825,24827,19825,4238,43941,23656,36187,41883,42501,23405,40783,10868,26462,40151,43181,7650,47991,26795,1172,33070,10019,25907,15872,13827,13144,40537,33022,2743,22189,19507,18836,12178,13727,512,22604,35824,15188,18982,12229,43214,25884,2733,14658,28489,7237,36287,472,4971,2454,13687,7173,42432,43077,33554,7148,13418,13417,
36,44751,14618,42151,13542,32420,18893,49247,36387,30664,46463,48290,38337,33465,47893,5257,42400,39857,32882,29532,47662,41243,38702,35080,24825,24827,19825,4238,43941,23656,36187,41883,42501,23405,40783,10868,26462,40151,43181,7650,47991,42927,27352,31730,2563,1708,1863,599,31583,22358,29971,1768,2355,33495,1580,24752,24109,512,12665,14217,17638,24406,18135,3911,5778,10114,36693,1799,10803,23888,472,3219,16612,20452,24328,976,14478,17941,27412,17072,6511,
37,44751,14618,42151,13542,32420,18893,49247,36387,30664,46463,48290,38337,33465,47893,5257,42400,39857,32882,29532,47662,41243,38702,35080,24825,24827,19825,4238,43941,23656,36187,41883,42501,23405,40783,10868,26462,40151,43181,7650,47991,11536,7643,14925,18258,16200,46034,4991,20609,12644,14906,28937,3669,30398,13463,38337,27926,9485,14537,12466,29111,32798,34439,14802,1983,7689,23164,8222,17440,43346,6854,6157,9873,860,32425,579,22662,6311,16594,35662,21826,
38,44751,14618,42151,13542,32420,18893,49247,36387,30664,46463,48290,38337,33465,47893,5257,42400,39857,32882,29532,47662,41243,38702,35080,24825,24827,19825,4238,43941,23656,36187,41883,42501,23405,40783,10868,26462,40151,43181,7650,47991,19556,1979,30347,17186,43503,9446,10373,35779,12644,47199,1347,5615,6806,7720,36244,33617,1522,17110,8717,3175,2782,13174,4596,11453,14479,15040,15692,13848,18896,29261,40384,13059,55768,25419,22348,885,18083,5578,28344,3839,
39,44751,14618,42151,13542,32420,18893,49247,36387,30664,46463,48290,38337,33465,47893,5257,42400,39857,32882,29532,47662,41243,38702,35080,24825,24827,19825,4238,43941,23656,36187,41883,42501,23405,40783,10868,26462,40151,43181,7650,47991,28009,34079,3177,9544,10941,14530,8960,12959,12576,23189,1347,26175,6358,10835,12235,39831,40096,12117,3405,3001,5971,11664,3555,11032,7427,10437,45153,38166,11427,21348,2216,3139,11999,16862,9664,17634,7706,21278,14829,2835,
40,44751,14618,42151,13542,32420,18893,49247,36387,30664,46463,48290,38337,33465,47893,5257,42400,39857,32882,29532,47662,41243,38702,35080,24825,24827,19825,4238,43941,23656,36187,41883,42501,23405,40783,10868,26462,40151,43181,7650,47991,12988,9147,7137,562,1366,8005,11980,34766,43294,17001,24423,31370,1537,9006,12101,13667,3542,18777,10740,25201,10101,23143,3555,21104,22155,10410,10599,16988,30595,19976,4898,6385,11698,5883,10923,18322,8440,6935,11902,2213,
41,44751,14618,42151,13542,32420,18893,49247,36387,30664,46463,48290,38337,33465,47893,5257,42400,39857,32882,29532,47662,41243,38702,35080,24825,24827,19825,4238,43941,23656,36187,41883,42501,23405,40783,10868,26462,40151,43181,7650,47991,16185,1539,7450,20568,18310,27384,13604,15876,36478,17566,16039,18131,13250,9867,28156,17706,9622,10889,9709,12514,6354,36018,7457,1056,8338,36298,8378,15196,34888,6516,15670,13692,45457,3615,9493,1322,16907,482,29106,15322,
42,44751,14618,42151,13542,32420,18893,49247,36387,30664,46463,48290,38337,33465,47893,5257,42400,39857,32882,29532,47662,41243,38702,35080,24825,24827,19825,4238,43941,23656,36187,41883,42501,23405,40783,10868,26462,40151,43181,7650,47991,17596,16761,13997,38706,13252,7515,10125,44458,19837,44063,19193,12314,910,7762,17060,12744,25136,43577,10015,3177,46715,15120,17262,35792,23169,22780,30119,21657,39305,21524,4301,21083,36523,13417,24332,48678,38327,482,12003,33044,
43,44751,14618,42151,13542,32420,18893,49247,36387,30664,46463,48290,38337,33465,47893,5257,42400,39857,32882,29532,47662,41243,38702,35080,24825,24827,19825,4238,43941,23656,36187,41883,42501,23405,40783,10868,26462,40151,43181,7650,47991,21444,30392,6734,12765,7667,13070,11648,38698,36871,12165,6561,26791,36492,5941,11468,19151,20453,27431,5735,33006,19716,15351,25737,3609,5971,39981,12209,10074,32046,4445,2678,933,10466,12323,20905,21463,1237,3509,48853,3371,
44,44751,14618,42151,13542,32420,18893,49247,36387,30664,46463,48290,38337,33465,47893,5257,42400,39857,32882,29532,47662,41243,38702,35080,24825,24827,19825,4238,43941,23656,36187,41883,42501,23405,40783,10868,26462,40151,43181,7650,47991,16482,22739,10828,1936,11924,2613,19942,19108,45456,11546,24935,17387,16561,11513,47554,29386,11040,33491,19387,7216,16206,11313,9241,2282,23189,10881,18354,9510,12036,530,36915,13645,37734,1209,4027,12259,34466,19795,17422,22250,
45,44751,14618,42151,13542,32420,18893,49247,36387,30664,46463,48290,38337,33465,47893,5257,42400,39857,32882,29532,47662,41243,38702,35080,24825,24827,19825,4238,43941,23656,36187,41883,42501,23405,40783,10868,26462,40151,43181,7650,47991,22589,35108,5269,6820,35337,44743,11056,24036,40025,12479,6827,20757,16885,19292,39588,10597,3811,14625,12753,27477,45750,17558,4273,7390,12365,15309,29826,21584,20709,9533,2769,11031,11449,16434,9356,20799,24154,8793,35676,9693,
46,44751,14618,42151,13542,32420,18893,49247,36387,30664,46463,48290,38337,33465,47893,5257,42400,39857,32882,29532,47662,41243,38702,35080,24825,24827,19825,4238,43941,23656,36187,41883,42501,23405,40783,10868,26462,40151,43181,7650,47991,23298,23348,12154,37598,6715,1133,2151,33823,21760,38199,11824,27811,19974,26726,18718,41984,905,15465,7122,32862,23006,31935,22672,624,26499,42262,22211,13041,15981,8977,1663,25503,46853,15993,31032,30900,2470,8076,43934,15584,
47,44751,14618,42151,13542,32420,18893,49247,36387,30664,46463,48290,38337,33465,47893,5257,42400,39857,32882,29532,47662,41243,38702,35080,24825,24827,19825,4238,43941,23656,36187,41883,42501,23405,40783,10868,26462,40151,43181,7650,47991,21740,9021,16998,13387,12304,13911,22097,14090,42401,42472,38552,12320,15351,27705,16245,12186,13836,15191,30004,19195,22469,13906,2646,4225,3238,30941,15016,2601,33365,11111,13241,43209,25764,10404,2446,10234,14166,25438,21901,5450,
48,44751,14618,42151,13542,32420,18893,49247,36387,30664,46463,48290,38337,33465,47893,5257,42400,39857,32882,29532,47662,41243,38702,35080,24825,24827,19825,4238,43941,23656,36187,41883,42501,23405,40783,10868,26462,40151,43181,7650,47991,41194,27427,32452,10735,40216,2811,26039,29813,18276,12735,16681,13851,4918,5911,23503,16233,2985,17488,11380,33199,35399,14838,4876,1545,436,21572,6786,1158,20431,23232,17075,13701,11620,3398,24335,42183,5199,21578,43315,1962,
49,44751,14618,42151,13542,32420,18893,49247,36387,30664,46463,48290,38337,33465,47893,5257,42400,39857,32882,29532,47662,41243,38702,35080,24825,24827,19825,4238,43941,23656,36187,41883,42501,23405,40783,10868,26462,40151,43181,7650,47991,15238,3019,15485,1978,43635,2882,39206,11251,15198,26087,1044,11164,32055,11259,19934,16953,4883,28316,25561,33883,15026,46445,19182,9056,1185,34913,29158,24883,12157,1591,2166,34572,22155,8187,1857,10800,23945,3287,16784,18304,
50,44751,14618,42151,13542,32420,18893,49247,36387,30664,46463,48290,38337,33465,47893,5257,42400,39857,32882,29532,47662,41243,38702,35080,24825,24827,19825,4238,43941,23656,36187,41883,42501,23405,40783,10868,26462,40151,43181,7650,47991,38964,35989,20423,1831,5192,1465,13267,35538,16321,11911,4653,16888,20682,22266,41906,10849,8578,48543,3401,13681,29364,16363,12951,11127,28776,14922,1351,43246,13568,30625,6906,34131,28045,2429,9273,11586,11117,1708,12593,13758,
51,44751,14618,42151,13542,32420,18893,49247,36387,30664,46463,48290,38337,33465,47893,5257,42400,39857,32882,29532,47662,41243,38702,35080,24825,24827,19825,4238,43941,23656,36187,41883,42501,23405,40783,10868,26462,40151,43181,7650,47991,38964,11537,7584,14984,3073,9954,4786,15712,40408,19921,8601,11267,3152,3367,15414,27238,16664,12043,704,34279,13204,34945,57315,12478,48383,14459,48616,36396,17193,1754,9473,27545,24947,29217,9384,22445,3980,5697,16281,7524,
52,44751,14618,42151,13542,32420,18893,49247,36387,30664,46463,48290,38337,33465,47893,5257,42400,39857,32882,29532,47662,41243,38702,35080,24825,24827,19825,4238,43941,23656,36187,41883,42501,23405,40783,10868,26462,40151,43181,7650,47991,27066,6777,8899,2719,23337,5188,40328,16308,44262,16418,2259,18512,2711,7278,22765,32526,11458,14117,41376,10810,14743,12697,20678,16740,3538,12256,19944,6657,20342,11933,17576,13471,41614,12747,10520,23784,4309,6390,10534,9424,
53,44751,14618,42151,13542,32420,18893,49247,36387,30664,46463,48290,38337,33465,47893,5257,42400,39857,32882,29532,47662,41243,38702,35080,24825,24827,19825,4238,43941,23656,36187,41883,42501,23405,40783,10868,26462,40151,43181,7650,47991,14687,916,6619,2488,9633,10984,11772,11703,26882,33271,8037,11563,3317,3960,27054,46463,13925,21746,751,36122,20775,19325,13832,7033,9646,32687,10276,6657,24682,7233,11295,10246,31250,6188,7829,33666,7401,31478,11662,5491,
54,44751,14618,42151,13542,32420,18893,49247,36387,30664,46463,48290,38337,33465,47893,5257,42400,39857,32882,29532,47662,41243,38702,35080,24825,24827,19825,4238,43941,23656,36187,41883,42501,23405,40783,10868,26462,40151,43181,7650,47991,59240,9718,15831,17873,1287,26839,13466,20920,11167,25002,3080,15490,10981,28365,20318,14279,927,20582,16644,3329,17173,17436,11859,6265,32311,36386,27096,4565,25546,2789,25319,53265,19714,16151,42598,17224,13919,2254,19092,40101,
55,44751,14618,42151,13542,32420,18893,49247,36387,30664,46463,48290,38337,33465,47893,5257,42400,39857,32882,29532,47662,41243,38702,35080,24825,24827,19825,4238,43941,23656,36187,41883,42501,23405,40783,10868,26462,40151,43181,7650,47991,18066,1201,14104,10889,30406,38729,21202,11588,13511,13708,19814,22761,29805,7426,14326,27914,13765,18985,9110,3329,48311,14479,40271,2941,44275,16104,5147,19233,17882,36644,14511,30913,24315,14217,10872,46602,38710,23735,13741,23459,
56,44751,14618,42151,13542,32420,18893,49247,36387,30664,46463,48290,38337,33465,47893,5257,42400,39857,32882,29532,47662,41243,38702,35080,24825,24827,19825,4238,43941,23656,36187,41883,42501,23405,40783,10868,26462,40151,43181,7650,47991,40249,8691,30414,10889,441,4234,1159,23244,11483,16706,5415,11474,27915,16216,18518,38786,7084,21337,22042,834,22469,23036,27383,25165,4213,34261,2798,18205,15543,2251,35442,15725,23148,26981,15794,20099,19428,42997,20109,17841,
57,44751,14618,42151,13542,32420,18893,49247,36387,30664,46463,48290,38337,33465,47893,5257,42400,39857,32882,29532,47662,41243,38702,35080,24825,24827,19825,4238,43941,23656,36187,41883,42501,23405,40783,10868,26462,40151,43181,7650,47991,15422,10461,27391,5419,10571,11402,7669,15982,11249,38038,12406,53969,5007,14137,21593,26523,33039,15250,2089,724,11805,18838,53019,3614,46813,36305,26956,35497,12478,14329,20672,20441,15596,13014,27732,33158,14281,4064,13320,3844,
58,44751,14618,42151,13542,32420,18893,49247,36387,30664,46463,48290,38337,33465,47893,5257,42400,39857,32882,29532,47662,41243,38702,35080,24825,24827,19825,4238,43941,23656,36187,41883,42501,23405,40783,10868,26462,40151,43181,7650,47991,14353,11257,21008,22539,31508,10107,32974,18582,17285,15489,13075,16823,17937,24768,25159,15521,13799,12997,13474,5553,28664,26129,28002,25621,33730,52360,20158,855,31252,9100,810,18920,18497,12503,31957,44500,10856,3412,21581,5378,
59,44751,14618,42151,13542,32420,18893,49247,36387,30664,46463,48290,38337,33465,47893,5257,42400,39857,32882,29532,47662,41243,38702,35080,24825,24827,19825,4238,43941,23656,36187,41883,42501,23405,40783,10868,26462,40151,43181,7650,47991,38709,21234,3484,4924,3150,4264,19554,10509,27533,33970,377,33727,32896,13975,37791,35824,13799,12683,14535,27734,11934,15969,12904,5931,1242,20922,6510,23412,31725,23985,9519,18151,19580,37604,2047,23032,15523,3386,22884,8171,
60,44751,14618,42151,13542,32420,18893,49247,36387,30664,46463,48290,38337,33465,47893,5257,42400,39857,32882,29532,47662,41243,38702,35080,24825,24827,19825,4238,43941,23656,36187,41883,42501,23405,40783,10868,26462,40151,43181,7650,47991,22992,1227,42606,10640,40185,14411,8973,10509,21942,31292,12287,38684,1472,16021,11102,34805,23118,12683,4414,4903,38124,20163,33584,39756,7894,25174,1719,35825,23023,6927,25044,15690,26452,5709,13597,11955,30772,3916,10125,15708,
61,44751,14618,42151,13542,32420,18893,49247,36387,30664,46463,48290,38337,33465,47893,5257,42400,39857,32882,29532,47662,41243,38702,35080,24825,24827,19825,4238,43941,23656,36187,41883,42501,23405,40783,10868,26462,40151,43181,7650,47991,11828,10443,37517,673,14185,12574,11676,13152,16694,19368,18700,25894,19947,40993,26650,44090,31692,12683,19575,6807,18144,12956,13824,33140,15725,33091,4275,16191,11582,3732,18605,32868,18739,1432,2896,10574,3707,1280,46383,9810,
62,44751,14618,42151,13542,32420,18893,49247,36387,30664,46463,48290,38337,33465,47893,5257,42400,39857,32882,29532,47662,41243,38702,35080,24825,24827,19825,4238,43941,23656,36187,41883,42501,23405,40783,10868,26462,40151,43181,7650,47991,11235,17746,8446,19283,4826,43474,24390,27681,52545,33401,36549,38308,19555,22480,37756,19436,12421,12664,27190,22645,23586,36327,12468,17454,28774,29822,10487,21530,28769,6513,8701,41094,18739,13198,17045,10216,9883,12727,13705,8905,
63,44751,14618,42151,13542,32420,18893,49247,36387,30664,46463,48290,38337,33465,47893,5257,42400,39857,32882,29532,47662,41243,38702,35080,24825,24827,19825,4238,43941,23656,36187,41883,42501,23405,40783,10868,26462,40151,43181,7650,47991,16209,2677,39195,10239,9265,11801,17064,13058,18508,26090,23154,21547,5624,6405,43118,13838,6293,27321,9213,702,38323,33480,15546,17916,12141,12635,16364,23926,15453,3731,2104,16155,13002,18943,7810,35775,994,7735,22531,8741,
64,44751,14618,42151,13542,32420,18893,49247,36387,30664,46463,48290,38337,33465,47893,5257,42400,39857,32882,29532,47662,41243,38702,35080,24825,24827,19825,4238,43941,23656,36187,41883,42501,23405,40783,10868,26462,40151,43181,7650,47991,45740,4831,37335,1673,826,11416,7325,16317,16506,39583,23154,21054,35656,19529,13062,19970,4511,47295,36128,50103,14220,10984,24939,11031,16342,38634,1372,27358,13204,178,5549,37232,32033,263,1168,20913,24714,5342,20844,13816,
65,44751,14618,42151,13542,32420,18893,49247,36387,30664,46463,48290,38337,33465,47893,5257,42400,39857,32882,29532,47662,41243,38702,35080,24825,24827,19825,4238,43941,23656,36187,41883,42501,23405,40783,10868,26462,40151,43181,7650,47991,14587,780,1154,37306,11613,20580,15184,16767,10717,21602,2209,42870,25757,38645,25313,22961,35699,12244,8014,5063,38567,14219,43103,19740,1524,11376,24822,9699,28980,178,24636,14255,25975,263,43791,21266,3105,11285,39458,20382,
66,44751,14618,42151,13542,32420,18893,49247,36387,30664,46463,48290,38337,33465,47893,5257,42400,39857,32882,29532,47662,41243,38702,35080,24825,24827,19825,4238,43941,23656,36187,41883,42501,23405,40783,10868,26462,40151,43181,7650,47991,12362,3620,19600,27706,30387,15719,322,28741,10708,22550,20785,12187,5245,11937,34778,10479,4408,56253,13096,32796,11897,11776,11773,14489,7831,21243,21610,16454,11991,5612,10542,18963,48149,263,1682,26646,15408,3241,24052,31898,
67,44751,14618,42151,13542,32420,18893,49247,36387,30664,46463,48290,38337,33465,47893,5257,42400,39857,32882,29532,47662,41243,38702,35080,24825,24827,19825,4238,43941,23656,36187,41883,42501,23405,40783,10868,26462,40151,43181,7650,47991,49041,11869,5691,9390,2269,1264,5997,11396,51240,10624,3787,18475,9518,14264,15168,23415,22897,15696,3469,4546,13496,38330,15546,36790,9389,16368,3610,4888,14230,4946,6591,13173,21441,32961,12292,21296,28984,19518,34302,36719,
68,44751,14618,42151,13542,32420,18893,49247,36387,30664,46463,48290,38337,33465,47893,5257,42400,39857,32882,29532,47662,41243,38702,35080,24825,24827,19825,4238,43941,23656,36187,41883,42501,23405,40783,10868,26462,40151,43181,7650,47991,26875,4825,35553,32647,2758,16779,16577,12037,11132,20715,49700,25066,38789,9479,12927,56941,1525,11577,2778,11283,16435,25667,11616,28475,4375,23166,40594,30927,28301,24895,26269,49386,11466,5309,1626,17571,828,1483,20462,11022,
69,44751,14618,42151,13542,32420,18893,49247,36387,30664,46463,48290,38337,33465,47893,5257,42400,39857,32882,29532,47662,41243,38702,35080,24825,24827,19825,4238,43941,23656,36187,41883,42501,23405,40783,10868,26462,40151,43181,7650,47991,13127,5334,16596,20322,5710,15691,21837,15703,29811,11065,23004,30268,23624,12465,58444,13477,2535,42082,17855,3617,10972,14010,21361,29877,20954,27391,3729,4396,41761,2483,27220,49839,41894,35765,10946,20312,20247,2288,21095,18619,
70,44751,14618,42151,13542,32420,18893,49247,36387,30664,46463,48290,38337,33465,47893,5257,42400,39857,32882,29532,47662,41243,38702,35080,24825,24827,19825,4238,43941,23656,36187,41883,42501,23405,40783,10868,26462,40151,43181,7650,47991,10419,15376,3232,26887,1120,9758,43626,36712,10954,31348,12137,21124,10389,23135,11946,14382,2415,31652,33535,8449,13673,39100,59290,14859,4448,37050,4088,29066,21239,28823,11074,42268,24391,21335,13088,31242,3028,390,16256,11323,
71,44751,14618,42151,13542,32420,18893,49247,36387,30664,46463,48290,38337,33465,47893,5257,42400,39857,32882,29532,47662,41243,38702,35080,24825,24827,19825,4238,43941,23656,36187,41883,42501,23405,40783,10868,26462,40151,43181,7650,47991,27644,7516,30175,28343,20296,1380,20461,15777,17620,29223,9695,23858,5246,23628,13403,12783,14092,33130,12996,10829,12818,16586,47195,39021,2538,17770,24289,433,12586,4468,11936,10260,37470,21071,18079,27629,5476,11543,14814,41151,
72,44751,14618,42151,13542,32420,18893,49247,36387,30664,46463,48290,38337,33465,47893,5257,42400,39857,32882,29532,47662,41243,38702,35080,24825,24827,19825,4238,43941,23656,36187,41883,42501,23405,40783,10868,26462,40151,43181,7650,47991,27483,18010,18829,4340,28594,12993,57613,22057,32277,38638,15586,24198,12001,39045,34004,21591,1543,17522,41111,7498,11149,30235,39017,10984,22258,13345,1596,433,40687,1416,12836,32525,11446,18101,28841,48004,37898,7748,25161,12668,
73,44751,14618,42151,13542,32420,18893,49247,36387,30664,46463,48290,38337,33465,47893,5257,42400,39857,32882,29532,47662,41243,38702,35080,24825,24827,19825,4238,43941,23656,36187,41883,42501,23405,40783,10868,26462,40151,43181,7650,47991,10330,2749,3303,22669,11802,11038,19249,37512,12747,12390,45785,10826,16748,37540,23900,15427,16828,14758,7699,6736,11385,35151,12876,13081,11039,29142,4868,27908,33915,39025,21974,13879,47443,24167,28354,25359,8570,16226,11805,6136,
74,44751,14618,42151,13542,32420,18893,49247,36387,30664,46463,48290,38337,33465,47893,5257,42400,39857,32882,29532,47662,41243,38702,35080,24825,24827,19825,4238,43941,23656,36187,41883,42501,23405,40783,10868,26462,40151,43181,7650,47991,31850,7890,12200,6373,14621,850,52651,13978,10125,13419,6412,15269,20553,23502,52158,33637,10079,28294,11095,4575,10805,13787,25289,49363,16834,15780,10709,17939,44973,23491,6483,12828,16003,18381,4049,20248,18004,6229,24515,28013,
75,44751,14618,42151,13542,32420,18893,49247,36387,30664,46463,48290,38337,33465,47893,5257,42400,39857,32882,29532,47662,41243,38702,35080,24825,24827,19825,4238,43941,23656,36187,41883,42501,23405,40783,10868,26462,40151,43181,7650,47991,33806,21860,20459,8381,19034,19910,21842,21334,10125,10418,34038,13867,12275,19215,16914,20025,32650,12534,5487,4575,32044,27073,18759,14433,2694,32033,10709,28586,12497,2173,10451,23330,53037,18126,3112,10267,4474,2374,18028,15293,
76,44751,14618,42151,13542,32420,18893,49247,36387,30664,46463,48290,38337,33465,47893,5257,42400,39857,32882,29532,47662,41243,38702,35080,24825,24827,19825,4238,43941,23656,36187,41883,42501,23405,40783,10868,26462,40151,43181,7650,47991,12825,5957,716,6750,5817,9366,25070,33726,10125,45387,7084,16410,46743,25138,15188,11462,5153,20879,37424,4951,11892,19573,19734,15801,20355,43611,22360,11113,28876,12648,4622,17458,16887,41473,2978,41946,26187,6950,12560,5449,
77,44751,14618,42151,13542,32420,18893,49247,36387,30664,46463,48290,38337,33465,47893,5257,42400,39857,32882,29532,47662,41243,38702,35080,24825,24827,19825,4238,43941,23656,36187,41883,42501,23405,40783,10868,26462,40151,43181,7650,47991,12306,22394,16764,22627,1545,16990,15712,35660,10125,20310,15723,20388,17597,7534,18969,14404,14274,25399,23798,20664,13949,17830,12084,17519,4899,14601,26494,20357,21682,33662,17892,13003,29428,55380,2987,19241,1184,1678,18721,22996,
78,44751,14618,42151,13542,32420,18893,49247,36387,30664,46463,48290,38337,33465,47893,5257,42400,39857,32882,29532,47662,41243,38702,35080,24825,24827,19825,4238,43941,23656,36187,41883,42501,23405,40783,10868,26462,40151,43181,7650,47991,15403,28236,3388,33727,1185,21150,16175,23599,22471,42622,39459,36102,26491,1375,48363,40579,8651,15927,34199,17481,22481,11072,13391,29520,6837,13173,21468,14145,14713,16281,5925,12018,23258,22456,19059,19555,13748,2319,16167,32100,
79,44751,14618,42151,13542,32420,18893,49247,36387,30664,46463,48290,38337,33465,47893,5257,42400,39857,32882,29532,47662,41243,38702,35080,24825,24827,19825,4238,43941,23656,36187,41883,42501,23405,40783,10868,26462,40151,43181,7650,47991,16144,28908,6764,12469,14010,28371,46846,23597,16319,16344,18990,10938,1625,35092,18574,25169,2351,15164,19753,12857,11771,12656,36811,17968,26068,11265,728,10808,11688,952,4413,14467,20037,17625,629,14000,32492,2775,30393,13494,
80,44751,14618,42151,13542,32420,18893,49247,36387,30664,46463,48290,38337,33465,47893,5257,42400,39857,32882,29532,47662,41243,38702,35080,24825,24827,19825,4238,43941,23656,36187,41883,42501,23405,40783,10868,26462,40151,43181,7650,47991,22408,7188,1382,5166,29990,10008,30373,15156,14799,12228,16768,14353,39468,3138,20449,20885,8468,14964,40025,4352,13170,41744,11364,19079,836,12514,728,6510,12211,11802,26059,42909,44652,12142,20746,14306,1402,38281,22974,24389,
81,44751,14618,42151,13542,32420,18893,49247,36387,30664,46463,48290,38337,33465,47893,5257,42400,39857,32882,29532,47662,41243,38702,35080,24825,24827,19825,4238,43941,23656,36187,41883,42501,23405,40783,10868,26462,40151,43181,7650,47991,45778,9308,452,7941,2622,12614,25336,28298,27029,11867,13659,32527,10472,13508,37434,12158,5776,34502,18175,2896,31689,13121,60229,12982,3791,56998,31928,4726,10165,1046,5609,25993,20665,11815,5150,23362,46789,22690,10841,2469,
82,44751,14618,42151,13542,32420,18893,49247,36387,30664,46463,48290,38337,33465,47893,5257,42400,39857,32882,29532,47662,41243,38702,35080,24825,24827,19825,4238,43941,23656,36187,41883,42501,23405,40783,10868,26462,40151,43181,7650,47991,22889,1815,1216,7736,2976,19230,25526,24628,15864,17299,1931,21072,24391,35087,45310,24180,12074,11367,2571,29139,35297,21196,25566,39906,9435,23310,2029,14982,28699,47434,29129,26188,29582,24985,14066,27185,3786,9332,27126,24401,
83,44751,14618,42151,13542,32420,18893,49247,36387,30664,46463,48290,38337,33465,47893,5257,42400,39857,32882,29532,47662,41243,38702,35080,24825,24827,19825,4238,43941,23656,36187,41883,42501,23405,40783,10868,26462,40151,43181,7650,47991,27373,9327,14664,28125,27567,5971,37699,36681,16864,14880,35553,12369,5352,19171,31208,19456,5845,23808,8132,24978,51521,44325,30868,10835,28303,23007,30449,6361,11544,4700,3467,15202,42333,26771,14900,44267,14602,986,33528,390,
84,44751,14618,42151,13542,32420,18893,49247,36387,30664,46463,48290,38337,33465,47893,5257,42400,39857,32882,29532,47662,41243,38702,35080,24825,24827,19825,4238,43941,23656,36187,41883,42501,23405,40783,10868,26462,40151,43181,7650,47991,32028,6319,3073,6433,1526,18087,45389,38468,38700,32910,2533,52222,1640,24879,50757,12797,23348,44274,626,9531,47385,13079,19157,10632,39763,20707,6161,30245,18019,1978,32034,19422,16310,33761,2108,12036,25630,36372,20765,23261,
85,44751,14618,42151,13542,32420,18893,49247,36387,30664,46463,48290,38337,33465,47893,5257,42400,39857,32882,29532,47662,41243,38702,35080,24825,24827,19825,4238,43941,23656,36187,41883,42501,23405,40783,10868,26462,40151,43181,7650,47991,10540,14098,15242,11013,26517,12491,11228,11730,29540,31689,8849,27066,6055,3425,25906,11438,16866,12610,7510,2393,17984,16407,13111,32984,24331,15903,11393,2588,34819,43526,5520,35427,12256,16977,1705,15535,8585,1056,32154,12516,
86,44751,14618,42151,13542,32420,18893,49247,36387,30664,46463,48290,38337,33465,47893,5257,42400,39857,32882,29532,47662,41243,38702,35080,24825,24827,19825,4238,43941,23656,36187,41883,42501,23405,40783,10868,26462,40151,43181,7650,47991,10897,3154,4632,33854,14056,13004,11498,40279,14090,18055,28977,12142,32168,23204,15122,34906,2824,11050,20368,19036,41749,14349,45471,23330,13922,20065,3712,5674,40886,25688,39232,12733,30845,12100,10702,11534,967,17391,10994,33723,
87,44751,14618,42151,13542,32420,18893,49247,36387,30664,46463,48290,38337,33465,47893,5257,42400,39857,32882,29532,47662,41243,38702,35080,24825,24827,19825,4238,43941,23656,36187,41883,42501,23405,40783,10868,26462,40151,43181,7650,47991,21576,39580,8981,6511,420,4642,22760,39643,36499,20612,10748,51038,13167,1118,18290,13322,1519,11050,5663,11231,16920,17873,20891,18806,14558,10328,32985,325,17959,879,17006,14486,14047,26528,25254,20910,20437,50190,19795,22099,
88,44751,14618,42151,13542,32420,18893,49247,36387,30664,46463,48290,38337,33465,47893,5257,42400,39857,32882,29532,47662,41243,38702,35080,24825,24827,19825,4238,43941,23656,36187,41883,42501,23405,40783,10868,26462,40151,43181,7650,47991,25409,11063,4667,700,30241,17303,22434,24012,17266,10560,37942,10692,6171,2094,15589,13312,2692,21350,6282,28454,19360,20967,13564,11594,3441,24624,2162,325,10609,15635,37978,22535,14490,22615,18066,17875,2322,33681,44626,30800,
89,44751,14618,42151,13542,32420,18893,49247,36387,30664,46463,48290,38337,33465,47893,5257,42400,39857,32882,29532,47662,41243,38702,35080,24825,24827,19825,4238,43941,23656,36187,41883,42501,23405,40783,10868,26462,40151,43181,7650,47991,24080,18065,36355,18264,18655,3628,24394,20457,38109,12359,5288,23153,8050,26595,26984,11861,16174,23510,21901,36295,11144,46828,17127,32012,14639,12036,21480,28217,23263,6291,12624,15203,23208,12706,20401,11889,31199,26120,15329,22811,
90,44751,14618,42151,13542,32420,18893,49247,36387,30664,46463,48290,38337,33465,47893,5257,42400,39857,32882,29532,47662,41243,38702,35080,24825,24827,19825,4238,43941,23656,36187,41883,42501,23405,40783,10868,26462,40151,43181,7650,47991,30444,19441,30706,4113,36869,3062,26077,48903,20974,10812,9855,20224,9260,15748,46605,16315,24131,12996,42214,2638,23245,51933,51418,20538,14359,10917,21293,2380,12003,19143,10115,14642,10722,13368,30265,46845,28863,39188,48035,53445,
91,44751,14618,42151,13542,32420,18893,49247,36387,30664,46463,48290,38337,33465,47893,5257,42400,39857,32882,29532,47662,41243,38702,35080,24825,24827,19825,4238,43941,23656,36187,41883,42501,23405,40783,10868,26462,40151,43181,7650,47991,13169,2715,11779,14870,16929,4302,12600,10604,25568,10607,9081,43552,20499,12721,32992,12046,29618,11437,25606,362,11900,29345,23036,29706,5684,23793,36708,2380,15520,10944,10115,26730,18312,53803,17455,16718,2204,43008,37850,27880,
92,44751,14618,42151,13542,32420,18893,49247,36387,30664,46463,48290,38337,33465,47893,5257,42400,39857,32882,29532,47662,41243,38702,35080,24825,24827,19825,4238,43941,23656,36187,41883,42501,23405,40783,10868,26462,40151,43181,7650,47991,30625,47747,6517,42646,15011,38805,14459,14293,23088,26026,821,41262,211,30463,26864,16793,9217,15717,2454,28864,19694,13671,18250,45603,5104,10426,4988,661,11343,3464,10115,40319,38913,10203,13280,16956,20934,11093,23672,12134,
93,44751,14618,42151,13542,32420,18893,49247,36387,30664,46463,48290,38337,33465,47893,5257,42400,39857,32882,29532,47662,41243,38702,35080,24825,24827,19825,4238,43941,23656,36187,41883,42501,23405,40783,10868,26462,40151,43181,7650,47991,14109,12213,2586,20228,13021,13871,29966,15262,21552,15224,3052,15968,52253,25571,38835,41847,1422,53246,6938,27946,10394,19635,19114,20316,12239,48077,23285,4217,27258,4673,10115,11223,25079,10203,26300,16167,24326,15061,17543,17645,
94,44751,14618,42151,13542,32420,18893,49247,36387,30664,46463,48290,38337,33465,47893,5257,42400,39857,32882,29532,47662,41243,38702,35080,24825,24827,19825,4238,43941,23656,36187,41883,42501,23405,40783,10868,26462,40151,43181,7650,47991,39046,2274,25812,42480,17009,16367,15254,15394,12900,11722,23005,11541,33598,10290,28640,30150,28726,24941,1089,3774,17737,11485,19114,12878,1968,18424,1639,9779,15227,11253,51809,34672,13320,10203,6486,45868,18152,21964,53238,12550,
95,44751,14618,42151,13542,32420,18893,49247,36387,30664,46463,48290,38337,33465,47893,5257,42400,39857,32882,29532,47662,41243,38702,35080,24825,24827,19825,4238,43941,23656,36187,41883,42501,23405,40783,10868,26462,40151,43181,7650,47991,13519,3208,6922,16323,20709,8944,31601,43165,28751,13140,22017,22976,33715,6883,13632,26109,16596,18017,7029,16397,17622,18715,18861,31935,2504,11398,12866,4663,37778,11671,42031,39945,17745,10203,19840,13524,3490,28254,54267,13185,
96,44751,14618,42151,13542,32420,18893,49247,36387,30664,46463,48290,38337,33465,47893,5257,42400,39857,32882,29532,47662,41243,38702,35080,24825,24827,19825,4238,43941,23656,36187,41883,42501,23405,40783,10868,26462,40151,43181,7650,47991,10714,1559,6922,21077,28425,23660,13304,12100,33609,21589,36613,26738,51023,21925,32010,31612,2078,28083,7626,5266,19501,26971,31858,27847,35125,14332,23143,21105,23487,11676,14775,33698,14142,58025,4321,51497,23360,10779,15896,14738,
97,44751,14618,42151,13542,32420,18893,49247,36387,30664,46463,48290,38337,33465,47893,5257,42400,39857,32882,29532,47662,41243,38702,35080,24825,24827,19825,4238,43941,23656,36187,41883,42501,23405,40783,10868,26462,40151,43181,7650,47991,10714,20170,23462,22464,12386,19113,20836,19904,24458,31298,11291,10301,53490,26202,26273,10703,8576,14776,5023,7345,11336,36609,11846,19941,2022,14526,12416,25443,20359,28174,11963,10411,10525,17781,11354,21937,99,16802,14002,18644,
98,44751,14618,42151,13542,32420,18893,49247,36387,30664,46463,48290,38337,33465,47893,5257,42400,39857,32882,29532,47662,41243,38702,35080,24825,24827,19825,4238,43941,23656,36187,41883,42501,23405,40783,10868,26462,40151,43181,7650,47991,29723,396,12770,19002,23286,14955,13734,12647,19779,50292,11784,43943,14273,7594,25563,21796,2275,30957,5023,6755,25259,36467,16961,10356,42614,51435,2126,1262,20843,10078,26983,23929,12383,12797,9194,33391,43574,32907,44925,31475,
99,44751,14618,42151,13542,32420,18893,49247,36387,30664,46463,48290,38337,33465,47893,5257,42400,39857,32882,29532,47662,41243,38702,35080,24825,24827,19825,4238,43941,23656,36187,41883,42501,23405,40783,10868,26462,40151,43181,7650,47991,13381,39562,13970,6594,15526,8433,13747,10843,42586,11132,27829,19906,39081,663,32254,18521,35034,16049,5023,42137,47674,24892,20970,25478,15086,42756,11603,48001,23785,2643,14101,20176,45550,17156,9194,24235,13382,28967,31422,13147,
100,44751,14618,42151,13542,32420,18893,49247,36387,30664,46463,48290,38337,33465,47893,5257,42400,39857,32882,29532,47662,41243,38702,35080,24825,24827,19825,4238,43941,23656,36187,41883,42501,23405,40783,10868,26462,40151,43181,7650,47991,15029,10161,4496,1871,25289,9464,24164,14846,23688,34252,4225,34196,28901,34999,14044,13576,122,12849,3540,4089,21619,10703,17751,28471,34345,12456,13356,6700,12510,20410,39500,35384,33952,17156,26971,12343,21366,11245,14271,20998,
