1,2180,32816,45195,41321,30045,42990,15218,31241,38153,15750,13175,11296,38817,14768,21251,34262,33881,49929,46745,43505,
2,2180,11296,689,1854,6465,1686,7486,625,1998,1861,625,565,7431,923,5082,1498,9231,4783,11350,16517,
3,565,625,4586,625,1486,625,923,923,625,5273,625,625,1500,2411,1067,1801,1771,572,2101,40027,
4,565,572,923,572,625,625,572,625,4679,625,625,625,625,625,625,625,923,625,6066,17873,
5,565,572,625,572,625,625,572,625,625,572,625,625,625,625,572,572,1176,572,29200,625,
6,565,572,572,625,572,572,572,625,572,572,572,572,572,572,572,572,572,572,15580,32562,
7,565,572,572,572,572,572,572,572,572,572,572,572,572,572,572,572,572,572,30250,6010,
8,565,572,572,572,572,572,572,572,572,572,572,572,572,572,572,572,572,572,30473,11155,
9,565,572,572,572,572,572,572,572,572,572,572,572,572,572,572,572,572,572,33028,26987,
10,565,572,572,572,572,572,572,572,572,572,572,572,572,572,572,572,572,572,23210,40246,
11,565,572,572,572,572,572,572,572,572,572,4744,572,572,572,572,572,572,572,46216,13316,
12,565,572,572,572,572,572,572,572,572,572,572,572,572,572,572,572,572,572,18851,11418,
13,565,572,572,572,572,572,572,572,572,572,572,572,572,572,572,572,572,572,15501,40406,
14,565,572,572,572,572,572,572,572,572,572,572,572,572,572,572,572,572,10394,59019,2085,
15,565,572,572,572,572,572,572,572,572,572,572,572,572,572,572,572,572,572,45873,21344,
16,565,572,572,572,572,572,572,572,572,572,572,572,572,2066,572,572,572,572,241,6099,
17,241,241,572,572,838,241,241,241,572,572,572,572,241,572,241,572,241,572,15116,14638,
18,241,241,241,241,241,241,572,241,241,241,241,241,241,241,241,241,241,241,22266,6255,
19,241,241,241,241,241,241,241,241,241,241,241,241,241,241,241,241,241,241,13997,241,
20,241,241,241,241,241,241,241,241,241,241,241,241,241,241,241,241,241,241,35235,241,
21,241,241,241,241,241,241,241,241,241,241,241,241,241,241,241,241,241,241,15878,1185,
22,241,241,241,241,241,241,241,241,241,241,241,241,241,241,241,241,241,241,241,13435,
23,241,241,241,241,241,241,241,241,241,241,241,241,241,241,241,241,241,241,60374,241,
24,241,241,241,241,241,241,241,241,241,241,241,241,241,241,241,241,241,241,241,46885,
25,241,241,241,241,241,241,241,241,241,241,241,241,241,241,241,241,241,241,44126,15785,
26,241,241,241,241,241,241,241,241,241,241,241,241,241,241,241,241,241,241,27664,241,
27,241,241,241,241,241,241,241,241,241,241,241,241,241,241,241,241,241,241,14135,47283,
28,241,241,241,241,241,241,241,241,9219,241,241,241,241,241,241,241,241,241,241,52390,
29,241,241,241,241,241,241,241,241,241,241,241,241,241,241,241,241,241,241,9247,13221,
30,241,241,241,241,241,241,241,241,241,241,241,241,241,241,241,241,241,241,16115,241,
31,241,241,241,241,241,241,241,241,241,241,241,241,241,241,241,241,241,241,30671,241,
32,241,241,241,241,241,241,241,241,241,241,241,241,241,241,241,241,241,241,51200,58631,
33,241,241,241,241,241,241,241,241,241,241,241,241,241,241,241,241,241,241,12694,572,
34,241,241,241,241,241,241,241,241,241,241,241,241,241,241,241,241,241,241,11188,29534,
35,241,241,241,241,241,241,241,241,241,241,241,241,241,241,241,241,241,241,3109,241,
36,241,241,241,241,241,241,241,241,241,241,241,241,241,241,241,241,241,241,241,33717,
37,241,241,241,241,241,241,241,241,241,241,241,241,241,241,241,241,241,241,19824,8766,
38,241,241,241,241,241,241,241,241,241,241,241,241,241,241,241,241,241,241,40780,25936,
39,241,241,241,241,241,241,241,241,241,241,241,241,241,241,241,241,241,241,30070,51184,
40,241,241,241,241,241,241,241,241,7297,241,241,241,241,241,241,241,241,6595,22544,241,
41,241,241,241,241,241,241,241,241,241,241,241,241,241,241,241,9758,241,241,6997,241,
42,241,241,241,241,241,241,241,241,241,241,241,241,241,241,241,241,241,241,33321,241,
43,241,241,241,241,241,241,241,241,241,241,241,241,241,241,241,241,241,241,241,241,
44,241,241,241,241,241,241,241,241,241,241,241,241,241,241,241,241,241,241,41586,241,
45,241,241,241,241,241,241,241,241,241,241,241,241,241,241,241,241,241,241,241,14016,
46,241,241,241,241,241,241,241,241,241,241,241,241,241,241,241,241,241,241,9173,43440,
47,241,241,241,241,241,241,241,241,12682,241,241,241,241,241,241,241,241,241,46805,1462,
48,241,241,241,241,241,241,241,241,241,241,241,241,241,241,241,241,241,241,25190,53008,
49,241,241,241,241,241,241,241,241,241,241,241,241,241,241,8392,241,241,241,25299,241,
50,241,241,241,241,241,241,241,241,12968,241,241,241,241,241,241,241,241,241,19357,7489,
51,241,241,241,241,241,241,241,241,241,241,241,241,241,241,241,241,3579,241,3685,20232,
52,241,241,241,241,241,241,241,241,241,241,241,241,241,241,241,241,241,241,241,35766,
53,241,241,241,241,241,241,241,241,241,241,241,241,241,241,241,241,241,241,241,42739,
54,241,241,241,241,241,241,241,241,241,241,241,241,241,241,241,241,241,241,241,241,
55,241,241,241,241,241,241,241,241,241,241,241,241,241,241,241,241,241,241,49283,241,
56,241,241,241,241,241,241,241,241,241,241,241,241,241,241,241,241,241,241,24771,43545,
57,241,241,241,241,241,241,241,241,241,241,241,241,241,241,241,241,241,241,16973,241,
58,241,241,241,241,241,241,241,241,241,241,241,241,241,241,241,241,241,241,19684,8024,
59,241,241,241,241,241,241,241,241,241,241,241,241,241,241,241,241,241,241,49010,35382,
60,241,241,241,241,241,241,241,241,241,241,241,241,241,241,241,241,241,13140,59332,241,
61,241,241,241,241,241,241,241,241,241,241,241,241,241,241,241,241,241,241,10336,241,
62,241,241,241,241,241,241,241,241,241,241,241,241,241,241,241,241,241,241,11361,241,
63,241,241,241,241,241,241,241,241,241,241,241,241,241,241,241,241,241,241,8590,241,
64,241,241,241,241,241,241,241,241,241,241,241,241,241,241,241,241,241,241,14414,19762,
65,241,241,241,241,241,241,241,6501,241,241,241,6501,241,241,241,241,241,241,17372,50614,
66,241,241,241,241,241,241,241,241,241,241,241,241,241,241,241,241,241,241,34818,241,
67,241,241,241,241,241,241,241,241,241,241,241,241,241,241,241,241,241,241,33273,241,
68,241,241,241,241,241,241,241,241,241,241,241,241,241,241,241,241,241,241,16808,38458,
69,241,241,241,241,241,241,241,241,241,241,241,241,241,241,241,241,241,241,241,43261,
70,241,241,241,241,241,241,241,241,241,241,241,241,241,241,241,241,241,241,16754,27761,
71,241,241,241,241,241,241,241,241,241,241,241,241,241,241,241,241,241,241,18240,49983,
72,241,241,241,241,241,241,241,241,241,241,241,241,241,241,241,241,241,241,34488,241,
73,241,241,241,241,241,241,241,241,241,241,241,241,241,241,241,241,241,241,21636,42807,
74,241,241,241,241,241,241,241,241,241,241,241,241,241,241,241,241,241,241,4089,27756,
75,241,241,241,241,241,241,241,241,241,241,241,241,241,241,241,241,241,241,33110,843,
76,241,241,241,241,241,241,241,241,241,241,241,241,241,241,241,241,241,241,19302,9700,
77,241,241,241,241,241,241,241,241,241,241,241,241,241,241,241,241,241,241,40361,48427,
78,241,241,241,241,241,241,12717,12717,241,15196,241,241,241,241,241,241,241,241,14896,4302,
79,241,241,241,241,241,241,241,241,241,241,241,241,241,241,241,241,241,241,241,8012,
80,241,241,241,241,241,241,241,241,241,241,241,241,241,241,241,241,241,241,44888,30364,
81,241,241,241,241,241,241,241,241,241,241,241,241,241,241,241,241,241,241,241,14760,
82,241,241,241,241,241,241,241,241,241,241,241,241,241,241,241,241,241,241,30949,5989,
83,241,241,241,241,241,241,241,241,241,241,241,241,241,241,241,241,241,241,22757,12397,
84,241,241,241,241,241,241,241,241,241,241,241,241,241,241,241,241,241,241,27039,37088,
85,241,241,241,241,241,241,241,241,11834,241,241,241,241,241,241,241,241,241,27986,56945,
86,241,241,241,241,241,241,241,241,241,241,241,241,241,241,241,241,241,241,241,32204,
87,241,241,241,241,241,241,241,241,241,241,241,241,241,241,241,241,241,241,18602,9431,
88,241,241,241,241,241,241,241,241,241,241,241,241,241,241,241,241,241,241,21831,26451,
89,241,241,241,241,241,241,241,241,241,241,241,241,241,241,241,241,241,241,10583,9691,
90,241,241,241,241,241,241,241,241,241,241,241,241,241,241,241,241,241,241,241,33049,
91,241,241,241,241,241,241,241,241,241,241,241,241,241,241,241,241,241,241,7558,55003,
92,241,241,241,241,241,241,241,241,241,241,241,241,241,241,241,241,241,241,21437,17868,
93,241,241,241,241,241,241,241,241,241,241,241,241,241,241,241,241,241,241,14094,49585,
94,241,241,241,241,241,241,241,241,241,241,241,241,241,241,241,241,241,241,53902,19048,
95,241,241,241,241,241,241,241,241,241,241,241,241,241,24210,241,241,241,241,241,28038,
96,241,241,241,241,241,241,241,241,241,241,241,241,241,241,241,241,241,241,30743,1918,
97,241,241,241,241,241,241,241,241,241,241,241,241,241,241,241,241,241,241,17038,37611,
98,241,241,241,241,241,241,241,241,241,241,241,264,241,241,241,241,241,241,21904,28917,
99,241,241,241,241,241,241,241,241,241,241,241,241,241,241,241,241,241,241,11127,48041,
100,241,241,241,241,241,241,241,241,241,241,241,241,241,241,241,241,241,241,36661,241,
101,241,241,241,241,241,241,241,241,241,241,241,241,241,241,241,241,241,241,21959,1660,
102,241,241,241,241,241,241,241,241,241,241,241,241,241,241,241,241,241,241,241,49627,
103,241,241,241,241,241,241,241,241,241,241,241,241,241,241,241,241,241,241,241,241,
104,241,241,241,241,241,241,241,241,241,241,241,241,241,241,241,241,241,241,241,15172,
105,241,241,241,241,241,241,241,241,241,241,241,241,241,241,241,241,241,241,13221,11430,
106,241,241,241,241,241,241,241,241,241,241,241,241,241,241,241,241,241,241,11791,38808,
107,241,241,241,241,241,241,241,241,241,241,241,241,241,241,241,241,241,140,6469,15845,
108,140,241,140,241,241,241,140,241,140,241,241,241,241,241,241,241,241,241,55045,30249,
109,140,140,140,140,241,241,140,140,140,140,241,140,241,241,241,241,241,241,140,49835,
110,140,140,140,140,241,241,140,241,140,140,140,140,140,140,140,140,140,140,52345,140,
111,140,140,140,140,140,140,140,140,140,140,140,140,140,140,140,140,140,140,22078,59349,
112,140,140,140,140,140,140,140,140,140,140,140,140,140,140,140,140,140,140,18475,57165,
113,140,140,140,140,140,140,140,140,140,140,140,140,140,140,140,140,140,140,140,36929,
114,140,140,140,140,140,140,140,140,140,140,140,140,140,140,140,13500,140,140,140,42053,
115,140,140,140,140,140,140,140,140,140,140,140,140,140,140,140,140,140,140,140,140,
116,140,140,140,140,140,140,140,140,140,140,140,140,140,140,140,140,140,140,140,47126,
117,140,140,140,140,140,140,140,140,140,140,140,140,140,140,140,140,140,140,50212,53658,
118,140,140,140,140,140,140,140,140,140,140,140,140,140,140,140,140,140,140,140,52619,
119,140,140,140,140,140,140,140,140,140,11409,140,140,11409,140,140,140,140,140,140,140,
120,140,140,140,140,140,140,140,140,140,140,140,140,140,140,140,140,140,140,140,140,
121,140,140,140,140,140,140,140,140,140,140,140,140,140,140,140,140,140,140,58796,13721,
122,140,140,140,140,140,140,140,140,140,140,140,140,140,140,140,140,140,140,16088,28208,
123,140,140,140,140,140,140,140,140,140,140,140,140,140,140,140,140,140,140,57990,140,
124,140,140,140,140,140,140,140,140,140,140,140,140,140,140,140,140,140,140,140,59336,
125,140,140,140,140,140,140,140,140,140,140,140,140,140,140,140,140,140,140,140,52427,
126,140,140,140,140,140,140,140,140,140,140,140,140,140,140,140,140,140,140,11339,140,
127,140,140,140,140,140,140,140,140,140,140,140,140,140,140,140,140,140,140,42814,21771,
128,140,140,140,140,140,140,140,140,140,140,140,140,140,140,140,140,140,140,140,140,
129,140,140,140,140,140,140,140,140,140,140,140,140,140,140,140,140,140,140,140,60186,
130,140,140,140,140,140,140,140,140,140,140,140,140,140,140,140,140,140,140,140,140,
131,140,140,140,140,140,140,140,140,140,140,140,140,140,140,140,140,140,140,140,23130,
132,140,140,140,140,140,140,140,140,140,140,140,140,140,140,140,140,140,140,30529,140,
133,140,140,140,140,140,140,140,140,140,140,140,140,140,140,140,140,140,140,140,47569,
134,140,140,140,140,140,140,140,140,140,140,140,140,140,140,140,140,140,140,140,140,
135,140,140,140,140,140,140,140,140,140,140,140,140,140,140,140,140,140,140,57956,140,
136,140,140,140,140,140,140,140,140,140,140,140,140,140,140,140,140,140,140,140,13446,
137,140,140,140,140,140,140,140,140,140,140,140,140,140,140,140,140,140,140,140,140,
138,140,140,140,140,140,140,140,140,140,140,140,140,140,140,140,140,140,140,140,48014,
139,140,140,140,140,140,140,140,140,140,140,140,140,140,140,140,140,140,140,140,31771,
140,140,140,140,140,140,140,140,140,140,140,140,140,140,140,140,140,140,140,53203,58026,
141,140,140,140,140,140,140,140,140,140,140,140,140,140,140,140,140,140,140,140,140,
142,140,140,140,140,140,140,140,140,140,140,140,140,140,140,140,140,140,140,21260,10175,
143,140,140,140,140,140,140,140,140,140,140,140,140,140,140,140,140,140,140,140,40408,
144,140,140,140,140,140,140,140,140,140,140,140,140,140,140,140,140,140,140,140,140,
145,140,140,140,140,140,140,140,140,140,140,140,140,140,140,140,140,140,140,53304,13021,
146,140,140,140,140,140,140,140,140,140,140,140,140,140,140,140,140,140,140,29721,13933,
147,140,140,140,140,140,140,140,140,140,140,140,140,140,140,140,140,140,140,57482,140,
148,140,140,140,140,140,140,140,140,140,140,140,140,140,140,140,140,140,140,14824,1418,
149,140,140,140,140,140,140,140,140,140,140,140,140,140,140,140,140,140,140,13956,42930,
150,140,140,140,140,140,140,140,140,140,140,140,140,140,140,140,140,140,140,49611,140,
151,140,140,140,140,140,140,140,140,140,140,140,140,140,140,140,140,140,140,50379,140,
152,140,140,140,140,140,140,140,140,140,140,140,140,140,140,140,140,140,140,140,26565,
153,140,140,140,140,140,140,140,140,140,140,140,140,140,140,140,140,140,140,140,49243,
154,140,140,140,140,140,140,140,140,140,140,140,140,140,10715,140,140,140,140,50398,140,
155,140,140,140,140,140,140,140,140,140,140,140,140,140,140,140,140,140,140,140,140,
156,140,140,140,140,140,140,140,140,140,140,140,140,140,140,140,140,140,140,140,28469,
157,140,140,140,140,140,140,140,140,140,140,140,140,140,140,140,140,140,140,47994,140,
158,140,140,140,140,140,140,140,140,140,140,140,140,140,140,140,140,140,140,140,140,
159,140,140,140,140,140,140,140,140,140,140,140,140,140,140,140,140,140,140,140,34324,
160,140,140,140,140,140,140,140,140,140,140,140,140,140,140,140,140,140,140,20977,140,
161,140,140,140,140,140,140,140,140,140,140,140,140,140,140,140,140,140,140,54712,55328,
162,140,140,140,140,140,140,140,140,140,140,140,140,140,140,140,140,140,140,12068,34307,
163,140,140,140,140,140,140,140,140,140,140,140,8405,140,140,140,140,140,140,140,45261,
164,140,140,140,140,140,140,140,140,140,140,140,140,140,140,140,140,140,140,140,51539,
165,140,140,140,140,140,140,140,140,140,140,140,140,140,140,140,140,140,140,50392,140,
166,140,140,140,140,140,140,140,140,140,140,140,140,140,140,140,140,140,140,140,140,
167,140,140,140,140,140,140,140,140,140,140,140,140,140,140,140,140,140,140,14766,140,
168,140,140,140,140,140,140,140,140,140,140,140,140,140,140,140,140,140,140,11169,55460,
169,140,140,140,140,140,140,140,140,140,140,140,140,140,140,140,140,140,140,11192,39513,
170,140,140,140,140,140,140,140,140,140,140,140,140,140,140,140,140,140,140,140,53473,
171,140,140,140,140,140,140,140,140,140,140,140,140,140,140,140,140,140,140,140,140,
172,140,140,140,140,140,140,140,140,140,140,140,140,140,140,140,140,140,140,140,12171,
173,140,140,140,140,140,140,140,140,140,140,140,140,140,140,140,140,140,140,140,140,
174,140,140,140,140,140,140,140,140,140,140,140,140,140,140,140,140,140,140,37703,140,
175,140,140,140,140,140,140,140,140,140,140,140,140,140,140,140,140,140,140,140,140,
176,140,140,140,140,140,140,140,140,140,140,140,140,140,140,140,140,140,140,52074,140,
177,140,140,140,140,140,140,140,140,140,140,140,140,140,140,140,140,140,140,13171,140,
178,140,140,140,140,140,140,140,140,140,140,140,140,140,140,140,140,140,140,38881,140,
179,140,140,140,140,140,140,140,140,140,140,140,140,140,140,140,140,140,140,140,56323,
180,140,140,140,140,140,140,140,140,140,140,140,140,140,140,140,140,140,140,11044,51496,
181,140,140,140,140,140,140,6359,140,140,6359,140,140,140,140,140,140,6359,140,28695,140,
182,140,140,140,140,140,140,140,140,140,140,140,140,140,140,140,140,140,140,19067,47495,
183,140,140,140,140,140,140,140,140,140,140,140,140,140,140,140,140,140,140,31089,140,
184,140,140,140,140,140,140,140,140,140,140,140,140,140,140,140,140,140,140,33368,26275,
185,140,140,140,140,140,140,140,140,140,140,140,140,140,140,140,140,140,140,140,27449,
186,140,140,140,140,140,140,140,140,140,140,140,140,140,140,140,140,140,140,50067,56770,
187,140,140,140,140,140,140,140,140,140,140,140,140,140,140,140,140,140,140,140,52347,
188,140,140,140,140,140,140,140,140,140,140,140,140,140,140,140,140,140,140,140,25196,
189,140,140,140,140,140,140,140,140,140,140,140,140,140,140,140,140,140,140,140,15450,
190,140,140,140,140,140,140,140,140,140,140,140,140,140,140,140,140,140,140,31156,140,
191,140,140,140,140,140,140,140,140,140,140,140,140,140,140,140,140,140,140,140,140,
192,140,140,140,140,140,140,140,140,140,140,140,140,140,140,140,140,140,140,140,36221,
193,140,140,140,140,140,140,140,140,140,140,140,140,140,140,140,140,140,140,140,23882,
194,140,140,140,140,140,140,140,140,140,140,140,140,140,140,140,140,140,140,16899,13562,
195,140,140,140,140,140,140,140,140,140,140,140,140,140,140,140,140,140,140,140,140,
196,140,140,140,140,140,140,140,140,140,140,140,140,140,140,140,140,140,140,140,27355,
197,140,140,140,140,140,140,140,140,140,140,140,140,140,140,140,140,140,140,47096,39157,
198,140,140,140,140,140,140,140,140,140,140,140,140,140,140,140,140,140,140,53562,51432,
199,140,140,140,140,140,140,140,140,140,140,140,140,140,140,140,140,140,140,140,53220,
200,140,140,140,140,140,140,140,140,140,140,140,140,140,140,140,140,140,140,23239,140,
201,140,140,140,140,140,140,140,140,140,140,140,140,140,140,140,140,140,140,140,57832,
202,140,140,140,140,140,140,140,140,140,140,140,140,140,140,140,140,140,140,10627,43144,
203,140,140,140,140,140,140,140,140,140,140,140,140,140,140,140,140,140,140,140,140,
204,140,140,140,140,140,140,140,140,140,140,140,140,140,140,140,140,140,140,24551,56946,
205,140,140,140,140,140,140,140,140,140,140,140,140,140,140,140,140,140,140,140,140,
206,140,140,140,140,140,140,140,140,140,140,140,140,140,140,140,140,140,140,14405,140,
207,140,140,140,140,140,140,140,140,140,140,140,140,140,140,140,140,140,140,140,31230,
208,140,140,140,140,140,140,140,140,140,140,140,140,140,140,140,140,140,140,140,140,
209,140,140,140,140,140,140,140,140,140,140,140,140,140,140,140,140,140,140,140,140,
210,140,140,140,140,140,140,140,140,140,140,140,140,140,140,140,140,140,140,140,140,
211,140,140,140,140,140,140,140,140,140,140,140,140,140,140,140,140,140,140,140,140,
212,140,140,140,140,140,140,140,140,140,140,140,140,140,140,140,140,140,140,54258,57833,
213,140,140,140,11253,140,140,140,140,140,140,140,140,140,140,140,140,140,140,41115,140,
214,140,140,140,140,140,140,140,140,140,140,140,140,140,140,140,140,140,140,13077,140,
215,140,140,140,140,140,140,140,140,140,140,140,140,140,140,140,140,140,140,140,14526,
216,140,140,140,140,140,140,140,140,140,140,140,140,140,140,140,140,140,140,140,140,
217,140,140,140,140,140,140,140,140,140,140,140,140,140,140,140,140,140,140,12922,140,
218,140,140,140,140,140,140,140,140,140,140,140,140,140,140,140,140,140,140,32772,140,
219,140,140,140,140,140,140,140,140,140,140,140,140,140,140,140,140,140,140,46658,140,
220,140,140,140,140,140,140,140,140,140,140,140,140,140,140,140,140,140,140,53445,51360,
221,140,140,140,140,140,140,140,140,140,140,140,140,140,140,140,140,140,140,60110,140,
222,140,140,140,140,140,140,140,140,140,140,140,140,140,140,140,140,140,140,41499,47444,
223,140,140,140,140,11518,140,140,140,140,140,140,140,140,140,140,140,140,140,140,13397,
224,140,140,140,140,140,140,140,140,140,140,140,140,140,140,140,140,140,140,42329,54491,
225,140,140,140,140,140,140,140,140,140,140,140,140,140,140,140,140,140,140,140,140,
226,140,140,140,140,140,140,140,140,140,140,140,140,140,140,140,140,140,140,14934,16773,
227,140,140,140,140,140,140,140,140,140,140,140,140,140,140,140,140,140,140,34657,140,
228,140,140,140,140,140,140,140,140,140,140,140,140,140,140,140,140,140,140,41353,140,
229,140,140,140,140,140,140,140,140,140,140,140,140,140,140,140,140,140,140,140,140,
230,140,140,140,140,140,140,140,140,140,140,140,140,140,140,140,140,140,140,22121,13005,
231,140,140,140,140,140,140,140,140,140,140,140,140,140,140,140,140,140,140,32400,11218,
232,140,140,140,140,140,140,140,140,140,140,140,140,140,140,140,140,140,140,35422,140,
233,140,140,140,140,140,140,140,140,140,140,140,140,140,140,140,140,140,140,44568,57024,
234,140,140,140,140,140,140,140,140,140,140,140,140,140,140,140,140,140,140,140,140,
235,140,140,140,140,140,140,140,140,140,140,140,140,140,140,140,140,140,140,140,140,
236,140,140,140,140,140,140,140,140,140,140,140,140,140,140,140,140,140,140,29121,60952,
237,140,140,140,140,140,140,140,140,140,140,140,140,140,140,140,140,140,140,140,140,
238,140,140,140,140,140,140,140,140,140,140,140,140,140,140,140,140,140,140,35342,56292,
239,140,140,140,140,140,140,140,140,140,140,15222,140,140,140,140,140,15222,140,31237,140,
240,140,140,140,140,140,140,140,140,140,140,140,140,140,140,140,140,140,140,28915,16036,
241,140,140,140,140,140,140,140,140,140,140,140,140,140,140,140,140,140,140,56483,18642,
242,140,140,140,140,140,140,140,140,140,140,140,140,140,140,140,140,140,140,140,140,
243,140,140,140,140,140,140,140,140,140,140,140,140,140,140,140,140,140,140,60247,19235,
244,140,140,140,140,140,140,140,140,140,140,140,140,140,140,140,140,140,140,140,35701,
245,140,140,140,140,140,140,140,140,140,140,140,140,140,140,140,140,140,140,54698,54306,
246,140,140,140,140,140,140,140,140,140,140,140,140,140,140,140,140,140,140,140,13437,
247,140,140,140,140,140,140,140,140,140,140,140,140,140,140,140,140,140,140,140,26751,
248,140,140,140,140,140,140,140,140,140,140,140,140,140,140,140,140,140,140,140,57175,
249,140,140,140,140,140,140,140,140,140,140,140,140,140,140,140,140,140,140,41866,54693,
250,140,140,140,140,140,140,140,140,140,140,140,140,140,140,140,140,140,140,20907,140,
251,140,140,140,140,140,140,4354,140,140,140,140,140,140,140,140,140,140,140,51803,140,
252,140,140,140,140,140,140,140,140,140,140,140,140,140,140,140,140,140,140,44270,13060,
253,140,140,140,140,140,140,140,140,140,140,140,140,140,140,140,140,140,140,54016,49926,
254,140,140,140,140,140,140,140,140,140,140,140,140,140,140,140,140,140,140,47428,47343,
255,140,140,140,140,140,140,140,140,140,140,140,140,140,140,140,140,140,140,140,140,
256,140,140,140,140,140,140,140,140,140,140,140,140,140,140,140,140,140,140,140,30756,
257,140,140,140,140,140,140,140,140,140,140,140,140,140,140,140,140,140,140,58270,140,
258,140,140,140,140,140,140,140,140,140,140,140,140,140,140,140,140,140,140,140,52523,
259,140,140,140,140,140,140,140,140,140,140,140,140,140,140,140,140,140,140,19885,22722,
260,140,140,140,140,140,140,140,140,140,140,140,140,140,140,140,140,140,140,33574,140,
261,140,140,140,140,140,140,140,140,140,140,140,140,140,140,140,140,140,140,49186,140,
262,140,140,140,140,140,140,140,140,140,140,140,140,140,140,140,140,140,140,43606,140,
263,140,140,140,140,140,140,140,140,140,140,140,140,140,140,140,140,140,140,42621,140,
264,140,140,140,140,140,140,140,140,140,140,140,140,140,140,140,140,140,140,140,140,
265,140,140,140,140,140,140,140,140,140,140,140,140,140,140,140,140,140,140,140,140,
266,140,140,140,140,140,140,140,140,140,140,140,140,140,140,140,140,140,140,49812,140,
267,140,140,140,140,140,140,140,140,140,140,140,140,140,140,140,140,140,140,30495,12651,
268,140,140,140,140,140,140,140,140,140,140,140,140,140,140,140,140,140,140,140,140,
269,140,140,140,140,140,140,140,140,140,140,140,140,140,140,140,140,140,140,41270,38884,
270,140,140,140,140,140,140,140,140,140,140,140,140,140,140,140,140,140,140,140,140,
271,140,140,140,140,140,140,140,140,140,140,140,140,140,140,140,140,140,140,49167,140,
272,140,140,140,140,140,140,140,140,140,140,140,140,140,140,140,140,140,140,53329,21479,
273,140,140,140,140,140,140,140,140,140,140,140,140,140,140,140,140,140,140,37170,45071,
274,140,140,140,140,140,140,140,140,140,140,140,140,140,140,140,140,140,140,32195,53991,
275,140,140,140,140,140,140,140,140,140,140,140,140,140,140,140,140,140,140,48355,140,
276,140,140,140,140,140,140,140,140,140,140,140,140,140,140,140,140,140,140,140,140,
277,140,140,140,140,140,140,140,140,140,140,140,140,140,140,140,140,140,140,140,57763,
278,140,140,140,140,140,140,140,140,140,140,140,140,140,140,140,140,140,140,43580,33482,
279,140,140,140,140,140,140,140,140,140,140,140,140,140,140,140,140,140,140,140,36431,
280,140,140,140,140,140,140,140,140,140,140,140,140,140,140,140,140,140,140,140,140,
281,140,140,140,140,140,140,140,140,140,140,140,140,140,140,140,140,140,140,140,140,
282,140,140,140,140,140,140,140,140,140,140,140,140,140,140,140,140,140,140,140,140,
283,140,140,140,140,140,140,140,140,140,140,140,140,140,140,140,140,140,140,140,140,
284,140,140,140,140,140,140,140,140,140,140,140,140,140,140,140,140,140,140,140,55685,
285,140,140,140,140,140,140,140,140,140,140,140,140,140,140,140,140,140,140,140,140,
286,140,140,140,140,140,140,140,140,140,140,140,140,140,140,140,140,140,140,21337,140,
287,140,140,140,140,140,140,140,140,140,140,140,140,140,140,140,140,140,140,52470,16504,
288,140,140,140,140,140,140,140,140,140,140,140,140,140,140,140,140,140,140,140,140,
289,140,140,140,140,140,140,140,140,140,140,140,140,140,140,140,140,140,140,44101,140,
290,140,140,140,140,140,140,140,140,140,140,140,140,140,140,140,140,140,140,140,26156,
291,140,140,140,140,140,140,140,140,140,140,140,140,140,140,140,140,140,140,140,140,
292,140,140,140,140,140,140,140,140,140,140,140,140,140,140,140,140,140,140,140,22294,
293,140,140,140,140,140,140,140,140,140,140,140,140,140,140,140,140,140,140,20990,140,
294,140,140,140,140,140,140,140,140,140,140,140,140,140,140,140,140,140,140,29273,140,
295,140,140,140,140,140,140,140,140,140,140,140,140,140,140,140,140,140,140,54867,140,
296,140,140,140,140,140,140,140,140,140,140,140,140,140,140,140,140,140,140,55804,140,
297,140,140,140,140,140,140,140,140,140,140,140,140,140,140,140,140,140,140,140,140,
298,140,140,140,140,140,140,140,140,140,140,140,140,140,140,140,140,140,140,140,56729,
299,140,140,140,140,140,140,140,140,140,140,140,140,140,140,140,140,140,140,47312,51537,
300,140,140,140,140,140,140,140,140,140,140,140,140,140,140,140,140,140,140,54492,140,
301,140,140,140,140,140,140,140,140,140,140,140,140,140,140,140,140,140,140,140,15188,
302,140,140,140,140,140,140,140,140,140,140,140,140,140,140,140,140,140,140,140,140,
303,140,140,140,140,140,140,140,140,140,140,140,140,140,140,140,140,140,140,33941,140,
304,140,140,140,140,140,140,140,140,140,140,140,140,140,140,140,140,140,140,46698,140,
305,140,140,140,140,140,140,140,140,140,140,140,140,140,140,140,140,140,140,47173,49631,
306,140,140,140,140,140,140,140,140,140,140,140,140,140,140,140,140,140,140,14274,140,
307,140,140,140,140,140,140,140,140,140,140,140,140,140,140,140,140,140,140,140,18248,
308,140,140,140,140,140,140,140,140,140,140,140,140,140,140,140,140,140,140,12501,140,
309,140,140,140,140,140,140,140,140,140,140,140,140,140,140,140,140,140,140,140,140,
310,140,140,140,140,140,140,140,140,140,140,140,140,140,140,140,140,140,140,55363,140,
311,140,140,140,140,140,140,140,140,140,140,140,140,140,140,140,140,140,140,58828,16842,
312,140,140,140,140,140,140,140,140,140,140,140,140,140,140,140,140,140,140,35891,59408,
313,140,140,140,140,140,140,140,140,140,140,140,140,140,140,140,140,140,140,140,140,
314,140,140,140,140,140,140,140,140,140,140,140,140,140,140,140,140,140,140,140,20363,
315,140,140,140,140,140,140,140,140,140,140,140,140,140,140,140,140,140,140,19655,37614,
316,140,140,140,140,140,140,140,140,140,140,140,140,140,140,140,140,140,140,57355,140,
317,140,140,140,140,140,140,140,140,140,140,140,140,140,140,140,140,140,140,140,12672,
318,140,140,140,140,140,140,140,140,140,140,140,140,140,140,140,140,140,140,30241,45848,
319,140,140,140,140,140,140,140,140,140,140,140,140,140,140,140,140,140,140,140,140,
320,140,140,140,140,140,140,140,140,140,140,140,140,140,140,140,140,140,140,140,20929,
321,140,140,140,140,140,140,140,140,140,140,140,140,140,140,140,140,140,140,19205,140,
322,140,140,140,140,140,140,140,140,140,140,140,140,140,140,140,140,140,140,140,44224,
323,140,140,140,140,140,12269,140,140,140,140,140,140,140,140,140,140,140,140,29043,13737,
324,140,140,140,140,140,140,140,140,140,140,140,140,140,140,140,140,140,140,140,140,
325,140,140,140,140,140,140,140,140,140,140,140,140,140,140,140,140,140,140,140,140,
326,140,140,140,140,140,140,140,140,140,140,140,140,140,140,140,140,140,140,20860,40259,
327,140,140,140,140,140,140,140,140,140,140,140,140,140,140,140,140,140,140,140,58195,
328,140,140,140,140,140,140,140,140,140,140,140,140,140,140,140,140,140,140,58320,140,
329,140,140,140,140,140,140,140,140,140,140,140,140,140,140,140,140,140,140,140,28821,
330,140,140,140,140,140,140,140,140,140,140,140,140,140,140,140,140,140,140,140,49937,
331,140,140,140,140,140,140,140,140,140,140,140,140,140,140,140,140,140,140,52755,40476,
332,140,140,140,140,140,140,140,140,140,140,140,140,140,140,140,140,140,140,140,140,
333,140,140,140,140,140,140,140,140,140,140,140,140,140,140,140,140,140,140,41102,21404,
334,140,140,140,140,140,140,140,140,140,140,140,140,140,140,140,140,140,140,140,17655,
335,140,140,140,140,140,140,140,140,140,140,140,140,140,140,140,140,140,140,140,47010,
336,140,140,140,140,140,140,140,140,140,140,140,140,140,140,140,140,140,140,49913,25458,
337,140,140,140,140,140,140,140,140,140,140,140,140,140,140,140,140,140,140,16740,140,
338,140,140,140,140,140,140,140,140,140,140,140,140,140,140,140,140,140,140,10390,51872,
339,140,140,140,140,140,140,140,140,140,140,140,140,140,140,140,140,140,140,21224,140,
340,140,140,140,140,140,140,140,140,140,140,140,140,140,140,140,140,140,140,45294,40900,
341,140,140,140,140,140,140,11559,140,140,140,140,140,140,140,140,140,140,140,140,140,
342,140,140,140,140,140,140,140,140,140,140,140,140,140,140,140,140,140,140,54529,140,
343,140,140,140,140,140,140,140,140,140,140,140,140,140,140,140,140,140,140,140,29988,
344,140,140,140,140,140,140,140,140,140,140,140,140,140,140,140,140,140,140,18843,10624,
345,140,140,140,140,140,140,140,140,140,140,140,140,140,140,140,140,140,140,140,140,
346,140,140,140,140,140,140,140,140,140,140,140,140,140,140,140,140,140,140,140,53588,
347,140,140,140,140,140,140,140,140,140,140,140,140,140,140,140,140,140,140,140,140,
348,140,140,140,140,140,140,140,140,140,140,140,140,140,140,140,140,140,140,35239,58966,
349,140,140,140,140,17594,140,140,140,140,140,140,140,140,140,17594,140,140,140,50142,140,
350,140,140,140,140,140,140,140,140,140,140,140,140,140,140,140,140,140,140,140,140,
351,140,140,140,140,140,140,140,140,140,140,140,140,140,140,140,140,140,140,33981,140,
352,140,140,140,140,140,140,140,140,140,140,140,140,140,140,140,140,140,140,13303,140,
353,140,140,140,140,140,140,140,140,140,140,140,140,140,140,140,140,140,140,140,40483,
354,140,140,140,140,140,140,140,140,140,140,140,140,140,140,140,140,140,140,57908,28711,
355,140,140,140,140,140,140,140,140,140,140,140,140,140,140,140,140,140,140,140,51617,
356,140,140,140,140,140,140,140,140,140,140,140,140,140,140,140,140,140,140,140,140,
357,140,140,140,140,140,140,140,140,140,140,140,140,140,140,140,140,140,140,25400,140,
358,140,140,140,140,140,140,140,140,140,140,140,140,140,140,140,140,140,140,140,140,
359,140,140,140,140,140,140,140,140,140,140,140,140,140,140,140,140,140,140,140,140,
360,140,140,140,140,140,140,140,140,140,140,140,140,140,140,140,140,140,140,140,22386,
361,140,140,140,140,140,140,140,140,140,140,140,140,140,140,140,140,140,140,140,140,
362,140,140,140,140,140,140,140,140,140,140,140,140,140,140,140,140,140,140,140,140,
363,140,140,140,140,140,140,140,140,140,140,140,140,140,140,140,140,140,140,51404,54414,
364,140,140,140,140,140,140,140,140,140,140,140,140,140,140,140,140,140,140,140,140,
365,140,140,140,140,140,140,140,140,140,140,140,140,140,140,140,140,140,140,39086,55189,
366,140,140,140,140,140,140,140,140,140,140,140,140,140,140,140,140,140,140,34829,38066,
367,140,140,140,140,140,140,140,140,140,140,140,140,140,140,140,140,140,140,31495,140,
368,140,140,140,140,140,140,140,140,140,140,140,140,140,140,140,140,140,140,140,34860,
369,140,140,140,140,140,140,140,140,140,140,140,140,140,140,140,140,140,140,50982,28437,
370,140,140,140,140,140,140,140,140,140,140,140,140,140,140,140,140,140,140,140,40275,
371,140,140,140,140,140,140,140,140,140,140,140,140,140,140,140,140,140,140,140,28303,
372,140,140,140,140,140,140,140,140,140,140,140,140,140,140,140,140,140,140,12188,44476,
373,140,140,140,140,140,140,140,140,140,140,140,140,140,140,140,140,140,140,50674,140,
374,140,140,140,140,140,140,140,140,140,140,140,140,140,140,140,140,140,140,140,24602,
375,140,140,140,140,140,140,140,140,140,140,140,140,140,140,140,140,140,140,140,140,
376,140,140,140,140,140,140,140,140,140,140,140,140,140,140,140,140,140,140,140,45057,
377,140,140,140,140,140,140,140,140,140,140,140,140,140,140,140,140,140,140,140,140,
378,140,140,140,140,140,140,140,140,140,140,140,140,140,140,140,140,140,140,140,26197,
379,140,140,140,140,140,140,140,140,140,140,140,140,140,140,140,140,140,140,140,140,
380,140,140,140,140,140,140,140,140,140,140,140,140,140,140,140,140,140,140,140,42700,
381,140,140,140,140,140,140,140,140,140,140,140,140,140,140,140,140,140,140,140,15851,
382,140,140,140,140,140,140,140,140,140,140,140,140,140,140,140,140,140,140,41811,36694,
383,140,140,140,140,140,140,140,140,140,140,140,140,140,140,140,140,140,140,140,140,
384,140,140,140,140,140,140,140,140,140,140,140,140,140,140,140,140,140,140,140,50630,
385,140,140,140,140,140,140,140,140,140,140,140,140,140,140,140,140,140,140,140,140,
386,140,140,140,140,140,140,140,140,140,140,140,140,140,140,140,140,140,140,140,29183,
387,140,140,140,140,140,140,140,140,140,140,140,140,140,140,140,140,140,140,54233,53771,
388,140,140,140,140,140,140,140,140,140,140,140,140,140,140,140,140,140,140,20820,44727,
389,140,140,140,140,140,140,140,140,140,140,140,140,140,12699,140,140,140,140,140,140,
390,140,140,140,140,140,140,140,140,140,140,140,140,140,140,140,140,140,140,140,58635,
391,140,140,140,140,140,140,140,140,140,140,140,140,140,140,140,140,140,140,16386,140,
392,140,140,140,140,140,140,140,140,140,140,140,140,140,140,140,140,140,140,20859,14800,
393,140,140,140,140,140,140,140,140,140,140,140,140,140,140,140,140,140,140,46737,140,
394,140,140,140,140,140,140,140,140,140,140,140,140,140,140,140,140,140,140,140,28316,
395,140,140,140,140,140,140,140,140,140,140,140,140,140,140,140,140,140,140,140,51024,
396,140,140,140,140,140,140,140,140,140,140,140,140,140,140,140,140,140,140,140,140,
397,140,140,140,140,140,140,140,140,140,140,140,140,140,140,140,140,140,140,140,140,
398,140,140,140,140,140,140,140,140,140,140,140,140,140,140,140,140,140,140,140,140,
399,140,140,140,140,140,140,140,140,140,140,140,140,140,140,140,140,140,140,48931,140,
400,140,140,140,140,140,140,140,140,140,140,140,140,140,140,140,140,140,140,16484,30386,
401,140,140,140,140,140,140,140,140,140,140,140,140,140,140,140,140,140,140,42628,140,
402,140,140,140,140,140,140,140,140,140,140,140,140,140,140,140,140,140,140,140,14999,
403,140,140,140,140,140,140,140,140,140,140,140,140,140,140,140,140,140,140,29442,140,
404,140,140,140,140,140,140,140,140,140,140,140,140,140,140,140,140,140,140,56204,140,
405,140,140,140,140,140,140,140,140,140,140,140,140,140,140,140,140,140,140,59284,28053,
406,140,140,140,140,140,140,140,140,140,140,140,140,140,140,140,140,140,140,20767,30575,
407,140,140,140,140,140,140,140,140,140,140,140,140,140,140,140,140,140,140,53474,140,
408,140,140,140,140,140,140,140,140,140,140,140,140,140,140,140,140,140,140,58145,140,
409,140,140,140,140,140,140,140,140,140,140,140,140,140,140,140,140,140,140,49380,140,
410,140,140,140,140,140,140,140,140,140,140,140,140,140,140,140,140,140,140,140,42678,
411,140,140,140,140,140,140,140,140,140,140,140,140,140,140,140,140,140,140,140,140,
412,140,140,140,140,140,140,140,140,140,140,140,140,140,140,140,140,140,140,140,140,
413,140,140,140,140,140,140,140,140,140,140,140,140,140,140,140,140,140,140,28716,32084,
414,140,140,140,140,140,140,140,140,140,140,140,140,140,140,140,140,140,140,140,25184,
415,140,140,140,140,140,140,140,140,140,140,140,140,140,140,140,140,140,140,140,140,
416,140,140,140,140,140,140,140,140,140,140,140,140,140,140,140,140,140,140,140,140,
417,140,140,140,140,140,140,140,140,140,140,140,140,140,140,140,140,140,140,46455,140,
418,140,140,140,140,140,140,140,140,140,140,140,140,140,140,140,140,140,140,140,140,
419,140,140,140,140,140,140,140,140,140,140,140,140,140,140,140,140,140,140,140,46558,
420,140,140,140,140,140,140,140,140,140,140,140,140,140,140,140,140,140,140,140,140,
421,140,140,140,140,140,140,140,140,140,140,140,140,140,140,140,140,140,140,56251,32095,
422,140,140,140,140,140,140,140,140,140,140,140,140,20008,140,140,140,140,140,140,140,
423,140,140,140,140,140,140,140,140,140,140,140,140,140,140,140,140,140,140,49534,28504,
424,140,140,140,140,140,140,140,140,140,140,140,140,140,140,140,140,140,140,140,44998,
425,140,140,140,140,140,140,140,140,140,140,140,140,140,140,140,140,140,140,41126,52437,
426,140,140,140,140,140,140,140,140,140,140,140,140,140,140,140,13006,140,140,27920,140,
427,140,140,140,140,140,140,140,140,140,140,140,140,140,140,140,140,140,140,54098,140,
428,140,140,140,140,140,140,140,140,140,140,140,140,140,140,140,140,140,140,140,140,
429,140,140,140,140,140,140,140,140,140,140,140,140,140,140,140,140,140,140,140,57122,
430,140,140,140,140,140,140,140,140,140,140,140,140,140,140,140,140,140,140,140,11490,
431,140,140,140,140,140,140,140,140,140,140,140,140,140,140,140,140,140,140,140,44397,
432,140,140,140,140,140,140,140,140,140,140,140,140,140,140,140,140,140,140,52464,32488,
433,140,140,140,140,140,140,140,140,140,140,140,140,140,140,140,140,140,140,140,53396,
434,140,140,140,140,140,140,140,140,140,140,140,140,140,140,140,140,140,140,140,53919,
435,140,140,140,140,140,140,140,140,140,140,140,140,140,140,140,140,140,140,23469,140,
436,140,140,140,140,140,140,140,140,140,140,140,140,140,140,140,140,140,140,140,48222,
437,140,140,140,140,140,140,140,140,140,140,140,140,140,140,140,140,140,140,54931,31598,
438,140,140,140,140,140,140,140,140,140,140,140,140,140,140,140,140,140,140,10055,53264,
439,140,140,140,140,140,140,140,140,140,140,140,140,140,140,140,140,140,140,140,29603,
440,140,140,140,140,140,140,140,140,140,140,140,140,140,140,140,140,140,140,57254,50557,
441,140,140,140,140,140,140,140,140,140,140,140,140,140,140,140,140,140,140,140,14914,
442,140,140,140,140,140,140,140,140,140,140,140,140,140,140,140,140,140,140,33486,140,
443,140,140,140,140,140,140,140,140,140,140,140,140,140,140,140,140,140,140,140,140,
444,140,140,140,140,140,140,140,140,140,140,140,140,140,140,140,140,140,140,140,140,
445,140,140,140,140,140,140,140,140,140,140,140,140,140,140,140,140,140,140,140,140,
446,140,140,140,140,140,140,140,140,140,140,140,140,140,140,140,140,140,140,140,140,
447,140,140,140,140,140,140,140,140,140,140,140,140,140,140,140,140,140,140,140,140,
448,140,140,140,140,140,140,140,140,140,140,140,140,140,140,140,140,140,140,140,39943,
449,140,140,140,140,10435,140,140,140,140,140,140,140,140,140,140,140,140,140,19426,140,
450,140,140,140,140,140,140,140,140,140,140,140,140,140,140,140,140,140,140,34462,140,
451,140,140,140,140,140,140,140,140,140,140,140,140,140,140,140,140,140,140,140,38858,
452,140,140,140,140,140,140,140,140,140,140,140,140,140,140,140,140,140,140,140,140,
453,140,140,140,140,140,140,140,140,140,140,140,140,140,140,140,140,140,140,140,45099,
454,140,140,140,140,140,140,140,140,140,140,140,140,140,140,140,140,140,140,44584,140,
455,140,140,140,140,140,140,140,140,140,140,140,140,140,140,140,140,140,140,140,41606,
456,140,140,140,140,140,140,140,140,140,140,140,140,140,140,140,140,140,140,54168,50250,
457,140,140,140,140,140,140,140,140,140,140,140,140,140,140,140,140,140,140,140,140,
458,140,140,140,140,140,140,140,140,140,140,140,140,140,140,140,140,140,140,29189,52682,
459,140,140,140,140,140,140,140,140,140,140,140,140,140,140,140,140,140,140,140,140,
460,140,140,140,140,140,140,140,140,140,140,140,140,140,140,140,140,140,140,140,29124,
461,140,140,140,140,140,140,140,140,140,140,140,140,140,140,140,140,140,140,140,140,
462,140,140,140,140,140,140,140,140,140,140,140,140,140,140,140,140,140,140,140,53590,
463,140,140,140,140,140,140,140,140,140,140,140,140,140,140,140,140,140,140,140,140,
464,140,140,140,140,140,140,140,140,140,140,140,140,140,140,140,140,140,140,140,57567,
465,140,140,140,140,140,140,140,140,140,140,140,140,140,140,140,140,140,140,140,140,
466,140,140,140,140,140,140,140,140,140,140,140,140,140,140,140,140,140,140,140,140,
467,140,140,140,140,140,140,140,140,140,140,140,140,140,140,140,140,140,140,26465,31856,
468,140,140,140,140,140,140,140,140,140,140,140,140,140,140,140,140,140,140,140,140,
469,140,140,140,140,140,140,140,140,140,140,140,140,140,140,140,140,140,140,48542,140,
470,140,140,140,140,140,140,140,140,140,140,140,140,140,140,140,140,140,140,38982,140,
471,140,140,140,140,140,140,140,140,140,140,140,140,140,140,140,140,140,140,35404,140,
472,140,140,140,140,140,140,140,140,140,140,140,140,140,140,140,140,140,140,20698,18113,
473,140,140,140,140,140,140,140,140,140,140,140,140,140,140,140,140,140,140,140,59167,
474,140,140,140,140,140,140,140,140,140,140,140,140,140,140,140,140,140,140,49480,140,
475,140,140,140,140,140,140,140,140,140,140,140,140,140,140,140,140,140,140,140,57921,
476,140,140,140,140,140,140,140,140,140,140,140,140,140,140,140,140,140,140,23581,140,
477,140,140,140,140,140,140,140,140,140,140,140,140,140,140,140,140,140,140,41892,56609,
478,140,140,140,140,140,140,140,140,140,140,140,140,140,140,140,140,140,140,140,35229,
479,140,140,140,140,140,140,140,140,140,140,140,140,140,140,140,140,140,140,140,140,
480,140,140,140,140,140,140,140,140,140,140,140,140,140,140,140,140,140,140,19997,46424,
481,140,140,140,140,140,140,140,140,140,140,140,140,140,140,140,140,140,140,140,22677,
482,140,140,140,140,140,140,140,140,140,140,140,140,140,140,140,140,140,140,29112,140,
483,140,140,140,140,140,140,140,140,140,140,140,140,140,140,140,140,140,140,140,140,
484,140,140,140,140,140,140,140,140,140,140,140,140,140,140,140,140,140,140,40743,47832,
485,140,140,140,140,140,140,9997,140,140,140,140,140,140,140,140,140,140,140,140,20094,
486,140,140,140,140,140,140,140,140,140,140,140,140,140,140,140,140,140,140,140,53863,
487,140,140,140,140,140,140,140,140,140,140,140,140,140,140,140,140,140,140,44052,32040,
488,140,140,140,140,140,140,140,140,140,140,140,140,140,140,140,140,140,140,57040,140,
489,140,140,140,140,140,140,140,140,140,140,140,140,140,140,140,140,140,140,40213,140,
490,140,140,140,140,140,140,140,140,140,140,140,140,140,140,140,140,140,140,140,140,
491,140,140,140,140,140,140,140,140,140,140,140,140,140,140,140,140,140,140,29908,61135,
492,140,140,140,140,140,140,140,140,140,140,140,140,140,140,140,140,140,17976,140,51306,
493,140,140,140,140,140,140,140,140,140,140,140,140,140,140,140,140,140,140,140,39387,
494,140,140,140,140,140,140,140,140,140,140,140,140,140,140,140,140,140,140,140,18372,
495,140,140,140,140,140,140,140,140,140,140,140,140,140,140,140,140,140,140,140,22597,
496,140,140,140,140,140,140,140,140,140,140,140,140,140,140,140,140,140,140,15747,29299,
497,140,140,140,140,140,140,140,140,140,140,140,140,140,140,140,140,140,140,140,38041,
498,140,140,140,140,140,140,140,140,140,140,140,140,140,140,140,140,140,140,33639,60353,
499,140,140,140,140,140,140,140,140,140,140,140,140,140,140,140,140,140,140,140,140,
500,140,140,140,140,140,140,140,140,140,140,140,140,140,140,140,140,140,140,140,18204,
501,140,140,140,140,140,140,140,140,140,140,140,140,140,140,140,140,140,140,45009,33416,
502,140,140,140,140,140,140,140,140,140,140,140,140,140,140,140,140,140,140,36494,49260,
503,140,140,140,140,140,140,140,140,140,140,140,140,140,140,140,140,140,140,49907,59249,
504,140,140,140,140,140,140,8714,140,140,140,140,140,140,140,140,140,140,140,38754,140,
505,140,140,140,140,140,140,140,140,140,140,140,140,140,140,140,140,140,140,140,57189,
506,140,140,140,140,140,140,140,140,140,140,140,140,140,140,140,140,140,140,140,17996,
507,140,140,140,140,140,140,140,140,140,140,140,140,140,140,140,140,140,140,35448,140,
508,140,140,140,140,140,140,140,140,140,140,140,140,140,140,140,140,140,140,140,140,
509,140,140,140,140,140,140,140,140,140,140,140,140,140,140,140,140,140,140,46982,140,
510,140,140,140,140,140,140,140,140,140,140,140,140,140,140,140,140,140,140,140,140,
511,140,140,140,140,140,140,140,140,140,140,140,140,140,140,140,140,140,140,140,140,
512,140,140,140,140,140,140,140,140,140,140,140,140,140,140,140,140,140,140,140,140,
513,140,140,140,140,140,140,140,140,140,140,140,140,140,140,140,140,140,140,140,140,
514,140,140,140,140,140,140,140,140,140,140,140,140,140,140,140,140,140,140,52313,140,
515,140,140,140,140,140,140,140,140,140,140,140,140,140,140,140,140,140,140,140,59262,
516,140,140,140,140,140,140,140,140,140,140,140,140,140,140,140,140,140,140,140,21686,
517,140,140,140,140,140,140,140,140,140,140,140,140,140,140,140,140,140,140,58851,140,
518,140,140,140,140,140,140,140,140,140,140,140,19824,140,140,140,140,140,140,140,40951,
519,140,140,140,140,140,140,140,140,140,140,140,140,140,140,140,140,140,140,40425,140,
520,140,140,140,140,140,140,140,140,140,140,140,140,140,140,140,140,140,140,140,140,
521,140,140,140,140,140,140,140,140,140,140,140,140,140,140,140,140,140,140,22567,140,
522,140,140,140,140,140,140,140,140,140,140,140,140,140,140,140,140,140,140,54939,16889,
523,140,140,140,140,140,140,140,140,140,140,140,140,140,140,140,140,140,140,140,35902,
524,140,140,140,140,140,140,140,140,140,140,140,140,140,140,140,140,140,140,140,50926,
525,140,140,140,140,140,140,140,140,140,140,140,140,140,140,140,140,140,140,140,30861,
526,140,140,140,140,140,140,140,140,140,140,140,140,140,140,140,140,140,140,18330,140,
527,140,140,140,140,140,140,140,140,140,140,140,140,140,140,140,140,140,140,140,140,
528,140,140,140,140,140,140,140,140,140,140,140,140,140,140,140,140,140,140,49869,140,
529,140,140,140,140,140,140,140,140,140,140,140,140,140,140,140,140,140,140,140,140,
530,140,140,140,140,140,140,140,140,140,140,140,140,140,140,140,140,140,140,140,140,
531,140,140,140,140,140,140,140,140,140,140,140,140,140,140,140,140,140,140,16307,56935,
532,140,140,140,140,140,140,140,140,140,140,140,140,140,140,140,140,140,140,19778,19354,
533,140,140,140,140,140,140,140,140,140,140,140,140,140,140,140,140,140,140,21537,43944,
534,140,140,140,140,140,140,140,140,140,140,140,140,140,140,140,140,140,140,140,10384,
535,140,140,140,140,140,140,140,140,140,140,140,140,140,140,140,140,140,140,18305,140,
536,140,140,140,140,140,140,140,140,140,140,140,140,140,140,140,140,140,140,13236,140,
537,140,140,140,140,140,140,140,140,140,140,140,140,140,140,140,140,140,140,140,140,
538,140,140,140,140,140,140,140,140,140,140,140,140,140,140,140,140,140,140,140,140,
539,140,140,140,140,140,140,140,140,140,140,140,140,140,140,140,140,140,140,27844,140,
540,140,140,140,140,140,140,140,140,140,140,140,140,140,140,140,140,140,140,38248,140,
541,140,140,140,140,140,140,140,140,140,140,140,140,140,140,140,140,140,140,21630,23848,
542,140,140,140,140,140,140,140,140,140,140,140,140,140,140,140,140,140,140,35369,32396,
543,140,140,140,140,140,140,140,140,140,140,140,140,140,140,140,140,140,140,140,19299,
544,140,140,140,140,140,140,140,140,140,140,140,140,140,140,140,140,140,140,28948,20740,
545,140,140,140,140,140,140,140,140,140,140,140,140,140,140,140,140,140,140,48832,140,
546,140,140,140,140,9402,140,140,140,140,140,140,140,140,140,140,140,140,140,140,140,
547,140,140,140,140,140,140,140,140,140,140,140,140,140,140,140,140,140,140,140,140,
548,140,140,140,140,140,140,140,140,140,140,140,140,140,140,140,140,140,140,40027,10270,
549,140,140,140,140,140,140,140,140,140,140,140,140,140,140,140,140,140,140,140,55417,
550,140,140,140,140,140,140,140,140,140,140,140,140,140,140,140,140,140,140,140,140,
551,140,140,140,140,140,140,140,140,140,140,140,140,140,140,140,140,140,140,43211,140,
552,140,140,140,140,140,140,140,140,140,140,140,140,140,140,140,140,140,140,140,51239,
553,140,140,140,140,140,140,140,140,140,140,140,140,140,140,140,140,140,140,54023,39002,
554,140,140,140,140,140,140,140,140,140,140,140,140,140,140,140,140,140,140,140,34662,
555,140,140,140,140,140,140,140,140,140,140,140,140,140,140,140,140,140,140,140,56181,
556,140,140,140,140,140,140,140,140,140,140,140,140,140,140,140,140,140,140,140,140,
557,140,140,140,140,140,140,140,140,140,140,140,140,140,140,140,140,140,140,140,30484,
558,140,140,140,140,140,140,140,140,140,140,140,140,140,140,140,140,140,140,140,140,
559,140,140,140,140,140,140,140,140,140,140,140,140,140,140,140,140,140,140,54117,140,
560,140,140,140,140,140,140,140,140,140,140,140,140,140,140,140,140,140,140,54557,38723,
561,140,140,140,140,140,140,140,140,140,140,140,140,140,140,140,140,140,140,31551,52322,
562,140,140,140,140,140,140,140,140,140,140,140,140,140,140,140,140,140,140,55389,140,
563,140,140,140,140,140,140,140,140,140,140,140,140,140,140,140,140,140,140,22154,24483,
564,140,140,140,140,140,140,140,140,140,140,140,140,140,140,140,140,140,140,33761,50564,
565,140,140,140,140,140,140,140,140,140,140,140,140,140,140,140,140,140,140,140,140,
566,140,140,140,140,140,140,140,140,140,140,140,140,140,140,140,140,140,140,14457,140,
567,140,140,140,140,140,140,140,140,140,140,140,140,140,140,140,140,140,140,58432,46682,
568,140,140,140,140,140,140,140,140,140,140,140,140,140,140,140,140,140,140,57360,52911,
569,140,140,140,140,140,140,140,140,140,140,140,140,140,140,140,140,140,140,140,140,
570,140,140,140,140,140,140,140,140,140,140,140,140,140,140,140,140,140,140,60055,14859,
571,140,140,140,140,140,140,140,140,140,140,140,140,140,140,140,140,140,140,35440,140,
572,140,140,140,140,140,140,140,140,140,140,140,140,140,140,140,140,140,140,140,42582,
573,140,140,140,140,140,140,140,140,140,140,140,140,140,140,140,140,140,140,58600,17006,
574,140,140,27699,140,140,140,140,140,140,140,140,140,140,27699,140,140,140,140,13183,140,
575,140,140,140,140,140,140,140,140,140,140,140,140,140,140,140,140,140,140,14001,32917,
576,140,140,140,140,140,140,140,140,140,140,140,140,140,140,140,140,140,140,140,140,
577,140,140,140,140,140,140,140,140,140,140,140,140,140,140,140,140,140,140,29401,140,
578,140,140,140,140,140,140,140,140,140,140,140,140,140,140,140,140,140,140,52826,140,
579,140,140,140,140,140,140,140,140,140,140,140,140,140,140,140,140,140,140,140,140,
580,140,140,140,140,140,140,140,140,140,140,140,140,140,140,140,140,140,140,55185,140,
581,140,140,140,140,140,140,140,140,140,140,140,140,140,140,140,140,140,140,140,56539,
582,140,140,140,140,140,140,140,140,140,140,140,140,140,140,140,140,140,140,52030,140,
583,140,140,140,140,140,140,140,140,140,140,140,140,140,140,140,140,140,140,140,140,
584,140,140,140,140,140,140,140,140,140,140,140,140,140,140,140,140,140,140,16899,38611,
585,140,140,140,140,140,140,140,140,140,140,140,140,140,140,140,140,140,140,140,43581,
586,140,140,140,140,140,140,140,140,140,140,140,140,140,140,140,140,140,140,140,43094,
587,140,140,140,140,140,140,140,140,140,140,140,140,140,140,140,140,140,140,140,12385,
588,140,140,140,140,140,140,140,140,140,140,140,140,140,140,140,140,140,140,17017,47139,
589,140,140,140,140,140,140,140,140,140,140,140,140,140,140,140,140,140,140,140,26164,
590,140,140,140,140,140,140,140,140,140,140,140,140,140,140,140,140,140,140,140,140,
591,140,140,140,140,140,140,140,140,140,140,140,140,140,140,140,140,140,140,17325,140,
592,140,140,140,140,140,140,140,140,140,140,140,140,140,140,140,140,140,140,12573,140,
593,140,140,140,140,140,140,140,140,140,140,140,140,140,140,140,140,140,140,140,18037,
594,140,140,140,140,140,140,140,140,140,140,140,140,140,140,140,140,140,140,140,55161,
595,140,140,140,140,140,140,140,140,140,140,140,140,140,140,140,140,140,140,29759,37324,
596,140,140,140,140,140,140,140,140,140,140,140,140,140,140,140,140,140,140,14229,55536,
597,140,140,140,140,140,140,140,140,140,140,140,140,140,140,140,140,140,140,140,24839,
598,140,140,140,140,140,140,140,140,140,140,140,140,140,140,140,140,140,140,27069,140,
599,140,140,140,140,140,140,140,140,140,140,140,140,140,140,140,140,140,140,44966,140,
600,140,140,140,140,140,140,140,140,140,140,140,140,140,140,140,140,140,140,15622,38224,
601,140,140,140,140,140,140,140,140,140,140,140,140,140,140,140,140,140,140,59216,22025,
602,140,140,140,140,140,140,140,140,140,140,140,140,140,140,140,140,140,140,25897,12257,
603,140,140,140,140,140,140,140,140,140,140,140,140,140,140,140,140,140,140,140,13478,
604,140,140,140,140,140,140,140,140,140,140,140,140,140,140,140,140,140,140,44354,22966,
605,140,140,140,140,140,140,140,140,140,140,140,140,140,140,140,140,140,140,59100,55127,
606,140,140,140,140,140,140,140,140,140,140,140,140,140,140,140,140,140,140,140,57999,
607,140,140,140,140,140,140,140,140,140,140,140,140,140,140,140,140,140,140,57144,140,
608,140,140,140,140,140,140,140,140,140,140,140,140,140,140,140,140,140,140,25782,39672,
609,140,140,140,140,140,140,140,140,140,140,140,140,140,140,140,140,140,140,140,140,
610,140,140,140,140,140,140,140,140,140,140,140,140,140,140,140,140,140,140,17328,140,
611,140,140,140,140,140,140,140,140,140,140,140,140,140,140,140,140,140,140,140,27838,
612,140,140,140,140,140,140,140,140,140,140,140,140,140,140,140,140,140,140,140,49717,
613,140,140,140,140,140,140,140,140,140,140,140,140,140,140,140,140,140,140,140,33561,
614,140,140,140,140,140,140,140,140,140,140,140,140,140,140,140,140,140,140,140,53307,
615,140,140,140,140,140,140,140,140,140,140,140,140,140,140,140,140,140,140,20774,56135,
616,140,140,140,140,140,140,140,140,140,140,140,140,140,140,140,140,140,140,54454,140,
617,140,140,140,140,140,140,140,140,140,140,140,140,140,140,140,140,140,140,62079,140,
618,140,140,140,140,140,140,140,140,140,140,140,140,140,140,140,140,140,140,140,140,
619,140,140,140,140,140,140,140,140,140,140,140,140,140,140,140,140,140,140,57419,140,
620,140,140,140,140,140,140,140,140,140,140,140,140,140,140,140,140,140,140,54882,140,
621,140,140,140,140,140,140,140,140,140,140,140,140,140,140,140,140,140,140,14250,49098,
622,140,140,140,140,140,140,140,140,140,140,140,140,140,140,140,140,140,140,140,57965,
623,140,140,140,140,140,140,140,140,140,140,140,140,140,140,140,140,140,140,38256,140,
624,140,140,140,140,140,140,140,140,140,140,140,140,140,140,140,140,140,140,140,54076,
625,140,140,140,140,140,140,140,140,140,140,140,140,140,140,140,140,140,140,59270,15020,
626,140,140,140,140,140,140,140,140,140,140,140,140,140,140,140,140,140,140,140,140,
627,140,140,140,140,140,140,140,140,140,140,140,140,140,140,140,140,140,140,140,140,
628,140,140,140,140,140,140,140,140,140,140,140,140,140,140,140,140,140,140,140,56551,
629,140,140,140,140,140,140,140,140,140,140,140,140,140,140,140,140,140,140,20999,12526,
630,140,140,140,140,140,140,140,140,140,140,140,140,140,140,140,140,140,140,58933,140,
631,140,140,140,140,140,140,140,140,140,140,140,140,140,140,140,140,140,140,25240,32890,
632,140,140,140,140,140,140,140,140,140,140,140,140,140,140,140,140,140,140,56955,140,
633,140,140,140,140,140,140,140,140,140,140,140,140,140,140,140,140,140,140,140,60609,
634,140,140,140,140,140,140,140,140,140,140,140,140,140,140,140,140,140,140,10172,57976,
635,140,140,140,140,140,140,140,140,140,140,140,140,140,140,140,14918,140,140,140,38465,
636,140,140,140,140,140,140,140,140,140,140,140,140,140,140,140,140,140,140,140,140,
637,140,140,140,140,140,140,140,140,140,140,140,140,140,140,140,140,140,140,24838,55632,
638,140,140,140,140,140,140,140,140,140,140,140,140,140,140,140,140,140,140,140,140,
639,140,140,140,140,140,140,140,140,140,140,140,140,140,140,140,140,140,140,59763,34760,
640,140,140,140,140,140,140,140,140,140,140,140,140,140,140,140,140,140,140,38346,47463,
641,140,140,140,140,140,140,140,140,140,140,140,140,140,140,140,140,140,140,28744,140,
642,140,140,140,140,140,140,140,140,140,140,140,140,140,140,140,140,140,140,57403,53656,
643,140,140,140,140,140,140,140,140,140,140,140,140,140,140,140,140,140,140,7069,140,
644,140,140,140,140,140,140,140,140,140,140,140,140,140,140,140,140,140,140,58328,140,
645,140,140,140,140,140,140,140,140,140,140,140,140,140,140,140,140,140,140,47594,53802,
646,140,140,140,140,140,140,140,140,140,140,140,140,140,140,140,140,140,140,140,140,
647,140,140,140,140,140,140,140,140,140,140,140,140,140,140,140,140,140,140,140,19146,
648,140,140,140,140,140,140,140,140,140,140,140,140,140,140,140,140,140,140,140,140,
649,140,140,140,140,140,140,140,140,140,140,140,140,140,140,140,140,140,140,140,140,
650,140,140,140,140,140,140,140,140,140,140,140,140,140,140,140,140,140,140,140,10482,
651,140,140,140,140,140,140,140,140,140,140,140,140,140,140,140,140,140,140,41235,47573,
652,140,140,140,140,140,140,140,140,140,140,140,140,140,140,140,140,140,140,36354,140,
653,140,140,140,140,140,140,140,140,140,140,140,140,140,140,140,140,140,140,11702,23614,
654,140,140,140,140,140,140,140,140,140,140,140,140,140,140,140,140,140,140,18468,140,
655,140,140,140,140,140,140,140,140,140,140,140,140,140,140,140,140,140,140,41876,17042,
656,140,140,140,140,140,140,140,140,140,140,140,140,140,140,140,140,140,140,140,38815,
657,140,140,140,140,140,140,140,140,140,140,140,140,140,140,140,140,140,140,57895,140,
658,140,140,140,140,140,140,140,140,140,140,140,140,140,140,140,140,140,140,140,20010,
659,140,140,140,140,140,140,140,140,140,140,140,140,140,140,140,140,140,140,37004,10522,
660,140,140,140,140,140,140,140,140,140,140,140,140,140,140,140,140,140,140,140,13259,
661,140,140,140,140,140,140,140,140,140,140,140,140,140,140,140,140,140,140,140,140,
662,140,140,140,140,140,140,140,140,140,140,140,140,140,140,140,140,140,140,33874,140,
663,140,140,140,140,140,140,140,140,140,140,140,140,140,140,140,140,140,140,140,48668,
664,140,140,140,140,140,140,140,140,140,140,140,140,140,140,140,140,140,140,23537,24278,
665,140,140,140,140,140,140,140,140,140,140,140,140,140,140,140,140,140,140,43529,30865,
666,140,140,140,140,140,140,140,140,140,140,140,140,140,140,140,140,140,140,140,16168,
667,140,140,140,140,140,140,140,140,140,140,140,140,140,140,140,140,140,140,42472,140,
668,140,140,140,140,140,140,140,140,140,140,140,140,140,140,140,140,140,140,42463,38894,
669,140,140,140,140,140,140,140,140,140,140,140,140,140,140,140,140,140,140,59883,140,
670,140,140,140,140,140,140,140,140,140,140,140,140,140,140,140,140,140,140,140,140,
671,140,140,140,140,140,140,140,140,140,140,140,140,140,140,140,140,140,140,30790,140,
672,140,140,140,140,140,140,140,140,140,140,140,140,140,140,140,140,140,140,54478,36095,
673,140,140,140,140,140,140,140,140,140,140,140,140,140,140,140,140,140,140,58101,28656,
674,140,140,140,140,140,140,140,140,140,140,140,140,140,140,140,140,140,140,54674,1935,
675,140,140,140,140,140,140,140,140,140,140,140,140,140,140,140,140,140,140,58818,140,
676,140,140,140,140,140,140,140,140,140,140,140,140,140,140,140,140,140,140,49500,140,
677,140,140,140,140,140,140,140,140,140,140,140,140,140,140,140,140,140,140,140,29506,
678,140,140,140,140,140,140,140,140,140,140,140,140,140,140,140,140,140,140,140,140,
679,140,140,140,140,140,140,140,140,140,140,140,140,140,140,140,140,140,140,52503,140,
680,140,140,140,140,140,140,140,140,140,140,140,140,140,140,140,140,140,140,45838,29863,
681,140,140,140,140,140,140,140,140,140,140,140,140,140,140,140,140,140,140,140,140,
682,140,140,140,140,140,140,140,140,140,140,140,140,140,140,140,140,140,140,43380,140,
683,140,140,140,140,140,140,140,140,140,140,140,140,140,140,140,140,140,140,58153,140,
684,140,140,140,140,140,140,140,140,140,140,140,140,140,140,140,140,140,140,47046,140,
685,140,140,140,140,140,140,140,140,140,140,140,140,140,140,140,140,140,140,140,140,
686,140,140,140,140,140,140,140,140,140,140,140,140,140,140,140,140,140,140,140,140,
687,140,140,140,140,140,140,140,140,140,140,140,140,140,140,140,140,140,140,53680,18784,
688,140,140,140,140,140,140,140,140,140,140,140,140,140,140,140,140,140,140,14103,33675,
689,140,140,140,140,140,140,140,140,140,140,140,140,140,140,140,140,140,140,53485,140,
690,140,140,140,140,140,140,140,140,140,140,140,140,140,140,140,140,140,140,32773,28246,
691,140,140,140,140,140,140,140,140,140,140,140,140,140,140,140,140,140,140,22799,140,
692,140,140,140,140,140,140,140,140,140,140,140,140,140,140,140,140,140,140,140,140,
693,140,140,140,140,140,140,140,140,140,140,140,140,140,140,140,140,140,140,140,58337,
694,140,140,140,140,140,140,140,140,140,140,140,140,140,140,140,140,140,140,140,37558,
695,140,140,140,140,140,140,140,140,140,140,6191,140,140,140,140,140,140,140,140,140,
696,140,140,140,140,140,140,140,140,140,140,140,140,140,140,140,140,140,140,16825,28386,
697,140,140,140,140,140,140,140,140,140,140,140,140,140,140,140,140,140,140,51822,140,
698,140,140,140,140,140,140,140,140,140,140,140,140,140,140,140,140,140,140,42248,140,
699,140,140,140,140,140,140,140,140,140,140,140,140,140,140,140,140,140,140,140,140,
700,140,140,140,140,140,140,140,140,140,140,140,140,140,140,140,140,140,140,19718,140,
701,140,140,140,140,140,140,140,140,140,140,140,140,140,140,140,140,140,140,40368,36447,
702,140,140,140,140,140,140,140,140,140,140,140,140,140,140,140,140,140,140,20730,140,
703,140,140,140,140,140,140,140,140,140,140,140,140,140,140,140,140,140,140,11746,31711,
704,140,140,140,140,140,140,140,140,140,140,140,140,140,140,140,140,140,140,140,56334,
705,140,140,140,140,140,140,140,140,140,140,140,140,140,140,140,140,140,140,140,140,
706,140,140,140,140,140,140,140,140,140,140,140,140,140,140,140,140,140,140,140,16533,
707,140,140,140,140,140,140,140,140,140,140,140,140,140,140,140,140,140,140,12478,140,
708,140,140,140,140,140,140,140,140,140,140,140,140,140,140,140,140,140,140,140,28870,
709,140,140,140,140,140,140,140,140,140,140,140,140,140,140,140,140,140,140,51987,34284,
710,140,140,140,140,140,140,140,140,140,140,140,140,140,140,140,140,140,140,49410,140,
711,140,140,140,140,140,140,140,140,140,140,140,140,140,140,140,140,140,140,140,45038,
712,140,140,140,140,140,140,140,140,140,140,140,140,140,140,140,140,140,140,140,140,
713,140,140,140,140,140,140,140,140,140,140,140,140,140,140,140,140,140,140,140,140,
714,140,140,140,140,140,140,140,140,140,140,140,140,140,140,140,140,140,140,140,56857,
715,140,140,140,140,140,140,140,140,140,140,140,140,140,140,140,140,140,140,140,36752,
716,140,140,140,140,140,140,140,140,140,140,140,140,140,140,140,140,140,140,53732,140,
717,140,140,140,140,140,140,140,140,140,140,140,140,140,140,140,140,140,140,50227,140,
718,140,140,140,140,140,140,140,140,140,140,140,140,140,140,140,140,140,140,15300,57015,
719,140,140,140,140,140,140,140,140,140,140,140,140,140,140,140,140,140,19110,140,50572,
720,140,140,140,140,140,140,140,140,140,140,140,140,140,140,140,140,140,140,18605,39399,
721,140,140,140,140,140,140,140,140,140,140,140,140,140,140,140,140,140,140,47881,140,
722,140,140,140,140,140,140,140,140,140,140,140,140,140,140,140,140,140,140,18277,140,
723,140,140,140,140,140,140,140,140,140,140,140,1327,1327,140,140,140,140,140,140,140,
724,140,140,140,140,140,140,140,140,140,140,140,140,140,140,140,140,140,140,59083,11037,
725,140,140,140,140,140,140,140,140,140,140,140,140,140,140,140,140,140,140,140,54313,
726,140,140,140,140,140,140,140,140,140,140,140,140,140,140,140,140,140,140,35388,140,
727,140,140,140,140,140,140,140,140,140,140,140,140,140,140,140,140,140,140,60505,30269,
728,140,140,140,140,140,140,140,140,140,140,140,140,140,140,140,140,140,140,56497,140,
729,140,140,140,140,140,140,140,140,140,140,140,140,140,140,140,140,140,140,140,140,
730,140,140,140,140,140,140,140,140,140,140,140,140,140,140,140,140,140,140,37049,56306,
731,140,140,140,140,1595,140,140,140,140,140,140,140,140,140,140,140,140,140,140,40342,
732,140,140,140,140,140,140,140,140,140,140,140,140,140,140,140,140,140,140,140,19060,
733,140,140,140,140,140,140,140,140,140,140,140,140,140,140,140,140,140,140,27287,140,
734,140,140,140,140,140,140,140,140,140,140,140,140,140,140,140,140,140,140,140,140,
735,140,140,140,140,140,140,140,140,140,140,140,140,140,140,140,140,140,140,27191,20363,
736,140,140,140,140,140,140,140,140,140,140,140,140,140,140,140,140,140,140,140,26048,
737,140,140,140,140,140,140,140,140,140,140,140,140,140,140,140,140,140,140,34254,140,
738,140,140,140,140,140,140,140,140,140,140,140,140,140,140,140,140,140,140,39556,54105,
739,140,140,140,140,140,140,140,140,140,140,140,140,140,140,140,140,140,140,140,140,
740,140,140,140,140,140,140,140,140,140,140,140,140,140,140,140,140,140,140,140,14933,
741,140,140,140,140,140,140,140,140,140,140,140,140,140,140,140,140,140,140,39225,140,
742,140,140,140,140,140,140,140,140,140,140,140,140,140,140,140,140,140,140,19257,140,
743,140,140,140,140,140,140,140,140,140,140,140,140,140,140,140,140,140,140,48413,140,
744,140,140,140,140,140,140,140,140,140,140,140,140,140,140,140,140,140,140,18072,18706,
745,140,140,140,140,140,140,140,140,140,140,140,140,140,140,140,140,140,140,140,45065,
746,140,140,140,140,140,140,140,140,140,140,140,140,140,140,140,140,140,140,140,140,
747,140,140,140,140,140,140,140,140,140,140,140,140,140,140,140,140,140,140,140,54412,
748,140,140,140,140,140,15694,140,140,140,140,140,140,140,140,140,140,140,140,27090,140,
749,140,140,140,140,140,140,140,140,140,140,140,140,140,140,140,140,140,140,140,25838,
750,140,140,140,140,140,140,140,140,140,140,140,140,140,140,140,140,140,140,32322,140,
751,140,140,140,140,140,140,140,140,140,140,140,140,140,140,140,140,140,140,52658,48163,
752,140,140,140,140,140,140,140,140,140,140,140,140,140,140,140,140,140,140,140,140,
753,140,140,140,140,140,140,140,140,140,140,140,140,140,140,140,140,140,140,140,140,
754,140,140,140,140,140,140,140,140,140,140,140,140,140,140,140,140,140,140,52573,140,
755,140,140,140,140,140,140,140,140,140,140,140,140,140,140,140,140,140,140,14794,45139,
756,140,140,140,140,140,140,140,140,140,140,140,140,140,140,140,140,140,140,140,140,
757,140,140,140,140,140,140,140,140,140,140,140,140,140,140,140,140,140,140,140,140,
758,140,140,140,140,140,140,140,140,140,140,140,140,140,140,140,140,140,140,140,33153,
759,140,140,140,140,140,140,12943,140,140,140,140,140,140,140,140,140,140,140,140,140,
760,140,140,140,140,140,140,140,140,140,140,140,140,140,140,140,140,140,140,53087,140,
761,140,140,140,140,140,140,140,140,140,140,140,140,140,140,140,140,140,140,140,26345,
762,140,140,140,140,140,140,140,140,140,140,140,140,140,140,140,140,140,140,53290,140,
763,140,140,140,140,140,140,140,140,140,140,140,140,140,140,140,140,140,140,140,140,
764,140,140,140,140,140,140,140,140,140,140,140,140,140,140,140,140,140,140,140,42844,
765,140,140,140,140,140,140,140,140,140,140,140,140,140,140,140,140,140,140,140,140,
766,140,140,140,140,140,140,140,140,140,140,140,140,140,140,140,140,140,140,140,140,
767,140,140,140,140,140,140,140,140,140,140,140,140,140,140,140,140,140,140,14727,19595,
768,140,140,140,140,140,140,140,140,140,140,140,140,140,140,140,140,140,140,21976,140,
769,140,140,140,140,140,140,140,140,140,140,140,140,140,140,140,140,140,140,140,140,
770,140,140,140,140,140,140,140,140,140,140,140,140,140,140,140,140,140,140,140,33201,
771,140,140,140,140,140,140,140,140,140,140,140,140,140,140,140,140,140,140,140,58124,
772,140,140,140,140,140,140,140,140,140,140,140,140,140,140,140,140,140,140,140,140,
773,140,140,140,140,140,140,140,140,140,140,140,140,140,140,140,140,140,140,140,140,
774,140,140,140,140,140,140,140,140,140,140,140,140,140,140,140,140,140,140,140,140,
775,140,140,140,140,140,140,140,140,140,140,140,140,140,140,140,140,140,140,15750,140,
776,140,140,140,140,140,140,140,140,140,140,140,140,140,140,140,140,140,140,11005,27671,
777,140,140,140,140,140,140,140,140,140,140,140,140,140,140,140,140,140,140,140,18715,
778,140,140,140,140,140,140,140,140,140,140,140,140,140,140,140,140,140,140,32795,140,
779,140,140,140,140,140,140,140,140,140,140,140,140,140,140,140,140,140,140,140,54871,
780,140,140,140,140,140,140,140,140,140,140,140,140,140,140,140,140,140,140,140,18706,
781,140,140,140,140,140,140,140,140,140,140,140,140,140,140,140,140,140,140,26393,12443,
782,140,140,140,140,140,140,140,140,140,140,140,140,140,140,140,140,140,140,140,55487,
783,140,140,140,140,140,140,140,140,140,140,140,140,140,140,140,140,140,140,17562,24643,
784,140,140,140,140,140,140,140,140,140,140,140,140,140,140,140,140,140,140,39495,140,
785,140,140,14876,140,140,140,14876,140,140,140,140,140,140,140,140,140,140,140,140,24938,
786,140,140,140,140,140,140,140,140,140,140,140,140,140,140,140,140,140,140,140,140,
787,140,140,140,140,140,140,140,140,140,140,140,140,140,140,140,140,140,140,140,140,
788,140,140,140,140,140,140,140,140,140,140,140,140,140,140,140,140,140,140,55261,31769,
789,140,140,140,140,140,140,140,140,140,140,140,140,140,140,140,140,140,140,140,36888,
790,140,140,140,140,140,140,140,140,140,140,140,140,140,140,140,140,140,140,46100,140,
791,140,140,140,140,140,140,140,140,140,140,140,140,140,140,140,140,140,140,140,140,
792,140,140,140,140,140,140,140,140,140,140,140,140,140,140,140,140,140,140,19508,43279,
793,140,140,140,140,140,140,140,140,140,140,140,140,140,140,140,140,140,140,140,140,
794,140,140,140,140,140,140,140,140,140,140,140,140,140,140,140,140,140,140,50764,140,
795,140,140,140,140,140,140,140,140,140,140,140,140,140,140,140,140,140,140,140,20751,
796,140,140,140,140,140,140,140,140,140,140,140,140,140,140,140,140,140,140,140,49262,
797,140,140,140,140,140,140,140,140,140,140,140,140,140,140,140,140,140,140,140,53584,
798,140,140,140,140,140,140,140,140,140,140,140,140,140,140,140,140,140,140,16799,49308,
799,140,140,140,140,140,140,24008,140,140,140,140,140,140,140,140,140,140,140,55458,37101,
800,140,140,140,140,140,140,140,140,140,140,140,140,140,140,140,140,140,140,140,140,
801,140,140,140,140,140,140,140,140,140,140,140,140,140,140,140,140,140,140,140,140,
802,140,140,140,140,140,140,140,140,140,140,140,140,140,140,140,140,140,140,50110,57605,
803,140,140,140,140,140,140,140,140,140,140,140,140,140,140,27640,140,140,140,140,36703,
804,140,140,140,140,140,140,140,140,140,140,140,140,140,140,140,140,140,140,140,140,
805,140,140,140,140,140,140,140,140,140,140,140,140,140,140,140,140,140,140,140,22810,
806,140,140,140,140,140,140,140,140,140,140,140,140,140,140,140,140,140,140,10612,33462,
807,140,140,140,140,140,140,140,140,140,140,140,140,140,140,140,140,140,140,140,13007,
808,140,140,140,140,140,140,140,140,140,140,140,140,140,140,140,140,140,140,20315,50914,
809,140,140,140,140,140,140,140,140,140,140,140,140,140,140,140,140,140,140,140,140,
810,140,140,140,140,140,140,140,140,140,140,140,140,140,140,140,140,140,140,54373,41461,
811,140,140,140,140,140,140,140,140,140,140,140,140,140,140,140,140,140,140,140,55469,
812,140,140,140,140,140,140,140,140,140,140,140,140,140,140,140,140,140,140,37598,28903,
813,140,140,140,140,140,140,140,140,140,140,140,140,140,140,140,140,140,140,140,61541,
814,140,140,140,140,140,140,140,140,140,140,140,140,140,140,140,140,140,140,140,47115,
815,140,140,140,140,140,140,140,140,140,140,140,140,140,140,140,140,140,140,47255,33238,
816,140,140,140,140,140,140,140,140,140,140,140,140,140,140,140,140,140,140,43689,43949,
817,140,140,140,140,140,140,140,140,140,140,140,140,140,140,140,140,140,140,140,36105,
818,140,140,140,140,140,140,140,140,140,140,140,140,140,140,140,140,140,140,52766,17847,
819,140,140,140,140,140,140,140,140,140,140,140,140,140,140,140,140,140,140,140,34600,
820,140,140,140,140,140,140,140,140,140,140,140,140,140,140,140,140,140,140,140,61825,
821,140,140,140,140,140,140,140,140,140,140,140,140,140,140,140,140,140,140,22239,140,
822,140,140,140,140,140,140,140,140,140,140,140,140,140,140,140,140,140,140,140,52702,
823,140,140,140,140,140,140,140,140,140,140,140,140,140,140,140,140,140,140,140,56627,
824,140,140,140,140,140,140,140,140,140,140,140,140,140,140,140,140,140,140,48118,59144,
825,140,140,140,140,140,140,140,140,140,140,140,140,140,140,140,140,140,140,140,55066,
826,140,140,140,140,140,140,140,140,140,140,140,140,140,140,140,140,140,140,140,140,
827,140,140,140,140,140,140,140,140,140,140,140,140,140,140,140,140,140,140,24205,38707,
828,140,140,140,140,140,140,140,140,140,140,140,140,140,140,140,140,140,140,41237,140,
829,140,140,140,140,140,140,140,140,140,140,140,140,140,140,140,140,140,140,10364,140,
830,140,140,140,140,140,140,140,140,140,140,140,140,140,140,140,140,140,140,20059,31022,
831,140,140,140,140,140,140,140,140,140,140,140,140,140,140,140,140,140,140,140,140,
832,140,140,140,140,140,140,140,140,140,140,140,140,140,140,140,140,140,140,24213,140,
833,140,140,140,140,140,140,140,140,140,140,140,140,140,140,140,140,140,140,29733,140,
834,140,140,140,140,140,140,140,140,140,140,140,140,140,140,140,140,140,140,140,140,
835,140,140,140,140,140,140,140,140,140,140,140,140,140,140,140,140,140,140,140,53366,
836,140,140,140,140,140,140,140,23603,140,140,140,140,140,23603,140,140,140,140,51340,25852,
837,140,140,140,140,140,140,140,140,140,140,140,140,140,140,140,140,140,140,45698,140,
838,140,140,140,140,140,140,140,140,140,140,140,140,140,140,140,140,140,140,47348,40061,
839,140,140,140,140,140,140,140,140,140,140,140,140,140,140,140,140,140,140,140,11837,
840,140,140,140,140,140,140,140,140,140,140,140,140,140,140,140,140,140,140,46507,50416,
841,140,140,140,140,140,140,140,140,140,140,140,140,140,140,140,140,140,140,36063,140,
842,140,140,140,140,140,140,140,140,140,140,140,140,140,140,140,140,140,140,140,140,
843,140,140,140,140,140,140,140,140,140,140,140,140,140,140,140,140,140,140,33769,50173,
844,140,140,140,140,140,140,140,140,140,140,140,140,140,140,140,140,140,140,26066,57737,
845,140,140,140,140,140,140,4162,140,140,140,140,140,140,140,140,4162,140,140,50136,22158,
846,140,140,140,140,140,140,140,140,140,140,140,140,140,140,140,140,140,140,140,140,
847,140,140,140,140,140,140,140,140,140,140,140,140,140,140,140,140,140,140,55563,16077,
848,140,140,140,140,140,140,140,140,140,140,140,140,140,140,140,140,140,140,12802,140,
849,140,140,140,140,140,140,140,140,140,140,140,140,140,140,140,140,140,140,39050,25502,
850,140,140,140,140,140,140,140,140,140,140,140,140,140,140,140,140,140,140,25430,140,
851,140,140,140,140,140,140,140,140,140,140,140,140,140,140,140,140,140,140,59625,140,
852,140,140,140,140,140,140,140,140,140,140,140,140,140,140,140,140,140,140,140,140,
853,140,140,140,140,140,140,140,140,140,140,140,140,140,140,140,140,140,140,140,140,
854,140,140,140,140,140,140,140,140,140,140,140,140,140,140,140,140,140,140,43200,29977,
855,140,140,140,140,140,140,140,140,140,140,140,140,140,140,140,140,140,140,140,41694,
856,140,140,140,140,140,140,140,140,140,140,140,140,140,140,140,140,140,140,16472,140,
857,140,140,140,140,140,140,140,140,140,140,140,140,140,140,140,140,140,140,140,48247,
858,140,140,140,140,140,140,140,140,140,140,140,140,140,140,140,140,140,140,50660,140,
859,140,140,140,140,140,140,140,140,140,140,140,140,140,140,140,140,140,140,140,41655,
860,140,140,140,140,140,140,140,140,140,140,140,140,140,140,140,140,140,140,140,140,
861,140,140,140,140,140,140,140,140,140,140,140,140,140,140,140,140,140,140,140,140,
862,140,140,140,140,140,140,140,140,140,140,140,140,140,140,140,140,140,140,19719,15355,
863,140,140,140,140,140,140,140,140,140,140,140,140,140,140,140,140,140,140,46858,14637,
864,140,140,140,140,140,140,140,140,140,140,140,140,140,140,140,140,140,140,140,51742,
865,140,140,140,140,140,140,140,140,140,140,140,140,140,140,140,140,140,140,140,20894,
866,140,140,140,140,140,140,140,140,140,140,140,140,140,140,140,140,140,140,140,50947,
867,140,140,140,140,140,140,140,140,140,140,140,140,140,140,140,140,140,140,39688,54769,
868,140,140,140,140,140,140,140,140,140,140,140,140,140,140,140,140,140,140,140,140,
869,140,140,140,140,140,140,140,140,140,140,140,140,140,140,140,140,140,140,140,140,
870,140,140,140,140,140,140,140,140,140,140,140,140,140,140,140,140,140,140,42750,140,
871,140,140,140,140,140,140,140,140,140,140,140,140,140,140,140,140,140,140,11753,140,
872,140,140,140,140,140,140,140,140,140,140,140,140,140,140,140,140,140,140,42598,140,
873,140,140,140,140,140,140,140,140,140,140,140,140,140,140,140,140,140,140,34002,14638,
874,140,140,140,140,140,140,140,140,140,140,140,140,140,140,140,140,140,140,140,140,
875,140,140,140,140,140,140,140,140,140,140,140,140,140,140,140,140,140,140,140,35959,
876,140,140,140,140,140,140,140,140,140,140,140,140,140,140,140,140,140,140,140,140,
877,140,140,140,140,140,140,140,140,140,140,140,140,140,140,140,140,140,140,32578,140,
878,140,140,140,140,140,140,140,140,140,140,140,140,140,140,140,140,140,140,140,140,
879,140,140,140,140,140,140,140,140,140,140,140,140,140,140,140,140,140,140,140,140,
880,140,140,140,140,140,140,140,140,140,140,140,140,140,140,140,140,140,140,140,140,
881,140,140,140,140,140,140,140,140,140,140,140,140,140,140,140,140,140,140,140,32382,
882,140,140,140,140,140,140,140,140,140,140,140,140,140,140,140,140,140,140,55800,49680,
883,140,140,140,140,140,140,140,140,140,140,140,140,140,140,140,140,140,140,58813,56058,
884,140,140,140,140,140,140,140,140,140,140,140,140,140,140,140,140,140,140,140,53315,
885,140,140,140,140,140,140,140,140,140,140,140,140,140,140,140,140,140,140,140,48252,
886,140,140,140,140,140,140,140,140,140,140,140,140,140,140,140,140,140,140,140,51979,
887,140,140,140,140,140,140,140,140,140,140,140,140,140,140,140,140,140,140,36617,45056,
888,140,140,140,140,140,140,140,140,140,140,140,140,140,140,140,140,140,140,27052,140,
889,140,140,140,140,140,140,140,140,140,140,140,140,140,140,140,140,140,140,140,140,
890,140,140,140,140,140,140,140,140,140,140,140,140,140,140,140,140,140,140,140,140,
891,140,140,140,140,140,140,140,140,140,140,140,140,140,140,140,140,140,140,16354,18397,
892,140,140,140,140,140,140,140,140,140,140,140,140,140,140,140,140,140,140,34385,48511,
893,140,140,140,140,140,140,140,140,140,140,140,140,140,140,140,140,140,16879,19576,140,
894,140,140,140,140,140,140,140,140,140,140,140,140,140,140,140,140,140,140,140,42466,
895,140,140,140,140,140,140,140,140,140,140,140,140,140,140,140,140,140,140,140,34320,
896,140,140,140,140,140,140,140,140,140,140,140,140,140,140,140,140,140,140,28733,140,
897,140,140,140,140,140,140,140,140,140,140,140,140,140,140,140,140,140,140,140,57278,
898,140,140,140,140,140,140,140,140,140,140,140,140,140,140,140,140,140,140,51976,16765,
899,140,140,140,140,140,140,140,140,23519,140,140,140,140,140,140,140,23519,140,6459,140,
900,140,140,140,140,140,140,140,140,140,140,140,140,140,140,140,140,140,140,43616,140,
901,140,140,140,140,140,140,140,140,140,140,140,140,140,140,140,140,140,140,140,140,
902,140,140,140,140,140,140,140,140,140,140,140,140,140,140,140,140,140,140,140,48713,
903,140,140,140,140,140,140,140,140,140,140,140,140,140,140,140,140,140,140,18463,44179,
904,140,140,140,140,140,140,140,140,140,140,140,140,140,140,140,140,140,140,140,140,
905,140,140,140,140,140,140,140,140,140,140,140,140,140,140,140,140,140,140,140,140,
906,140,140,140,140,140,140,140,140,140,140,140,140,140,140,140,140,140,140,40868,140,
907,140,140,140,140,140,140,140,140,140,140,140,140,140,140,140,140,140,140,35659,140,
908,140,140,140,140,140,140,140,140,140,140,140,140,140,140,140,140,140,140,140,140,
909,140,140,140,140,140,140,140,140,140,140,140,140,140,140,140,140,140,140,46581,39487,
910,140,140,140,140,140,140,140,140,140,140,140,140,140,140,140,140,140,140,48741,57718,
911,140,140,140,140,140,140,140,140,140,140,140,140,140,140,140,140,140,140,53289,46777,
912,140,140,140,140,140,140,140,140,140,140,140,140,140,140,140,140,140,140,140,140,
913,140,140,140,140,140,140,140,140,140,140,140,140,140,140,140,140,140,140,25840,140,
914,140,140,140,140,140,140,140,140,140,140,140,140,140,140,140,140,140,140,23210,51450,
915,140,140,140,140,140,140,140,140,140,140,140,140,140,140,140,140,140,140,140,54814,
916,140,140,140,140,140,140,140,140,140,140,140,140,140,140,140,140,140,140,13259,53715,
917,140,140,18255,140,140,140,140,140,140,140,140,140,140,140,140,140,140,140,31069,36290,
918,140,140,140,140,140,140,140,140,140,140,140,140,140,140,140,140,140,140,140,140,
919,140,140,140,140,140,140,140,140,140,140,140,140,140,140,140,140,140,140,59889,31431,
920,140,140,140,140,140,140,140,140,140,140,140,140,140,140,140,140,140,140,140,16975,
921,140,140,140,140,140,140,140,140,140,140,140,140,140,140,140,140,140,140,140,13277,
922,140,140,140,140,140,140,140,140,140,140,140,140,140,140,140,140,140,140,140,19105,
923,140,140,140,140,140,140,140,140,140,140,140,140,140,140,140,140,140,140,33420,23432,
924,140,140,140,140,140,140,140,140,140,140,140,140,140,140,140,140,140,140,140,140,
925,140,140,140,140,140,140,140,140,140,140,140,140,140,140,140,140,140,140,13626,140,
926,140,140,140,140,140,140,140,140,140,140,140,140,140,140,140,140,140,140,140,12777,
927,140,140,140,140,140,140,140,140,140,140,140,140,140,140,140,140,140,140,52376,140,
928,140,140,140,140,140,140,140,140,140,140,140,140,17954,140,140,140,140,140,140,41194,
929,140,140,140,140,140,140,140,140,140,140,140,140,140,140,140,140,140,140,140,55454,
930,140,140,140,140,140,140,140,140,140,140,140,140,140,140,140,140,140,140,140,28133,
931,140,140,140,140,140,140,140,140,140,140,140,140,140,140,140,140,140,140,140,53249,
932,140,140,140,140,140,140,140,140,140,140,140,140,140,140,140,140,140,140,27851,140,
933,140,140,140,140,140,140,140,140,140,140,140,140,140,140,140,140,140,140,140,53430,
934,140,140,140,140,140,140,140,140,140,140,140,140,140,140,140,140,140,140,12559,32323,
935,140,140,140,140,140,140,140,140,140,140,140,140,140,140,140,140,140,140,140,42101,
936,140,140,140,140,140,140,140,140,140,140,140,140,140,140,140,140,140,140,140,49110,
937,140,140,140,140,140,140,140,140,140,140,140,140,140,140,140,140,140,140,43898,140,
938,140,140,140,140,140,140,140,140,140,140,140,140,140,140,140,140,140,140,140,140,
939,140,140,140,140,140,140,140,140,140,140,140,140,140,140,140,140,140,140,38138,140,
940,140,140,140,140,140,140,140,140,140,140,140,140,140,140,140,140,140,140,140,140,
941,140,140,140,140,140,140,140,140,140,140,140,140,140,140,140,140,140,140,140,140,
942,140,140,140,140,140,140,140,140,140,140,140,140,140,140,140,140,140,140,48670,140,
943,140,140,140,140,140,140,140,140,140,140,140,140,140,140,140,140,140,140,140,58499,
944,140,140,140,140,140,140,140,140,140,140,140,140,140,140,140,140,140,140,140,48934,
945,140,140,140,140,140,140,140,140,140,140,140,140,140,140,140,140,140,140,140,140,
946,140,140,140,140,140,140,140,140,140,140,140,140,140,140,140,140,140,140,50243,140,
947,140,140,140,140,140,140,140,140,140,140,140,140,140,140,140,140,140,140,23600,140,
948,140,140,140,140,140,140,140,140,140,140,140,140,140,140,140,140,140,140,140,10346,
949,140,140,140,140,140,140,140,140,140,140,140,140,140,140,140,140,140,140,140,140,
950,140,140,140,140,140,140,140,140,140,140,140,140,140,140,140,140,140,140,140,140,
951,140,140,140,140,140,140,140,140,140,140,140,140,140,140,140,140,140,140,47116,52434,
952,140,140,140,140,140,140,140,140,140,140,140,140,140,140,140,140,140,140,26987,12316,
953,140,140,140,140,140,140,140,140,140,140,140,140,140,140,140,140,140,140,140,140,
954,140,140,140,140,140,140,140,140,140,140,140,140,140,140,140,140,140,140,140,140,
955,140,140,140,140,140,140,140,140,140,140,140,140,140,140,140,140,140,140,140,140,
956,140,140,140,140,140,140,140,140,140,140,140,140,140,140,140,140,140,140,140,46077,
957,140,140,140,140,140,140,140,140,140,140,140,140,140,140,140,140,140,140,19262,140,
958,140,140,140,140,140,140,140,140,140,140,140,140,140,140,140,140,140,140,19597,16805,
959,140,140,140,140,140,140,140,140,140,140,140,140,140,140,140,140,140,140,41382,140,
960,140,140,140,140,140,140,140,140,140,140,140,140,140,140,140,140,140,140,40683,140,
961,140,140,140,140,140,140,140,140,140,140,140,140,140,140,140,140,140,140,50034,38042,
962,140,140,140,140,140,140,140,140,140,140,140,140,140,140,140,140,140,140,17529,19377,
963,140,140,140,140,140,140,140,140,140,140,140,140,140,140,140,140,140,140,140,140,
964,140,140,140,140,140,140,140,140,140,140,140,140,140,140,140,140,140,140,43273,57786,
965,140,140,140,140,140,140,140,140,140,140,140,140,140,140,140,140,140,140,140,140,
966,140,140,140,140,140,140,140,140,140,140,140,140,140,140,140,140,140,140,49855,42312,
967,140,140,140,140,140,140,140,140,140,140,140,8000,140,140,140,140,140,140,140,58280,
968,140,140,140,140,140,140,140,140,140,140,140,140,140,140,140,140,140,140,25366,140,
969,140,140,140,140,140,140,140,140,140,140,140,140,140,140,140,140,140,140,140,140,
970,140,140,140,140,140,140,140,140,140,140,140,140,140,140,140,140,140,140,140,140,
971,140,140,140,140,140,140,140,140,140,140,140,140,140,140,140,140,140,140,140,140,
972,140,140,140,140,140,140,140,140,140,140,140,140,140,140,140,140,140,140,11982,140,
973,140,140,140,140,140,140,140,140,140,140,140,140,140,140,140,140,140,140,23539,24793,
974,140,140,140,140,140,140,140,140,140,140,140,140,140,140,140,140,140,140,140,31914,
975,140,140,140,140,140,140,140,140,140,140,140,140,140,140,140,140,140,140,140,54137,
976,140,140,140,140,140,140,140,140,140,140,140,140,140,140,140,140,140,140,58127,41817,
977,140,140,140,140,140,140,140,140,140,140,140,140,140,140,140,140,140,140,57169,28622,
978,140,140,140,140,140,140,140,140,140,140,140,15872,140,140,140,140,140,140,18514,32359,
979,140,140,140,140,140,140,140,140,140,140,140,140,140,140,140,140,140,140,140,60703,
980,140,140,140,140,140,140,140,140,140,140,140,140,140,140,140,140,140,140,140,27709,
981,140,140,140,140,140,140,140,140,140,140,140,140,140,140,140,140,140,140,140,140,
982,140,140,140,140,140,140,140,140,140,140,140,140,140,140,140,140,140,140,56826,42760,
983,140,140,140,140,140,140,140,140,140,140,140,140,140,140,140,140,140,140,140,42083,
984,140,140,140,140,140,140,140,140,140,140,140,140,140,140,140,140,140,140,58248,49065,
985,140,140,140,140,140,140,140,140,140,140,140,140,140,140,140,140,140,140,140,49019,
986,140,140,140,140,140,140,140,140,140,140,140,140,140,140,140,140,140,140,54457,38756,
987,140,140,140,140,140,140,140,140,140,140,140,140,140,140,140,140,140,140,19699,58453,
988,140,140,140,140,140,140,140,140,140,140,140,140,140,140,140,140,140,140,11651,59183,
989,140,140,140,140,140,140,140,140,140,140,140,140,140,140,140,140,140,140,37861,27442,
990,140,140,140,140,140,140,140,140,140,140,140,140,140,140,140,140,140,140,16129,35657,
991,140,140,140,140,140,140,140,140,140,140,140,140,140,140,140,140,140,140,54271,140,
992,140,140,140,140,140,140,140,140,140,140,140,140,140,140,140,140,140,140,140,140,
993,140,140,140,140,140,140,140,140,140,140,140,140,140,140,140,140,140,140,140,25896,
994,140,140,140,140,140,140,140,140,140,140,140,140,140,140,140,140,140,140,140,55603,
995,140,140,140,140,140,140,140,140,140,140,140,140,140,140,140,140,140,140,140,53986,
996,140,140,140,140,140,140,140,140,140,140,140,140,140,140,140,140,140,140,140,140,
997,140,140,140,140,140,140,140,140,140,140,140,140,140,140,140,140,140,140,55668,140,
998,140,140,140,140,140,140,140,140,140,140,140,140,140,140,140,140,140,140,140,140,
999,140,140,140,140,140,140,140,140,140,140,140,140,140,140,140,140,140,140,48211,140,
1000,140,140,140,140,140,140,140,140,140,140,140,140,140,140,140,140,140,140,52758,32124,
