1,26102,7899,26459,11640,48657,1142,26375,40829,49622,16631,38067,10032,16642,16892,44226,44559,468,31679,38607,36956,
2,468,468,1362,2201,938,3563,9859,2916,2246,1499,4070,2003,1086,13474,251,559,3861,2518,4975,18681,
3,251,468,1152,468,760,468,468,468,251,4159,468,251,6853,990,559,705,1204,1183,3549,1766,
4,251,251,251,14301,251,468,468,468,468,251,468,468,468,251,468,468,468,251,30032,25601,
5,251,251,8871,251,468,468,251,468,251,251,251,468,251,251,468,251,251,251,20181,3638,
6,251,251,251,251,251,251,251,251,251,251,251,251,251,251,251,251,251,251,42535,7753,
7,251,251,251,251,251,251,251,251,251,251,251,251,251,251,251,251,251,251,6031,12772,
8,251,251,251,251,251,251,251,251,251,251,251,251,251,251,251,251,251,251,24095,25688,
9,251,251,251,251,251,251,251,251,251,251,251,251,251,251,251,251,1328,251,21605,51045,
10,251,251,251,251,251,251,251,251,251,251,251,251,251,251,251,251,251,251,26811,16269,
11,251,251,251,251,251,251,251,251,251,3191,251,251,251,251,251,251,251,251,8697,27921,
12,251,251,251,251,251,251,251,251,251,251,251,251,251,251,251,251,251,251,13192,35643,
13,251,251,251,251,251,251,251,251,251,251,251,251,251,251,251,251,251,251,7571,48134,
14,251,251,251,251,251,251,251,251,251,251,251,251,251,251,251,251,251,251,779,6765,
15,251,251,251,251,251,251,251,251,251,251,251,251,8390,251,251,251,251,251,14169,20799,
16,251,251,251,251,251,251,251,251,251,18101,251,251,251,251,251,251,251,251,4296,28180,
17,251,251,251,251,251,251,251,251,251,251,251,251,251,251,251,251,10374,251,27468,18026,
18,251,251,251,251,251,251,8234,251,251,251,251,251,251,251,251,251,251,251,27754,37819,
19,251,251,251,251,251,251,251,251,251,251,38442,251,251,251,251,251,251,251,12665,17928,
20,251,251,251,251,251,251,251,12665,251,251,251,251,251,251,251,251,251,1980,8942,9060,
21,251,251,251,251,251,251,251,251,251,251,251,251,251,251,251,251,251,251,251,251,
22,251,251,251,251,251,251,251,251,251,251,251,251,251,251,251,251,251,251,30490,9556,
23,251,251,251,251,251,251,251,251,251,251,251,25082,251,251,251,251,251,251,23970,35632,
24,251,251,251,251,251,251,251,251,251,251,251,251,251,251,251,251,251,251,18335,24493,
25,251,251,251,251,251,251,251,251,251,251,251,251,251,251,251,251,251,251,25563,14140,
26,251,251,251,251,251,251,251,251,251,251,251,251,251,251,251,251,251,251,30147,31543,
27,251,251,251,251,251,251,251,251,8932,251,251,251,251,251,251,251,251,251,59271,251,
28,251,251,251,251,251,251,251,251,251,251,251,251,251,251,251,251,251,251,10897,18117,
29,251,251,251,251,251,251,251,251,251,251,251,251,251,251,251,251,251,251,26593,48923,
30,251,251,251,251,251,251,251,251,251,251,251,251,251,251,251,251,251,251,1767,6581,
31,251,251,251,251,251,251,251,251,251,251,251,251,251,251,251,251,251,251,14633,8959,
32,251,251,251,251,251,251,251,251,251,251,251,251,251,251,251,251,251,251,18125,12299,
33,251,251,251,251,251,251,251,251,251,251,251,251,251,251,251,251,251,251,29445,8301,
34,251,251,251,251,251,251,251,251,251,251,251,251,251,251,251,251,29141,251,30795,11079,
35,251,251,251,251,251,251,251,251,251,251,251,251,251,251,251,251,251,251,7718,12774,
36,251,251,251,251,251,251,251,251,251,251,251,251,251,251,251,251,251,251,30718,46750,
37,251,251,251,251,251,251,251,251,251,251,251,251,251,251,251,251,251,251,6045,30379,
38,251,251,251,251,251,251,251,251,251,251,251,251,251,251,251,251,251,251,2519,12097,
39,251,251,251,251,251,251,251,251,251,251,251,251,251,251,251,251,251,251,38882,28172,
40,251,251,251,251,251,251,251,251,251,251,251,251,251,251,251,12418,2366,251,251,1098,
41,251,251,251,251,251,251,251,251,251,251,251,251,251,251,251,251,7735,251,16223,5291,
42,251,251,251,251,251,251,251,251,251,251,251,251,251,251,251,251,251,251,22847,34495,
43,251,251,251,251,251,251,251,251,251,251,251,251,251,251,251,251,251,251,37145,251,
44,251,251,251,251,251,251,251,251,251,251,251,251,251,251,251,251,251,251,22022,50065,
45,251,251,251,251,251,251,251,251,251,251,251,251,251,251,251,251,251,251,2667,251,
46,251,251,251,251,251,251,251,251,251,251,251,251,251,251,251,251,251,251,9298,25243,
47,251,251,251,251,251,251,251,251,251,251,251,251,251,251,251,251,251,251,3891,25538,
48,251,251,251,251,251,251,251,251,251,251,251,251,251,251,251,251,251,251,1514,3672,
49,251,251,251,251,251,251,251,251,251,251,251,251,251,251,251,251,12626,251,12826,251,
50,251,251,251,251,251,251,251,251,251,251,251,251,251,12826,251,251,251,251,11513,16237,
51,251,251,251,251,251,251,251,251,251,251,251,251,251,251,251,251,251,251,14976,21809,
52,251,251,251,251,251,251,251,251,251,251,251,251,251,251,251,251,251,251,3578,251,
53,251,251,251,251,251,14675,251,251,251,251,251,251,251,251,251,251,251,251,36779,572,
54,251,251,251,251,14384,251,251,251,251,251,251,251,251,251,251,251,251,251,17404,12098,
55,251,251,251,251,251,251,251,24500,251,251,251,251,251,251,251,251,251,10631,47303,251,
56,251,251,251,251,14255,251,251,14255,251,251,251,251,251,251,251,251,251,251,27074,1482,
57,251,251,251,251,251,737,251,251,251,251,251,251,251,251,251,251,251,251,21002,8699,
58,251,251,251,251,251,251,251,251,251,251,251,251,251,251,251,251,251,251,55633,251,
59,251,251,251,251,251,251,251,251,251,251,251,251,251,251,251,251,251,251,41415,13610,
60,251,251,251,251,251,251,251,251,251,251,251,251,251,251,251,251,251,251,18079,14973,
61,251,251,251,251,251,251,251,251,251,251,251,251,251,251,251,7451,251,23030,17470,1044,
62,251,251,251,251,251,251,251,251,251,251,251,251,251,251,251,251,251,251,15042,35862,
63,251,251,251,251,12452,251,251,251,251,251,251,251,251,251,251,251,251,251,16724,5795,
64,251,251,251,251,251,251,251,251,251,251,251,251,251,251,251,251,251,251,11224,11006,
65,251,251,251,251,251,251,251,232,251,251,251,251,22140,251,251,251,251,251,10993,52579,
66,232,251,251,251,251,251,251,232,251,251,232,251,251,251,251,251,251,251,27798,21545,
67,232,232,251,7129,251,251,232,251,251,251,232,251,232,232,251,232,232,251,251,14605,
68,232,232,251,251,232,232,232,232,232,251,251,232,6626,232,251,232,232,232,13463,232,
69,232,232,232,232,232,232,232,232,232,232,232,251,232,232,232,232,232,232,232,28240,
70,232,232,232,232,232,232,232,232,232,232,232,232,232,232,232,232,232,232,28513,30065,
71,232,232,232,232,232,232,232,232,232,232,232,232,232,232,232,232,232,232,25922,7255,
72,232,232,232,232,232,232,232,232,232,232,232,232,232,232,232,232,232,232,232,18552,
73,232,232,232,232,232,232,232,232,232,232,232,232,232,232,232,232,232,232,54201,1044,
74,232,232,232,232,232,232,232,232,232,232,232,232,232,232,232,232,232,232,1400,8279,
75,232,232,232,232,232,232,232,232,232,232,232,232,232,232,232,232,232,232,232,5129,
76,232,232,232,232,232,232,232,232,232,232,232,232,232,232,232,232,232,232,232,7912,
77,232,232,232,232,232,232,232,232,232,232,232,232,232,232,232,232,232,232,6392,2887,
78,232,232,232,232,232,232,232,232,232,232,232,232,232,232,232,232,232,232,2009,47944,
79,232,232,232,232,232,232,232,232,232,232,232,232,232,232,232,232,232,232,192,39908,
80,192,232,232,232,232,232,232,232,232,192,232,232,232,232,232,192,232,232,8546,21728,
81,192,192,232,192,192,232,232,192,6007,192,232,192,232,232,192,232,232,232,30195,41874,
82,192,192,192,232,232,192,192,232,192,192,192,192,192,192,232,192,192,6134,16774,9680,
83,192,192,192,192,192,192,192,192,192,192,192,192,232,192,192,192,192,192,41404,192,
84,192,192,192,192,192,192,192,192,192,192,192,192,192,192,192,192,192,192,39344,192,
85,192,192,192,192,192,192,192,192,192,192,192,192,192,192,192,192,192,192,56347,3003,
86,192,192,192,192,192,192,192,192,192,192,192,192,192,192,192,192,192,192,50455,41503,
87,192,192,192,192,192,192,192,192,192,192,4131,192,192,192,192,192,192,192,31782,12693,
88,192,192,192,192,192,192,192,192,192,192,192,192,192,192,192,192,192,192,35594,45611,
89,192,192,192,192,192,192,192,192,192,192,192,192,192,192,192,192,192,192,43057,192,
90,192,192,192,192,192,192,192,192,192,192,192,192,192,192,192,192,192,192,356,21469,
91,192,192,192,192,192,192,192,192,192,192,192,192,192,192,192,192,192,192,42364,192,
92,192,192,192,192,192,192,192,192,192,192,192,192,192,192,192,192,192,192,192,28809,
93,192,192,192,192,192,192,192,192,192,192,192,192,192,192,192,192,192,192,192,17125,
94,192,192,192,192,192,192,192,192,192,192,192,192,192,192,192,192,192,192,54297,36542,
95,192,192,192,192,192,192,192,192,192,192,192,192,192,192,192,192,192,192,17731,10637,
96,192,192,192,192,192,192,192,192,192,192,192,192,192,192,192,192,192,192,19193,35622,
97,192,192,192,192,192,192,192,192,192,192,192,192,192,192,192,192,192,192,59178,26502,
98,192,192,192,192,192,192,192,192,192,192,192,192,192,540,192,192,192,540,42029,32423,
99,192,192,192,192,192,192,192,192,192,192,192,192,192,192,192,192,192,192,24024,12546,
100,192,192,192,192,192,192,192,192,192,192,192,192,192,192,192,192,192,192,5410,38536,
101,192,192,192,192,192,192,192,192,192,192,192,192,192,192,192,192,192,192,192,41544,
102,192,192,192,192,192,192,192,192,192,192,192,192,192,192,192,192,192,192,22378,3085,
103,192,192,192,192,192,192,192,192,192,192,192,192,192,192,192,192,192,192,51335,43875,
104,192,192,192,192,192,192,192,192,192,192,192,192,192,192,192,192,192,45115,192,192,
105,192,192,192,192,192,192,192,192,192,192,192,192,192,192,192,192,192,192,192,192,
106,192,192,192,192,192,192,192,192,192,192,192,192,192,192,192,192,192,192,53230,192,
107,192,192,192,192,192,192,192,192,192,192,192,192,192,192,192,192,192,192,192,192,
108,192,192,192,192,192,192,192,192,192,192,192,192,192,192,192,192,192,192,60369,34677,
109,192,192,192,192,192,192,192,192,192,192,192,192,192,192,192,192,192,192,15034,192,
110,192,192,192,192,192,192,192,192,192,192,192,192,192,192,192,192,192,192,192,58201,
111,192,192,192,192,192,192,192,192,192,192,192,192,192,192,192,192,192,192,21992,20853,
112,192,192,192,192,192,192,192,192,192,192,192,192,192,192,192,192,192,192,192,42227,
113,192,192,192,192,192,192,192,192,13738,192,192,192,192,192,192,192,192,192,42146,49503,
114,192,192,192,192,192,192,192,192,192,192,192,192,192,192,20231,192,192,192,35279,192,
115,192,192,192,192,192,192,192,192,192,192,192,192,192,16590,13560,192,192,192,192,49053,
116,192,192,192,192,192,192,192,192,192,192,192,192,192,192,192,192,192,192,24395,192,
117,192,192,192,192,192,192,192,192,192,192,192,192,192,192,192,13854,192,192,192,192,
118,192,192,192,192,192,192,192,192,192,192,192,192,192,192,192,192,192,192,39284,46116,
119,192,192,192,192,192,192,192,192,192,192,192,192,192,192,192,192,192,192,24139,192,
120,192,192,192,192,192,192,192,192,192,192,192,192,192,192,192,192,192,192,59370,32870,
121,192,192,192,192,192,192,192,44769,192,192,192,192,192,192,192,192,192,192,192,25012,
122,192,192,192,192,192,192,192,192,192,192,192,192,192,192,192,192,192,192,192,50119,
123,192,192,192,192,192,192,192,192,192,192,192,192,192,192,192,192,192,192,192,55092,
124,192,192,192,192,192,192,192,192,192,192,192,192,192,192,192,192,192,192,41312,33041,
125,192,192,192,192,192,192,192,192,192,192,192,192,192,192,192,192,192,192,192,30627,
126,192,192,192,192,192,192,192,192,192,192,192,192,192,192,192,192,192,192,192,192,
127,192,192,192,192,192,192,192,192,192,192,192,192,192,192,192,192,192,192,11270,16281,
128,192,192,192,192,192,192,192,192,192,192,192,4940,192,192,192,192,192,192,192,192,
129,192,192,192,192,192,192,192,192,192,192,192,192,192,192,192,192,192,192,58735,192,
130,192,192,192,192,192,192,192,192,192,192,192,192,192,192,192,192,192,192,192,15048,
131,192,192,192,192,192,192,192,192,192,192,192,192,192,192,192,192,192,192,192,192,
132,192,192,192,192,192,192,192,192,192,192,192,192,192,192,192,192,192,192,192,58453,
133,192,192,192,192,192,192,192,192,192,192,192,192,192,192,192,192,192,192,192,192,
134,192,192,192,192,192,192,192,192,192,192,192,192,192,192,192,192,192,192,43639,192,
135,192,192,192,192,192,192,192,192,192,192,192,192,192,192,192,192,192,192,52488,192,
136,192,192,192,192,192,1503,192,192,192,192,192,192,192,192,192,192,192,192,49066,192,
137,192,192,192,192,192,192,192,31376,192,12932,192,192,192,192,192,192,192,192,32657,46580,
138,192,192,192,192,192,192,42405,192,192,192,192,192,192,192,192,192,192,192,21971,27693,
139,192,192,192,192,192,192,192,192,192,192,192,192,192,192,192,192,192,192,33336,24717,
140,192,192,192,192,192,192,192,192,192,192,192,192,192,192,192,192,192,192,11478,25187,
141,192,192,192,192,192,192,192,192,192,18209,192,192,192,192,192,192,192,192,192,192,
142,192,192,192,192,192,192,192,192,192,192,192,192,192,192,192,192,192,192,192,20823,
143,192,192,192,192,192,192,192,192,192,192,192,192,192,192,192,192,192,192,192,192,
144,192,192,192,43467,192,192,192,192,192,192,192,192,192,192,192,192,192,192,53747,11941,
145,192,192,192,192,192,192,192,192,192,192,192,192,192,192,192,192,192,192,32562,39059,
146,192,192,192,192,192,192,192,192,1159,192,192,192,192,192,192,192,192,192,6714,192,
147,192,192,192,192,192,192,192,192,192,192,192,6714,192,192,192,192,192,192,31927,192,
148,192,192,192,192,192,192,192,192,192,192,192,192,192,192,192,192,192,192,42779,192,
149,192,192,192,192,192,192,192,192,192,192,192,192,192,192,192,192,192,192,192,11939,
150,192,192,192,192,192,192,192,192,192,192,192,192,192,192,192,192,192,192,36537,46551,
151,192,192,192,192,192,192,16170,192,192,192,192,192,192,192,192,192,192,192,37980,24086,
152,192,192,192,192,192,192,192,192,192,192,192,192,192,192,192,192,192,192,192,20498,
153,192,192,192,192,192,192,192,192,192,192,192,192,192,192,192,192,192,192,16571,44672,
154,192,192,192,192,192,192,192,192,192,192,192,192,192,192,192,192,192,192,21404,21956,
155,192,192,192,192,192,192,192,192,192,192,192,192,192,192,192,192,192,192,17612,53285,
156,192,192,192,192,192,192,192,192,192,192,192,192,192,192,192,192,192,192,28816,57397,
157,192,192,192,192,10598,192,192,192,192,192,192,192,192,192,192,192,192,192,192,13182,
158,192,192,192,192,192,192,192,192,192,192,192,192,192,192,192,192,192,192,192,53160,
159,192,192,192,192,192,192,192,192,192,192,192,192,192,192,192,192,192,192,39868,38743,
160,192,192,192,192,192,192,192,192,192,192,192,192,192,192,192,192,192,192,7578,192,
161,192,192,192,192,192,192,192,192,192,192,192,192,192,192,192,192,192,192,50939,48496,
162,192,192,192,192,192,192,192,192,192,192,192,192,192,192,192,192,192,192,49637,15112,
163,192,192,192,192,192,192,192,192,192,192,192,192,192,192,192,192,192,192,14212,14773,
164,192,192,192,192,192,192,192,192,192,192,192,192,192,192,192,192,192,192,30321,30077,
165,192,192,192,192,192,192,192,192,192,192,192,192,192,192,192,192,192,192,192,45454,
166,192,192,192,192,192,192,192,192,192,192,192,192,192,192,192,192,192,192,192,39110,
167,192,192,192,192,192,192,192,192,192,192,192,192,192,192,192,192,192,192,37521,192,
168,192,192,192,192,192,192,192,192,192,192,192,192,192,192,192,192,192,192,48038,25770,
169,192,192,192,192,192,192,192,192,192,192,35439,192,192,192,192,192,192,192,11260,192,
170,192,192,192,192,192,192,192,192,192,192,192,192,192,192,192,44310,192,192,192,192,
171,192,192,192,192,192,192,192,192,192,192,192,192,192,192,192,192,192,192,192,43766,
172,192,192,192,192,20784,192,192,21962,192,192,192,192,192,192,192,192,192,192,33312,51003,
173,192,192,192,192,192,192,192,192,192,192,192,192,192,192,192,192,192,192,11853,2140,
174,192,192,192,192,192,192,192,192,192,192,192,192,192,14408,192,192,192,192,15883,192,
175,192,192,192,192,192,192,192,192,192,192,192,192,192,192,192,192,192,192,57956,15518,
176,192,192,192,192,192,192,192,192,192,192,192,192,192,192,192,192,192,192,192,192,
177,192,192,192,192,192,192,192,192,192,192,192,192,192,192,192,192,192,192,192,7921,
178,192,192,192,192,192,192,192,192,192,192,192,192,192,192,192,192,192,192,192,41688,
179,192,192,192,192,192,192,192,192,192,192,192,192,192,192,192,192,192,192,192,192,
180,192,192,192,192,192,192,192,192,192,192,192,192,192,192,192,192,192,192,39154,192,
181,192,192,192,192,192,192,192,192,192,192,192,192,192,192,192,192,192,192,48679,31398,
182,192,192,192,192,192,192,192,192,192,6211,192,192,6211,192,192,192,192,192,33016,34314,
183,192,192,192,192,192,192,192,192,192,192,192,192,192,192,192,192,192,192,30620,192,
184,192,192,192,192,192,192,192,192,192,192,192,192,192,192,192,192,192,192,7112,20860,
185,192,192,192,192,192,192,192,192,192,192,192,192,192,192,192,5431,192,192,22426,46450,
186,192,192,192,192,192,192,192,192,192,192,192,192,192,192,192,192,192,192,40098,17590,
187,192,192,192,192,192,192,192,192,192,192,192,192,192,192,192,192,192,192,31322,192,
188,192,192,192,192,192,192,192,192,192,192,192,192,192,192,192,192,192,192,192,19981,
189,192,192,192,192,192,192,192,192,192,192,192,192,192,192,192,192,192,192,8533,44248,
190,192,192,192,192,192,192,192,192,192,192,192,192,192,192,192,192,192,192,192,32844,
191,192,192,192,192,192,192,192,192,192,192,192,192,192,192,192,192,192,192,51514,192,
192,192,192,192,192,192,192,192,192,192,192,192,192,192,192,192,192,192,192,37054,192,
193,192,192,192,192,192,192,192,192,192,192,192,192,192,192,192,192,192,192,192,192,
194,192,192,192,192,192,192,192,192,192,192,192,192,192,192,192,192,192,192,16009,33809,
195,192,192,192,192,192,192,192,192,192,192,192,192,192,192,192,192,192,192,46240,55177,
196,192,192,192,192,192,192,192,192,192,192,192,192,192,192,192,192,192,192,35698,41663,
197,192,192,192,192,192,192,192,192,192,192,192,192,192,192,192,192,192,192,30522,192,
198,192,192,192,192,192,192,192,192,192,192,192,14333,192,192,192,192,192,192,35280,28598,
199,192,192,192,192,192,192,192,192,192,192,9442,192,192,192,192,192,192,192,47695,192,
200,192,192,192,192,192,192,192,192,192,192,192,192,192,192,192,192,192,192,46313,26930,
201,192,192,192,192,192,192,192,192,192,192,192,192,192,192,192,192,192,192,23025,192,
202,192,192,192,192,192,192,192,192,192,192,192,192,192,192,192,192,192,192,192,4195,
203,192,192,192,192,192,192,192,192,192,192,192,192,192,192,192,192,192,192,192,40358,
204,192,192,192,192,192,192,192,192,192,192,192,192,192,192,192,192,192,192,49784,192,
205,192,192,192,192,192,192,192,192,192,192,192,192,192,192,192,192,192,192,192,56309,
206,192,192,192,192,192,192,192,192,192,192,192,192,192,192,192,192,192,192,192,30497,
207,192,192,192,192,192,192,192,192,192,192,192,192,192,192,192,192,192,192,32358,192,
208,192,192,192,192,192,192,192,192,192,192,192,192,192,192,192,192,192,192,36342,23079,
209,192,192,192,192,192,192,192,192,192,192,192,192,192,192,192,192,192,192,36759,192,
210,192,192,192,192,192,192,192,192,192,192,192,192,192,181,192,192,192,192,192,41943,
211,181,192,192,192,192,192,192,192,192,192,192,192,192,192,192,192,192,181,47735,4554,
212,181,181,192,181,192,192,192,192,181,192,192,192,192,181,192,192,192,4554,49527,22231,
213,181,181,192,181,192,181,181,181,192,181,181,181,181,192,192,181,192,181,6080,181,
214,181,181,181,181,181,181,181,181,181,181,192,181,181,181,181,181,181,181,50277,24669,
215,181,181,181,181,181,181,181,181,181,181,181,181,181,181,181,181,181,181,181,34657,
216,181,181,181,181,181,181,181,181,181,181,181,181,181,181,181,181,181,181,14332,37209,
217,181,181,181,181,2512,181,181,181,181,181,181,181,181,181,181,181,181,181,48965,181,
218,181,181,181,181,181,181,181,181,181,181,181,181,181,181,181,181,181,181,181,59100,
219,181,181,181,181,181,181,181,181,181,181,181,181,181,181,181,181,181,181,181,49757,
220,181,181,181,181,181,181,181,181,812,181,181,181,181,181,181,181,181,181,34045,213,
221,181,181,181,181,181,181,181,181,181,213,181,181,181,181,181,181,181,181,51392,181,
222,181,181,181,181,181,181,181,181,181,181,15949,181,181,181,181,181,181,181,38954,4523,
223,181,181,181,181,181,181,181,181,181,181,181,181,181,181,181,181,181,181,181,16160,
224,181,181,181,181,181,181,181,181,181,181,181,181,181,181,181,181,181,181,181,601,
225,181,181,21126,181,181,181,181,181,181,181,26681,181,181,181,181,181,181,181,56909,10890,
226,181,181,181,181,181,181,181,181,2199,181,181,181,181,181,181,181,181,181,20624,31272,
227,181,181,181,181,181,181,181,181,181,181,181,181,181,181,181,181,181,181,19030,5601,
228,181,181,181,181,181,181,181,181,181,181,7553,181,181,181,181,181,181,181,60095,181,
229,181,181,181,181,181,181,181,181,181,181,181,181,181,181,181,181,181,181,3677,4559,
230,181,181,181,181,181,181,181,181,181,181,181,181,181,181,181,181,181,181,49052,17951,
231,181,181,181,181,181,181,181,181,181,181,181,181,181,181,181,181,181,181,10828,39331,
232,181,181,181,181,181,181,181,181,181,12886,181,181,181,181,181,181,181,181,30161,1932,
233,181,181,181,181,17323,181,181,181,181,181,181,181,181,181,181,181,181,181,25911,42110,
234,181,181,181,181,181,181,181,181,181,181,181,181,181,181,181,181,2888,181,2377,181,
235,181,181,181,181,181,2377,181,181,181,181,181,181,181,181,181,181,181,181,52061,42643,
236,181,181,181,181,181,181,181,181,181,181,181,181,181,181,181,181,181,181,39397,2552,
237,181,181,181,181,181,181,181,37290,181,181,181,31626,181,181,181,181,181,181,5963,17299,
238,181,181,181,181,181,181,181,181,181,181,181,3937,181,181,181,181,181,181,8562,51071,
239,181,181,181,181,33446,181,181,181,181,181,181,181,181,181,14763,181,181,181,12529,59478,
240,181,181,181,181,181,181,181,181,181,181,181,181,181,181,181,181,181,181,44740,7190,
241,181,181,181,181,181,181,181,181,181,181,181,181,181,181,181,181,181,181,23837,45831,
242,181,181,181,181,181,181,13851,181,181,181,181,181,181,181,181,181,181,181,23982,18135,
243,181,181,181,181,181,181,181,181,181,181,181,181,181,181,1451,181,181,181,50151,44991,
244,181,181,181,181,181,181,181,181,181,181,181,181,181,181,12377,181,181,181,11583,39887,
245,181,181,181,181,181,181,181,181,181,181,181,181,181,181,181,181,181,181,31459,181,
246,181,181,181,181,181,181,181,181,181,181,181,181,181,181,181,181,181,181,25533,999,
247,181,181,181,181,181,181,181,181,181,181,181,181,181,181,181,181,181,181,5402,36131,
248,181,181,181,181,181,181,181,181,181,181,181,181,181,181,20963,181,181,181,22555,7360,
249,181,181,181,181,9516,181,181,181,2399,181,2959,181,181,181,181,181,181,181,33288,12228,
250,181,181,181,181,181,181,181,181,181,181,181,181,181,181,181,181,181,181,48748,22001,
251,181,181,181,181,181,181,181,181,181,181,181,181,181,181,181,181,181,181,46425,18291,
252,181,181,181,181,181,181,181,181,181,181,181,181,181,181,181,181,181,181,25478,3604,
253,181,181,181,181,181,181,181,181,181,181,181,181,181,181,181,181,181,181,36909,51388,
254,181,181,181,181,181,181,181,181,181,181,181,181,181,181,181,181,181,181,37614,19051,
255,181,181,181,181,181,181,181,181,181,181,181,181,181,181,181,181,181,181,181,181,
256,181,181,181,181,181,181,181,181,181,181,181,181,181,181,181,181,181,181,181,181,
257,181,181,181,181,181,181,181,181,181,181,181,181,181,181,181,181,181,181,181,24835,
258,181,181,181,181,181,181,181,181,181,181,181,181,181,181,181,181,181,181,27725,35960,
259,181,181,181,181,181,181,181,181,181,181,181,181,181,181,181,181,181,914,1167,34116,
260,181,181,181,181,181,181,181,181,181,181,181,181,181,181,181,181,181,181,17188,48988,
261,181,181,181,181,181,181,181,181,181,181,181,181,181,181,181,181,181,181,20080,10436,
262,181,181,181,181,181,181,181,181,181,181,181,181,181,181,181,181,181,181,8960,32253,
263,181,181,181,181,181,8960,181,181,181,181,181,181,181,181,181,181,181,181,8774,4704,
264,181,181,181,181,181,181,181,181,181,137,181,181,181,181,181,181,181,181,59955,9041,
265,137,181,181,181,181,181,137,181,181,181,181,181,181,181,10203,137,181,181,8631,60374,
266,137,137,181,137,181,181,181,181,137,181,181,137,137,181,137,137,137,181,19340,50989,
267,137,137,137,137,137,137,137,181,137,137,137,137,137,137,137,19340,137,181,2270,19282,
268,137,137,137,137,137,137,137,137,137,137,137,137,137,137,137,137,137,137,137,52138,
269,137,137,137,137,137,137,137,137,137,137,137,137,137,137,137,137,137,137,24906,43442,
270,137,137,137,137,137,137,137,137,137,137,137,137,137,137,137,137,137,137,24665,51956,
271,137,137,137,137,137,137,137,137,137,137,137,137,137,137,137,137,137,137,33854,26849,
272,137,137,137,137,137,137,137,137,137,137,137,137,137,137,137,137,137,137,27703,13571,
273,137,137,137,16600,137,137,137,137,137,137,137,137,137,137,137,137,137,137,137,26635,
274,137,137,137,137,137,137,137,137,137,137,137,137,137,137,137,137,137,137,24134,137,
275,137,137,137,137,137,137,137,137,137,137,137,137,137,137,137,137,137,137,3965,5885,
276,137,137,137,137,137,137,137,137,137,137,137,137,137,137,137,137,137,137,5107,28715,
277,137,137,137,137,137,137,137,137,137,137,137,137,137,137,137,137,137,8956,39805,1761,
278,137,137,137,137,137,137,137,137,137,137,137,137,137,137,137,137,137,137,33176,39112,
279,137,137,137,137,137,137,137,137,137,137,137,137,137,137,137,137,137,137,137,137,
280,137,137,137,137,137,137,137,137,137,137,137,137,137,137,137,137,137,137,58747,137,
281,137,137,137,137,137,137,137,137,137,137,137,137,137,137,137,137,137,137,14172,44680,
282,137,137,137,137,137,137,137,137,137,137,137,137,137,137,137,137,137,137,10523,40095,
283,137,137,137,137,137,137,137,137,137,137,137,137,137,137,137,137,137,137,137,26386,
284,137,137,137,137,137,137,137,137,137,137,137,137,137,137,137,137,137,137,137,137,
285,137,137,137,137,137,137,137,137,137,137,137,137,137,137,137,137,137,137,949,33813,
286,137,137,137,137,137,137,137,137,137,137,137,137,137,137,28638,137,137,137,52449,23774,
287,137,137,137,137,137,137,137,137,137,137,137,137,137,137,137,137,137,137,137,36335,
288,137,137,137,137,137,699,137,137,137,137,137,137,137,137,137,137,137,137,48367,137,
289,137,137,137,137,137,137,137,137,137,137,137,137,137,3254,137,137,137,137,137,2106,
290,137,137,137,137,137,137,137,137,137,137,137,137,137,137,137,137,137,137,31981,137,
291,137,137,137,137,137,137,137,137,137,137,137,137,137,137,137,137,137,137,58900,40875,
292,137,137,137,137,137,137,137,137,137,137,137,137,137,137,137,137,137,137,31176,19249,
293,137,137,137,137,137,137,137,137,137,137,137,137,137,19249,137,137,137,137,51607,137,
294,137,137,137,137,137,137,137,137,137,137,137,137,137,137,137,137,137,137,10402,137,
295,137,137,137,137,137,137,137,137,137,137,137,137,137,137,137,2965,137,137,42907,42416,
296,137,137,137,137,137,137,137,137,137,137,137,137,137,137,137,137,137,137,137,45604,
297,137,137,137,137,137,137,137,137,137,137,137,137,137,137,137,137,137,137,36820,29110,
298,137,137,137,137,137,137,137,137,137,137,137,137,137,137,137,137,137,137,39578,45765,
299,137,137,137,137,137,137,137,137,137,137,137,137,137,137,137,137,137,137,26912,31273,
300,137,137,137,137,19596,137,137,137,137,137,137,137,137,137,137,137,137,137,34924,137,
301,137,137,137,137,137,137,137,137,137,137,137,137,137,137,137,137,137,137,45918,25039,
302,137,137,137,137,137,137,137,137,137,137,137,137,137,137,137,28709,137,137,6651,46867,
303,137,137,137,137,137,137,137,137,137,137,137,137,137,137,137,137,137,137,137,25467,
304,137,137,137,137,137,137,137,137,137,137,137,137,137,137,137,137,137,137,3397,47333,
305,137,137,137,137,137,137,137,137,137,137,137,137,137,137,137,137,137,137,47014,21209,
306,137,137,137,137,137,137,137,137,137,137,137,137,137,137,137,137,137,137,30642,30198,
307,137,137,137,137,137,137,137,137,137,137,137,137,137,137,137,137,137,137,31715,11736,
308,137,137,137,137,137,137,137,137,137,137,137,137,137,137,137,137,137,137,35578,36529,
309,137,137,137,137,137,137,137,137,137,137,137,137,137,137,137,137,137,137,23974,137,
310,137,137,137,137,137,4449,137,137,137,137,137,137,137,137,137,137,137,137,16752,137,
311,137,137,137,137,137,137,137,137,137,137,137,137,137,137,137,137,137,137,42763,137,
312,137,137,137,137,137,137,137,137,137,137,137,137,137,137,137,137,137,137,42245,137,
313,137,137,137,137,137,137,137,137,137,137,137,15627,137,137,137,137,137,137,11836,32333,
314,137,137,137,137,137,137,137,137,137,137,137,137,137,137,137,137,137,137,137,137,
315,137,137,137,137,137,137,137,137,137,137,137,137,137,137,137,137,137,137,1714,4372,
316,137,137,137,137,137,137,137,137,137,137,137,137,137,137,137,137,137,14334,41480,137,
317,137,137,137,137,137,137,137,137,137,137,137,137,137,137,137,137,137,137,45603,18782,
318,137,137,137,137,137,137,137,137,137,137,137,137,137,137,137,137,137,137,54368,39101,
319,137,137,137,137,137,137,137,137,137,137,137,137,137,137,137,137,137,137,137,21534,
320,137,137,137,137,137,137,137,137,137,137,137,137,137,137,137,137,137,137,137,57548,
321,137,137,137,137,137,137,137,137,137,137,137,137,137,137,137,137,137,137,50794,12211,
322,137,137,137,137,137,137,137,137,137,137,137,137,137,137,137,137,137,137,23637,8401,
323,137,137,137,137,4336,137,137,137,137,137,137,137,137,137,137,137,137,137,17627,4979,
324,137,137,137,137,137,137,137,137,137,137,137,137,137,137,137,137,137,137,55564,4692,
325,137,137,137,137,137,9172,137,137,137,137,137,137,137,137,137,137,10402,137,31779,7078,
326,137,137,137,137,137,137,137,137,137,137,137,137,137,137,137,137,137,137,32871,137,
327,137,137,137,137,137,137,137,51026,137,137,137,137,137,137,137,137,137,137,12891,23999,
328,137,137,137,137,137,137,137,137,137,137,137,137,137,137,137,137,137,137,137,10672,
329,137,137,137,137,137,137,137,137,137,137,137,137,137,137,137,137,137,137,12548,31852,
330,137,137,137,137,137,137,137,137,137,137,137,137,137,137,137,137,137,137,8846,137,
331,137,137,137,137,137,137,137,137,137,137,137,137,137,137,137,137,137,137,29685,32934,
332,137,137,137,137,137,137,137,137,137,137,137,137,137,137,137,137,137,137,2722,11523,
333,137,137,137,137,137,137,137,137,137,137,13748,137,137,137,137,137,137,137,55224,52808,
334,137,137,137,137,137,137,137,137,137,137,137,137,137,137,137,137,137,137,627,21408,
335,137,137,137,137,137,137,137,137,137,137,137,137,137,137,137,137,137,137,137,137,
336,137,137,137,137,137,137,137,137,137,137,137,137,137,137,137,137,137,137,29767,11031,
337,137,137,137,137,137,137,137,137,137,137,137,137,137,137,137,137,137,137,27895,19365,
338,137,137,32371,137,137,137,137,137,137,137,137,137,137,137,137,137,137,137,20099,27780,
339,137,137,137,137,137,137,137,137,137,137,137,137,137,137,137,137,137,137,137,22175,
340,137,137,137,137,137,137,137,137,137,137,137,137,137,137,137,137,137,137,9404,30217,
341,137,137,137,137,137,137,137,137,137,137,137,137,137,137,137,137,137,137,42546,1929,
342,137,137,137,137,137,137,137,137,137,137,137,137,137,137,137,137,137,137,18678,19740,
343,137,137,137,137,137,137,137,137,137,137,137,137,137,137,137,137,137,137,137,7132,
344,137,137,137,137,137,137,137,137,137,137,137,137,137,137,137,137,137,137,137,1484,
345,137,137,137,137,137,137,137,137,137,137,137,137,137,137,137,137,137,137,11459,137,
346,137,137,137,137,137,137,137,137,137,137,137,137,137,137,137,137,137,137,137,44847,
347,137,137,137,137,137,137,137,137,137,137,137,22933,137,137,137,137,137,137,35138,137,
348,137,137,137,137,137,137,137,137,137,137,137,137,137,137,137,137,137,137,18581,137,
349,137,137,137,137,137,137,137,137,137,137,137,137,137,137,137,137,137,137,28435,137,
350,137,137,137,137,137,137,137,137,137,137,137,137,137,137,137,137,137,137,58379,18096,
351,137,137,137,137,137,137,137,137,137,137,137,137,137,137,137,137,137,137,44032,17194,
352,137,137,137,137,137,137,137,137,137,137,137,137,137,137,137,137,137,137,38105,57358,
353,137,137,137,137,137,137,137,137,137,137,11579,137,137,137,137,137,137,137,6429,38536,
354,137,137,137,137,137,137,137,137,137,137,137,137,137,137,137,137,137,137,20484,36152,
355,137,137,137,137,137,137,137,137,137,137,137,137,137,137,137,137,137,137,5762,39015,
356,137,137,137,137,137,137,137,137,137,137,137,137,137,137,137,137,137,137,25518,54342,
357,137,137,137,137,137,137,137,137,137,137,137,137,137,137,137,137,137,137,45774,31921,
358,137,137,137,137,137,137,137,137,137,137,16403,137,137,137,137,137,137,137,1999,19503,
359,137,137,137,137,137,137,137,137,137,137,137,137,137,137,137,137,137,137,47061,46375,
360,137,137,137,137,137,137,137,137,137,137,137,137,137,137,137,16605,137,137,137,137,
361,137,137,137,137,137,137,137,137,137,137,137,137,137,137,137,137,137,137,32251,49773,
362,137,137,137,137,137,137,137,137,137,137,137,137,137,137,137,137,137,137,43666,137,
363,137,137,137,137,137,137,137,137,137,137,137,137,137,137,137,137,137,137,14277,9961,
364,137,137,137,137,137,137,137,137,137,137,137,137,137,137,137,137,137,137,50870,38517,
365,137,137,137,137,137,137,137,137,137,137,137,137,137,137,137,137,137,137,39558,137,
366,137,137,137,137,137,137,137,137,137,137,137,137,137,137,137,137,137,137,137,36076,
367,137,137,137,137,137,137,137,137,137,137,137,137,137,137,137,137,137,137,32615,59768,
368,137,137,137,137,137,137,137,137,137,137,14313,137,137,51160,137,137,137,137,137,28921,
369,137,137,137,137,137,137,137,137,137,137,137,137,137,137,137,137,137,137,48164,137,
370,137,137,137,137,137,137,137,137,137,137,137,137,137,137,137,137,137,137,137,19438,
371,137,137,137,137,137,137,137,137,137,137,137,137,137,137,2560,137,137,137,10940,44409,
372,137,137,137,137,137,137,137,137,137,137,137,137,137,137,137,137,137,137,10583,137,
373,137,137,137,137,137,137,137,137,137,137,137,137,137,137,137,137,137,137,50071,137,
374,137,137,137,137,137,137,137,137,137,137,137,137,137,137,137,137,137,137,137,38066,
375,137,137,137,137,137,137,137,137,137,137,137,137,137,137,137,137,137,137,137,137,
376,137,137,137,137,137,137,137,137,137,137,137,137,137,137,137,137,137,137,42220,56823,
377,137,137,137,137,137,137,137,137,137,137,137,137,137,137,137,137,137,137,137,137,
378,137,137,137,137,137,137,137,137,137,137,137,137,137,137,137,137,137,137,50078,16564,
379,137,137,137,137,137,137,137,137,137,137,137,137,137,18790,137,137,137,137,137,137,
380,137,137,137,137,137,137,137,137,137,137,137,137,137,137,137,137,137,137,137,28812,
381,137,137,137,137,137,137,137,137,137,137,137,137,137,137,137,137,137,137,22752,9488,
382,137,137,137,137,137,137,137,137,137,137,137,137,137,137,137,137,137,137,9902,4219,
383,137,137,137,137,137,137,137,137,137,137,137,137,137,137,137,137,137,137,12190,27125,
384,137,137,137,137,137,137,137,137,137,137,137,137,137,137,137,137,137,137,137,38521,
385,137,137,137,137,137,137,137,137,137,137,137,137,137,137,137,137,137,137,137,57885,
386,137,137,137,137,137,137,137,137,137,137,137,137,137,137,137,137,137,137,50957,11866,
387,137,137,137,21295,137,137,137,137,137,137,137,137,137,137,137,137,137,137,31679,44444,
388,137,137,137,137,137,137,137,137,137,137,137,137,137,137,137,137,137,137,137,137,
389,137,137,137,137,137,137,137,137,137,137,137,137,137,137,137,137,137,137,46182,42779,
390,137,137,137,137,137,16030,137,137,137,137,137,137,137,137,137,137,137,137,44825,137,
391,137,137,137,137,137,137,137,137,137,137,137,137,137,137,137,137,137,137,137,37663,
392,137,137,137,137,13436,137,137,137,15306,137,137,137,137,137,137,137,137,137,137,11888,
393,137,137,137,137,137,137,137,137,137,137,137,137,137,137,137,137,137,12742,28851,47332,
394,137,137,137,137,137,137,137,137,137,137,137,137,137,137,137,137,137,137,34642,49390,
395,137,137,137,137,137,137,137,137,137,137,137,137,137,137,137,137,137,137,137,52605,
396,137,137,137,137,137,137,137,137,137,137,137,137,137,137,137,137,137,137,47163,20687,
397,137,137,137,137,137,137,137,137,137,137,1945,137,137,137,137,137,137,137,137,12367,
398,137,137,137,137,137,137,137,137,137,137,137,137,137,137,137,137,137,137,137,13305,
399,137,137,137,137,137,137,137,137,137,137,137,137,137,137,137,137,137,137,24768,18406,
400,137,137,137,137,137,137,40572,137,137,137,137,137,137,137,137,137,137,137,43741,137,
401,137,137,137,137,137,137,137,137,137,137,137,137,137,137,137,137,137,137,10602,37038,
402,137,137,137,137,137,137,137,137,137,137,137,137,137,137,137,137,137,137,137,32560,
403,137,137,137,137,137,137,137,137,137,137,137,137,137,137,137,137,137,137,10197,61251,
404,137,137,137,137,137,137,137,137,137,137,137,137,137,137,18560,137,137,137,33597,37927,
405,137,137,137,137,137,137,137,137,137,137,137,137,137,137,137,137,137,137,27511,58794,
406,137,137,137,137,137,137,137,137,137,137,137,137,137,137,10884,137,137,137,137,137,
407,137,137,137,137,137,137,137,137,137,137,137,137,137,137,137,137,137,137,17456,10949,
408,137,137,137,137,137,137,137,137,137,137,137,137,137,137,137,137,137,137,28168,34369,
409,137,137,137,137,137,137,137,137,137,137,137,137,137,137,137,137,137,137,137,46003,
410,137,137,137,137,137,137,137,137,137,137,137,137,137,137,137,137,137,137,19122,35759,
411,137,137,137,137,137,137,137,137,137,137,137,137,137,137,137,137,137,137,27737,57492,
412,137,137,137,137,137,137,137,137,137,137,137,137,137,137,137,137,137,137,28707,137,
413,137,137,137,137,137,137,137,137,137,137,137,137,137,137,137,137,137,137,11799,36262,
414,137,137,137,137,137,137,137,137,137,137,137,137,137,137,137,137,137,137,137,137,
415,137,137,137,137,137,137,137,137,137,137,137,137,137,137,137,137,137,137,34071,46040,
416,137,137,137,137,137,137,137,137,30510,137,137,137,137,137,137,137,23568,137,34972,137,
417,137,137,137,137,137,137,137,137,137,137,137,137,137,137,137,137,137,137,31359,57026,
418,137,137,137,137,137,137,137,137,137,137,137,137,137,137,137,137,137,137,40488,32678,
419,137,137,137,137,137,137,137,137,137,137,137,137,137,137,137,137,137,137,137,2030,
420,137,137,137,137,137,137,137,137,137,137,137,137,137,137,137,137,137,137,137,137,
421,137,137,137,137,137,137,137,137,137,137,137,137,137,137,137,137,137,137,137,45220,
422,137,137,137,137,137,137,137,137,137,137,137,137,137,137,137,137,137,137,137,137,
423,137,137,137,137,137,137,137,137,137,137,137,137,137,137,137,137,137,137,2004,16756,
424,137,137,137,137,137,137,137,137,137,137,137,137,137,137,137,137,137,137,47228,158,
425,137,137,137,137,137,137,137,137,137,137,137,137,137,137,137,137,137,137,6240,27725,
426,137,137,137,137,137,137,137,137,137,137,137,137,137,30477,137,137,137,137,22482,4427,
427,137,137,137,137,137,137,137,137,137,137,137,137,137,137,137,137,137,137,42783,14438,
428,137,137,137,137,137,137,20498,137,137,137,137,137,137,137,137,137,137,137,137,15474,
429,137,137,137,137,137,137,137,137,137,137,137,137,137,137,137,137,137,137,36207,137,
430,137,137,137,137,137,137,137,137,137,137,137,137,137,137,137,137,137,137,29032,137,
431,137,137,137,137,137,137,137,137,137,137,137,137,137,137,137,137,137,137,38795,137,
432,137,137,137,137,137,137,137,137,137,137,137,137,137,137,137,137,137,137,29788,41646,
433,137,137,137,137,137,137,137,137,137,137,137,137,137,137,137,137,137,137,9134,11844,
434,137,137,137,137,137,137,137,137,137,137,137,137,137,137,137,137,137,137,12741,3627,
435,137,137,137,137,137,137,137,137,137,137,137,137,137,137,137,137,137,137,137,12385,
436,137,137,137,137,137,137,137,137,137,137,137,137,137,137,137,137,137,137,38540,33976,
437,137,137,137,137,137,137,137,137,137,137,137,137,137,137,137,137,137,137,137,14866,
438,137,137,137,137,137,137,137,137,137,137,137,137,137,137,137,137,137,137,137,137,
439,137,137,137,137,137,137,137,137,137,137,17368,137,137,137,137,137,137,137,34269,137,
440,137,137,137,137,137,137,137,137,137,137,137,137,137,137,137,137,137,137,39449,4564,
441,137,137,137,137,137,137,137,137,137,137,137,137,137,137,137,137,137,6758,14332,6990,
442,137,137,137,137,137,137,137,137,137,137,137,137,137,137,137,137,137,137,45341,7022,
443,137,137,14951,137,137,137,137,137,137,137,137,137,137,137,137,137,137,137,137,22035,
444,137,137,137,137,137,137,137,137,137,137,137,137,137,137,137,137,137,137,21296,24937,
445,137,137,137,137,137,137,137,137,137,137,137,137,137,137,137,137,137,137,41587,137,
446,137,137,137,137,137,137,137,137,137,137,137,137,137,137,137,137,137,137,137,137,
447,137,137,137,137,137,137,137,137,137,137,137,137,137,137,137,137,137,137,11781,7411,
448,137,137,137,137,1173,137,1173,137,137,137,137,137,137,137,137,137,137,137,4650,137,
449,137,137,137,137,137,137,137,137,137,137,137,137,137,137,137,1173,137,137,30838,137,
450,137,137,137,137,137,137,137,137,137,137,137,137,137,137,137,137,137,137,46803,137,
451,137,137,137,137,16337,137,137,137,137,137,137,137,137,137,137,19955,137,137,11712,46790,
452,137,137,137,137,137,137,137,137,137,137,137,137,137,137,137,137,137,137,11391,56745,
453,137,137,137,137,137,137,137,137,137,137,137,137,137,137,137,137,137,137,12133,137,
454,137,137,137,137,137,137,137,137,137,137,137,137,137,137,137,137,137,137,21315,8513,
455,137,137,137,137,137,137,137,137,137,137,137,137,137,137,137,137,137,137,31736,48578,
456,137,137,137,137,137,137,137,137,137,137,137,137,137,137,137,137,137,137,45148,16286,
457,137,137,137,137,137,137,137,137,137,137,137,137,137,137,18418,137,137,137,34178,137,
458,137,137,137,137,137,137,137,137,137,137,137,137,137,137,137,137,137,137,56447,22865,
459,137,137,137,137,137,137,137,137,137,137,137,137,137,137,137,137,137,137,3837,49789,
460,137,137,137,137,137,137,137,137,137,137,137,137,137,137,137,137,137,137,137,14542,
461,137,137,137,137,137,137,137,137,137,137,137,137,137,137,137,137,137,137,6654,22687,
462,137,137,137,137,137,137,137,137,137,137,137,137,137,137,137,137,137,137,137,22272,
463,137,137,8479,137,137,137,137,137,137,137,137,137,137,137,137,137,137,137,50259,47028,
464,137,137,137,137,137,137,137,137,137,137,137,137,137,137,137,12561,21755,137,11122,49236,
465,137,137,137,137,137,137,137,137,137,137,137,137,137,137,137,137,137,137,2658,137,
466,137,137,137,137,137,137,137,137,137,137,137,137,137,137,137,137,137,137,12726,16221,
467,137,137,137,137,137,137,137,137,137,137,137,137,137,16428,137,137,137,137,8535,15345,
468,137,137,137,137,137,137,137,137,137,137,8959,137,137,137,137,137,137,137,137,19509,
469,137,137,137,137,137,137,137,22719,137,137,137,137,137,137,137,137,137,137,34625,9378,
470,137,137,137,137,137,137,137,1841,137,137,137,137,137,137,137,137,137,137,137,48086,
471,137,137,137,137,137,137,137,137,137,137,137,137,137,137,137,137,137,137,38243,137,
472,137,137,137,137,17454,137,137,137,137,137,137,137,137,137,137,137,137,137,20990,30418,
473,137,137,137,137,137,137,137,137,137,137,137,137,137,137,137,137,137,137,1334,137,
474,137,137,137,137,137,137,137,137,137,137,137,137,137,137,137,137,137,137,137,42690,
475,137,137,137,137,137,137,137,137,137,137,137,137,137,22843,137,137,137,137,10501,34542,
476,137,137,137,137,137,137,137,137,137,137,137,137,137,137,137,137,137,137,37345,41743,
477,137,137,137,137,137,137,137,137,137,137,137,137,137,137,137,10182,137,137,46030,42131,
478,137,137,137,137,137,137,137,137,137,137,137,137,137,137,137,18351,137,319,5828,12762,
479,137,137,137,137,137,137,137,137,137,137,137,137,137,137,137,137,137,137,137,25400,
480,137,137,137,137,137,137,137,137,137,137,137,137,137,137,137,137,137,137,30979,2262,
481,137,137,137,137,137,137,137,137,137,137,137,137,137,137,137,137,137,137,137,36463,
482,137,137,137,137,137,137,137,137,137,137,137,137,137,137,137,137,137,137,137,1360,
483,137,137,137,137,137,137,137,137,137,137,137,137,137,137,137,137,137,137,13837,27135,
484,137,137,137,137,137,137,137,137,137,137,137,137,137,137,137,137,137,137,137,137,
485,137,137,137,137,137,137,13185,137,137,137,137,137,137,137,137,137,137,137,25233,18220,
486,137,137,137,137,137,137,137,137,137,137,137,137,137,137,137,137,137,137,137,30103,
487,137,137,137,137,137,137,137,137,137,137,137,137,137,137,137,137,137,137,19154,1665,
488,137,137,137,137,137,137,137,137,137,137,137,137,137,137,137,137,137,137,137,18564,
489,137,137,137,137,137,137,137,137,137,137,137,137,137,137,137,137,137,137,31064,31527,
490,137,137,137,137,137,137,137,137,137,137,137,3564,137,137,137,137,137,137,27125,21846,
491,137,137,137,137,137,137,137,137,137,137,137,137,137,137,137,137,137,137,15289,137,
492,137,137,137,137,137,137,137,137,137,137,137,137,137,137,137,137,137,137,137,22613,
493,137,137,137,137,137,137,137,137,137,137,137,137,137,137,137,137,137,137,45486,20752,
494,137,137,137,137,137,137,137,137,137,137,137,137,137,137,137,137,137,137,41127,20301,
495,137,137,137,137,137,137,137,137,137,137,137,137,137,137,137,137,137,137,34483,28646,
496,137,137,137,137,137,137,137,137,137,137,137,137,137,137,137,137,137,137,137,1950,
497,137,137,137,137,125,137,1950,137,137,137,137,137,137,137,137,137,137,137,137,6819,
498,125,137,137,137,125,137,137,137,137,137,125,137,137,137,137,137,137,137,13214,137,
499,125,125,137,125,137,137,137,137,137,137,137,137,125,125,137,137,137,137,33390,17595,
500,125,125,125,137,125,137,125,125,137,137,137,137,137,125,125,137,137,137,17542,9329,
501,125,125,137,137,125,125,125,125,125,125,125,24382,125,52864,125,125,125,137,21970,125,
502,125,125,125,125,125,125,125,125,125,125,125,125,125,125,137,125,125,125,125,38012,
503,125,125,125,125,125,125,125,125,125,125,125,125,125,125,125,125,125,125,52302,10486,
504,125,125,125,125,125,125,125,125,125,125,125,125,125,125,125,125,125,125,45407,47272,
505,125,125,125,125,125,125,125,125,125,125,125,125,125,125,125,125,125,125,54276,32243,
506,125,125,125,125,125,125,125,125,125,125,125,125,125,125,125,125,125,125,125,46887,
507,125,125,125,125,125,125,125,125,125,125,125,125,125,125,125,125,125,125,52728,125,
508,125,125,125,125,125,125,125,125,125,125,125,125,125,125,125,125,125,125,57260,37004,
509,125,125,125,125,125,125,125,125,125,125,125,125,125,125,125,125,125,125,16813,175,
510,125,125,125,125,125,125,125,125,125,125,125,125,125,125,125,125,125,125,25802,125,
511,125,125,125,125,125,125,125,125,125,125,125,125,125,125,125,125,125,125,125,125,
512,125,125,125,125,125,125,125,125,125,18060,125,125,125,125,125,125,125,125,125,125,
513,125,125,125,125,125,125,125,125,125,125,125,125,125,125,125,125,125,125,125,40377,
514,125,125,125,125,125,125,125,125,125,125,125,125,125,125,125,125,125,125,23044,58602,
515,125,125,125,125,125,125,125,125,125,125,125,125,125,125,125,125,125,125,2443,59622,
516,125,125,125,125,125,125,125,125,125,125,125,125,125,125,125,125,125,125,32538,19436,
517,125,125,125,125,125,125,125,125,125,125,125,125,125,125,125,125,125,125,40265,39826,
518,125,125,125,125,125,125,1921,125,125,125,125,125,125,125,125,125,125,125,48796,125,
519,125,125,125,125,125,125,125,125,125,125,125,125,125,125,125,125,125,125,32247,125,
520,125,125,125,125,125,125,125,125,125,125,125,125,125,125,125,125,125,125,16431,31896,
521,125,125,125,125,125,125,125,125,125,125,125,125,125,125,125,125,125,125,125,42365,
522,125,125,125,125,125,125,125,125,125,125,125,125,125,125,125,125,125,125,34345,125,
523,125,125,125,125,125,125,125,125,125,125,125,125,125,125,125,125,125,125,57384,125,
524,125,125,125,125,125,125,125,125,125,125,125,125,125,125,125,125,125,125,125,125,
525,125,125,125,125,125,125,125,125,125,125,125,125,125,125,125,125,125,125,3948,125,
526,125,125,125,125,125,125,125,125,125,125,125,125,125,125,125,125,125,125,24464,13706,
527,125,125,125,125,125,125,125,125,125,125,125,3522,125,125,125,125,125,125,38824,51935,
528,125,125,125,125,125,125,125,125,125,125,125,125,125,125,125,125,125,125,15133,31706,
529,125,125,125,125,125,125,125,125,125,125,125,125,125,125,125,125,125,125,29023,125,
530,125,125,125,125,125,125,125,125,125,125,125,125,125,125,125,125,125,125,25133,45865,
531,125,125,125,125,125,125,125,125,125,125,125,125,125,125,28780,125,125,125,41392,40408,
532,125,125,125,7783,125,125,125,125,125,125,125,125,125,125,125,125,125,125,125,42857,
533,125,125,125,125,125,125,125,125,125,125,125,125,125,125,24581,125,125,125,125,58357,
534,125,125,125,125,125,125,125,125,125,125,125,125,125,125,125,125,125,125,125,39254,
535,125,125,125,125,125,125,125,125,125,125,125,125,125,125,125,125,125,125,24174,32898,
536,125,125,125,125,125,125,125,125,125,125,125,125,125,125,125,125,125,125,125,34206,
537,125,125,125,125,125,17014,125,125,125,125,125,125,125,16985,125,125,125,125,125,14123,
538,125,125,125,125,125,125,125,125,125,125,125,125,125,125,125,125,125,125,59497,125,
539,125,125,125,125,125,125,125,125,125,125,125,125,125,125,125,125,125,125,60070,32227,
540,125,125,125,125,125,125,125,125,125,125,125,125,125,125,125,125,125,125,125,125,
541,125,125,125,125,125,125,125,125,125,125,125,125,125,125,125,125,125,51596,48121,44353,
542,125,125,125,125,125,125,125,125,125,125,125,125,125,125,125,125,125,125,47683,33296,
543,125,125,125,125,125,125,125,125,125,125,125,125,125,125,125,125,125,125,54013,27073,
544,125,125,125,125,125,125,125,125,125,125,125,125,125,125,125,125,125,21547,45116,39683,
545,125,125,125,125,125,125,125,125,125,125,125,125,125,125,125,125,125,125,27524,125,
546,125,125,125,125,125,125,125,125,125,125,125,125,125,125,125,125,125,125,125,49986,
547,125,125,125,125,125,125,125,125,125,125,125,125,125,125,125,125,125,125,36128,3369,
548,125,125,125,125,125,125,125,125,125,125,10665,125,125,125,125,125,125,125,14208,125,
549,125,125,125,125,125,125,125,125,125,125,125,125,125,125,125,125,125,125,125,31096,
550,125,125,125,125,125,125,125,125,125,125,125,125,125,125,125,125,125,125,48608,46727,
551,125,125,125,125,125,125,125,23828,125,125,125,125,125,125,125,125,125,125,12877,29366,
552,125,125,125,125,125,125,125,125,125,125,125,125,125,125,125,125,125,125,125,12342,
553,125,125,50838,125,125,125,125,125,125,125,125,125,125,125,125,125,125,125,49591,51266,
554,125,125,125,125,125,125,125,125,125,125,125,125,125,125,125,125,125,125,27949,47148,
555,125,125,125,125,125,125,125,125,125,125,125,125,125,125,125,125,125,125,37599,20698,
556,125,125,4130,125,125,125,125,125,125,125,125,125,125,125,125,125,125,125,31549,26079,
557,125,125,125,125,125,125,125,125,125,125,125,125,125,125,125,125,125,125,125,4533,
558,125,125,125,125,125,125,125,125,125,125,125,125,125,125,125,125,125,125,125,62598,
559,125,125,125,125,125,125,125,125,125,125,125,125,125,125,125,125,125,125,28156,59449,
560,125,125,125,125,125,125,125,125,125,125,125,125,125,125,125,125,125,125,125,21375,
561,125,125,125,125,125,125,125,125,125,2435,125,125,125,125,125,125,125,125,3709,45789,
562,125,125,125,125,125,16445,125,125,125,125,125,125,125,16445,125,125,125,125,125,12619,
563,125,125,125,125,125,125,125,125,125,125,125,125,125,125,125,125,125,125,26273,2969,
564,125,125,125,125,125,125,125,125,125,125,125,125,125,125,125,125,125,125,9475,125,
565,125,125,125,125,125,125,125,125,125,125,125,125,125,125,125,125,125,125,125,18407,
566,125,125,125,125,125,125,125,125,125,125,125,125,125,125,125,125,125,125,8121,34962,
567,125,125,125,125,125,125,125,125,125,125,125,125,125,125,125,125,125,125,42151,12610,
568,125,125,125,125,125,125,125,125,125,125,125,125,125,125,125,125,125,125,16215,41128,
569,125,125,125,125,125,125,125,21188,125,125,125,125,125,125,125,125,125,125,125,125,
570,125,125,125,125,125,125,125,125,125,125,125,125,125,125,125,125,125,125,32319,11681,
571,125,125,125,125,125,125,125,125,125,125,125,125,125,125,125,125,125,125,22757,11914,
572,125,125,125,125,125,125,125,125,125,125,125,125,125,125,125,125,125,125,7827,57333,
573,125,125,125,125,125,125,125,125,125,125,125,125,125,125,125,125,27995,125,48283,36216,
574,125,125,125,125,22891,125,125,125,125,125,125,125,125,125,480,125,125,125,125,125,
575,125,125,125,125,125,125,125,125,125,125,125,125,125,125,125,125,125,125,15433,29666,
576,125,125,125,125,125,125,125,125,125,38504,125,125,125,125,125,125,125,125,125,25936,
577,125,125,125,125,125,125,125,125,125,125,125,125,125,125,125,125,125,125,3176,7257,
578,125,125,125,125,125,125,125,125,125,125,125,125,125,125,125,125,125,125,125,125,
579,125,125,125,125,125,125,125,125,125,125,125,125,125,125,125,125,125,125,27283,125,
580,125,125,125,125,125,125,125,125,125,125,125,125,125,125,125,125,125,125,58956,15639,
581,125,125,125,125,125,125,125,125,125,125,125,125,125,125,125,125,125,125,125,12661,
582,125,125,125,125,125,125,125,125,125,125,125,125,125,125,125,125,125,125,33925,125,
583,125,125,125,125,125,125,125,125,125,125,125,125,125,125,125,125,125,125,15790,41370,
584,125,125,125,125,125,125,125,125,125,125,125,125,125,125,125,125,125,125,125,37975,
585,125,125,125,125,125,125,125,125,125,125,2650,125,125,125,125,125,125,125,125,125,
586,125,125,125,125,125,125,125,125,125,125,125,125,125,125,125,125,125,125,125,125,
587,125,125,125,125,125,125,125,125,125,125,125,125,125,125,125,125,125,125,50531,59329,
588,125,125,125,125,125,125,125,125,125,125,125,125,125,125,39070,125,125,125,125,125,
589,125,125,125,125,125,125,125,125,125,125,125,125,125,125,125,125,125,125,60006,125,
590,125,125,125,125,125,125,125,125,125,125,125,125,125,125,125,125,125,125,15252,37183,
591,125,125,125,125,125,125,125,125,125,125,125,125,125,125,125,125,125,125,28053,46830,
592,125,125,125,125,125,125,125,125,125,125,125,125,125,125,125,125,125,125,54593,125,
593,125,125,125,125,125,125,125,125,125,18641,125,125,125,125,125,125,125,125,44081,125,
594,125,125,125,125,125,125,125,125,125,125,125,125,125,125,125,125,125,125,125,16382,
595,125,125,125,125,125,125,125,125,125,125,125,125,125,125,125,125,125,125,10553,125,
596,125,125,125,125,125,125,125,125,125,125,125,125,125,125,125,125,125,125,34505,55709,
597,125,125,125,125,125,125,125,125,125,125,125,125,125,125,125,125,125,125,39871,125,
598,125,125,125,125,125,125,125,125,125,125,125,125,125,125,125,125,125,125,125,46929,
599,125,125,125,125,125,125,125,125,125,125,125,125,125,125,125,125,125,125,3503,52426,
600,125,125,125,125,125,125,125,125,125,125,125,125,125,125,125,125,125,125,61025,58204,
601,125,125,125,125,13938,125,125,125,125,125,13938,125,125,125,125,125,125,125,125,38267,
602,125,125,125,125,125,125,125,125,125,125,125,125,125,125,125,125,125,125,125,12434,
603,125,125,125,125,125,125,125,125,125,125,125,125,125,30563,125,125,125,125,57221,33365,
604,125,125,125,125,125,125,125,22576,125,125,125,125,125,125,125,125,125,125,13160,41774,
605,125,125,125,125,125,125,125,125,125,125,125,125,125,125,125,125,125,125,36304,125,
606,125,125,125,125,125,125,125,125,125,125,125,125,125,125,125,125,125,125,33347,10861,
607,125,125,125,125,125,125,125,10543,125,125,125,125,125,125,125,125,125,125,15446,46416,
608,125,125,125,125,125,125,125,125,125,125,125,125,1508,125,125,125,125,125,53274,60677,
609,125,125,125,125,125,125,125,125,125,125,125,125,125,125,125,125,125,125,19586,28275,
610,125,125,41357,125,125,125,125,125,125,125,125,125,125,125,125,125,125,125,125,125,
611,125,125,125,125,125,125,125,125,125,125,125,125,125,11023,125,125,125,125,42250,55005,
612,125,125,125,125,125,125,125,125,125,125,125,125,125,125,125,125,125,125,15104,26195,
613,125,125,125,125,125,125,125,125,125,125,125,125,125,125,125,125,125,1447,125,34488,
614,125,125,125,125,125,125,125,125,125,125,125,125,125,125,125,125,125,125,125,125,
615,125,125,125,125,125,125,125,125,125,125,125,125,125,125,125,125,125,125,48564,29745,
616,125,125,125,125,125,125,125,125,125,125,125,125,125,125,125,125,125,125,27272,19009,
617,125,125,125,125,125,125,125,125,125,125,125,6984,125,125,125,125,125,125,125,22180,
618,125,125,125,125,6984,125,125,125,125,125,125,125,125,125,125,125,125,125,125,6190,
619,125,125,125,125,125,125,125,125,125,319,125,125,125,125,125,125,125,125,34143,28066,
620,125,125,125,125,125,125,125,125,125,125,9386,125,125,125,125,125,125,9386,14803,17368,
621,125,125,125,125,125,125,125,125,125,125,125,125,125,125,125,125,125,125,42198,46195,
622,125,125,125,125,125,125,125,125,125,125,125,125,125,125,125,125,125,125,31177,35823,
623,125,125,125,125,125,125,125,125,125,125,125,125,125,125,125,125,125,125,42643,125,
624,125,125,125,125,125,125,125,125,125,125,125,125,125,125,125,125,125,125,22528,125,
625,125,125,125,125,125,125,125,125,125,125,125,125,125,125,125,125,125,125,36608,48655,
626,125,125,125,125,54875,125,125,125,125,125,125,125,125,125,125,125,125,125,40188,23573,
627,125,125,125,125,125,8810,1378,125,125,125,12476,125,125,125,125,8810,125,125,50135,35371,
628,125,125,125,125,125,125,125,125,125,125,125,125,125,125,125,125,125,125,22545,125,
629,125,125,125,125,125,125,125,125,125,125,43680,125,125,125,125,125,125,125,38859,54413,
630,125,125,125,125,125,125,125,125,125,125,125,125,125,125,125,125,125,125,30788,125,
631,125,125,125,125,125,125,125,125,125,125,125,125,125,125,125,125,125,125,14299,49363,
632,125,125,125,24015,125,49225,125,125,125,125,125,125,125,125,125,125,125,125,47007,125,
633,125,125,125,125,125,125,125,125,125,125,125,125,125,125,125,125,125,125,37288,125,
634,125,125,125,125,125,125,125,125,17668,125,125,125,125,125,125,125,125,125,43275,54317,
635,125,125,125,125,125,125,125,125,125,125,125,125,125,125,125,125,125,2056,125,125,
636,125,125,125,125,125,125,125,125,125,125,125,125,125,125,125,125,125,125,49715,46424,
637,125,125,125,125,125,125,125,125,125,125,125,125,125,125,125,125,125,125,125,125,
638,125,125,125,125,125,125,125,125,125,125,125,125,125,125,125,125,125,125,125,125,
639,125,125,125,125,125,125,125,125,125,125,125,125,125,125,125,125,125,125,35658,48788,
640,125,125,125,125,125,49484,125,125,125,125,125,125,125,125,125,125,125,125,51427,18857,
641,125,125,125,125,125,125,125,125,125,125,13773,13773,125,125,125,125,49484,125,125,125,
642,125,125,125,125,125,125,125,125,125,125,125,125,125,125,125,125,125,125,32609,125,
643,125,125,125,125,125,125,125,125,125,125,125,125,125,125,125,125,125,125,43364,59921,
644,125,125,125,125,125,125,125,125,125,125,125,125,125,125,125,125,125,125,16973,21619,
645,125,125,125,125,125,125,125,125,125,125,125,125,125,125,125,125,125,125,38292,28370,
646,125,125,125,125,125,125,125,125,125,125,125,125,125,125,125,125,125,125,1253,30615,
647,125,125,125,125,125,125,125,125,125,125,125,125,125,125,125,125,125,125,36164,12450,
648,125,125,125,125,125,125,125,125,125,125,125,125,125,125,125,125,125,125,8923,53650,
649,125,125,125,125,125,125,125,125,125,125,125,125,125,125,125,125,125,125,12089,125,
650,125,125,125,125,33960,125,125,125,125,125,125,125,125,125,125,125,125,125,125,33499,
651,125,125,125,125,125,125,125,125,125,125,125,125,125,125,125,125,125,125,36490,49904,
652,125,125,125,125,125,125,125,125,125,12872,125,125,125,125,125,125,125,125,30165,25464,
653,125,125,125,125,125,125,125,125,125,125,125,125,125,125,125,125,125,12177,12877,125,
654,125,125,125,125,125,125,125,125,125,125,125,125,125,125,125,125,125,125,125,21852,
655,125,125,125,125,125,125,12604,125,125,125,125,125,125,125,125,125,125,125,18310,125,
656,125,125,125,125,125,125,125,125,125,125,125,125,125,125,125,125,125,42067,58288,7580,
657,125,125,125,125,125,125,125,125,125,125,125,125,125,125,125,125,125,125,125,125,
658,125,125,125,125,125,125,125,125,125,125,125,125,125,125,125,125,125,125,125,125,
659,125,125,125,125,125,125,125,125,125,125,125,125,125,125,125,125,125,125,5493,37452,
660,125,125,125,125,125,125,125,125,125,125,125,125,125,125,125,125,125,125,46969,32058,
661,125,125,125,125,125,125,125,125,125,125,125,38532,125,125,125,125,125,125,17020,125,
662,125,125,125,125,125,125,125,125,125,125,125,125,125,125,125,125,125,125,56186,125,
663,125,125,125,125,125,125,125,125,125,125,125,125,125,125,125,125,125,125,125,25003,
664,125,125,125,125,125,125,125,125,125,125,125,125,125,125,125,125,125,25577,16695,125,
665,125,125,125,125,125,125,125,125,125,125,125,125,125,125,125,125,125,125,125,49725,
666,125,125,125,125,125,125,125,125,125,125,125,125,125,125,27812,125,125,125,15343,57109,
667,125,125,125,125,125,125,125,125,125,125,125,125,125,125,125,125,125,125,17035,125,
668,125,125,125,125,125,125,125,125,125,125,125,125,125,125,125,125,125,125,125,50387,
669,125,125,125,125,125,125,125,125,125,125,125,125,125,125,125,125,125,125,5725,125,
670,125,125,125,125,125,125,125,125,125,125,125,125,125,125,125,125,125,125,57733,33610,
671,125,125,125,125,125,125,125,125,125,125,125,125,125,125,125,125,125,125,125,16878,
672,125,125,125,125,125,125,125,125,125,125,125,125,125,125,125,125,125,125,125,32131,
673,125,125,125,125,125,125,125,125,125,125,125,125,125,125,125,125,125,125,125,37366,
674,125,125,125,125,125,125,125,125,125,125,125,125,125,125,125,125,125,125,33122,48232,
675,125,125,125,125,125,125,125,125,125,125,125,125,125,125,125,125,125,125,46902,27034,
676,125,125,125,125,125,125,125,125,125,125,125,125,125,125,125,125,125,125,125,48944,
677,125,125,125,125,125,125,125,125,125,125,125,125,125,125,125,125,125,125,49113,23218,
678,125,125,125,125,125,125,125,125,125,125,125,125,125,125,125,125,125,125,125,125,
679,125,125,125,125,23464,125,125,125,125,125,125,125,125,125,125,125,125,125,125,50009,
680,125,125,125,125,125,125,125,125,125,125,125,125,125,125,125,125,125,125,125,3172,
681,125,125,125,125,125,125,125,125,125,125,125,125,125,125,125,125,125,125,31120,7813,
682,125,125,125,125,125,125,125,125,125,125,125,125,125,125,125,125,125,125,38876,125,
683,125,125,125,125,125,125,125,125,125,125,125,125,125,32840,125,125,125,125,32365,125,
684,125,125,125,125,125,125,125,125,125,125,125,125,125,125,125,125,125,125,45404,34726,
685,125,125,125,125,125,125,125,125,125,125,125,125,125,125,125,125,125,125,125,47127,
686,125,125,125,125,125,125,125,125,125,125,125,125,125,125,125,25718,125,125,125,28868,
687,125,125,125,125,125,125,125,125,125,125,125,125,125,125,125,125,125,125,45236,11293,
688,125,125,125,125,125,125,125,125,125,125,125,125,125,125,125,125,125,125,58045,6258,
689,125,125,12246,125,125,125,125,125,125,125,125,125,125,125,125,125,125,17641,58183,29521,
690,125,125,125,125,125,125,125,125,125,125,125,125,125,125,125,125,125,125,125,125,
691,125,125,18397,125,125,125,125,125,125,125,125,125,125,125,125,125,125,125,125,46938,
692,125,125,125,125,125,125,125,125,125,125,125,18397,125,125,125,125,18397,125,47912,10668,
693,125,125,125,125,125,125,125,125,125,125,125,125,125,125,125,125,125,125,14090,60030,
694,125,125,125,125,125,125,125,125,125,125,125,125,125,125,125,125,125,125,16827,35966,
695,125,125,125,125,125,125,125,125,125,125,125,125,125,125,125,125,125,125,125,36828,
696,125,125,125,125,125,125,125,125,125,125,125,125,125,125,4498,125,125,125,44523,28967,
697,125,125,125,125,125,125,125,125,125,125,125,125,125,125,125,125,125,125,49735,10643,
698,125,125,125,125,125,125,125,125,125,125,125,125,125,125,125,125,125,125,125,125,
699,125,125,125,125,125,125,125,21874,125,125,125,125,125,125,125,125,125,125,38316,39084,
700,125,125,125,125,125,125,125,125,125,125,125,125,125,125,125,125,125,125,56681,40307,
701,125,125,125,125,125,125,125,125,125,125,125,125,125,125,39090,125,125,125,125,42192,
702,125,125,125,125,125,125,125,125,125,125,125,125,125,125,125,125,125,125,44943,125,
703,125,125,125,125,125,125,125,125,125,125,125,125,125,125,125,125,125,125,125,19069,
704,125,125,125,125,125,125,125,125,125,125,125,125,125,125,125,125,125,125,125,38337,
705,125,125,125,125,125,125,125,125,125,125,125,125,125,125,125,125,125,125,28380,125,
706,125,125,125,125,125,125,125,125,125,125,125,125,125,125,125,125,125,125,125,37908,
707,125,125,125,125,125,125,125,125,125,125,125,125,125,125,125,125,125,125,48214,19104,
708,125,125,125,125,125,125,125,125,125,125,125,125,125,125,125,125,125,125,33795,125,
709,125,125,125,125,125,125,125,125,125,125,125,125,125,125,125,125,125,125,25518,10527,
710,125,125,125,125,125,125,125,125,125,125,125,125,125,1300,125,125,125,125,48250,24175,
711,125,125,125,125,125,125,125,125,125,125,125,125,125,125,125,125,125,125,24854,41999,
712,125,125,125,125,125,125,125,125,125,125,125,125,125,125,25880,125,125,125,125,43487,
713,125,125,125,125,125,125,125,125,125,125,125,125,125,125,125,125,125,125,12726,52825,
714,125,125,125,125,125,125,125,125,125,125,125,125,125,125,125,125,125,125,55967,125,
715,125,125,125,125,125,125,125,125,125,125,125,125,125,125,125,125,125,125,42826,756,
716,125,125,125,125,125,125,125,125,125,125,125,125,125,125,125,125,125,125,28090,125,
717,125,125,125,125,125,125,125,125,125,125,125,125,125,125,125,125,12715,125,26653,48742,
718,125,125,125,125,125,125,125,9178,125,125,125,125,125,125,125,125,125,125,57811,43653,
719,125,125,125,125,125,125,125,125,125,125,125,125,125,125,125,125,125,125,125,46961,
720,125,125,125,125,125,125,125,125,125,125,125,125,125,125,125,125,125,125,47860,42803,
721,125,125,125,125,125,125,125,125,125,125,125,125,125,125,125,125,125,125,125,14824,
722,125,125,125,125,125,125,125,125,125,125,125,125,125,125,125,125,125,125,18562,49160,
723,125,125,125,125,125,125,125,125,125,125,125,125,125,125,125,125,125,125,35725,19866,
724,125,125,125,125,125,125,125,125,125,125,125,125,125,125,125,125,125,125,22779,33185,
725,125,125,125,125,125,125,125,125,125,125,125,125,125,21586,125,125,125,125,125,19674,
726,125,125,125,125,125,125,125,125,125,125,125,125,125,125,125,125,125,125,49373,125,
727,125,125,14628,125,125,125,125,125,125,125,125,125,125,125,125,41713,125,19162,125,125,
728,125,125,125,7561,125,125,125,125,125,125,125,125,125,125,125,125,125,125,36832,52508,
729,125,125,125,125,125,125,125,125,125,125,125,125,125,125,125,125,125,125,24356,23907,
730,125,125,125,125,125,125,125,125,125,125,125,125,125,125,125,125,125,125,125,125,
731,125,125,125,125,125,125,125,125,125,125,125,125,125,125,125,125,125,125,42923,52566,
732,125,125,125,125,125,125,125,125,125,125,125,125,125,125,125,125,125,125,40662,125,
733,125,125,125,125,125,125,125,125,125,125,125,125,125,125,125,125,125,125,16777,29801,
734,125,125,125,125,125,125,3552,125,1208,125,125,125,125,125,125,3552,125,125,28521,13210,
735,125,125,125,125,125,125,125,125,125,125,125,125,125,125,125,9339,125,125,3001,50874,
736,125,125,125,125,125,125,125,125,125,125,125,125,125,125,125,125,125,125,11734,17256,
737,125,125,125,125,125,125,125,125,125,125,13775,125,125,125,125,125,125,125,125,48507,
738,125,125,125,125,125,125,125,125,125,125,125,125,125,125,125,125,125,125,13217,42687,
739,125,125,125,125,125,125,125,125,125,125,125,125,125,125,125,125,125,125,39675,125,
740,125,125,125,125,125,125,125,125,125,125,125,125,125,125,125,125,125,125,59758,125,
741,125,125,14368,125,125,125,125,125,125,125,125,125,125,125,125,125,125,125,37031,46777,
742,125,125,125,125,125,125,125,125,125,125,125,125,125,125,125,125,125,125,43686,125,
743,125,125,125,125,125,125,125,125,125,125,125,125,125,125,125,125,125,125,19207,24288,
744,125,125,125,125,125,125,125,3044,125,125,125,125,125,730,125,730,125,125,41607,125,
745,125,125,125,125,125,7736,125,125,125,125,125,125,125,125,125,125,125,125,59157,44842,
746,125,125,125,125,125,125,125,125,125,27558,125,125,125,125,125,125,125,125,48916,125,
747,125,125,125,125,125,125,125,125,125,125,125,125,125,125,125,125,125,125,17049,16142,
748,125,125,125,125,125,125,125,125,125,125,125,125,125,125,125,125,125,125,125,45308,
749,125,125,125,125,125,125,125,125,125,125,125,125,125,125,125,125,125,125,125,56515,
750,125,125,125,125,125,125,125,125,125,125,14082,125,125,125,125,4183,125,125,25049,125,
751,125,125,7719,125,125,125,125,125,125,125,125,125,125,125,125,125,125,125,48195,125,
752,125,125,125,125,125,125,125,125,125,125,125,125,125,125,125,125,125,125,125,42318,
753,125,125,125,125,125,125,125,125,125,125,125,125,125,125,125,125,125,125,11991,32924,
754,125,125,125,125,125,125,125,125,125,125,125,125,125,125,125,125,125,125,46961,27686,
755,125,125,125,125,125,125,125,125,125,125,125,125,125,125,125,14520,2713,125,125,19231,
756,125,125,125,125,125,125,125,125,125,125,125,125,125,125,125,125,125,125,125,31858,
757,125,125,125,125,125,125,125,125,125,125,125,125,125,125,125,125,125,125,125,125,
758,125,125,125,125,125,125,125,125,125,125,125,125,125,125,125,125,47667,125,49038,60820,
759,125,125,125,125,125,125,125,125,125,125,125,125,125,125,125,125,125,125,125,47422,
760,125,125,125,125,125,125,125,125,125,125,125,125,125,125,125,125,125,125,46990,125,
761,125,125,125,125,125,125,125,125,125,125,125,125,125,125,125,125,125,125,11468,17290,
762,125,125,125,125,125,125,125,125,125,125,125,125,125,125,125,125,125,125,45534,10327,
763,125,125,125,125,125,125,125,125,125,125,125,125,125,125,125,125,125,125,125,51969,
764,125,125,125,125,125,125,125,125,125,125,125,125,125,125,125,125,125,125,45701,29892,
765,125,125,125,125,125,125,125,125,125,125,125,125,125,125,125,125,125,125,125,125,
766,125,125,125,125,125,125,125,125,125,125,125,125,125,125,125,125,125,125,22356,125,
767,125,125,125,125,125,125,125,125,125,125,125,125,125,125,125,125,125,125,53911,20308,
768,125,125,125,125,125,125,125,125,125,125,125,125,125,125,125,125,125,125,5111,39550,
769,125,125,125,125,125,125,125,125,125,125,125,125,125,125,125,125,125,125,25079,32247,
770,125,125,125,125,125,125,125,125,125,125,125,125,125,125,125,125,125,125,125,48057,
771,125,125,125,125,125,125,125,125,125,125,125,125,125,125,125,125,125,125,125,50121,
772,125,125,125,125,125,125,125,125,125,125,125,125,125,125,125,125,125,125,47662,36700,
773,125,125,125,125,125,125,125,125,125,125,125,125,125,125,125,125,125,125,58664,10768,
774,125,125,125,125,125,125,125,125,125,125,125,125,125,125,125,125,125,125,18664,49906,
775,125,125,125,125,125,125,125,125,125,125,125,125,125,125,125,125,125,125,125,30048,
776,125,125,125,125,125,125,125,125,125,125,125,125,125,125,125,125,125,125,32353,30935,
777,125,125,125,125,125,125,125,125,125,125,125,125,125,125,125,125,125,125,11343,10248,
778,125,125,125,125,125,125,125,125,125,125,125,125,125,125,125,125,125,125,7291,29878,
779,125,125,125,125,125,125,125,125,125,125,125,125,125,125,125,125,125,125,50446,3141,
780,125,125,125,125,125,125,11957,125,125,125,125,125,125,125,125,125,125,125,42832,44794,
781,125,125,125,125,125,125,125,125,125,125,125,125,125,125,125,125,125,125,46987,125,
782,125,125,125,125,125,125,125,125,125,125,125,125,125,125,125,125,125,125,14579,49311,
783,125,125,125,125,125,125,125,125,125,125,125,125,125,125,125,125,125,125,14063,26064,
784,125,125,125,125,125,125,125,125,10456,125,125,2781,125,125,125,19677,125,125,125,30042,
785,125,125,125,125,125,125,38281,125,125,125,125,125,125,125,8900,125,125,125,125,40069,
786,125,125,125,125,125,125,125,125,125,125,125,125,125,125,125,125,125,125,51899,2251,
787,125,125,125,125,125,125,125,125,125,125,125,125,125,125,125,125,125,125,125,48186,
788,125,125,125,125,125,125,125,125,125,125,125,125,125,125,125,125,125,125,125,50979,
789,125,125,125,125,125,2708,125,125,125,125,125,125,125,125,125,125,125,125,55514,125,
790,125,125,125,125,125,125,125,125,125,125,125,125,125,125,125,125,125,125,50673,49440,
791,125,125,125,125,125,125,125,125,125,125,125,24940,125,125,125,125,125,125,48795,125,
792,125,125,125,125,125,125,125,125,125,125,125,125,125,125,125,125,125,125,125,9427,
793,125,125,125,125,125,125,125,125,125,125,125,125,125,125,125,125,125,125,36329,125,
794,125,125,125,125,125,125,125,125,36254,125,125,125,125,125,125,125,125,125,29520,15531,
795,125,125,125,125,125,125,125,125,125,125,125,125,125,125,125,125,125,125,45242,15383,
796,125,125,125,125,125,125,125,125,125,125,125,125,125,125,125,125,125,125,125,33718,
797,125,125,125,125,125,125,125,125,125,125,125,125,125,1352,125,125,125,125,49041,52480,
798,125,125,125,125,125,125,125,125,125,125,125,125,125,125,125,18706,125,125,175,28622,
799,125,125,125,125,125,125,125,125,125,125,125,125,125,125,125,125,125,125,125,125,
800,125,125,125,125,125,125,125,125,125,125,125,125,125,125,125,125,125,125,58981,125,
801,125,125,125,125,125,125,125,125,125,125,125,125,125,125,125,125,125,125,125,125,
802,125,125,125,125,125,125,125,125,125,125,125,125,125,125,125,125,125,125,34661,59955,
803,125,125,125,125,125,125,125,125,125,125,125,125,125,125,125,125,125,125,5860,48431,
804,125,125,125,125,125,125,125,125,125,125,125,125,125,125,125,125,125,125,39813,18622,
805,125,125,125,125,125,125,125,125,125,125,125,8332,125,125,125,125,125,125,17844,24005,
806,125,125,125,125,125,125,125,125,125,125,125,125,125,125,125,125,125,125,51015,125,
807,125,125,125,125,125,125,125,125,125,125,125,125,125,125,125,125,125,125,39181,46126,
808,125,125,125,125,125,125,125,125,125,125,125,125,125,125,125,125,53634,125,53040,35312,
809,125,125,560,125,125,125,125,125,1078,125,125,125,125,125,125,125,125,125,6714,18793,
810,125,125,125,125,125,125,125,125,125,125,125,125,125,125,125,125,125,125,28685,125,
811,125,125,125,125,125,125,125,125,125,125,125,125,125,11538,125,13348,125,125,7655,57098,
812,125,125,125,125,125,125,125,125,125,125,125,125,125,41175,125,125,125,125,30304,125,
813,125,125,125,125,125,125,125,125,43042,125,125,2061,125,125,125,125,125,125,61490,55664,
814,125,125,125,125,125,125,125,125,125,125,125,125,125,125,125,125,125,125,42535,125,
815,125,125,125,125,125,125,125,125,125,125,125,125,125,125,125,125,125,125,39266,125,
816,125,125,125,125,125,10391,125,125,125,125,125,125,125,125,125,125,125,125,48886,13662,
817,125,125,125,45269,125,125,125,125,125,125,125,125,125,125,125,125,125,125,125,39528,
818,125,125,17683,125,125,125,125,125,125,125,125,125,125,125,125,125,125,125,58071,125,
819,125,125,125,125,125,125,125,125,125,125,125,125,125,125,125,125,125,125,125,22191,
820,125,125,125,125,125,125,125,125,125,125,125,125,125,125,125,125,125,125,125,125,
821,125,125,125,125,125,125,125,125,125,125,125,125,125,125,125,125,125,125,37488,49371,
822,125,125,16492,125,125,3479,125,125,33039,125,125,125,125,125,125,125,125,125,125,125,
823,125,125,125,125,125,125,125,125,125,125,125,125,125,125,125,125,125,125,58650,42348,
824,125,125,125,125,125,125,125,125,125,125,125,125,125,125,125,125,125,125,125,125,
825,125,125,125,125,125,125,125,125,125,125,125,125,125,125,125,125,125,125,26079,37789,
826,125,125,125,125,125,125,125,17583,125,125,125,125,125,125,125,125,125,125,21226,40374,
827,125,125,125,125,125,125,125,125,125,125,125,125,125,125,125,125,125,125,49515,27805,
828,125,125,125,125,125,125,125,125,125,125,125,125,125,125,125,125,125,125,125,125,
829,125,125,125,125,125,125,5429,125,125,125,125,125,125,125,125,125,125,125,12997,42411,
830,125,125,125,125,33052,125,125,125,125,125,125,125,125,125,125,125,125,125,125,54617,
831,125,125,18394,125,125,125,125,125,125,125,125,125,125,125,125,125,125,125,41841,125,
832,125,125,125,125,125,125,125,125,125,125,125,125,125,125,125,125,125,125,14918,125,
833,125,125,125,125,125,125,125,125,125,125,125,125,125,125,125,125,125,125,125,125,
834,125,125,125,125,125,125,125,125,125,125,125,125,125,125,125,125,125,125,59989,35985,
835,125,125,125,125,125,125,125,125,125,125,125,125,125,125,125,10509,125,125,37004,16608,
836,125,125,125,125,125,125,125,125,125,125,125,125,125,125,125,125,125,125,125,11746,
837,125,125,125,125,125,125,125,125,125,125,125,125,125,125,125,125,125,125,13167,37643,
838,125,125,125,125,125,125,125,3868,125,125,125,125,125,125,125,125,125,125,56473,125,
839,125,125,125,125,125,125,125,125,125,125,125,125,125,125,125,125,125,125,30557,37749,
840,125,125,125,125,125,125,125,125,125,125,125,125,125,125,125,125,125,125,24218,45346,
841,125,125,125,11597,125,125,125,125,125,125,125,125,125,125,125,125,125,125,125,28560,
842,125,125,125,125,125,125,125,125,125,125,125,125,125,125,125,125,125,125,125,12437,
843,125,125,125,125,125,125,125,125,125,125,125,125,125,125,125,125,125,125,8873,42974,
844,125,125,125,125,125,125,125,125,125,125,125,125,125,125,125,125,125,125,54293,9414,
845,125,125,125,125,125,125,125,125,125,125,125,125,125,125,125,125,125,125,125,15598,
846,125,125,125,125,125,125,125,125,125,125,125,12529,125,125,125,125,125,125,37083,22773,
847,125,125,125,6673,125,6673,125,6673,125,125,125,125,125,125,125,125,125,125,57536,43780,
848,125,125,125,125,125,125,125,125,125,125,125,125,125,125,125,125,125,125,49738,49529,
849,125,125,125,125,125,125,125,125,125,125,125,125,125,125,125,125,125,125,47696,125,
850,125,125,125,125,125,125,125,125,125,125,125,125,125,125,125,125,125,125,125,46223,
851,125,125,125,125,125,125,125,125,125,125,125,125,125,125,125,125,125,125,15202,11387,
852,125,125,125,125,125,125,125,125,125,125,125,125,125,125,125,125,125,125,55708,45789,
853,125,125,125,125,125,125,125,125,125,125,125,125,125,20460,125,125,125,125,27827,125,
854,125,125,125,125,125,125,125,125,125,125,125,125,125,125,125,125,125,125,11558,125,
855,125,125,125,125,125,125,125,125,125,125,125,125,39593,125,125,125,125,125,125,125,
856,125,125,125,125,125,125,125,125,125,125,125,125,125,125,125,125,125,125,125,125,
857,125,125,125,125,125,125,125,125,125,125,125,125,125,125,125,125,125,125,9177,125,
858,125,125,125,125,125,125,125,125,125,125,125,125,125,125,125,125,125,125,3230,4755,
859,125,125,125,125,125,125,125,125,125,125,125,125,125,125,125,125,125,125,6597,50004,
860,125,125,125,125,125,125,125,125,125,125,125,125,125,125,125,125,125,125,20432,125,
861,125,125,125,125,125,125,125,125,125,125,125,125,31351,125,125,125,125,125,10976,51282,
862,125,125,125,125,125,125,125,125,125,13701,125,125,125,125,125,125,125,125,44907,15876,
863,125,125,125,125,125,125,125,125,125,125,125,125,125,125,125,125,125,125,28361,5818,
864,125,125,125,125,125,125,125,125,125,125,125,125,125,125,125,125,125,125,125,31884,
865,125,125,125,125,125,125,125,125,125,125,125,125,125,125,125,125,125,125,11239,125,
866,125,125,125,125,125,125,125,125,125,125,125,125,125,125,125,125,125,125,41265,125,
867,125,125,125,125,125,125,125,125,125,125,125,125,125,125,125,125,125,125,5971,125,
868,125,125,125,125,125,125,125,125,125,125,125,125,125,125,125,125,125,125,125,18524,
869,125,125,125,125,125,125,125,125,125,125,125,125,125,125,125,125,125,125,22630,125,
870,125,125,125,125,125,125,125,125,125,125,125,125,125,125,125,125,125,125,49680,125,
871,125,125,125,125,125,125,125,125,125,125,125,125,125,125,125,125,125,125,125,26006,
872,125,125,125,125,125,125,125,125,125,125,125,1757,125,125,125,125,125,125,2265,30063,
873,125,125,125,125,125,125,125,125,125,125,125,125,125,125,125,125,125,125,46035,17822,
874,125,125,125,10383,125,125,125,125,125,125,125,125,125,125,125,125,125,125,50084,37151,
875,125,125,125,34012,125,125,125,125,125,125,125,125,125,125,125,125,125,125,27020,20090,
876,125,125,125,125,125,125,125,125,125,125,125,125,125,125,125,125,125,125,125,31703,
877,125,125,125,125,125,125,125,125,125,125,125,125,125,125,125,125,125,125,57127,125,
878,125,125,125,125,125,125,125,125,125,125,125,125,125,125,125,125,125,125,125,12975,
879,125,125,125,125,125,125,125,125,125,125,125,125,125,125,125,125,125,125,15384,28836,
880,125,125,125,125,125,125,125,125,125,125,125,125,125,125,125,125,125,125,30341,27497,
881,125,125,125,125,125,125,125,125,125,125,125,125,125,125,125,125,125,125,22903,44744,
882,125,125,125,125,125,125,125,125,125,125,125,125,125,125,125,125,125,125,30553,12393,
883,125,125,125,125,125,125,29568,125,125,125,125,125,125,125,125,125,125,125,125,125,
884,125,125,125,125,125,125,125,125,125,125,125,125,125,125,125,125,125,125,55427,125,
885,125,125,125,125,125,125,125,125,125,125,125,125,125,125,125,125,125,125,27875,1448,
886,125,125,125,125,125,125,125,125,125,125,125,125,125,125,125,125,125,125,26441,55672,
887,125,125,125,125,125,125,125,125,125,125,125,125,125,125,125,125,125,125,3771,24106,
888,125,125,125,125,125,125,125,125,125,125,125,125,125,125,125,125,125,125,125,125,
889,125,125,125,125,125,125,125,125,125,125,125,125,125,125,125,125,125,125,125,36729,
890,125,125,125,125,125,125,125,125,125,125,125,125,125,125,125,125,125,125,125,34884,
891,125,125,125,125,125,125,125,125,125,125,125,125,125,125,125,125,125,125,125,32017,
892,125,125,125,125,125,125,125,125,125,125,125,125,125,125,125,125,125,125,17412,320,
893,125,125,125,125,125,125,125,125,125,125,125,125,125,125,125,125,125,125,42540,125,
894,125,125,125,125,125,125,19220,125,125,125,125,125,125,125,125,125,125,125,125,52212,
895,125,125,125,125,125,125,125,125,125,20588,125,26978,125,125,125,125,125,125,22499,125,
896,125,125,125,125,125,125,125,125,125,125,125,125,125,125,125,125,125,125,125,53794,
897,125,125,125,125,125,125,125,125,125,125,125,125,125,125,125,125,125,125,125,125,
898,125,125,125,125,125,125,125,125,125,125,125,125,125,125,125,125,125,125,15816,125,
899,125,125,125,125,125,125,125,125,125,125,125,125,125,125,125,125,125,125,125,41385,
900,125,125,125,125,125,125,125,125,125,125,125,125,125,125,125,125,125,125,29403,17811,
901,125,125,125,125,125,125,125,12274,125,125,125,125,125,125,125,125,125,125,11047,1384,
902,125,125,125,125,125,125,125,125,1384,125,125,125,125,125,125,125,125,125,125,18495,
903,125,125,125,125,125,125,125,125,125,125,125,125,125,125,125,125,125,125,41871,28588,
904,125,125,125,125,125,125,125,125,125,125,125,125,125,125,125,125,125,125,125,125,
905,125,125,125,125,125,125,125,125,125,125,125,125,125,125,125,125,125,125,22234,51006,
906,125,125,125,125,125,125,125,125,125,125,125,125,125,125,125,125,125,125,492,34381,
907,125,125,125,125,125,125,125,125,125,125,33508,125,125,125,125,125,125,125,125,29134,
908,125,125,125,125,125,125,125,125,125,125,25105,125,125,125,125,125,125,125,51538,56316,
909,125,125,125,125,125,125,125,125,125,125,125,125,125,125,125,125,125,125,125,34969,
910,125,125,125,125,125,125,125,125,125,125,125,125,125,125,125,125,125,125,125,31171,
911,125,125,125,125,125,125,125,125,125,125,125,125,125,125,125,125,125,125,125,125,
912,125,125,125,125,125,125,125,125,125,14172,125,125,24562,125,125,125,125,125,125,42864,
913,125,125,125,125,125,125,125,125,125,125,125,125,125,125,125,125,125,125,58989,22831,
914,125,125,125,125,125,16255,125,125,125,125,125,125,125,125,125,125,125,125,125,125,
915,125,125,125,125,125,125,125,125,125,125,125,125,125,125,125,125,125,125,50311,57413,
916,125,125,30619,125,125,125,125,125,125,125,125,125,125,125,125,125,125,125,21419,33962,
917,125,125,125,125,125,125,125,125,125,125,125,125,125,125,125,125,125,125,56917,6448,
918,125,125,125,125,125,125,125,125,125,125,125,125,125,125,125,125,125,125,25772,125,
919,125,125,125,125,125,125,125,125,125,125,125,125,125,125,125,125,125,125,125,125,
920,125,125,125,125,125,125,125,125,125,125,125,125,125,125,125,125,125,125,24749,125,
921,125,125,125,125,125,125,125,125,125,125,125,125,125,125,125,125,125,125,125,42003,
922,125,125,125,125,125,125,125,125,125,125,125,125,125,125,125,125,125,125,42903,27196,
923,125,125,125,125,125,125,125,125,125,125,125,125,125,125,125,125,125,125,59503,125,
924,125,125,125,125,125,125,125,125,125,125,125,125,125,125,125,125,125,125,25423,35880,
925,125,125,125,125,125,125,125,125,125,125,125,125,125,125,125,125,125,125,628,125,
926,125,125,125,125,125,125,125,125,125,125,125,125,125,125,125,125,125,125,37153,125,
927,125,125,125,125,125,125,125,125,125,125,125,125,125,125,125,125,125,125,37566,29630,
928,125,125,125,125,125,125,125,125,125,125,125,125,125,125,125,125,125,125,48981,125,
929,125,125,125,125,125,125,125,125,125,125,125,125,125,125,125,125,125,125,125,125,
930,125,125,125,125,125,125,125,125,125,125,125,125,125,125,125,125,125,125,125,27140,
931,125,125,125,125,125,125,125,125,125,125,125,125,125,125,125,125,125,125,125,16187,
932,125,125,125,125,125,125,125,125,125,125,125,125,125,125,125,125,125,125,16094,36923,
933,125,125,125,125,125,125,125,125,125,125,125,125,125,125,125,125,125,125,125,18946,
934,125,125,125,125,125,125,125,125,125,125,125,125,125,125,125,125,125,125,13834,125,
935,125,125,125,125,125,125,125,125,125,125,125,125,125,125,125,125,125,125,41448,14300,
936,125,125,125,125,125,125,125,125,125,125,125,125,125,125,125,125,125,125,49132,21616,
937,125,125,125,125,125,125,125,125,125,125,125,125,125,125,125,125,125,125,125,58406,
938,125,125,125,125,125,125,125,125,125,125,125,125,125,125,125,125,125,125,125,125,
939,125,125,125,125,125,125,125,125,125,125,125,125,125,125,125,125,125,125,125,18329,
940,125,125,125,125,125,125,125,125,125,125,125,125,125,125,125,125,125,125,39298,23130,
941,125,125,125,125,125,125,125,125,125,125,125,125,125,125,125,125,125,125,10454,125,
942,125,125,125,125,125,125,125,125,125,125,125,125,125,125,125,125,125,125,32937,125,
943,125,125,125,125,125,125,125,125,125,125,125,125,125,125,125,125,125,125,125,125,
944,125,125,125,125,125,125,125,125,125,125,125,125,125,125,125,125,125,125,52624,125,
945,125,125,125,125,125,125,125,125,125,125,125,125,125,125,23019,125,125,125,57521,886,
946,125,125,125,125,125,125,125,125,125,125,125,125,125,125,125,125,125,125,43274,55064,
947,125,125,125,125,125,125,125,125,125,125,125,125,125,125,125,125,125,125,10435,26593,
948,125,125,125,125,125,125,125,125,125,125,125,125,125,125,125,125,125,125,125,45900,
949,125,125,125,125,125,125,125,20520,125,125,125,125,125,125,125,125,125,125,125,33168,
950,125,125,125,125,125,125,125,125,125,125,125,125,15506,125,125,125,125,125,30938,4142,
951,125,125,125,125,125,125,125,125,125,125,125,125,125,125,125,125,125,125,14148,125,
952,125,125,125,125,125,125,125,125,125,125,125,125,125,125,125,125,125,125,125,14659,
953,125,125,125,125,125,125,125,125,125,125,125,125,125,125,125,125,125,125,125,125,
954,125,125,125,125,125,125,125,125,125,125,125,125,125,125,125,125,125,125,48071,125,
955,125,125,125,125,125,125,125,125,125,125,125,125,125,125,125,125,125,125,12619,35918,
956,125,125,125,125,125,125,125,125,125,125,125,125,125,125,125,125,125,125,40173,5159,
957,125,125,125,125,125,125,125,125,125,125,125,125,125,125,125,125,125,125,10217,36030,
958,125,125,125,125,125,125,125,125,125,125,125,125,125,125,125,125,125,125,34111,46261,
959,125,125,125,125,125,125,125,125,125,125,125,125,125,125,125,125,125,125,32947,125,
960,125,125,125,125,125,125,125,125,125,125,125,125,125,125,125,125,125,125,25573,125,
961,125,125,125,125,125,125,125,125,125,125,125,125,125,125,125,125,125,125,37216,125,
962,125,125,125,125,125,125,125,125,125,125,125,125,125,125,125,125,125,125,2497,42329,
963,125,125,125,125,125,125,125,125,125,125,125,125,125,125,125,125,125,125,28489,125,
964,125,125,125,125,125,125,125,125,125,125,125,125,125,125,125,9620,125,125,21686,39014,
965,125,125,125,125,125,125,125,125,125,125,125,125,125,125,125,125,125,125,49005,125,
966,125,125,125,125,125,125,125,125,125,125,125,125,125,125,125,125,125,125,25946,39605,
967,125,125,125,125,125,125,125,125,125,125,125,4233,15996,125,125,125,125,125,13218,38327,
968,125,125,125,125,125,125,125,125,125,125,125,125,125,125,125,125,125,125,125,125,
969,125,125,125,125,125,125,125,125,125,125,125,125,125,125,125,125,125,125,125,125,
970,125,125,125,125,125,125,125,125,125,125,125,125,125,125,125,125,125,125,42090,125,
971,125,125,125,125,125,125,125,125,125,125,125,125,125,125,125,125,125,125,42689,7027,
972,125,125,125,125,125,125,125,125,125,125,125,125,125,125,125,125,125,125,125,125,
973,125,125,125,36322,125,125,125,125,125,125,125,125,125,125,125,125,125,125,22597,27165,
974,125,125,125,125,125,125,125,125,125,125,125,125,125,125,125,125,125,125,39098,51825,
975,125,125,125,125,125,125,125,125,125,125,125,125,125,125,125,125,125,125,34706,46527,
976,125,125,125,125,125,125,125,125,125,125,125,125,125,125,125,125,125,125,25861,125,
977,125,125,125,125,125,125,125,125,125,125,125,125,125,125,125,125,125,125,125,125,
978,125,125,125,125,125,125,125,125,125,125,125,125,125,125,125,125,125,125,43174,15228,
979,125,125,125,125,125,125,125,125,125,125,125,125,125,125,125,125,125,125,55135,125,
980,125,125,125,125,18658,125,125,125,125,125,125,125,125,125,125,125,125,125,46534,125,
981,125,125,125,18055,125,125,125,125,125,125,125,125,125,5638,125,5638,125,125,125,23443,
982,125,125,125,125,125,125,125,125,125,125,125,125,125,125,125,125,125,125,125,16306,
983,125,125,125,125,125,125,125,125,125,125,125,125,125,125,125,125,125,125,125,125,
984,125,125,125,125,125,125,125,125,125,125,125,125,125,125,125,125,125,125,125,22668,
985,125,125,125,125,125,125,125,125,125,125,125,44984,125,125,125,125,125,125,125,1614,
986,125,125,125,125,125,125,125,125,125,125,125,125,125,125,125,125,125,125,30773,45856,
987,125,125,125,125,125,125,125,125,125,125,125,125,125,125,125,125,125,125,29409,125,
988,125,125,125,125,125,125,125,125,125,125,125,125,125,125,125,125,125,125,125,125,
989,125,125,125,125,125,125,125,125,125,125,125,125,125,125,125,125,125,125,18851,26376,
990,125,125,125,125,125,125,125,125,125,125,125,125,125,125,125,125,125,125,125,125,
991,125,125,125,125,125,125,125,125,125,125,125,125,125,125,125,125,125,125,125,52634,
992,125,125,125,125,125,125,125,125,125,125,125,125,125,125,125,125,125,125,125,125,
993,125,125,125,125,125,125,125,125,125,125,125,125,125,125,125,125,125,125,14347,40653,
994,125,125,125,125,125,125,125,125,125,125,125,125,125,125,125,125,125,125,10930,41109,
995,125,125,125,125,125,125,125,125,125,125,125,125,125,125,125,125,125,125,125,14839,
996,125,125,125,125,125,10282,125,125,125,125,125,125,125,125,125,125,125,125,125,43694,
997,125,125,125,125,125,125,125,125,125,125,125,125,125,125,125,125,125,125,49863,56209,
998,125,125,125,125,125,125,125,125,125,32598,125,125,125,125,125,125,125,125,15487,23035,
999,125,125,125,125,125,7142,125,125,125,125,125,125,125,125,125,125,125,125,39935,26214,
1000,125,125,125,125,125,125,125,125,125,125,125,125,125,125,125,125,125,125,40838,125,
